
Using the parameter settings in the file: 
''CLUMPP/paramfile''

Parameter settings
----------------------- Main parameters -------------------------
DATATYPE = 0
INDFILE = clumpp_input_K3.indfile
POPFILE = 
OUTFILE = CLUMPP/K3.outfile
MISCFILE = CLUMPP/K3.miscfile
K = 3
C = 282
R = 30
M = 2
W = 0
S = 1
- Additional options for the Greedy and LargeKGreedy algorithms -
GREEDY_OPTION = 2
REPEATS = 100000
PERMUTATIONFILE = 
----------------------- Optional outputs ------------------------
PRINT_PERMUTED_DATA = 0
PERMUTED_DATAFILE = 
PRINT_EVERY_PERM = 0
EVERY_PERMFILE = 
PRINT_RANDOM_INPUTORDER = 0
RANDOM_INPUTORDERFILE = 
----------------------- Advanced options ------------------------
OVERRIDE_WARNINGS = 0
ORDER_BY_RUN = 1


In total, 100000 configurations of runs and clusters will be tested.

Results
------------------------------
The highest value of H is: 0.97637372297455

The list of permutations of the clusters that produces that
H value is (runs are listed sequentially on separate rows)

1 2 3 
1 2 3 
3 2 1 
2 1 3 
2 3 1 
3 2 1 
3 2 1 
3 2 1 
1 3 2 
2 1 3 
3 2 1 
2 3 1 
1 2 3 
3 1 2 
3 1 2 
3 1 2 
1 3 2 
2 3 1 
2 1 3 
3 2 1 
2 3 1 
2 3 1 
3 2 1 
2 3 1 
1 2 3 
3 1 2 
2 3 1 
2 1 3 
2 1 3 
3 2 1 

The pairwise G values for each pair of runs where the clusters
of each run are permuted according to the list of permutations above

1.0000 0.9841 0.9850 0.9840 0.9781 0.9872 0.9725 0.9672 0.9590 0.9778 0.9749 0.9708 0.9627 0.9441 0.9693 0.9633 0.9737 0.9753 0.9743 0.9674 0.9554 0.9811 0.9718 0.9852 0.9786 0.9822 0.9688 0.9602 0.9853 0.9594 
0.9841 1.0000 0.9855 0.9844 0.9854 0.9814 0.9814 0.9777 0.9690 0.9858 0.9851 0.9787 0.9723 0.9535 0.9779 0.9671 0.9824 0.9837 0.9698 0.9774 0.9652 0.9866 0.9786 0.9851 0.9870 0.9862 0.9753 0.9704 0.9899 0.9691 
0.9850 0.9855 1.0000 0.9795 0.9839 0.9864 0.9786 0.9733 0.9639 0.9806 0.9785 0.9738 0.9652 0.9462 0.9775 0.9599 0.9802 0.9776 0.9655 0.9734 0.9595 0.9881 0.9738 0.9876 0.9841 0.9806 0.9673 0.9641 0.9865 0.9636 
0.9840 0.9844 0.9795 1.0000 0.9784 0.9790 0.9756 0.9718 0.9655 0.9831 0.9801 0.9756 0.9710 0.9532 0.9699 0.9740 0.9753 0.9804 0.9802 0.9726 0.9622 0.9777 0.9778 0.9822 0.9803 0.9873 0.9775 0.9671 0.9855 0.9655 
0.9781 0.9854 0.9839 0.9784 1.0000 0.9764 0.9887 0.9830 0.9750 0.9867 0.9850 0.9843 0.9750 0.9574 0.9863 0.9653 0.9897 0.9846 0.9633 0.9836 0.9713 0.9873 0.9827 0.9860 0.9889 0.9819 0.9740 0.9754 0.9863 0.9755 
0.9872 0.9814 0.9864 0.9790 0.9764 1.0000 0.9706 0.9654 0.9559 0.9746 0.9723 0.9665 0.9587 0.9394 0.9686 0.9574 0.9720 0.9722 0.9684 0.9655 0.9515 0.9816 0.9677 0.9828 0.9768 0.9778 0.9631 0.9563 0.9821 0.9557 
0.9725 0.9814 0.9786 0.9756 0.9887 0.9706 1.0000 0.9878 0.9811 0.9870 0.9865 0.9874 0.9801 0.9635 0.9876 0.9677 0.9901 0.9858 0.9613 0.9882 0.9773 0.9823 0.9860 0.9810 0.9881 0.9804 0.9767 0.9810 0.9825 0.9811 
0.9672 0.9777 0.9733 0.9718 0.9830 0.9654 0.9878 1.0000 0.9853 0.9842 0.9860 0.9854 0.9837 0.9681 0.9856 0.9679 0.9870 0.9853 0.9579 0.9897 0.9811 0.9772 0.9841 0.9749 0.9847 0.9776 0.9771 0.9846 0.9780 0.9837 
0.9590 0.9690 0.9639 0.9655 0.9750 0.9559 0.9811 0.9853 1.0000 0.9771 0.9790 0.9836 0.9863 0.9776 0.9784 0.9692 0.9792 0.9788 0.9539 0.9856 0.9886 0.9677 0.9824 0.9671 0.9759 0.9711 0.9769 0.9889 0.9700 0.9893 
0.9778 0.9858 0.9806 0.9831 0.9867 0.9746 0.9870 0.9842 0.9771 1.0000 0.9888 0.9854 0.9804 0.9620 0.9817 0.9731 0.9864 0.9886 0.9692 0.9843 0.9737 0.9822 0.9863 0.9833 0.9886 0.9870 0.9809 0.9783 0.9873 0.9770 
0.9749 0.9851 0.9785 0.9801 0.9850 0.9723 0.9865 0.9860 0.9790 0.9888 1.0000 0.9848 0.9820 0.9640 0.9821 0.9722 0.9856 0.9895 0.9663 0.9849 0.9750 0.9813 0.9851 0.9799 0.9880 0.9849 0.9812 0.9800 0.9849 0.9782 
0.9708 0.9787 0.9738 0.9756 0.9843 0.9665 0.9874 0.9854 0.9836 0.9854 0.9848 1.0000 0.9839 0.9689 0.9824 0.9731 0.9859 0.9859 0.9635 0.9862 0.9809 0.9768 0.9889 0.9784 0.9839 0.9808 0.9816 0.9844 0.9804 0.9844 
0.9627 0.9723 0.9652 0.9710 0.9750 0.9587 0.9801 0.9837 0.9863 0.9804 0.9820 0.9839 1.0000 0.9781 0.9749 0.9777 0.9780 0.9827 0.9616 0.9834 0.9852 0.9680 0.9851 0.9689 0.9772 0.9764 0.9845 0.9877 0.9731 0.9852 
0.9441 0.9535 0.9462 0.9532 0.9574 0.9394 0.9635 0.9681 0.9776 0.9620 0.9640 0.9689 0.9781 1.0000 0.9598 0.9684 0.9611 0.9644 0.9466 0.9683 0.9812 0.9499 0.9689 0.9507 0.9589 0.9580 0.9706 0.9785 0.9543 0.9777 
0.9693 0.9779 0.9775 0.9699 0.9863 0.9686 0.9876 0.9856 0.9784 0.9817 0.9821 0.9824 0.9749 0.9598 1.0000 0.9606 0.9891 0.9810 0.9547 0.9853 0.9747 0.9820 0.9798 0.9780 0.9850 0.9749 0.9701 0.9776 0.9789 0.9782 
0.9633 0.9671 0.9599 0.9740 0.9653 0.9574 0.9677 0.9679 0.9692 0.9731 0.9722 0.9731 0.9777 0.9684 0.9606 1.0000 0.9655 0.9740 0.9748 0.9689 0.9687 0.9601 0.9772 0.9653 0.9680 0.9758 0.9842 0.9714 0.9689 0.9694 
0.9737 0.9824 0.9802 0.9753 0.9897 0.9720 0.9901 0.9870 0.9792 0.9864 0.9856 0.9859 0.9780 0.9611 0.9891 0.9655 1.0000 0.9854 0.9603 0.9869 0.9754 0.9843 0.9836 0.9820 0.9887 0.9800 0.9747 0.9791 0.9833 0.9792 
0.9753 0.9837 0.9776 0.9804 0.9846 0.9722 0.9858 0.9853 0.9788 0.9886 0.9895 0.9859 0.9827 0.9644 0.9810 0.9740 0.9854 1.0000 0.9677 0.9842 0.9754 0.9799 0.9871 0.9804 0.9875 0.9860 0.9831 0.9800 0.9850 0.9785 
0.9743 0.9698 0.9655 0.9802 0.9633 0.9684 0.9613 0.9579 0.9539 0.9692 0.9663 0.9635 0.9616 0.9466 0.9547 0.9748 0.9603 0.9677 1.0000 0.9587 0.9515 0.9623 0.9673 0.9695 0.9653 0.9764 0.9717 0.9559 0.9715 0.9542 
0.9674 0.9774 0.9734 0.9726 0.9836 0.9655 0.9882 0.9897 0.9856 0.9843 0.9849 0.9862 0.9834 0.9683 0.9853 0.9689 0.9869 0.9842 0.9587 1.0000 0.9819 0.9772 0.9855 0.9758 0.9845 0.9775 0.9768 0.9848 0.9781 0.9844 
0.9554 0.9652 0.9595 0.9622 0.9713 0.9515 0.9773 0.9811 0.9886 0.9737 0.9750 0.9809 0.9852 0.9812 0.9747 0.9687 0.9754 0.9754 0.9515 0.9819 1.0000 0.9637 0.9794 0.9634 0.9719 0.9675 0.9752 0.9893 0.9660 0.9890 
0.9811 0.9866 0.9881 0.9777 0.9873 0.9816 0.9823 0.9772 0.9677 0.9822 0.9813 0.9768 0.9680 0.9499 0.9820 0.9601 0.9843 0.9799 0.9623 0.9772 0.9637 1.0000 0.9757 0.9861 0.9863 0.9797 0.9686 0.9681 0.9861 0.9679 
0.9718 0.9786 0.9738 0.9778 0.9827 0.9677 0.9860 0.9841 0.9824 0.9863 0.9851 0.9889 0.9851 0.9689 0.9798 0.9772 0.9836 0.9871 0.9673 0.9855 0.9794 0.9757 1.0000 0.9790 0.9837 0.9833 0.9843 0.9827 0.9809 0.9826 
0.9852 0.9851 0.9876 0.9822 0.9860 0.9828 0.9810 0.9749 0.9671 0.9833 0.9799 0.9784 0.9689 0.9507 0.9780 0.9653 0.9820 0.9804 0.9695 0.9758 0.9634 0.9861 0.9790 1.0000 0.9848 0.9835 0.9719 0.9677 0.9880 0.9678 
0.9786 0.9870 0.9841 0.9803 0.9889 0.9768 0.9881 0.9847 0.9759 0.9886 0.9880 0.9839 0.9772 0.9589 0.9850 0.9680 0.9887 0.9875 0.9653 0.9845 0.9719 0.9863 0.9837 0.9848 1.0000 0.9850 0.9766 0.9763 0.9874 0.9756 
0.9822 0.9862 0.9806 0.9873 0.9819 0.9778 0.9804 0.9776 0.9711 0.9870 0.9849 0.9808 0.9764 0.9580 0.9749 0.9758 0.9800 0.9860 0.9764 0.9775 0.9675 0.9797 0.9833 0.9835 0.9850 1.0000 0.9818 0.9725 0.9881 0.9708 
0.9688 0.9753 0.9673 0.9775 0.9740 0.9631 0.9767 0.9771 0.9769 0.9809 0.9812 0.9816 0.9845 0.9706 0.9701 0.9842 0.9747 0.9831 0.9717 0.9768 0.9752 0.9686 0.9843 0.9719 0.9766 0.9818 1.0000 0.9793 0.9764 0.9771 
0.9602 0.9704 0.9641 0.9671 0.9754 0.9563 0.9810 0.9846 0.9889 0.9783 0.9800 0.9844 0.9877 0.9785 0.9776 0.9714 0.9791 0.9800 0.9559 0.9848 0.9893 0.9681 0.9827 0.9677 0.9763 0.9725 0.9793 1.0000 0.9709 0.9900 
0.9853 0.9899 0.9865 0.9855 0.9863 0.9821 0.9825 0.9780 0.9700 0.9873 0.9849 0.9804 0.9731 0.9543 0.9789 0.9689 0.9833 0.9850 0.9715 0.9781 0.9660 0.9861 0.9809 0.9880 0.9874 0.9881 0.9764 0.9709 1.0000 0.9699 
0.9594 0.9691 0.9636 0.9655 0.9755 0.9557 0.9811 0.9837 0.9893 0.9770 0.9782 0.9844 0.9852 0.9777 0.9782 0.9694 0.9792 0.9785 0.9542 0.9844 0.9890 0.9679 0.9826 0.9678 0.9756 0.9708 0.9771 0.9900 0.9699 1.0000 
