  00C133-020 0.2257 0.0275 0.0727 0.0068 0.2638 0.0089 0.0118 0.3829 
 01C_071-002 0.0356 0.1461 0.0803 0.1859 0.2499 0.1181 0.0173 0.1668 
 02M_012-001 0.1789 0.1895 0.0117 0.0323 0.0631 0.0803 0.0032 0.4411 
 03M_016-002 0.0118 0.3312 0.0035 0.0655 0.0189 0.0281 0.2082 0.3328 
 03M_034-002 0.2537 0.1951 0.1748 0.0025 0.0408 0.0035 0.0074 0.3222 
 04C_055-004 0.0520 0.0624 0.0482 0.0212 0.0364 0.2864 0.0560 0.4374 
 04C_126-005 0.2188 0.1085 0.1134 0.0594 0.2815 0.0163 0.0134 0.1887 
 04M_034-013 0.0996 0.2183 0.0507 0.0157 0.0052 0.0926 0.1359 0.3820 
 05M_002-001 0.0767 0.0769 0.0559 0.3744 0.0527 0.1308 0.1128 0.1198 
 05M_004-003 0.1860 0.0071 0.1316 0.3590 0.1592 0.0122 0.0214 0.1236 
 05M_012-004 0.2622 0.0377 0.2260 0.0973 0.1072 0.0139 0.1718 0.0839 
 06C_127-002 0.3842 0.0228 0.0066 0.0119 0.0739 0.2356 0.1135 0.1516 
 12288_AF_23 0.1464 0.0076 0.0649 0.0058 0.1818 0.1407 0.1031 0.3496 
    12601AB1 0.3699 0.4530 0.0041 0.0047 0.0055 0.0030 0.0026 0.1573 
   12636_A_2 0.2874 0.1925 0.0126 0.0049 0.1022 0.0042 0.0811 0.3152 
  15119_AC_5 0.0041 0.1868 0.0322 0.0074 0.5075 0.0021 0.0230 0.2369 
     1512C16 0.1340 0.1942 0.0664 0.0630 0.1304 0.0950 0.3098 0.0072 
   15144_A_3 0.0455 0.0308 0.0039 0.0579 0.6311 0.2149 0.0056 0.0103 
     1563C14 0.0080 0.4140 0.0923 0.1100 0.0536 0.2272 0.0795 0.0153 
     2182EF7 0.2764 0.0312 0.0581 0.1252 0.2441 0.0088 0.2404 0.0157 
     3681AD1 0.1594 0.0623 0.2220 0.2464 0.2417 0.0117 0.0279 0.0287 
     5008AB6 0.2436 0.1069 0.2073 0.0998 0.1922 0.1391 0.0061 0.0050 
    8204_A_4 0.3657 0.0202 0.0656 0.0506 0.2409 0.0773 0.1346 0.0452 
       AGRIA 0.1037 0.0092 0.0098 0.6302 0.0033 0.1828 0.0248 0.0363 
       AILSA 0.2086 0.1037 0.0031 0.0064 0.0055 0.1744 0.0679 0.4305 
      ALMERA 0.0102 0.0096 0.2234 0.2683 0.0293 0.2069 0.1595 0.0928 
       ALPHA 0.0223 0.2244 0.4132 0.0132 0.0253 0.1727 0.0902 0.0387 
      ALWARA 0.0109 0.0281 0.2694 0.0176 0.2801 0.3221 0.0302 0.0416 
      AMADRA 0.1001 0.1582 0.2204 0.1140 0.0109 0.2309 0.0126 0.1530 
       AMOUR 0.1562 0.0400 0.0082 0.0306 0.4075 0.0271 0.0174 0.3130 
        ANNA 0.1373 0.1202 0.0336 0.0148 0.6379 0.0020 0.0479 0.0063 
   ANNABELLE 0.0676 0.0144 0.2882 0.2325 0.0085 0.3394 0.0401 0.0093 
        ANYA 0.1349 0.1788 0.0301 0.0846 0.0693 0.3956 0.0950 0.0117 
       ARGOS 0.0128 0.0050 0.0377 0.0839 0.5067 0.0383 0.0690 0.2466 
     ARIELLE 0.0039 0.0480 0.1616 0.2440 0.0865 0.3034 0.1098 0.0428 
      ARKULA 0.0610 0.1181 0.4499 0.0632 0.0609 0.1673 0.0688 0.0109 
      ARMADA 0.0125 0.1146 0.4096 0.0182 0.0329 0.1891 0.0921 0.1310 
   AVALANCHE 0.0140 0.0125 0.1837 0.1444 0.0819 0.0129 0.1216 0.4291 
     BAILLIE 0.0732 0.0140 0.1023 0.0891 0.1362 0.0849 0.0603 0.4400 
    BALMORAL 0.0679 0.0114 0.1669 0.1414 0.3813 0.0054 0.2012 0.0246 
     BAMBINO 0.1326 0.0251 0.0903 0.0314 0.2145 0.0646 0.0203 0.4212 
       BARNA 0.0832 0.0289 0.1248 0.0028 0.3743 0.2560 0.0609 0.0691 
 BELLE_DE_FO 0.0019 0.7850 0.0080 0.0236 0.0707 0.0078 0.1009 0.0021 
       BENOL 0.3166 0.1682 0.0055 0.1389 0.0046 0.0028 0.0039 0.3594 
       BF_15 0.0033 0.6586 0.0761 0.1070 0.0508 0.0629 0.0386 0.0026 
      BINTJE 0.0199 0.2920 0.1447 0.1372 0.0775 0.0864 0.1749 0.0675 
 BIONICA_EX_ 0.2892 0.1480 0.2508 0.1603 0.0873 0.0200 0.0235 0.0208 
 BLUE_DANUBE 0.0050 0.1441 0.4088 0.2103 0.1233 0.0096 0.0855 0.0133 
      BONNIE 0.1768 0.0203 0.2383 0.0087 0.1442 0.1588 0.0822 0.1707 
      BOUNTY 0.1614 0.0207 0.0735 0.0815 0.2446 0.0289 0.0185 0.3709 
 BRITISH_QUE 0.0018 0.3119 0.0445 0.1962 0.0317 0.0024 0.3885 0.0229 
     BRODICK 0.5408 0.0277 0.0341 0.0193 0.0092 0.0823 0.0164 0.2703 
      BRODIE 0.1782 0.0774 0.0120 0.0063 0.4592 0.0254 0.2179 0.0236 
      BUCHAN 0.1774 0.0353 0.0047 0.0033 0.3974 0.1433 0.1519 0.0867 
      BURREN 0.1101 0.1056 0.0190 0.1371 0.4460 0.1324 0.0101 0.0397 
     CABARET 0.1268 0.2672 0.0140 0.0096 0.0505 0.0054 0.0866 0.4398 
      CAESAR 0.1739 0.0020 0.2524 0.2082 0.0449 0.2584 0.0500 0.0101 
        CARA 0.1387 0.0455 0.0212 0.0117 0.6620 0.0220 0.0173 0.0816 
 CARLINGFORD 0.1805 0.0082 0.1160 0.0059 0.1259 0.1693 0.3111 0.0832 
  CASABLANCA 0.1129 0.0027 0.2193 0.0932 0.2287 0.0028 0.0673 0.2730 
      CELINE 0.1447 0.0915 0.4734 0.0686 0.1455 0.0291 0.0150 0.0321 
  CHALLENGER 0.0939 0.0754 0.1194 0.2462 0.0034 0.1631 0.1432 0.1554 
   CHARLOTTE 0.2548 0.1123 0.0056 0.1044 0.0093 0.4677 0.0069 0.0391 
     CHICAGO 0.0807 0.0699 0.1390 0.0988 0.0100 0.1618 0.0044 0.4354 
   CHIEFTAIN 0.2004 0.0446 0.0044 0.0904 0.0557 0.2349 0.3568 0.0128 
      CHOPIN 0.1092 0.0137 0.3294 0.1407 0.0123 0.1939 0.1859 0.0149 
      CLARET 0.0727 0.0235 0.0123 0.0078 0.5916 0.1449 0.0536 0.0936 
      CORINE 0.1504 0.0739 0.1064 0.2880 0.1738 0.0027 0.0849 0.1200 
      COSMOS 0.0224 0.0466 0.4375 0.0906 0.0089 0.1061 0.1658 0.1219 
     COURAGE 0.0818 0.0864 0.3522 0.0211 0.0698 0.1835 0.1559 0.0493 
     COURLAN 0.1202 0.0255 0.0060 0.1935 0.1270 0.2291 0.2215 0.0770 
 CRAIGS_ROYA 0.1137 0.0437 0.0048 0.0082 0.3539 0.0670 0.2252 0.1834 
 CRAIGS_SNOW 0.0086 0.2380 0.0072 0.0981 0.0791 0.0844 0.3110 0.1736 
     CRAMOND 0.3606 0.0142 0.1980 0.0224 0.0240 0.0065 0.0533 0.3210 
 CRISPS_FOR_ 0.0979 0.0444 0.2686 0.0485 0.0303 0.2995 0.1301 0.0805 
    CROMWELL 0.0041 0.2099 0.0055 0.0804 0.0847 0.0272 0.0036 0.5845 
       D22/1 0.0032 0.1588 0.0234 0.0408 0.1182 0.0037 0.1331 0.5187 
       D23/3 0.0199 0.2703 0.0071 0.0526 0.0339 0.0708 0.1821 0.3632 
      D47-11 0.0065 0.2563 0.0374 0.0205 0.0139 0.0051 0.0094 0.6509 
       D49/1 0.0091 0.1622 0.0391 0.0035 0.0024 0.0717 0.0082 0.7037 
       DAISY 0.0994 0.2093 0.1156 0.0672 0.0058 0.1063 0.0100 0.3864 
 DARK_RED_NO 0.0746 0.0484 0.0136 0.0898 0.1144 0.2329 0.3800 0.0462 
     DARWINA 0.0068 0.0844 0.3117 0.1907 0.0073 0.1423 0.1391 0.1176 
     DESIREE 0.0052 0.1090 0.1682 0.0062 0.2285 0.3886 0.0913 0.0030 
       DITTA 0.0082 0.0822 0.0990 0.3354 0.0152 0.2668 0.1606 0.0325 
 DR._MCINTOS 0.1657 0.0098 0.1944 0.0030 0.0363 0.0567 0.4838 0.0503 
       DRAGA 0.1351 0.0047 0.1689 0.2413 0.0517 0.0277 0.2508 0.1197 
 DUKE_OF_YOR 0.0032 0.3029 0.1729 0.1549 0.0038 0.0043 0.3552 0.0028 
 DUNBAR_STAN 0.0136 0.2103 0.0104 0.0113 0.0710 0.0549 0.4479 0.1806 
     DUNDROD 0.0773 0.1380 0.0036 0.0544 0.0821 0.1472 0.0773 0.4201 
     ECLIPSE 0.0726 0.3439 0.0059 0.0025 0.0024 0.2395 0.3167 0.0165 
        EDEN 0.1972 0.2204 0.0133 0.0032 0.0045 0.0063 0.0133 0.5418 
 EDZELL_BLUE 0.1002 0.3013 0.1095 0.1350 0.1147 0.0912 0.1279 0.0201 
   ELISABETH 0.1609 0.0066 0.2864 0.0082 0.0053 0.3801 0.0499 0.1027 
     EMPEROR 0.1672 0.0054 0.0094 0.2483 0.0063 0.1668 0.2475 0.1491 
         EOS 0.1615 0.0130 0.1628 0.0080 0.0116 0.2997 0.1345 0.2089 
     EPICURE 0.0767 0.3147 0.0928 0.0046 0.0059 0.1791 0.3209 0.0053 
  ERNTESTOLZ 0.0625 0.2075 0.1084 0.2611 0.0512 0.1278 0.1616 0.0198 
      ESCORT 0.1670 0.0131 0.3255 0.0836 0.0286 0.2751 0.0078 0.0993 
   ESMERALDA 0.1275 0.1492 0.3632 0.0066 0.0379 0.1944 0.0267 0.0945 
      ESTIMA 0.0466 0.0510 0.3366 0.0232 0.0051 0.2253 0.1905 0.1218 
 EVE_BALFOUR 0.2393 0.2152 0.0366 0.0084 0.3352 0.0190 0.0940 0.0523 
   EXCALIBUR 0.2634 0.0039 0.0185 0.0592 0.3089 0.0082 0.0024 0.3355 
     EXQUISA 0.0159 0.1389 0.1687 0.1439 0.1204 0.4028 0.0059 0.0035 
    FESTIVAL 0.1330 0.0064 0.3342 0.1379 0.0078 0.2621 0.0205 0.0983 
      FIANNA 0.0965 0.0062 0.2797 0.1656 0.1568 0.0823 0.1826 0.0303 
   FIFTYFOLD 0.0320 0.5090 0.0115 0.0179 0.0696 0.1560 0.1568 0.0472 
     FONTANE 0.0746 0.0090 0.0656 0.4435 0.0056 0.1372 0.0897 0.1750 
   FORTYFOLD 0.0076 0.5141 0.1006 0.2018 0.0123 0.0035 0.1578 0.0023 
 FRONTIER_RU 0.0701 0.0916 0.0071 0.0617 0.0079 0.2506 0.4194 0.0916 
     G.81071 0.2616 0.0644 0.2016 0.0110 0.1024 0.0795 0.1937 0.0860 
     G.88661 0.2131 0.0033 0.2092 0.0123 0.0073 0.1121 0.2774 0.1651 
    G.886611 0.2759 0.0024 0.1283 0.0030 0.0114 0.1858 0.2494 0.1439 
  G.8867Y%12 0.1985 0.0024 0.1622 0.0080 0.0833 0.1903 0.3166 0.0388 
     G.88839 0.0683 0.0210 0.3650 0.0218 0.0049 0.5116 0.0035 0.0039 
     G.88842 0.1095 0.0088 0.3729 0.0921 0.0721 0.2428 0.0930 0.0087 
   GALACTICA 0.0026 0.1332 0.1738 0.2145 0.3855 0.0057 0.0770 0.0079 
      GEMSON 0.1201 0.0981 0.0119 0.0852 0.2408 0.0630 0.2774 0.1035 
  GL.76B/102 0.0113 0.3182 0.0538 0.1286 0.0069 0.2291 0.1006 0.1516 
   GL.76B/94 0.0047 0.5134 0.1481 0.1466 0.1307 0.0458 0.0083 0.0024 
  GL.77M/106 0.3270 0.1878 0.0051 0.0139 0.2019 0.1419 0.0177 0.1046 
   GL.78/166 0.0027 0.5829 0.0488 0.1459 0.0672 0.0233 0.0897 0.0395 
    GL.78/53 0.1471 0.5271 0.0033 0.0106 0.0087 0.1734 0.0077 0.1221 
    GL.78/97 0.0573 0.5653 0.0197 0.0902 0.0357 0.1383 0.0208 0.0726 
    GL.79/42 0.0977 0.5374 0.0256 0.0077 0.0071 0.2243 0.0039 0.0962 
    GL.79/45 0.0849 0.5641 0.0226 0.0052 0.0882 0.2034 0.0061 0.0256 
 GL.81_NT_25 0.0034 0.3334 0.0064 0.1275 0.0406 0.0024 0.0045 0.4817 
   GLADIATOR 0.1047 0.0042 0.1285 0.1230 0.1293 0.2758 0.1423 0.0922 
      GLAMIS 0.0687 0.0121 0.0962 0.0454 0.0313 0.1745 0.1593 0.4124 
 GOLDEN_MILL 0.4906 0.1083 0.0415 0.0319 0.0583 0.0111 0.0067 0.2516 
 GOLDEN_NUGG 0.2331 0.0301 0.4350 0.0976 0.1539 0.0221 0.0055 0.0225 
 GOLDEN_WOND 0.0383 0.5239 0.1044 0.0069 0.0136 0.1458 0.1529 0.0142 
     GRANOLA 0.2315 0.0931 0.0334 0.1521 0.0121 0.4326 0.0054 0.0398 
    H1H3_101 0.0025 0.3172 0.0022 0.0320 0.0054 0.0023 0.0062 0.6323 
      H1H3_3 0.1853 0.1513 0.0623 0.0718 0.0202 0.0071 0.1519 0.3502 
 HARBOROUGH_ 0.5039 0.0086 0.0124 0.0408 0.0028 0.0038 0.0072 0.4204 
   HARLEQUIN 0.1713 0.1331 0.0033 0.1670 0.0681 0.3810 0.0116 0.0647 
      HERMES 0.0038 0.0758 0.0374 0.2869 0.2266 0.2565 0.0344 0.0787 
 HIGHLAND_BU 0.0699 0.7835 0.1041 0.0129 0.0036 0.0028 0.0199 0.0033 
  HOME_GUARD 0.1809 0.1882 0.0315 0.0470 0.1052 0.0448 0.2708 0.1316 
     HORIZON 0.0175 0.2236 0.3326 0.2009 0.0658 0.0611 0.0138 0.0846 
   INNOVATOR 0.0180 0.1088 0.1948 0.2185 0.0396 0.0032 0.4103 0.0068 
 INTERNATION 0.0030 0.8178 0.0048 0.1291 0.0057 0.0026 0.0340 0.0030 
 ISLE_OF_JUR 0.0904 0.1301 0.0808 0.0398 0.1484 0.0790 0.0380 0.3936 
    JULIETTE 0.1316 0.0100 0.0038 0.4526 0.0073 0.3857 0.0027 0.0063 
     KARLENA 0.0063 0.1542 0.0377 0.3047 0.2539 0.0077 0.1943 0.0413 
 KERR'S_PINK 0.0528 0.4031 0.0069 0.0128 0.0634 0.0557 0.3374 0.0680 
     KESTREL 0.1137 0.0048 0.0059 0.0024 0.3767 0.1483 0.0285 0.3197 
       KIFLI 0.1287 0.1836 0.0314 0.0704 0.0100 0.4948 0.0076 0.0735 
 KING_EDWARD 0.0089 0.6801 0.0044 0.0034 0.0024 0.1363 0.1389 0.0256 
    KINGSTON 0.2631 0.1935 0.0614 0.0929 0.0475 0.0072 0.0033 0.3310 
 KUFRI_CHAND 0.0454 0.1143 0.0296 0.1911 0.0640 0.0883 0.3496 0.1178 
 KUFRI_JYOTI 0.2502 0.1201 0.1135 0.1674 0.2487 0.0510 0.0448 0.0043 
      KURODA 0.0136 0.0081 0.2704 0.3142 0.1121 0.1134 0.1154 0.0529 
 LADY_BALFOU 0.1364 0.1297 0.0363 0.0450 0.3425 0.0218 0.1447 0.1436 
 LADY_CHRIST 0.0759 0.2819 0.3456 0.1323 0.0138 0.0785 0.0395 0.0326 
 LADY_CLAIRE 0.0023 0.1554 0.2803 0.5447 0.0051 0.0030 0.0037 0.0055 
     LADY_JO 0.0023 0.2744 0.4317 0.2272 0.0051 0.0019 0.0474 0.0099 
 LADY_ROSETT 0.0662 0.1204 0.3660 0.0147 0.0290 0.1610 0.1314 0.1111 
    LIBERTAS 0.0019 0.2960 0.4405 0.1437 0.1062 0.0029 0.0049 0.0038 
       LINDA 0.0400 0.1654 0.0042 0.2645 0.0389 0.4750 0.0070 0.0049 
      LINTON 0.0098 0.0136 0.0133 0.2567 0.1559 0.2201 0.1410 0.1895 
 LINZER_DELI 0.1151 0.1692 0.1470 0.1269 0.0093 0.3797 0.0450 0.0077 
   LIONHEART 0.1195 0.0238 0.3323 0.2486 0.0403 0.0619 0.1420 0.0317 
   MADELEINE 0.1419 0.0614 0.2722 0.1601 0.0114 0.3180 0.0061 0.0289 
   MADINGLEY 0.0213 0.0204 0.0179 0.2202 0.2034 0.3301 0.0449 0.1418 
    MAJESTIC 0.1640 0.0153 0.1037 0.0629 0.0759 0.0807 0.4814 0.0161 
     MARABEL 0.0629 0.0057 0.3574 0.2086 0.0196 0.2840 0.0506 0.0113 
     MARFONA 0.0109 0.1351 0.4092 0.1375 0.0299 0.0372 0.1332 0.1070 
     MARILYN 0.1212 0.0607 0.1312 0.2512 0.1025 0.2896 0.0362 0.0073 
 MARIS_ANCHO 0.0574 0.1486 0.2636 0.0481 0.0132 0.2004 0.2088 0.0598 
  MARIS_BARD 0.0473 0.0995 0.2734 0.0612 0.0511 0.0016 0.2320 0.2339 
  MARIS_PEER 0.0841 0.0994 0.0039 0.1122 0.1754 0.0650 0.3072 0.1529 
 MARIS_PIPER 0.0120 0.1413 0.0050 0.0681 0.0064 0.0083 0.0037 0.7552 
     MARKIES 0.0302 0.0890 0.2074 0.3501 0.0441 0.2517 0.0113 0.0163 
      MAXINE 0.0693 0.0059 0.0126 0.0306 0.1110 0.1170 0.2586 0.3949 
      MEGARA 0.0871 0.0520 0.1970 0.3856 0.0187 0.2152 0.0051 0.0394 
      MELODY 0.0569 0.1533 0.2207 0.2119 0.1360 0.1533 0.0112 0.0567 
       MIDAS 0.0155 0.1253 0.0706 0.1131 0.0085 0.2039 0.0032 0.4599 
       MILVA 0.1076 0.1710 0.2120 0.1976 0.0197 0.2718 0.0137 0.0066 
        MIMI 0.1782 0.1228 0.3322 0.0106 0.1009 0.0370 0.0057 0.2126 
        MIRA 0.0066 0.2140 0.4705 0.2166 0.0382 0.0082 0.0357 0.0102 
       MOIRA 0.0860 0.1074 0.2063 0.1213 0.1263 0.1926 0.1235 0.0366 
    MONTROSE 0.3814 0.2658 0.0036 0.0077 0.0072 0.0053 0.0026 0.3265 
       MORAG 0.3005 0.1707 0.0761 0.0076 0.1906 0.0104 0.1952 0.0490 
      MORENE 0.0059 0.1531 0.4561 0.2251 0.0719 0.0078 0.0774 0.0027 
      MOZART 0.2577 0.0021 0.2710 0.1249 0.0057 0.3209 0.0103 0.0074 
 MYATT'S_ASH 0.0025 0.6957 0.0281 0.1882 0.0079 0.0037 0.0718 0.0021 
      NADINE 0.1687 0.0061 0.0614 0.0149 0.0944 0.2115 0.0675 0.3753 
       NAVAN 0.0559 0.0513 0.0806 0.0042 0.0443 0.0529 0.0740 0.6368 
 NDTX_4271_5 0.2121 0.0059 0.0059 0.0030 0.0084 0.3462 0.2643 0.1541 
      NICOLA 0.0044 0.1272 0.0612 0.3457 0.0067 0.4140 0.0362 0.0047 
     NOVELLA 0.1019 0.0230 0.3624 0.1088 0.1306 0.1770 0.0683 0.0281 
     OLYMPUS 0.3894 0.1135 0.0089 0.0245 0.0432 0.1035 0.1499 0.1671 
       OPERA 0.1530 0.0099 0.1697 0.2627 0.1059 0.1709 0.0554 0.0726 
   ORCHESTRA 0.0939 0.0598 0.1932 0.2219 0.0165 0.2973 0.0111 0.1064 
      ORIANA 0.0052 0.0355 0.2917 0.1997 0.1476 0.1453 0.1712 0.0038 
     OTHELLO 0.1222 0.0057 0.0035 0.0068 0.5158 0.1036 0.1227 0.1196 
     PALADIN 0.0799 0.2117 0.0161 0.0678 0.0051 0.0032 0.0316 0.5846 
       PANDA 0.0836 0.0104 0.0390 0.2330 0.0574 0.4837 0.0061 0.0868 
   PARAMOUNT 0.1210 0.0499 0.2303 0.0046 0.3833 0.1674 0.0384 0.0051 
    PATRONES 0.0115 0.1627 0.2241 0.1690 0.0370 0.1441 0.1794 0.0722 
 PENTLAND_AC 0.0719 0.1090 0.1339 0.0556 0.1418 0.1359 0.2060 0.1458 
 PENTLAND_BE 0.0046 0.3742 0.1277 0.0134 0.1521 0.0060 0.3032 0.0188 
 PENTLAND_CR 0.3309 0.0939 0.1851 0.1891 0.0827 0.0027 0.1051 0.0106 
 PENTLAND_DE 0.2546 0.1968 0.0825 0.0056 0.1322 0.0392 0.2818 0.0073 
 PENTLAND_IV 0.2334 0.0286 0.0115 0.0038 0.1250 0.1893 0.3585 0.0500 
 PENTLAND_JA 0.1936 0.0482 0.1147 0.1920 0.0444 0.0076 0.3753 0.0242 
 PENTLAND_MA 0.1175 0.0783 0.2547 0.1987 0.2203 0.0307 0.0951 0.0047 
 PENTLAND_SQ 0.3376 0.1597 0.0673 0.1336 0.0744 0.0126 0.2080 0.0069 
   PEPO_1978 0.0380 0.1133 0.1590 0.2041 0.0210 0.3431 0.0212 0.1003 
     PICASSO 0.0189 0.0029 0.2051 0.0729 0.4917 0.0538 0.0133 0.1413 
   PIMPERNEL 0.0756 0.2043 0.3192 0.1223 0.1031 0.1601 0.0035 0.0120 
     PIONEER 0.1465 0.1046 0.0024 0.3578 0.0031 0.3759 0.0051 0.0046 
       PIXIE 0.2612 0.0055 0.0950 0.0067 0.2247 0.1365 0.0171 0.2533 
    PREMIERE 0.0103 0.2454 0.4688 0.1196 0.0096 0.0036 0.0987 0.0438 
   PRODUCENT 0.0842 0.0921 0.2990 0.1985 0.0046 0.1299 0.0162 0.1755 
     PROVOST 0.1800 0.1083 0.1010 0.1299 0.1442 0.0694 0.2586 0.0087 
  R.P.LUSTRE 0.1408 0.1931 0.0255 0.0064 0.0209 0.2517 0.2115 0.1500 
 RANGER_RUSS 0.0020 0.1445 0.0166 0.2088 0.1059 0.0250 0.4944 0.0028 
       RATTE 0.2204 0.4822 0.0072 0.0090 0.0054 0.1826 0.0466 0.0466 
      RECORD 0.0023 0.2801 0.5138 0.1304 0.0450 0.0177 0.0057 0.0051 
   REMBRANDT 0.1237 0.0942 0.0843 0.4934 0.0065 0.0265 0.0975 0.0740 
    RIO_ROJO 0.1486 0.0366 0.0670 0.0282 0.1278 0.2429 0.3029 0.0461 
      ROBIJN 0.0030 0.2874 0.4180 0.1271 0.0362 0.1145 0.0109 0.0028 
      ROCKET 0.1276 0.1655 0.0965 0.0028 0.0323 0.0278 0.1147 0.4328 
   RODE_STAR 0.0051 0.3931 0.2743 0.0081 0.0197 0.2895 0.0017 0.0085 
      ROMANO 0.1190 0.0127 0.3750 0.0092 0.2382 0.2247 0.0101 0.0111 
       ROMEO 0.1873 0.1680 0.0097 0.0048 0.2671 0.2667 0.0896 0.0069 
     ROOSTER 0.3065 0.1180 0.1646 0.0750 0.1561 0.0376 0.1357 0.0064 
       ROYAL 0.0124 0.0958 0.0222 0.1727 0.0630 0.3025 0.0043 0.3271 
 ROYAL_KIDNE 0.0088 0.3323 0.0340 0.0936 0.0157 0.0029 0.5095 0.0032 
     RUBESSE 0.1551 0.0455 0.1254 0.1871 0.0843 0.2431 0.1462 0.0132 
 RUSSET_BURB 0.0591 0.0823 0.0890 0.0601 0.0234 0.1455 0.5195 0.0210 
 RUSSET_NORK 0.0911 0.0141 0.0035 0.0172 0.0074 0.2720 0.5453 0.0494 
      SAFARI 0.1831 0.0134 0.4545 0.1269 0.1187 0.0721 0.0216 0.0098 
     SANTANA 0.0334 0.0733 0.2668 0.1974 0.0397 0.1063 0.1502 0.1329 
       SANTE 0.1799 0.1121 0.4487 0.0720 0.0205 0.0881 0.0059 0.0728 
     SAPHIRE 0.1732 0.0036 0.3015 0.2673 0.0126 0.0186 0.1860 0.0372 
  SARPO_MIRA 0.0070 0.1584 0.1275 0.0369 0.1500 0.4425 0.0103 0.0673 
 SARPO_SHONA 0.0183 0.0861 0.1982 0.0805 0.1409 0.4158 0.0088 0.0515 
       SASSY 0.0373 0.1972 0.1758 0.1444 0.0517 0.1732 0.1361 0.0843 
     SATURNA 0.0030 0.2595 0.2553 0.1610 0.0067 0.2821 0.0031 0.0291 
        SAVA 0.0451 0.0148 0.1044 0.2030 0.0156 0.3465 0.1396 0.1309 
       SAXON 0.2358 0.1408 0.0931 0.0275 0.0336 0.0126 0.0151 0.4416 
 SCARBOROUGH 0.4007 0.0715 0.0104 0.0027 0.0027 0.0138 0.0066 0.4916 
 SEFTON_WOND 0.1255 0.3897 0.0168 0.0137 0.0343 0.0044 0.3243 0.0913 
    SERAFINA 0.1335 0.1118 0.1816 0.0752 0.0744 0.4002 0.0193 0.0040 
     SETANTA 0.4857 0.0580 0.1045 0.0232 0.1084 0.0735 0.0675 0.0791 
 SHARPE'S_EX 0.0101 0.5566 0.0116 0.0926 0.0239 0.1018 0.1184 0.0851 
     SHELAGH 0.1308 0.2706 0.0862 0.1054 0.2407 0.0419 0.0131 0.1112 
    SHELFORD 0.0024 0.1260 0.0123 0.2415 0.2327 0.2882 0.0632 0.0337 
     SHEPODY 0.0092 0.1304 0.1443 0.1878 0.1549 0.0019 0.3653 0.0062 
      SLANEY 0.1715 0.0075 0.0083 0.0460 0.3734 0.1153 0.0466 0.2314 
        SPEY 0.2017 0.0034 0.0290 0.0765 0.4191 0.0433 0.0134 0.2135 
      SPUNTA 0.1566 0.1888 0.0309 0.0479 0.1454 0.3185 0.0493 0.0626 
     STAMINA 0.0362 0.0025 0.0297 0.0515 0.2176 0.0082 0.0511 0.6032 
    STEMSTER 0.0079 0.1539 0.1403 0.0867 0.1036 0.1890 0.0237 0.2949 
 STORMONT_EN 0.0120 0.1666 0.3003 0.0137 0.1313 0.0951 0.1153 0.1658 
    STIRLING 0.3503 0.0067 0.0738 0.1320 0.2457 0.0081 0.1367 0.0466 
     SYLVANA 0.0523 0.0239 0.2387 0.0861 0.0669 0.2138 0.2120 0.1063 
         TAY 0.4627 0.0121 0.0458 0.0052 0.1641 0.0692 0.0248 0.2160 
      TIMATE 0.0489 0.0314 0.2238 0.1866 0.0045 0.3595 0.0296 0.1157 
      TOLUCA 0.0513 0.0184 0.2070 0.1710 0.1630 0.3235 0.0615 0.0044 
    TORRIDON 0.1570 0.0915 0.1958 0.2412 0.2357 0.0376 0.0241 0.0171 
 ULSTER_SCEP 0.1278 0.0263 0.1835 0.0140 0.0379 0.0087 0.3181 0.2837 
 UMATILLA_RU 0.0616 0.3844 0.1152 0.0348 0.0446 0.0587 0.0418 0.2587 
 VALES_EMERA 0.2407 0.0879 0.0158 0.0386 0.0361 0.3551 0.0586 0.1671 
 VALES_EVERE 0.3340 0.1311 0.0167 0.0236 0.3059 0.0096 0.0647 0.1144 
 VALES_RUSSE 0.0924 0.1706 0.0078 0.1676 0.0110 0.1274 0.4047 0.0185 
 VALES_SOVER 0.0800 0.0035 0.0381 0.0056 0.5683 0.0141 0.0058 0.2846 
       VALOR 0.2345 0.0032 0.0958 0.0122 0.3801 0.0068 0.0056 0.2619 
    VAN_GOGH 0.0741 0.1463 0.3753 0.1806 0.0072 0.1247 0.0180 0.0736 
     VANTAGE 0.0021 0.2675 0.3058 0.1524 0.0509 0.0128 0.1909 0.0176 
       VERDI 0.0154 0.1901 0.1917 0.1580 0.0693 0.2655 0.0152 0.0948 
    VICTORIA 0.1135 0.0121 0.1105 0.4440 0.0144 0.0965 0.1916 0.0176 
     VIVALDI 0.0115 0.0090 0.4015 0.1430 0.0873 0.1449 0.1993 0.0036 
       WILJA 0.0017 0.1688 0.4806 0.1768 0.0711 0.0019 0.0870 0.0121 
     WINSTON 0.1514 0.0029 0.0367 0.0027 0.1631 0.1838 0.0811 0.3783 
      XD2-21 0.1167 0.1359 0.1556 0.0033 0.1542 0.0855 0.2823 0.0664 
  YUKON_GOLD 0.2484 0.0032 0.0261 0.1077 0.0067 0.2233 0.2568 0.1278 
       ZORBA 0.0455 0.1148 0.2403 0.3095 0.0977 0.0046 0.1802 0.0075 
