  00C133-020 0.5914 0.0248 0.3599 0.0238 
 01C_071-002 0.2307 0.2766 0.2987 0.1940 
 02M_012-001 0.6367 0.1384 0.0297 0.1952 
 03M_016-002 0.3709 0.0137 0.1238 0.4916 
 03M_034-002 0.5675 0.0252 0.1945 0.2128 
 04C_055-004 0.5176 0.3243 0.0511 0.1071 
 04C_126-005 0.3809 0.1247 0.3889 0.1055 
 04M_034-013 0.4908 0.1126 0.0727 0.3240 
 05M_002-001 0.1699 0.4323 0.2029 0.1949 
 05M_004-003 0.2465 0.3852 0.3448 0.0235 
 05M_012-004 0.2441 0.2079 0.4293 0.1188 
 06C_127-002 0.4359 0.2805 0.2170 0.0667 
 12288_AF_23 0.5047 0.1547 0.3117 0.0290 
    12601AB1 0.4921 0.0126 0.0182 0.4771 
   12636_A_2 0.5469 0.0090 0.2146 0.2294 
  15119_AC_5 0.2900 0.0049 0.5039 0.2012 
     1512C16 0.0825 0.1509 0.4329 0.3338 
   15144_A_3 0.1540 0.2183 0.6033 0.0245 
     1563C14 0.0389 0.3408 0.1099 0.5104 
     2182EF7 0.1893 0.1018 0.5860 0.1230 
     3681AD1 0.1159 0.3076 0.4664 0.1101 
     5008AB6 0.1324 0.3985 0.3532 0.1159 
    8204_A_4 0.2981 0.1723 0.4883 0.0412 
       AGRIA 0.1093 0.7244 0.0426 0.1237 
       AILSA 0.6333 0.1538 0.0474 0.1654 
      ALMERA 0.0819 0.5358 0.2673 0.1151 
       ALPHA 0.0626 0.4091 0.2243 0.3039 
      ALWARA 0.1008 0.4857 0.3526 0.0609 
      AMADRA 0.2455 0.4764 0.0738 0.2043 
       AMOUR 0.4961 0.0236 0.4365 0.0437 
        ANNA 0.1002 0.0055 0.7851 0.1092 
   ANNABELLE 0.0377 0.7408 0.1422 0.0793 
        ANYA 0.1265 0.5054 0.1313 0.2368 
       ARGOS 0.3199 0.0679 0.5983 0.0139 
     ARIELLE 0.0500 0.5692 0.2158 0.1651 
      ARKULA 0.0292 0.4755 0.3084 0.1868 
      ARMADA 0.1295 0.4176 0.2637 0.1892 
   AVALANCHE 0.4453 0.1681 0.2720 0.1147 
     BAILLIE 0.5240 0.1976 0.2310 0.0474 
    BALMORAL 0.1044 0.1084 0.7000 0.0872 
     BAMBINO 0.5633 0.1126 0.2888 0.0352 
       BARNA 0.2099 0.2587 0.4779 0.0536 
 BELLE_DE_FO 0.0038 0.0081 0.0914 0.8967 
       BENOL 0.6317 0.1144 0.0424 0.2115 
       BF_15 0.0065 0.1466 0.0897 0.7572 
      BINTJE 0.0866 0.2214 0.2653 0.4267 
 BIONICA_EX_ 0.1829 0.3057 0.3333 0.1781 
 BLUE_DANUBE 0.0354 0.3905 0.3514 0.2228 
      BONNIE 0.3197 0.2910 0.3350 0.0544 
      BOUNTY 0.5173 0.1137 0.3312 0.0378 
 BRITISH_QUE 0.0102 0.0205 0.4147 0.5546 
     BRODICK 0.6534 0.2054 0.1243 0.0169 
      BRODIE 0.2009 0.0118 0.6641 0.1233 
      BUCHAN 0.2909 0.0601 0.5582 0.0908 
      BURREN 0.1835 0.2263 0.4849 0.1053 
     CABARET 0.5478 0.0083 0.1187 0.3252 
      CAESAR 0.1065 0.6371 0.2477 0.0087 
        CARA 0.2542 0.0154 0.7037 0.0267 
 CARLINGFORD 0.2103 0.1908 0.4909 0.1079 
  CASABLANCA 0.3657 0.1302 0.4936 0.0106 
      CELINE 0.1281 0.3768 0.3798 0.1152 
  CHALLENGER 0.2220 0.4471 0.1172 0.2137 
   CHARLOTTE 0.2462 0.6130 0.0172 0.1236 
     CHICAGO 0.5339 0.3465 0.0213 0.0983 
   CHIEFTAIN 0.1464 0.2383 0.3940 0.2212 
      CHOPIN 0.0636 0.5136 0.3046 0.1182 
      CLARET 0.2381 0.0767 0.6533 0.0320 
      CORINE 0.2311 0.1903 0.4116 0.1670 
      COSMOS 0.1157 0.4157 0.2999 0.1687 
     COURAGE 0.1109 0.4033 0.3188 0.1669 
     COURLAN 0.1842 0.3266 0.3275 0.1617 
 CRAIGS_ROYA 0.3230 0.0130 0.5371 0.1269 
 CRAIGS_SNOW 0.1930 0.0525 0.3253 0.4291 
     CRAMOND 0.5555 0.1528 0.2624 0.0293 
 CRISPS_FOR_ 0.1630 0.5070 0.2125 0.1175 
    CROMWELL 0.6575 0.0616 0.0181 0.2629 
       D22/1 0.5298 0.0095 0.2101 0.2506 
       D23/3 0.4023 0.0474 0.1537 0.3965 
      D47-11 0.6647 0.0078 0.0147 0.3128 
       D49/1 0.7457 0.0373 0.0042 0.2128 
       DAISY 0.4890 0.2344 0.0225 0.2541 
 DARK_RED_NO 0.1054 0.2305 0.4221 0.2421 
     DARWINA 0.1032 0.4437 0.2369 0.2163 
     DESIREE 0.0175 0.4680 0.3355 0.1790 
       DITTA 0.0324 0.5725 0.1729 0.2222 
 DR._MCINTOS 0.1459 0.0735 0.6033 0.1774 
       DRAGA 0.1926 0.2956 0.4404 0.0715 
 DUKE_OF_YOR 0.0048 0.1329 0.3447 0.5176 
 DUNBAR_STAN 0.1938 0.0130 0.3648 0.4284 
     DUNDROD 0.5360 0.1239 0.1130 0.2271 
     ECLIPSE 0.1457 0.1681 0.1382 0.5479 
        EDEN 0.7190 0.0121 0.0156 0.2532 
 EDZELL_BLUE 0.0998 0.2217 0.2725 0.4060 
   ELISABETH 0.2372 0.6221 0.1159 0.0247 
     EMPEROR 0.2609 0.3715 0.2464 0.1213 
         EOS 0.3360 0.4040 0.1897 0.0702 
     EPICURE 0.0580 0.1750 0.2875 0.4795 
  ERNTESTOLZ 0.0571 0.3623 0.2496 0.3310 
      ESCORT 0.2189 0.6052 0.1485 0.0274 
   ESMERALDA 0.1984 0.4219 0.1858 0.1939 
      ESTIMA 0.1667 0.4473 0.1954 0.1906 
 EVE_BALFOUR 0.2744 0.0222 0.4656 0.2377 
   EXCALIBUR 0.5922 0.0629 0.3398 0.0052 
     EXQUISA 0.0220 0.6616 0.1293 0.1872 
    FESTIVAL 0.1996 0.6365 0.1379 0.0259 
      FIANNA 0.0898 0.3572 0.4823 0.0707 
   FIFTYFOLD 0.1388 0.1019 0.1435 0.6158 
     FONTANE 0.2195 0.5466 0.1174 0.1165 
   FORTYFOLD 0.0056 0.1186 0.2154 0.6604 
 FRONTIER_RU 0.1651 0.2557 0.2745 0.3047 
     G.81071 0.2425 0.1928 0.4237 0.1410 
     G.88661 0.2972 0.2512 0.4018 0.0498 
    G.886611 0.3373 0.2622 0.3843 0.0163 
  G.8867Y%12 0.1784 0.2720 0.5241 0.0254 
     G.88839 0.0261 0.9015 0.0385 0.0338 
     G.88842 0.0472 0.5663 0.3410 0.0454 
   GALACTICA 0.0249 0.1971 0.5448 0.2333 
      GEMSON 0.2124 0.0455 0.5192 0.2230 
  GL.76B/102 0.1775 0.3533 0.0430 0.4262 
   GL.76B/94 0.0083 0.2315 0.1827 0.5774 
  GL.77M/106 0.3915 0.1584 0.2613 0.1889 
   GL.78/166 0.0498 0.1369 0.1244 0.6889 
    GL.78/53 0.2891 0.1329 0.0102 0.5677 
    GL.78/97 0.1597 0.1948 0.0296 0.6159 
    GL.79/42 0.2096 0.2161 0.0067 0.5676 
    GL.79/45 0.1749 0.1892 0.0391 0.5967 
 GL.81_NT_25 0.5211 0.0146 0.0358 0.4284 
   GLADIATOR 0.1909 0.4586 0.3158 0.0347 
      GLAMIS 0.4808 0.2428 0.1789 0.0975 
 GOLDEN_MILL 0.6047 0.1262 0.1623 0.1069 
 GOLDEN_NUGG 0.1724 0.3931 0.3927 0.0419 
 GOLDEN_WOND 0.0860 0.1580 0.1094 0.6466 
     GRANOLA 0.2170 0.6490 0.0227 0.1113 
    H1H3_101 0.6212 0.0037 0.0053 0.3698 
      H1H3_3 0.4782 0.0527 0.2272 0.2419 
 HARBOROUGH_ 0.7940 0.1161 0.0673 0.0226 
   HARLEQUIN 0.2399 0.5301 0.0462 0.1837 
      HERMES 0.0954 0.4761 0.2551 0.1735 
 HIGHLAND_BU 0.0211 0.0261 0.0745 0.8783 
  HOME_GUARD 0.2680 0.0481 0.3649 0.3190 
     HORIZON 0.0930 0.4054 0.1962 0.3054 
   INNOVATOR 0.0095 0.0961 0.5403 0.3540 
 INTERNATION 0.0075 0.0104 0.0377 0.9443 
 ISLE_OF_JUR 0.5014 0.1257 0.2098 0.1631 
    JULIETTE 0.1090 0.8154 0.0178 0.0578 
     KARLENA 0.0737 0.1839 0.4558 0.2866 
 KERR'S_PINK 0.1420 0.0124 0.2778 0.5678 
     KESTREL 0.5238 0.0384 0.4271 0.0106 
       KIFLI 0.1952 0.6215 0.0111 0.1722 
 KING_EDWARD 0.1214 0.0475 0.0111 0.8201 
    KINGSTON 0.5529 0.1244 0.1130 0.2097 
 KUFRI_CHAND 0.1344 0.1767 0.3900 0.2989 
 KUFRI_JYOTI 0.1276 0.2411 0.4638 0.1675 
      KURODA 0.0409 0.4978 0.3646 0.0967 
 LADY_BALFOU 0.2750 0.0284 0.5168 0.1798 
 LADY_CHRIST 0.0795 0.3853 0.1764 0.3587 
 LADY_CLAIRE 0.0139 0.6006 0.1089 0.2766 
     LADY_JO 0.0162 0.3426 0.2237 0.4174 
 LADY_ROSETT 0.1710 0.3905 0.2438 0.1948 
    LIBERTAS 0.0096 0.3176 0.2779 0.3949 
       LINDA 0.0426 0.6910 0.0226 0.2438 
      LINTON 0.2208 0.3882 0.2656 0.1254 
 LINZER_DELI 0.0804 0.6174 0.0727 0.2296 
   LIONHEART 0.0793 0.4422 0.3468 0.1317 
   MADELEINE 0.1395 0.6518 0.0981 0.1106 
   MADINGLEY 0.2057 0.4929 0.2120 0.0894 
    MAJESTIC 0.1060 0.1259 0.5606 0.2074 
     MARABEL 0.0466 0.7152 0.1993 0.0389 
     MARFONA 0.0676 0.3301 0.3347 0.2676 
     MARILYN 0.0824 0.5791 0.2176 0.1208 
 MARIS_ANCHO 0.1128 0.3797 0.2372 0.2703 
  MARIS_BARD 0.2637 0.0197 0.4534 0.2632 
  MARIS_PEER 0.2382 0.0364 0.4675 0.2579 
 MARIS_PIPER 0.7954 0.0143 0.0059 0.1843 
     MARKIES 0.0427 0.6543 0.1232 0.1798 
      MAXINE 0.4730 0.0937 0.3260 0.1074 
      MEGARA 0.1015 0.6818 0.1009 0.1158 
      MELODY 0.1284 0.4399 0.2247 0.2069 
       MIDAS 0.5061 0.3275 0.0078 0.1586 
       MILVA 0.0453 0.6159 0.1118 0.2270 
        MIMI 0.3778 0.2763 0.2203 0.1256 
        MIRA 0.0161 0.4537 0.2445 0.2858 
       MOIRA 0.1089 0.3905 0.3148 0.1857 
    MONTROSE 0.6637 0.0363 0.0234 0.2766 
       MORAG 0.2585 0.0221 0.4723 0.2471 
      MORENE 0.0054 0.4217 0.3330 0.2399 
      MOZART 0.1482 0.6994 0.1469 0.0056 
 MYATT'S_ASH 0.0053 0.0955 0.0856 0.8136 
      NADINE 0.5283 0.2761 0.1783 0.0173 
       NAVAN 0.7263 0.0389 0.1419 0.0929 
 NDTX_4271_5 0.3384 0.2986 0.2442 0.1188 
      NICOLA 0.0078 0.7336 0.0258 0.2328 
     NOVELLA 0.0944 0.4823 0.3526 0.0707 
     OLYMPUS 0.4385 0.1274 0.2570 0.1771 
       OPERA 0.1873 0.5046 0.2568 0.0513 
   ORCHESTRA 0.1904 0.6274 0.0706 0.1115 
      ORIANA 0.0079 0.4531 0.3938 0.1452 
     OTHELLO 0.3027 0.0242 0.6528 0.0204 
     PALADIN 0.6638 0.0123 0.0345 0.2894 
       PANDA 0.1738 0.7460 0.0405 0.0398 
   PARAMOUNT 0.1066 0.2589 0.5654 0.0691 
    PATRONES 0.0696 0.3684 0.2640 0.2979 
 PENTLAND_AC 0.2189 0.2080 0.3492 0.2239 
 PENTLAND_BE 0.0277 0.0139 0.4216 0.5368 
 PENTLAND_CR 0.1959 0.2087 0.4385 0.1569 
 PENTLAND_DE 0.1656 0.0522 0.4770 0.3052 
 PENTLAND_IV 0.2398 0.1370 0.4634 0.1598 
 PENTLAND_JA 0.1214 0.1571 0.4961 0.2254 
 PENTLAND_MA 0.0300 0.3055 0.5154 0.1491 
 PENTLAND_SQ 0.1899 0.1559 0.4142 0.2400 
   PEPO_1978 0.1402 0.6327 0.0628 0.1643 
     PICASSO 0.1883 0.1871 0.6175 0.0071 
   PIMPERNEL 0.0829 0.4968 0.1778 0.2424 
     PIONEER 0.0922 0.6946 0.0186 0.1946 
       PIXIE 0.4649 0.1914 0.3354 0.0083 
    PREMIERE 0.0350 0.3115 0.2890 0.3645 
   PRODUCENT 0.2276 0.4935 0.1053 0.1736 
     PROVOST 0.1060 0.2010 0.4712 0.2218 
  R.P.LUSTRE 0.2949 0.2352 0.1630 0.3069 
 RANGER_RUSS 0.0040 0.0609 0.5277 0.4075 
       RATTE 0.2373 0.2077 0.0231 0.5319 
      RECORD 0.0067 0.4120 0.2256 0.3556 
   REMBRANDT 0.1241 0.4481 0.1897 0.2382 
    RIO_ROJO 0.1621 0.2602 0.4124 0.1653 
      ROBIJN 0.0065 0.4918 0.1439 0.3579 
      ROCKET 0.5532 0.0241 0.1846 0.2381 
   RODE_STAR 0.0469 0.5218 0.0117 0.4196 
      ROMANO 0.1102 0.4522 0.4084 0.0292 
       ROMEO 0.1921 0.2569 0.3491 0.2019 
     ROOSTER 0.1784 0.2221 0.4314 0.1681 
       ROYAL 0.3828 0.4588 0.0147 0.1437 
 ROYAL_KIDNE 0.0056 0.0069 0.4176 0.5699 
     RUBESSE 0.1142 0.4636 0.2880 0.1343 
 RUSSET_BURB 0.0595 0.1740 0.4566 0.3099 
 RUSSET_NORK 0.1618 0.1999 0.3763 0.2620 
      SAFARI 0.0788 0.4529 0.4310 0.0374 
     SANTANA 0.1473 0.3900 0.2775 0.1852 
       SANTE 0.1945 0.4719 0.1907 0.1429 
     SAPHIRE 0.1214 0.4256 0.3839 0.0691 
  SARPO_MIRA 0.1287 0.5804 0.0963 0.1946 
 SARPO_SHONA 0.1221 0.6412 0.1235 0.1131 
       SASSY 0.1124 0.3495 0.2255 0.3126 
     SATURNA 0.0476 0.6109 0.0160 0.3255 
        SAVA 0.1787 0.5813 0.1335 0.1066 
       SAXON 0.6143 0.0874 0.1443 0.1541 
 SCARBOROUGH 0.8255 0.0650 0.0261 0.0834 
 SEFTON_WOND 0.1827 0.0070 0.2725 0.5378 
    SERAFINA 0.0596 0.6265 0.1633 0.1507 
     SETANTA 0.4121 0.2159 0.3164 0.0557 
 SHARPE'S_EX 0.1143 0.1209 0.0868 0.6780 
     SHELAGH 0.2237 0.1392 0.3368 0.3003 
    SHELFORD 0.0562 0.4416 0.2616 0.2405 
     SHEPODY 0.0087 0.0197 0.6111 0.3605 
      SLANEY 0.4091 0.1078 0.4691 0.0140 
        SPEY 0.3928 0.0817 0.5204 0.0051 
      SPUNTA 0.2121 0.3798 0.1789 0.2292 
     STAMINA 0.6744 0.0220 0.2965 0.0071 
    STEMSTER 0.3411 0.3094 0.1296 0.2199 
 STORMONT_EN 0.1856 0.2207 0.3312 0.2625 
    STIRLING 0.2683 0.1346 0.5755 0.0217 
     SYLVANA 0.1435 0.3883 0.3202 0.1480 
         TAY 0.5502 0.1303 0.3065 0.0130 
      TIMATE 0.1766 0.6952 0.0274 0.1008 
      TOLUCA 0.0185 0.6031 0.2987 0.0798 
    TORRIDON 0.0990 0.3145 0.4270 0.1595 
 ULSTER_SCEP 0.3483 0.0353 0.4289 0.1875 
 UMATILLA_RU 0.3405 0.1399 0.0863 0.4333 
 VALES_EMERA 0.3520 0.4169 0.1114 0.1198 
 VALES_EVERE 0.3861 0.0241 0.4597 0.1301 
 VALES_RUSSE 0.0873 0.1912 0.3362 0.3854 
 VALES_SOVER 0.4172 0.0117 0.5665 0.0046 
       VALOR 0.4718 0.0371 0.4868 0.0043 
    VAN_GOGH 0.1082 0.5279 0.1499 0.2139 
     VANTAGE 0.0139 0.2425 0.3080 0.4356 
       VERDI 0.1405 0.5241 0.0983 0.2371 
    VICTORIA 0.0632 0.5054 0.2743 0.1571 
     VIVALDI 0.0064 0.4758 0.4174 0.1004 
       WILJA 0.0122 0.2757 0.4006 0.3115 
     WINSTON 0.5478 0.1550 0.2879 0.0093 
      XD2-21 0.1727 0.0975 0.4645 0.2653 
  YUKON_GOLD 0.3099 0.3824 0.2680 0.0396 
       ZORBA 0.0241 0.3070 0.4263 0.2426 
