  00C133-020 0.0156 0.4873 0.3587 0.0934 0.0312 0.0138 
 01C_071-002 0.2557 0.1764 0.2423 0.1021 0.1786 0.0449 
 02M_012-001 0.0590 0.5461 0.0845 0.1009 0.2047 0.0047 
 03M_016-002 0.0113 0.3396 0.0141 0.0225 0.3868 0.2256 
 03M_034-002 0.0415 0.4843 0.2110 0.0194 0.2324 0.0114 
 04C_055-004 0.0936 0.4608 0.0156 0.2741 0.1011 0.0548 
 04C_126-005 0.1008 0.2750 0.3769 0.1114 0.1199 0.0160 
 04M_034-013 0.0590 0.4475 0.0102 0.0823 0.2527 0.1483 
 05M_002-001 0.3270 0.1420 0.0558 0.2005 0.1143 0.1604 
 05M_004-003 0.3547 0.2058 0.2113 0.1253 0.0081 0.0948 
 05M_012-004 0.2081 0.2033 0.2327 0.1118 0.0411 0.2030 
 06C_127-002 0.0061 0.3175 0.1522 0.4207 0.0270 0.0764 
 12288_AF_23 0.0372 0.4361 0.1969 0.2070 0.0097 0.1130 
    12601AB1 0.0049 0.3730 0.0904 0.0389 0.4888 0.0039 
   12636_A_2 0.0079 0.4589 0.2120 0.0352 0.2146 0.0713 
  15119_AC_5 0.0191 0.2014 0.5335 0.0024 0.2200 0.0236 
     1512C16 0.0614 0.0195 0.1884 0.1968 0.2195 0.3145 
   15144_A_3 0.0307 0.0119 0.6162 0.2930 0.0416 0.0067 
     1563C14 0.1957 0.0151 0.0363 0.2305 0.4466 0.0758 
     2182EF7 0.0492 0.1071 0.3561 0.1813 0.0335 0.2728 
     3681AD1 0.3543 0.0946 0.3154 0.0972 0.0558 0.0827 
     5008AB6 0.2280 0.0321 0.3193 0.2932 0.1169 0.0106 
    8204_A_4 0.0245 0.1882 0.3575 0.2855 0.0172 0.1271 
       AGRIA 0.4667 0.0826 0.0037 0.3115 0.0263 0.1093 
       AILSA 0.0062 0.5441 0.0135 0.2482 0.1280 0.0601 
      ALMERA 0.4200 0.0760 0.0312 0.2298 0.0178 0.2253 
       ALPHA 0.3787 0.0642 0.0621 0.1501 0.2323 0.1127 
      ALWARA 0.3041 0.0355 0.2864 0.2955 0.0566 0.0219 
      AMADRA 0.3016 0.2161 0.0190 0.2608 0.1721 0.0303 
       AMOUR 0.0227 0.3952 0.4244 0.0802 0.0448 0.0327 
        ANNA 0.0142 0.0165 0.7488 0.0058 0.1408 0.0739 
   ANNABELLE 0.4247 0.0175 0.0211 0.4179 0.0338 0.0850 
        ANYA 0.1189 0.0405 0.0614 0.4917 0.2096 0.0779 
       ARGOS 0.1163 0.2338 0.4953 0.0488 0.0085 0.0973 
     ARIELLE 0.3632 0.0320 0.0558 0.3129 0.0936 0.1425 
      ARKULA 0.4131 0.0176 0.1368 0.2049 0.1290 0.0986 
      ARMADA 0.3610 0.1183 0.0895 0.1735 0.1348 0.1229 
   AVALANCHE 0.2671 0.4448 0.0806 0.0083 0.0180 0.1811 
     BAILLIE 0.1696 0.4795 0.1347 0.0981 0.0209 0.0972 
    BALMORAL 0.2214 0.0382 0.4514 0.0107 0.0177 0.2605 
     BAMBINO 0.0932 0.4892 0.2413 0.1119 0.0317 0.0327 
       BARNA 0.0854 0.1001 0.4003 0.3135 0.0471 0.0536 
 BELLE_DE_FO 0.0124 0.0027 0.0612 0.0071 0.8339 0.0826 
       BENOL 0.0845 0.5667 0.0556 0.0634 0.2198 0.0099 
       BF_15 0.1382 0.0032 0.0546 0.0712 0.6999 0.0329 
      BINTJE 0.2071 0.0653 0.0918 0.1148 0.3250 0.1959 
 BIONICA_EX_ 0.2522 0.1320 0.2105 0.1751 0.1439 0.0863 
 BLUE_DANUBE 0.5122 0.0128 0.1681 0.0073 0.1469 0.1527 
      BONNIE 0.1716 0.2542 0.2182 0.2326 0.0269 0.0965 
      BOUNTY 0.1052 0.4417 0.2881 0.0978 0.0267 0.0405 
 BRITISH_QUE 0.1435 0.0089 0.0425 0.0035 0.3628 0.4389 
     BRODICK 0.0124 0.5471 0.1171 0.2860 0.0194 0.0180 
      BRODIE 0.0060 0.0822 0.5084 0.1346 0.0743 0.1945 
      BUCHAN 0.0030 0.1392 0.4363 0.2619 0.0408 0.1189 
      BURREN 0.1326 0.0787 0.4514 0.2038 0.1117 0.0217 
     CABARET 0.0110 0.4912 0.1100 0.0115 0.2985 0.0778 
      CAESAR 0.3771 0.0753 0.0847 0.3677 0.0031 0.0920 
        CARA 0.0129 0.1220 0.7026 0.1005 0.0449 0.0170 
 CARLINGFORD 0.0198 0.1403 0.2033 0.2991 0.0206 0.3169 
  CASABLANCA 0.2425 0.3266 0.2876 0.0055 0.0033 0.1344 
      CELINE 0.3892 0.0972 0.2779 0.1127 0.0938 0.0293 
  CHALLENGER 0.2895 0.1984 0.0049 0.2215 0.0972 0.1886 
   CHARLOTTE 0.0534 0.1375 0.0144 0.6488 0.1392 0.0067 
     CHICAGO 0.2436 0.4904 0.0134 0.1457 0.0995 0.0073 
   CHIEFTAIN 0.0073 0.0589 0.0854 0.4016 0.0778 0.3690 
      CHOPIN 0.3858 0.0528 0.0541 0.2444 0.0206 0.2422 
      CLARET 0.0161 0.0988 0.6047 0.1986 0.0367 0.0451 
      CORINE 0.3012 0.1868 0.2406 0.0070 0.0945 0.1699 
      COSMOS 0.4540 0.1463 0.0285 0.0843 0.0515 0.2353 
     COURAGE 0.3142 0.0745 0.1464 0.2107 0.1003 0.1539 
     COURLAN 0.1170 0.1267 0.1174 0.3194 0.0614 0.2581 
 CRAIGS_ROYA 0.0050 0.2250 0.3604 0.1329 0.0565 0.2202 
 CRAIGS_SNOW 0.0504 0.1683 0.0661 0.0868 0.2910 0.3374 
     CRAMOND 0.1159 0.4959 0.1611 0.1261 0.0176 0.0834 
 CRISPS_FOR_ 0.2883 0.1289 0.0530 0.3362 0.0517 0.1418 
    CROMWELL 0.0759 0.5943 0.0454 0.0103 0.2683 0.0058 
       D22/1 0.0446 0.5016 0.1025 0.0038 0.1923 0.1552 
       D23/3 0.0406 0.3695 0.0269 0.0638 0.3114 0.1878 
      D47-11 0.0470 0.6454 0.0099 0.0032 0.2775 0.0170 
       D49/1 0.0398 0.7306 0.0026 0.0128 0.2034 0.0110 
       DAISY 0.1679 0.4537 0.0113 0.1141 0.2336 0.0194 
 DARK_RED_NO 0.0400 0.0606 0.1048 0.2929 0.0981 0.4036 
     DARWINA 0.4191 0.1106 0.0196 0.1396 0.1161 0.1950 
     DESIREE 0.1908 0.0041 0.2249 0.3801 0.1400 0.0602 
       DITTA 0.3533 0.0171 0.0104 0.3014 0.1281 0.1897 
 DR._MCINTOS 0.0241 0.1069 0.1587 0.1803 0.0221 0.5079 
       DRAGA 0.2915 0.1814 0.0837 0.0972 0.0064 0.3399 
 DUKE_OF_YOR 0.2226 0.0029 0.0099 0.0054 0.3407 0.4185 
 DUNBAR_STAN 0.0084 0.1701 0.0705 0.0442 0.2486 0.4582 
     DUNDROD 0.0180 0.4607 0.0731 0.1746 0.1891 0.0845 
     ECLIPSE 0.0043 0.0326 0.0033 0.2828 0.3814 0.2956 
        EDEN 0.0092 0.6626 0.0254 0.0227 0.2559 0.0242 
 EDZELL_BLUE 0.1851 0.0557 0.1521 0.1441 0.3243 0.1386 
   ELISABETH 0.2345 0.1783 0.0164 0.5011 0.0110 0.0588 
     EMPEROR 0.1548 0.2236 0.0084 0.2871 0.0114 0.3147 
         EOS 0.1350 0.2964 0.0177 0.3789 0.0171 0.1549 
     EPICURE 0.0207 0.0110 0.0349 0.2468 0.3601 0.3264 
  ERNTESTOLZ 0.2768 0.0409 0.0518 0.1808 0.2377 0.2120 
      ESCORT 0.3727 0.1815 0.0796 0.3405 0.0138 0.0120 
   ESMERALDA 0.2912 0.1613 0.1073 0.2496 0.1669 0.0238 
      ESTIMA 0.3110 0.1563 0.0090 0.2302 0.0674 0.2259 
 EVE_BALFOUR 0.0149 0.1624 0.4217 0.0972 0.2227 0.0810 
   EXCALIBUR 0.0290 0.4624 0.3933 0.1067 0.0047 0.0039 
     EXQUISA 0.2874 0.0052 0.1038 0.4305 0.1668 0.0064 
    FESTIVAL 0.3952 0.1667 0.0356 0.3450 0.0097 0.0478 
      FIANNA 0.3283 0.0608 0.2155 0.1487 0.0098 0.2369 
   FIFTYFOLD 0.0194 0.0628 0.0654 0.1667 0.5460 0.1397 
     FONTANE 0.3963 0.2073 0.0057 0.2085 0.0219 0.1603 
   FORTYFOLD 0.2318 0.0032 0.0230 0.0056 0.5396 0.1969 
 FRONTIER_RU 0.0376 0.1105 0.0053 0.2825 0.1262 0.4379 
     G.81071 0.0996 0.1906 0.2196 0.2087 0.0713 0.2102 
     G.88661 0.0961 0.2698 0.0452 0.2530 0.0046 0.3314 
    G.886611 0.0101 0.2664 0.0670 0.3885 0.0035 0.2645 
  G.8867Y%12 0.0351 0.1106 0.1457 0.3668 0.0045 0.3373 
     G.88839 0.4070 0.0077 0.0076 0.5519 0.0208 0.0051 
     G.88842 0.3631 0.0218 0.1445 0.3278 0.0130 0.1297 
   GALACTICA 0.3352 0.0065 0.3860 0.0052 0.1523 0.1148 
      GEMSON 0.0189 0.1340 0.2820 0.1577 0.1288 0.2786 
  GL.76B/102 0.1873 0.1424 0.0061 0.1921 0.3520 0.1202 
   GL.76B/94 0.2715 0.0030 0.1488 0.0222 0.5364 0.0182 
  GL.77M/106 0.0061 0.2488 0.2616 0.2854 0.1856 0.0126 
   GL.78/166 0.1976 0.0219 0.0411 0.0083 0.6099 0.1213 
    GL.78/53 0.0102 0.2084 0.0143 0.2097 0.5487 0.0086 
    GL.78/97 0.1148 0.1114 0.0255 0.1410 0.5819 0.0255 
    GL.79/42 0.0436 0.1479 0.0071 0.2448 0.5523 0.0043 
    GL.79/45 0.0309 0.0632 0.1018 0.2181 0.5813 0.0047 
 GL.81_NT_25 0.0807 0.4867 0.0356 0.0027 0.3857 0.0085 
   GLADIATOR 0.2325 0.1356 0.1251 0.3315 0.0072 0.1680 
      GLAMIS 0.1240 0.4420 0.0338 0.2009 0.0403 0.1590 
 GOLDEN_MILL 0.0181 0.4808 0.1995 0.1681 0.1228 0.0106 
 GOLDEN_NUGG 0.3665 0.1209 0.3132 0.1642 0.0221 0.0130 
 GOLDEN_WOND 0.0855 0.0375 0.0289 0.1522 0.5588 0.1371 
     GRANOLA 0.1835 0.1332 0.0140 0.5583 0.1048 0.0062 
    H1H3_101 0.0068 0.6145 0.0043 0.0019 0.3618 0.0109 
      H1H3_3 0.0650 0.4473 0.0930 0.0446 0.1787 0.1713 
 HARBOROUGH_ 0.0298 0.7219 0.0535 0.1439 0.0210 0.0298 
   HARLEQUIN 0.0816 0.1492 0.0431 0.5351 0.1769 0.0140 
      HERMES 0.3450 0.0553 0.1593 0.2319 0.1347 0.0739 
 HIGHLAND_BU 0.0978 0.0095 0.0286 0.0068 0.8092 0.0481 
  HOME_GUARD 0.0153 0.2036 0.1514 0.1480 0.2025 0.2791 
     HORIZON 0.4288 0.0864 0.1183 0.0787 0.2505 0.0375 
   INNOVATOR 0.2672 0.0074 0.1082 0.0038 0.1324 0.4809 
 INTERNATION 0.0436 0.0042 0.0083 0.0037 0.8552 0.0849 
 ISLE_OF_JUR 0.0861 0.4320 0.1677 0.1168 0.1511 0.0463 
    JULIETTE 0.3070 0.0314 0.0084 0.5935 0.0536 0.0062 
     KARLENA 0.2878 0.0239 0.2302 0.0109 0.1810 0.2661 
 KERR'S_PINK 0.0079 0.0918 0.0712 0.0678 0.4276 0.3337 
     KESTREL 0.0050 0.3827 0.3751 0.2090 0.0065 0.0218 
       KIFLI 0.1789 0.1172 0.0062 0.5029 0.1862 0.0086 
 KING_EDWARD 0.0043 0.0290 0.0025 0.1310 0.7161 0.1171 
    KINGSTON 0.0911 0.4707 0.1479 0.0771 0.2083 0.0050 
 KUFRI_CHAND 0.1229 0.1168 0.0701 0.1460 0.1498 0.3945 
 KUFRI_JYOTI 0.1761 0.0362 0.3673 0.2131 0.1333 0.0740 
      KURODA 0.4831 0.0429 0.1296 0.1338 0.0148 0.1958 
 LADY_BALFOU 0.0330 0.1905 0.3939 0.0957 0.1405 0.1464 
 LADY_CHRIST 0.4062 0.0841 0.0676 0.0859 0.2861 0.0701 
 LADY_CLAIRE 0.7003 0.0096 0.0178 0.0057 0.2195 0.0471 
     LADY_JO 0.5499 0.0127 0.0216 0.0022 0.2839 0.1298 
 LADY_ROSETT 0.3231 0.1503 0.0844 0.1759 0.1288 0.1374 
    LIBERTAS 0.5108 0.0039 0.1663 0.0029 0.3067 0.0095 
       LINDA 0.2094 0.0061 0.0086 0.5561 0.2129 0.0069 
      LINTON 0.2614 0.1932 0.0905 0.2274 0.0389 0.1886 
 LINZER_DELI 0.2589 0.0337 0.0162 0.4455 0.1994 0.0462 
   LIONHEART 0.4399 0.0858 0.1106 0.1298 0.0228 0.2112 
   MADELEINE 0.3641 0.0962 0.0443 0.3991 0.0848 0.0115 
   MADINGLEY 0.2597 0.1485 0.1331 0.3273 0.0515 0.0798 
    MAJESTIC 0.0344 0.0510 0.1606 0.2066 0.0274 0.5200 
     MARABEL 0.4797 0.0271 0.0322 0.3462 0.0098 0.1050 
     MARFONA 0.4515 0.1239 0.0728 0.0192 0.1450 0.1876 
     MARILYN 0.3073 0.0288 0.1369 0.3870 0.0904 0.0496 
 MARIS_ANCHO 0.2593 0.0858 0.0315 0.2191 0.1726 0.2316 
  MARIS_BARD 0.2034 0.2471 0.1501 0.0023 0.1135 0.2834 
  MARIS_PEER 0.0107 0.1732 0.1894 0.1563 0.1354 0.3350 
 MARIS_PIPER 0.0410 0.7679 0.0055 0.0045 0.1757 0.0054 
     MARKIES 0.4632 0.0223 0.0455 0.3006 0.1317 0.0367 
      MAXINE 0.0201 0.4248 0.1028 0.1550 0.0129 0.2845 
      MEGARA 0.4897 0.0826 0.0303 0.3006 0.0802 0.0167 
      MELODY 0.3796 0.0879 0.1598 0.1802 0.1698 0.0226 
       MIDAS 0.2073 0.4692 0.0061 0.1603 0.1527 0.0043 
       MILVA 0.3547 0.0198 0.0417 0.3542 0.1977 0.0320 
        MIMI 0.2569 0.3158 0.2030 0.0916 0.1246 0.0080 
        MIRA 0.5463 0.0064 0.1240 0.0084 0.2309 0.0840 
       MOIRA 0.2576 0.0609 0.1708 0.2503 0.1281 0.1323 
    MONTROSE 0.0060 0.5369 0.0755 0.0972 0.2799 0.0045 
       MORAG 0.0093 0.1635 0.3292 0.1378 0.1798 0.1804 
      MORENE 0.5361 0.0039 0.1447 0.0135 0.1620 0.1399 
      MOZART 0.3468 0.1171 0.0273 0.4653 0.0029 0.0407 
 MYATT'S_ASH 0.1600 0.0029 0.0098 0.0050 0.7213 0.1011 
      NADINE 0.0642 0.4616 0.1110 0.2915 0.0121 0.0596 
       NAVAN 0.0288 0.6757 0.0692 0.0586 0.0766 0.0912 
 NDTX_4271_5 0.0045 0.2396 0.0111 0.4790 0.0100 0.2557 
      NICOLA 0.3601 0.0039 0.0046 0.4292 0.1724 0.0298 
     NOVELLA 0.3549 0.0541 0.2075 0.2536 0.0263 0.1036 
     OLYMPUS 0.0062 0.3305 0.1295 0.2832 0.1141 0.1365 
       OPERA 0.3547 0.1533 0.1263 0.2526 0.0136 0.0995 
   ORCHESTRA 0.3642 0.1483 0.0279 0.3558 0.0864 0.0175 
      ORIANA 0.3974 0.0038 0.1771 0.1555 0.0654 0.2008 
     OTHELLO 0.0052 0.1618 0.5213 0.1893 0.0088 0.1136 
     PALADIN 0.0489 0.6371 0.0082 0.0042 0.2388 0.0628 
       PANDA 0.2763 0.1134 0.0201 0.5529 0.0289 0.0084 
   PARAMOUNT 0.1695 0.0148 0.4772 0.2431 0.0601 0.0353 
    PATRONES 0.3258 0.0763 0.0438 0.1437 0.1863 0.2241 
 PENTLAND_AC 0.1325 0.1608 0.1874 0.1957 0.1444 0.1792 
 PENTLAND_BE 0.0803 0.0092 0.1924 0.0069 0.4138 0.2973 
 PENTLAND_CR 0.2356 0.1543 0.2445 0.1006 0.0920 0.1731 
 PENTLAND_DE 0.0096 0.0650 0.2601 0.1890 0.2209 0.2553 
 PENTLAND_IV 0.0044 0.1195 0.1785 0.3391 0.0365 0.3220 
 PENTLAND_JA 0.1733 0.1104 0.1239 0.0912 0.0642 0.4370 
 PENTLAND_MA 0.3058 0.0081 0.3308 0.1265 0.0990 0.1297 
 PENTLAND_SQ 0.0806 0.1237 0.2095 0.1969 0.1675 0.2217 
   PEPO_1978 0.3499 0.1043 0.0156 0.3449 0.1445 0.0407 
     PICASSO 0.2666 0.1550 0.4963 0.0387 0.0044 0.0389 
   PIMPERNEL 0.4231 0.0432 0.1498 0.1659 0.2134 0.0046 
     PIONEER 0.1761 0.0233 0.0058 0.6085 0.1710 0.0154 
       PIXIE 0.0408 0.3841 0.2878 0.2581 0.0064 0.0227 
    PREMIERE 0.4595 0.0458 0.0706 0.0042 0.2466 0.1732 
   PRODUCENT 0.4210 0.2332 0.0102 0.1602 0.1059 0.0696 
     PROVOST 0.1409 0.0524 0.2130 0.1839 0.1237 0.2861 
  R.P.LUSTRE 0.0134 0.2096 0.0292 0.3383 0.2284 0.1810 
 RANGER_RUSS 0.1489 0.0030 0.0891 0.0185 0.2002 0.5404 
       RATTE 0.0145 0.1597 0.0097 0.2757 0.4967 0.0436 
      RECORD 0.5576 0.0047 0.1230 0.0066 0.2961 0.0120 
   REMBRANDT 0.4195 0.1336 0.0147 0.1264 0.1238 0.1821 
    RIO_ROJO 0.0645 0.1001 0.1433 0.3178 0.0482 0.3262 
      ROBIJN 0.5269 0.0033 0.0907 0.0342 0.3183 0.0266 
      ROCKET 0.0162 0.5054 0.0900 0.0652 0.1962 0.1270 
   RODE_STAR 0.3345 0.0097 0.0199 0.2197 0.4145 0.0018 
      ROMANO 0.3124 0.0389 0.3357 0.2834 0.0172 0.0124 
       ROMEO 0.0080 0.0450 0.3065 0.3946 0.1918 0.0542 
     ROOSTER 0.1302 0.1038 0.2907 0.2025 0.1218 0.1510 
       ROYAL 0.2413 0.3320 0.0159 0.2720 0.1325 0.0063 
 ROYAL_KIDNE 0.0363 0.0037 0.0549 0.0045 0.3721 0.5286 
     RUBESSE 0.2179 0.0499 0.1209 0.3749 0.0649 0.1716 
 RUSSET_BURB 0.0995 0.0381 0.0365 0.1673 0.1107 0.5480 
 RUSSET_NORK 0.0048 0.0720 0.0048 0.3329 0.0277 0.5577 
      SAFARI 0.4195 0.0515 0.2587 0.1963 0.0114 0.0626 
     SANTANA 0.3924 0.1598 0.0559 0.0977 0.0834 0.2107 
       SANTE 0.4171 0.1787 0.1196 0.1678 0.1067 0.0101 
     SAPHIRE 0.4118 0.1310 0.0703 0.1102 0.0049 0.2718 
  SARPO_MIRA 0.2586 0.0525 0.0895 0.4072 0.1810 0.0111 
 SARPO_SHONA 0.3352 0.0551 0.1093 0.3867 0.1054 0.0083 
       SASSY 0.2815 0.0924 0.0700 0.1773 0.2287 0.1501 
     SATURNA 0.4545 0.0258 0.0063 0.2139 0.2940 0.0056 
        SAVA 0.2730 0.1362 0.0096 0.4000 0.0373 0.1439 
       SAXON 0.0391 0.5434 0.1288 0.1106 0.1550 0.0231 
 SCARBOROUGH 0.0053 0.7272 0.0296 0.1431 0.0858 0.0090 
 SEFTON_WOND 0.0071 0.1560 0.0806 0.0233 0.4123 0.3206 
    SERAFINA 0.2480 0.0102 0.0991 0.4851 0.1424 0.0152 
     SETANTA 0.0343 0.3051 0.2595 0.2854 0.0558 0.0599 
 SHARPE'S_EX 0.0695 0.0875 0.0167 0.1103 0.5966 0.1195 
     SHELAGH 0.1296 0.1552 0.2946 0.1210 0.2764 0.0232 
    SHELFORD 0.2870 0.0182 0.1614 0.2426 0.1859 0.1049 
     SHEPODY 0.2117 0.0056 0.1943 0.0034 0.1525 0.4325 
      SLANEY 0.0108 0.2977 0.3922 0.2337 0.0093 0.0564 
        SPEY 0.0366 0.2926 0.4721 0.1726 0.0036 0.0225 
      SPUNTA 0.0933 0.1267 0.1403 0.3926 0.2051 0.0420 
     STAMINA 0.0646 0.6210 0.2135 0.0123 0.0040 0.0846 
    STEMSTER 0.2193 0.2881 0.1042 0.1588 0.2005 0.0291 
 STORMONT_EN 0.2692 0.1770 0.1669 0.0661 0.1857 0.1352 
    STIRLING 0.0722 0.1967 0.3584 0.1998 0.0072 0.1657 
     SYLVANA 0.2632 0.1179 0.0948 0.2415 0.0462 0.2366 
         TAY 0.0083 0.4295 0.2767 0.2552 0.0120 0.0183 
      TIMATE 0.3914 0.1367 0.0050 0.3682 0.0490 0.0498 
      TOLUCA 0.3320 0.0068 0.1662 0.3709 0.0351 0.0890 
    TORRIDON 0.3160 0.0661 0.3063 0.1334 0.1118 0.0662 
 ULSTER_SCEP 0.0755 0.3314 0.1405 0.0446 0.0598 0.3481 
 UMATILLA_RU 0.1557 0.2985 0.0673 0.0406 0.4000 0.0380 
 VALES_EMERA 0.0312 0.2636 0.0506 0.4939 0.1030 0.0577 
 VALES_EVERE 0.0079 0.2674 0.3946 0.1428 0.1236 0.0637 
 VALES_RUSSE 0.0830 0.0563 0.0156 0.1867 0.2131 0.4453 
 VALES_SOVER 0.0474 0.3345 0.5840 0.0210 0.0043 0.0088 
       VALOR 0.0632 0.3822 0.4604 0.0814 0.0035 0.0093 
    VAN_GOGH 0.4750 0.1120 0.0316 0.1604 0.1638 0.0572 
     VANTAGE 0.3875 0.0107 0.0717 0.0055 0.2934 0.2312 
       VERDI 0.3598 0.0959 0.0596 0.2371 0.2243 0.0231 
    VICTORIA 0.4064 0.0547 0.0306 0.2077 0.0257 0.2749 
     VIVALDI 0.4333 0.0044 0.1482 0.1521 0.0176 0.2444 
       WILJA 0.5272 0.0074 0.1366 0.0020 0.1836 0.1432 
     WINSTON 0.0095 0.4551 0.1943 0.2721 0.0047 0.0644 
      XD2-21 0.0471 0.1055 0.2435 0.1635 0.1720 0.2684 
  YUKON_GOLD 0.0818 0.2517 0.0108 0.3539 0.0042 0.2976 
       ZORBA 0.3989 0.0125 0.1763 0.0151 0.1436 0.2537 
