  00C133-020 0.0216 0.0272 0.3565 0.5948 
 01C_071-002 0.2753 0.1966 0.2938 0.2343 
 02M_012-001 0.1417 0.1979 0.0246 0.6357 
 03M_016-002 0.0172 0.4877 0.1259 0.3692 
 03M_034-002 0.0316 0.2149 0.1865 0.5670 
 04C_055-004 0.3248 0.1054 0.0501 0.5197 
 04C_126-005 0.1286 0.1064 0.3811 0.3839 
 04M_034-013 0.1204 0.3206 0.0665 0.4925 
 05M_002-001 0.4313 0.1968 0.2002 0.1717 
 05M_004-003 0.3859 0.0271 0.3392 0.2478 
 05M_012-004 0.2034 0.1219 0.4272 0.2475 
 06C_127-002 0.2786 0.0674 0.2168 0.4373 
 12288_AF_23 0.1553 0.0280 0.3081 0.5086 
    12601AB1 0.0118 0.4801 0.0171 0.4909 
   12636_A_2 0.0100 0.2287 0.2180 0.5432 
  15119_AC_5 0.0047 0.2060 0.4971 0.2921 
     1512C16 0.1529 0.3357 0.4302 0.0813 
   15144_A_3 0.2131 0.0277 0.6021 0.1571 
     1563C14 0.3391 0.5100 0.1117 0.0391 
     2182EF7 0.1044 0.1190 0.5834 0.1932 
     3681AD1 0.3124 0.1094 0.4584 0.1198 
     5008AB6 0.4007 0.1178 0.3498 0.1317 
    8204_A_4 0.1745 0.0409 0.4842 0.3004 
       AGRIA 0.7212 0.1246 0.0467 0.1075 
       AILSA 0.1465 0.1699 0.0491 0.6346 
      ALMERA 0.5387 0.1186 0.2630 0.0797 
       ALPHA 0.4125 0.3069 0.2220 0.0586 
      ALWARA 0.4850 0.0670 0.3458 0.1022 
      AMADRA 0.4756 0.2057 0.0717 0.2470 
       AMOUR 0.0228 0.0476 0.4316 0.4980 
        ANNA 0.0047 0.1068 0.7776 0.1108 
   ANNABELLE 0.7375 0.0821 0.1388 0.0416 
        ANYA 0.5045 0.2368 0.1324 0.1263 
       ARGOS 0.0667 0.0145 0.5954 0.3234 
     ARIELLE 0.5687 0.1688 0.2091 0.0535 
      ARKULA 0.4798 0.1905 0.3018 0.0279 
      ARMADA 0.4207 0.1902 0.2548 0.1343 
   AVALANCHE 0.1673 0.1160 0.2696 0.4471 
     BAILLIE 0.1993 0.0459 0.2272 0.5276 
    BALMORAL 0.1049 0.0904 0.6936 0.1111 
     BAMBINO 0.1137 0.0346 0.2897 0.5620 
       BARNA 0.2608 0.0547 0.4709 0.2136 
 BELLE_DE_FO 0.0071 0.8940 0.0952 0.0037 
       BENOL 0.1152 0.2125 0.0436 0.6287 
       BF_15 0.1527 0.7553 0.0858 0.0062 
      BINTJE 0.2196 0.4295 0.2641 0.0868 
 BIONICA_EX_ 0.3041 0.1782 0.3316 0.1861 
 BLUE_DANUBE 0.3960 0.2232 0.3406 0.0402 
      BONNIE 0.2856 0.0622 0.3293 0.3229 
      BOUNTY 0.1103 0.0391 0.3317 0.5189 
 BRITISH_QUE 0.0234 0.5556 0.4108 0.0102 
     BRODICK 0.2028 0.0242 0.1220 0.6509 
      BRODIE 0.0102 0.1260 0.6601 0.2037 
      BUCHAN 0.0566 0.0944 0.5561 0.2929 
      BURREN 0.2247 0.1063 0.4809 0.1881 
     CABARET 0.0101 0.3234 0.1184 0.5481 
      CAESAR 0.6367 0.0085 0.2429 0.1119 
        CARA 0.0119 0.0296 0.7005 0.2580 
 CARLINGFORD 0.1933 0.1086 0.4873 0.2108 
  CASABLANCA 0.1334 0.0111 0.4858 0.3697 
      CELINE 0.3765 0.1215 0.3703 0.1317 
  CHALLENGER 0.4415 0.2163 0.1182 0.2240 
   CHARLOTTE 0.6090 0.1269 0.0166 0.2476 
     CHICAGO 0.3438 0.1021 0.0185 0.5355 
   CHIEFTAIN 0.2381 0.2218 0.3971 0.1430 
      CHOPIN 0.5107 0.1203 0.3020 0.0670 
      CLARET 0.0706 0.0361 0.6541 0.2392 
      CORINE 0.1925 0.1672 0.4030 0.2373 
      COSMOS 0.4214 0.1710 0.2921 0.1155 
     COURAGE 0.4008 0.1704 0.3175 0.1113 
     COURLAN 0.3255 0.1642 0.3252 0.1850 
 CRAIGS_ROYA 0.0112 0.1289 0.5341 0.3258 
 CRAIGS_SNOW 0.0493 0.4314 0.3253 0.1940 
     CRAMOND 0.1576 0.0350 0.2519 0.5555 
 CRISPS_FOR_ 0.5002 0.1263 0.2116 0.1619 
    CROMWELL 0.0627 0.2634 0.0137 0.6602 
       D22/1 0.0104 0.2497 0.2094 0.5305 
       D23/3 0.0485 0.3965 0.1520 0.4031 
      D47-11 0.0102 0.3112 0.0137 0.6649 
       D49/1 0.0356 0.2143 0.0040 0.7461 
       DAISY 0.2362 0.2541 0.0229 0.4868 
 DARK_RED_NO 0.2277 0.2444 0.4209 0.1070 
     DARWINA 0.4446 0.2195 0.2319 0.1040 
     DESIREE 0.4691 0.1816 0.3327 0.0166 
       DITTA 0.5675 0.2235 0.1756 0.0334 
 DR._MCINTOS 0.0746 0.1800 0.5967 0.1487 
       DRAGA 0.2980 0.0734 0.4312 0.1974 
 DUKE_OF_YOR 0.1360 0.5165 0.3427 0.0048 
 DUNBAR_STAN 0.0115 0.4285 0.3633 0.1967 
     DUNDROD 0.1233 0.2274 0.1135 0.5358 
     ECLIPSE 0.1729 0.5458 0.1359 0.1454 
        EDEN 0.0111 0.2528 0.0165 0.7195 
 EDZELL_BLUE 0.2220 0.4086 0.2684 0.1010 
   ELISABETH 0.6212 0.0324 0.1118 0.2346 
     EMPEROR 0.3637 0.1243 0.2486 0.2634 
         EOS 0.3997 0.0741 0.1873 0.3390 
     EPICURE 0.1751 0.4791 0.2859 0.0599 
  ERNTESTOLZ 0.3602 0.3363 0.2481 0.0555 
      ESCORT 0.6029 0.0270 0.1494 0.2207 
   ESMERALDA 0.4250 0.1930 0.1820 0.2000 
      ESTIMA 0.4510 0.1907 0.1891 0.1692 
 EVE_BALFOUR 0.0280 0.2401 0.4576 0.2743 
   EXCALIBUR 0.0608 0.0047 0.3410 0.5935 
     EXQUISA 0.6581 0.1902 0.1269 0.0249 
    FESTIVAL 0.6339 0.0273 0.1372 0.2016 
      FIANNA 0.3606 0.0696 0.4772 0.0926 
   FIFTYFOLD 0.1016 0.6167 0.1474 0.1344 
     FONTANE 0.5423 0.1231 0.1173 0.2173 
   FORTYFOLD 0.1266 0.6580 0.2095 0.0058 
 FRONTIER_RU 0.2513 0.3054 0.2758 0.1675 
     G.81071 0.1939 0.1416 0.4172 0.2473 
     G.88661 0.2543 0.0494 0.3961 0.3002 
    G.886611 0.2610 0.0165 0.3817 0.3409 
  G.8867Y%12 0.2711 0.0275 0.5203 0.1811 
     G.88839 0.8984 0.0358 0.0393 0.0265 
     G.88842 0.5644 0.0441 0.3382 0.0533 
   GALACTICA 0.1992 0.2344 0.5396 0.0268 
      GEMSON 0.0457 0.2235 0.5165 0.2144 
  GL.76B/102 0.3546 0.4266 0.0408 0.1781 
   GL.76B/94 0.2289 0.5784 0.1843 0.0084 
  GL.77M/106 0.1514 0.1951 0.2615 0.3920 
   GL.78/166 0.1374 0.6909 0.1263 0.0454 
    GL.78/53 0.1319 0.5679 0.0108 0.2894 
    GL.78/97 0.1968 0.6154 0.0309 0.1569 
    GL.79/42 0.2166 0.5669 0.0061 0.2103 
    GL.79/45 0.1920 0.5974 0.0396 0.1710 
 GL.81_NT_25 0.0131 0.4289 0.0385 0.5194 
   GLADIATOR 0.4529 0.0348 0.3165 0.1958 
      GLAMIS 0.2400 0.0986 0.1810 0.4804 
 GOLDEN_MILL 0.1218 0.1079 0.1675 0.6028 
 GOLDEN_NUGG 0.3917 0.0433 0.3914 0.1736 
 GOLDEN_WOND 0.1634 0.6447 0.1129 0.0790 
     GRANOLA 0.6473 0.1141 0.0243 0.2143 
    H1H3_101 0.0032 0.3733 0.0045 0.6189 
      H1H3_3 0.0482 0.2452 0.2253 0.4813 
 HARBOROUGH_ 0.1191 0.0192 0.0662 0.7954 
   HARLEQUIN 0.5248 0.1875 0.0467 0.2410 
      HERMES 0.4754 0.1758 0.2456 0.1032 
 HIGHLAND_BU 0.0278 0.8782 0.0724 0.0216 
  HOME_GUARD 0.0518 0.3197 0.3615 0.2671 
     HORIZON 0.4105 0.3016 0.1908 0.0971 
   INNOVATOR 0.0961 0.3573 0.5370 0.0096 
 INTERNATION 0.0098 0.9436 0.0396 0.0071 
 ISLE_OF_JUR 0.1331 0.1599 0.2083 0.4988 
    JULIETTE 0.8066 0.0607 0.0234 0.1093 
     KARLENA 0.1861 0.2893 0.4496 0.0750 
 KERR'S_PINK 0.0150 0.5671 0.2798 0.1381 
     KESTREL 0.0386 0.0132 0.4258 0.5224 
       KIFLI 0.6163 0.1780 0.0088 0.1968 
 KING_EDWARD 0.0474 0.8201 0.0117 0.1207 
    KINGSTON 0.1264 0.2075 0.1140 0.5521 
 KUFRI_CHAND 0.1819 0.2990 0.3842 0.1349 
 KUFRI_JYOTI 0.2446 0.1692 0.4590 0.1271 
      KURODA 0.4990 0.0980 0.3589 0.0441 
 LADY_BALFOU 0.0334 0.1806 0.5082 0.2778 
 LADY_CHRIST 0.3872 0.3606 0.1713 0.0809 
 LADY_CLAIRE 0.6054 0.2777 0.1019 0.0150 
     LADY_JO 0.3472 0.4174 0.2155 0.0198 
 LADY_ROSETT 0.3909 0.1980 0.2386 0.1725 
    LIBERTAS 0.3224 0.3932 0.2736 0.0108 
       LINDA 0.6861 0.2444 0.0224 0.0472 
      LINTON 0.3821 0.1306 0.2669 0.2204 
 LINZER_DELI 0.6160 0.2331 0.0699 0.0811 
   LIONHEART 0.4427 0.1363 0.3361 0.0849 
   MADELEINE 0.6547 0.1080 0.0947 0.1426 
   MADINGLEY 0.4948 0.0879 0.2063 0.2110 
    MAJESTIC 0.1256 0.2070 0.5559 0.1115 
     MARABEL 0.7145 0.0421 0.1983 0.0451 
     MARFONA 0.3289 0.2699 0.3267 0.0745 
     MARILYN 0.5789 0.1209 0.2144 0.0858 
 MARIS_ANCHO 0.3795 0.2708 0.2364 0.1133 
  MARIS_BARD 0.0251 0.2651 0.4450 0.2648 
  MARIS_PEER 0.0352 0.2584 0.4646 0.2419 
 MARIS_PIPER 0.0150 0.1849 0.0060 0.7941 
     MARKIES 0.6521 0.1835 0.1189 0.0456 
      MAXINE 0.0937 0.1057 0.3250 0.4756 
      MEGARA 0.6790 0.1175 0.1013 0.1023 
      MELODY 0.4416 0.2064 0.2236 0.1284 
       MIDAS 0.3245 0.1614 0.0075 0.5065 
       MILVA 0.6109 0.2262 0.1179 0.0450 
        MIMI 0.2784 0.1321 0.2118 0.3777 
        MIRA 0.4541 0.2896 0.2398 0.0165 
       MOIRA 0.3885 0.1868 0.3154 0.1092 
    MONTROSE 0.0385 0.2749 0.0240 0.6627 
       MORAG 0.0220 0.2477 0.4715 0.2588 
      MORENE 0.4265 0.2434 0.3228 0.0073 
      MOZART 0.7005 0.0055 0.1408 0.1531 
 MYATT'S_ASH 0.0958 0.8143 0.0846 0.0053 
      NADINE 0.2758 0.0178 0.1747 0.5317 
       NAVAN 0.0348 0.0906 0.1466 0.7280 
 NDTX_4271_5 0.2979 0.1165 0.2449 0.3407 
      NICOLA 0.7317 0.2327 0.0271 0.0086 
     NOVELLA 0.4767 0.0755 0.3497 0.0981 
     OLYMPUS 0.1338 0.1772 0.2498 0.4391 
       OPERA 0.5020 0.0565 0.2534 0.1881 
   ORCHESTRA 0.6246 0.1150 0.0681 0.1923 
      ORIANA 0.4505 0.1489 0.3911 0.0095 
     OTHELLO 0.0230 0.0238 0.6486 0.3046 
     PALADIN 0.0126 0.2906 0.0312 0.6657 
       PANDA 0.7453 0.0429 0.0349 0.1768 
   PARAMOUNT 0.2611 0.0682 0.5601 0.1105 
    PATRONES 0.3670 0.2991 0.2616 0.0724 
 PENTLAND_AC 0.2084 0.2269 0.3438 0.2208 
 PENTLAND_BE 0.0176 0.5378 0.4198 0.0248 
 PENTLAND_CR 0.2097 0.1578 0.4356 0.1968 
 PENTLAND_DE 0.0551 0.3075 0.4704 0.1670 
 PENTLAND_IV 0.1375 0.1598 0.4620 0.2407 
 PENTLAND_JA 0.1590 0.2260 0.4927 0.1223 
 PENTLAND_MA 0.3110 0.1466 0.5066 0.0358 
 PENTLAND_SQ 0.1584 0.2429 0.4069 0.1918 
   PEPO_1978 0.6296 0.1685 0.0615 0.1405 
     PICASSO 0.1853 0.0068 0.6086 0.1992 
   PIMPERNEL 0.5014 0.2413 0.1739 0.0834 
     PIONEER 0.6895 0.1945 0.0199 0.0961 
       PIXIE 0.1928 0.0087 0.3334 0.4651 
    PREMIERE 0.3126 0.3632 0.2805 0.0437 
   PRODUCENT 0.4920 0.1746 0.1026 0.2307 
     PROVOST 0.2037 0.2225 0.4666 0.1071 
  R.P.LUSTRE 0.2308 0.3055 0.1698 0.2939 
 RANGER_RUSS 0.0639 0.4083 0.5239 0.0040 
       RATTE 0.2116 0.5298 0.0231 0.2355 
      RECORD 0.4174 0.3561 0.2179 0.0085 
   REMBRANDT 0.4482 0.2409 0.1862 0.1248 
    RIO_ROJO 0.2595 0.1654 0.4114 0.1636 
      ROBIJN 0.4914 0.3596 0.1431 0.0059 
      ROCKET 0.0223 0.2401 0.1832 0.5544 
   RODE_STAR 0.5222 0.4207 0.0108 0.0463 
      ROMANO 0.4544 0.0274 0.4018 0.1164 
       ROMEO 0.2517 0.2047 0.3505 0.1931 
     ROOSTER 0.2252 0.1677 0.4242 0.1828 
       ROYAL 0.4570 0.1422 0.0163 0.3845 
 ROYAL_KIDNE 0.0073 0.5701 0.4172 0.0054 
     RUBESSE 0.4609 0.1380 0.2883 0.1128 
 RUSSET_BURB 0.1730 0.3100 0.4522 0.0648 
 RUSSET_NORK 0.1958 0.2623 0.3784 0.1635 
      SAFARI 0.4592 0.0331 0.4234 0.0843 
     SANTANA 0.3928 0.1867 0.2701 0.1504 
       SANTE 0.4759 0.1450 0.1813 0.1978 
     SAPHIRE 0.4262 0.0721 0.3746 0.1270 
  SARPO_MIRA 0.5782 0.1960 0.0976 0.1282 
 SARPO_SHONA 0.6394 0.1157 0.1207 0.1242 
       SASSY 0.3501 0.3144 0.2186 0.1169 
     SATURNA 0.6105 0.3263 0.0150 0.0482 
        SAVA 0.5789 0.1071 0.1361 0.1778 
       SAXON 0.0880 0.1557 0.1399 0.6164 
 SCARBOROUGH 0.0683 0.0823 0.0241 0.8252 
 SEFTON_WOND 0.0076 0.5372 0.2715 0.1837 
    SERAFINA 0.6256 0.1539 0.1597 0.0608 
     SETANTA 0.2133 0.0634 0.3088 0.4145 
 SHARPE'S_EX 0.1160 0.6775 0.0912 0.1152 
     SHELAGH 0.1418 0.3006 0.3334 0.2241 
    SHELFORD 0.4410 0.2419 0.2570 0.0601 
     SHEPODY 0.0223 0.3626 0.6062 0.0089 
      SLANEY 0.1041 0.0127 0.4689 0.4144 
        SPEY 0.0801 0.0059 0.5175 0.3966 
      SPUNTA 0.3772 0.2307 0.1800 0.2122 
     STAMINA 0.0286 0.0078 0.2883 0.6753 
    STEMSTER 0.3079 0.2209 0.1276 0.3436 
 STORMONT_EN 0.2177 0.2629 0.3279 0.1915 
    STIRLING 0.1337 0.0202 0.5705 0.2756 
     SYLVANA 0.3900 0.1477 0.3148 0.1474 
         TAY 0.1310 0.0148 0.3046 0.5496 
      TIMATE 0.6947 0.1037 0.0228 0.1789 
      TOLUCA 0.5987 0.0843 0.2947 0.0223 
    TORRIDON 0.3127 0.1597 0.4222 0.1054 
 ULSTER_SCEP 0.0331 0.1942 0.4222 0.3505 
 UMATILLA_RU 0.1379 0.4319 0.0927 0.3375 
 VALES_EMERA 0.4139 0.1198 0.1143 0.3520 
 VALES_EVERE 0.0247 0.1315 0.4577 0.3861 
 VALES_RUSSE 0.1933 0.3867 0.3304 0.0896 
 VALES_SOVER 0.0109 0.0046 0.5635 0.4210 
       VALOR 0.0371 0.0048 0.4837 0.4743 
    VAN_GOGH 0.5281 0.2158 0.1440 0.1122 
     VANTAGE 0.2479 0.4378 0.2986 0.0156 
       VERDI 0.5262 0.2385 0.0941 0.1412 
    VICTORIA 0.5025 0.1584 0.2715 0.0676 
     VIVALDI 0.4767 0.1052 0.4108 0.0074 
       WILJA 0.2858 0.3101 0.3897 0.0144 
     WINSTON 0.1557 0.0083 0.2851 0.5509 
      XD2-21 0.0970 0.2684 0.4608 0.1738 
  YUKON_GOLD 0.3767 0.0413 0.2667 0.3153 
       ZORBA 0.3087 0.2479 0.4179 0.0256 
