  00C133-020 0.0758 0.1790 0.7451 
 01C_071-002 0.2360 0.4421 0.3220 
 02M_012-001 0.2866 0.0958 0.6176 
 03M_016-002 0.5411 0.0665 0.3925 
 03M_034-002 0.2826 0.0820 0.6354 
 04C_055-004 0.1923 0.2928 0.5148 
 04C_126-005 0.1494 0.3200 0.5306 
 04M_034-013 0.3856 0.1311 0.4834 
 05M_002-001 0.2374 0.5430 0.2196 
 05M_004-003 0.0612 0.5695 0.3692 
 05M_012-004 0.1376 0.4559 0.4065 
 06C_127-002 0.1233 0.3641 0.5125 
 12288_AF_23 0.0730 0.3010 0.6260 
    12601AB1 0.5366 0.0104 0.4530 
   12636_A_2 0.3015 0.0510 0.6475 
  15119_AC_5 0.2739 0.1502 0.5759 
     1512C16 0.3373 0.4457 0.2171 
   15144_A_3 0.0352 0.5699 0.3949 
     1563C14 0.5217 0.4251 0.0532 
     2182EF7 0.1234 0.4745 0.4021 
     3681AD1 0.1202 0.6057 0.2741 
     5008AB6 0.1478 0.5983 0.2539 
    8204_A_4 0.0579 0.4587 0.4834 
       AGRIA 0.1723 0.7333 0.0944 
       AILSA 0.2542 0.1153 0.6306 
      ALMERA 0.1562 0.6940 0.1498 
       ALPHA 0.3299 0.5553 0.1148 
      ALWARA 0.0974 0.6901 0.2125 
      AMADRA 0.2534 0.4943 0.2523 
       AMOUR 0.0822 0.2304 0.6874 
        ANNA 0.1343 0.3734 0.4923 
   ANNABELLE 0.1324 0.8078 0.0599 
        ANYA 0.2637 0.5773 0.1590 
       ARGOS 0.0213 0.4056 0.5730 
     ARIELLE 0.1989 0.6947 0.1063 
      ARKULA 0.2069 0.6825 0.1106 
      ARMADA 0.2259 0.5742 0.1999 
   AVALANCHE 0.1653 0.3026 0.5321 
     BAILLIE 0.1185 0.2842 0.5973 
    BALMORAL 0.0674 0.5436 0.3890 
     BAMBINO 0.0994 0.2296 0.6710 
       BARNA 0.0744 0.5388 0.3868 
 BELLE_DE_FO 0.9063 0.0849 0.0088 
       BENOL 0.2997 0.0749 0.6253 
       BF_15 0.7501 0.2419 0.0080 
      BINTJE 0.4396 0.4092 0.1512 
 BIONICA_EX_ 0.2095 0.5023 0.2882 
 BLUE_DANUBE 0.2391 0.6316 0.1293 
      BONNIE 0.0958 0.4638 0.4404 
      BOUNTY 0.0872 0.2635 0.6493 
 BRITISH_QUE 0.5399 0.3381 0.1220 
     BRODICK 0.0940 0.2064 0.6995 
      BRODIE 0.1441 0.3771 0.4789 
      BUCHAN 0.1076 0.3785 0.5139 
      BURREN 0.1203 0.5057 0.3740 
     CABARET 0.3952 0.0189 0.5858 
      CAESAR 0.0165 0.7852 0.1983 
        CARA 0.0407 0.3959 0.5634 
 CARLINGFORD 0.1231 0.4960 0.3809 
  CASABLANCA 0.0217 0.3997 0.5786 
      CELINE 0.1371 0.6038 0.2591 
  CHALLENGER 0.2582 0.5008 0.2410 
   CHARLOTTE 0.1972 0.5620 0.2408 
     CHICAGO 0.1978 0.2863 0.5159 
   CHIEFTAIN 0.2310 0.4916 0.2774 
      CHOPIN 0.1520 0.6941 0.1540 
      CLARET 0.0409 0.4590 0.5001 
      CORINE 0.1836 0.4349 0.3814 
      COSMOS 0.1960 0.6104 0.1936 
     COURAGE 0.1884 0.6060 0.2056 
     COURLAN 0.1845 0.5203 0.2952 
 CRAIGS_ROYA 0.1499 0.2987 0.5514 
 CRAIGS_SNOW 0.4455 0.2673 0.2872 
     CRAMOND 0.0933 0.2593 0.6474 
 CRISPS_FOR_ 0.1576 0.6168 0.2255 
    CROMWELL 0.3596 0.0292 0.6112 
       D22/1 0.3297 0.0552 0.6150 
       D23/3 0.4375 0.1264 0.4361 
      D47-11 0.3859 0.0083 0.6058 
       D49/1 0.3282 0.0125 0.6593 
       DAISY 0.3334 0.2045 0.4621 
 DARK_RED_NO 0.2521 0.5092 0.2386 
     DARWINA 0.2501 0.5902 0.1596 
     DESIREE 0.1988 0.6949 0.1063 
       DITTA 0.2545 0.6812 0.0643 
 DR._MCINTOS 0.1810 0.4730 0.3459 
       DRAGA 0.0962 0.5627 0.3411 
 DUKE_OF_YOR 0.5146 0.4546 0.0308 
 DUNBAR_STAN 0.4489 0.2111 0.3400 
     DUNDROD 0.2949 0.1500 0.5551 
     ECLIPSE 0.5537 0.2828 0.1636 
        EDEN 0.3336 0.0084 0.6580 
 EDZELL_BLUE 0.4221 0.4104 0.1675 
   ELISABETH 0.0693 0.6650 0.2657 
     EMPEROR 0.1590 0.5004 0.3406 
         EOS 0.1256 0.4836 0.3908 
     EPICURE 0.4831 0.3975 0.1194 
  ERNTESTOLZ 0.3476 0.5320 0.1204 
      ESCORT 0.0675 0.6638 0.2687 
   ESMERALDA 0.2338 0.5165 0.2497 
      ESTIMA 0.2299 0.5599 0.2103 
 EVE_BALFOUR 0.2646 0.2735 0.4619 
   EXCALIBUR 0.0100 0.2242 0.7658 
     EXQUISA 0.2270 0.7340 0.0390 
    FESTIVAL 0.0748 0.6915 0.2337 
      FIANNA 0.0867 0.6607 0.2525 
   FIFTYFOLD 0.6266 0.2175 0.1559 
     FONTANE 0.1662 0.5915 0.2422 
   FORTYFOLD 0.6548 0.3320 0.0133 
 FRONTIER_RU 0.3228 0.4333 0.2439 
     G.81071 0.1633 0.4395 0.3973 
     G.88661 0.0771 0.4807 0.4422 
    G.886611 0.0386 0.4764 0.4849 
  G.8867Y%12 0.0387 0.5890 0.3723 
     G.88839 0.0869 0.8914 0.0217 
     G.88842 0.0730 0.7742 0.1527 
   GALACTICA 0.2206 0.5540 0.2254 
      GEMSON 0.2294 0.3709 0.3997 
  GL.76B/102 0.4718 0.3745 0.1536 
   GL.76B/94 0.5848 0.3962 0.0190 
  GL.77M/106 0.2320 0.2815 0.4864 
   GL.78/166 0.6999 0.2458 0.0543 
    GL.78/53 0.6192 0.1108 0.2700 
    GL.78/97 0.6424 0.2191 0.1385 
    GL.79/42 0.6094 0.1983 0.1923 
    GL.79/45 0.6243 0.2187 0.1570 
 GL.81_NT_25 0.4950 0.0153 0.4897 
   GLADIATOR 0.0611 0.6406 0.2984 
      GLAMIS 0.1653 0.3074 0.5273 
 GOLDEN_MILL 0.1821 0.1548 0.6631 
 GOLDEN_NUGG 0.0573 0.6313 0.3114 
 GOLDEN_WOND 0.6520 0.2521 0.0959 
     GRANOLA 0.1717 0.6168 0.2115 
    H1H3_101 0.4687 0.0041 0.5273 
      H1H3_3 0.2960 0.1488 0.5552 
 HARBOROUGH_ 0.1057 0.0763 0.8180 
   HARLEQUIN 0.2358 0.5142 0.2500 
      HERMES 0.2081 0.6250 0.1670 
 HIGHLAND_BU 0.8756 0.1053 0.0190 
  HOME_GUARD 0.3350 0.2767 0.3883 
     HORIZON 0.3358 0.5372 0.1270 
   INNOVATOR 0.3306 0.5233 0.1461 
 INTERNATION 0.9447 0.0460 0.0093 
 ISLE_OF_JUR 0.2223 0.2178 0.5599 
    JULIETTE 0.1290 0.7752 0.0958 
     KARLENA 0.2827 0.4834 0.2339 
 KERR'S_PINK 0.5838 0.1918 0.2244 
     KESTREL 0.0258 0.2591 0.7151 
       KIFLI 0.2500 0.5808 0.1692 
 KING_EDWARD 0.8357 0.0718 0.0925 
    KINGSTON 0.2739 0.1475 0.5786 
 KUFRI_CHAND 0.3105 0.4396 0.2498 
 KUFRI_JYOTI 0.1750 0.5407 0.2843 
      KURODA 0.1200 0.7306 0.1494 
 LADY_BALFOU 0.1963 0.3235 0.4802 
 LADY_CHRIST 0.3798 0.5057 0.1145 
 LADY_CLAIRE 0.3216 0.6648 0.0136 
     LADY_JO 0.4356 0.5216 0.0429 
 LADY_ROSETT 0.2208 0.5426 0.2366 
    LIBERTAS 0.4068 0.5457 0.0475 
       LINDA 0.2823 0.6796 0.0381 
      LINTON 0.1625 0.5299 0.3076 
 LINZER_DELI 0.2662 0.6486 0.0852 
   LIONHEART 0.1533 0.6553 0.1915 
   MADELEINE 0.1593 0.6816 0.1591 
   MADINGLEY 0.1366 0.5999 0.2636 
    MAJESTIC 0.2086 0.4948 0.2966 
     MARABEL 0.0874 0.8241 0.0885 
     MARFONA 0.2813 0.5516 0.1671 
     MARILYN 0.1534 0.7026 0.1440 
 MARIS_ANCHO 0.2959 0.5337 0.1703 
  MARIS_BARD 0.2814 0.2780 0.4406 
  MARIS_PEER 0.2651 0.3287 0.4062 
 MARIS_PIPER 0.2748 0.0083 0.7169 
     MARKIES 0.2225 0.7182 0.0593 
      MAXINE 0.1498 0.2571 0.5931 
      MEGARA 0.1671 0.7179 0.1151 
      MELODY 0.2418 0.5750 0.1833 
       MIDAS 0.2638 0.2598 0.4764 
       MILVA 0.2619 0.6721 0.0660 
        MIMI 0.1817 0.3727 0.4456 
        MIRA 0.3245 0.6268 0.0487 
       MOIRA 0.2158 0.5805 0.2037 
    MONTROSE 0.3533 0.0175 0.6292 
       MORAG 0.2707 0.2899 0.4394 
      MORENE 0.2656 0.7025 0.0319 
      MOZART 0.0114 0.7773 0.2113 
 MYATT'S_ASH 0.8012 0.1923 0.0065 
      NADINE 0.0745 0.3246 0.6009 
       NAVAN 0.1788 0.0562 0.7650 
 NDTX_4271_5 0.1470 0.4259 0.4271 
      NICOLA 0.2673 0.7252 0.0075 
     NOVELLA 0.0979 0.6920 0.2101 
     OLYMPUS 0.2140 0.2613 0.5247 
       OPERA 0.0903 0.6367 0.2730 
   ORCHESTRA 0.1662 0.6402 0.1936 
      ORIANA 0.1776 0.7489 0.0736 
     OTHELLO 0.0321 0.3898 0.5780 
     PALADIN 0.3561 0.0120 0.6319 
       PANDA 0.1074 0.7238 0.1688 
   PARAMOUNT 0.0757 0.6100 0.3142 
    PATRONES 0.3200 0.5425 0.1374 
 PENTLAND_AC 0.2501 0.4158 0.3341 
 PENTLAND_BE 0.5241 0.2938 0.1821 
 PENTLAND_CR 0.1742 0.4728 0.3530 
 PENTLAND_DE 0.3185 0.3537 0.3279 
 PENTLAND_IV 0.1751 0.4153 0.4096 
 PENTLAND_JA 0.2191 0.4834 0.2975 
 PENTLAND_MA 0.1497 0.6455 0.2048 
 PENTLAND_SQ 0.2583 0.4074 0.3343 
   PEPO_1978 0.2190 0.6443 0.1368 
     PICASSO 0.0103 0.5540 0.4357 
   PIMPERNEL 0.2699 0.6023 0.1278 
     PIONEER 0.2520 0.6714 0.0766 
       PIXIE 0.0243 0.3577 0.6180 
    PREMIERE 0.3748 0.5054 0.1198 
   PRODUCENT 0.2244 0.5328 0.2428 
     PROVOST 0.2246 0.5116 0.2638 
  R.P.LUSTRE 0.3414 0.3234 0.3352 
 RANGER_RUSS 0.3867 0.5254 0.0880 
       RATTE 0.5620 0.2171 0.2209 
      RECORD 0.3780 0.6033 0.0187 
   REMBRANDT 0.2711 0.5662 0.1626 
    RIO_ROJO 0.1763 0.5296 0.2942 
      ROBIJN 0.3849 0.6040 0.0111 
      ROCKET 0.3007 0.0896 0.6097 
   RODE_STAR 0.4692 0.5039 0.0269 
      ROMANO 0.0510 0.6938 0.2552 
       ROMEO 0.2238 0.4538 0.3224 
     ROOSTER 0.1868 0.4721 0.3411 
       ROYAL 0.2312 0.4070 0.3618 
 ROYAL_KIDNE 0.5708 0.3114 0.1178 
     RUBESSE 0.1615 0.6332 0.2054 
 RUSSET_BURB 0.3124 0.4823 0.2052 
 RUSSET_NORK 0.2728 0.4537 0.2734 
      SAFARI 0.0547 0.7212 0.2241 
     SANTANA 0.2107 0.5579 0.2314 
       SANTE 0.1789 0.5750 0.2461 
     SAPHIRE 0.0872 0.6598 0.2530 
  SARPO_MIRA 0.2349 0.6190 0.1461 
 SARPO_SHONA 0.1660 0.6947 0.1393 
       SASSY 0.3378 0.4955 0.1667 
     SATURNA 0.3795 0.5964 0.0241 
        SAVA 0.1524 0.6416 0.2060 
       SAXON 0.2339 0.1118 0.6543 
 SCARBOROUGH 0.1816 0.0199 0.7985 
 SEFTON_WOND 0.5686 0.1366 0.2947 
    SERAFINA 0.1851 0.7098 0.1051 
     SETANTA 0.1045 0.3612 0.5343 
 SHARPE'S_EX 0.6875 0.1919 0.1206 
     SHELAGH 0.3155 0.3563 0.3282 
    SHELFORD 0.2697 0.6058 0.1245 
     SHEPODY 0.3240 0.4646 0.2114 
      SLANEY 0.0281 0.3650 0.6070 
        SPEY 0.0092 0.3780 0.6128 
      SPUNTA 0.2567 0.4724 0.2709 
     STAMINA 0.0300 0.1534 0.8166 
    STEMSTER 0.2866 0.3602 0.3531 
 STORMONT_EN 0.2853 0.4278 0.2869 
    STIRLING 0.0241 0.4849 0.4910 
     SYLVANA 0.1747 0.5826 0.2427 
         TAY 0.0462 0.2653 0.6884 
      TIMATE 0.1636 0.6814 0.1550 
      TOLUCA 0.1167 0.7871 0.0961 
    TORRIDON 0.1720 0.5830 0.2450 
 ULSTER_SCEP 0.2184 0.2711 0.5105 
 UMATILLA_RU 0.4851 0.1782 0.3367 
 VALES_EMERA 0.1800 0.4367 0.3833 
 VALES_EVERE 0.1639 0.2702 0.5659 
 VALES_RUSSE 0.3955 0.4275 0.1770 
 VALES_SOVER 0.0100 0.2947 0.6953 
       VALOR 0.0084 0.2988 0.6928 
    VAN_GOGH 0.2585 0.6055 0.1360 
     VANTAGE 0.4436 0.4914 0.0650 
       VERDI 0.2937 0.5681 0.1382 
    VICTORIA 0.1793 0.6751 0.1456 
     VIVALDI 0.1364 0.7943 0.0694 
       WILJA 0.3188 0.5753 0.1059 
     WINSTON 0.0302 0.2859 0.6840 
      XD2-21 0.2784 0.3935 0.3281 
  YUKON_GOLD 0.0788 0.5195 0.4017 
       ZORBA 0.2470 0.6021 0.1509 
