  00C133-020 0.0060 0.1688 0.2921 0.0108 0.3753 0.0151 0.0069 0.0420 0.0829 
 01C_071-002 0.1950 0.0621 0.1929 0.1011 0.1471 0.1033 0.0235 0.1142 0.0607 
 02M_012-001 0.1509 0.2139 0.0228 0.0109 0.4078 0.0366 0.0034 0.1478 0.0059 
 03M_016-002 0.1042 0.0264 0.0080 0.0159 0.3063 0.0159 0.2070 0.3131 0.0031 
 03M_034-002 0.0026 0.2343 0.0540 0.0030 0.2864 0.0031 0.0047 0.2045 0.2075 
 04C_055-004 0.0109 0.0293 0.0332 0.0160 0.4263 0.2711 0.0423 0.0844 0.0865 
 04C_126-005 0.0118 0.1785 0.2939 0.0742 0.1801 0.0204 0.0079 0.1032 0.1300 
 04M_034-013 0.0331 0.0938 0.0064 0.0107 0.3592 0.0592 0.1217 0.2257 0.0902 
 05M_002-001 0.0184 0.0386 0.0558 0.3590 0.1236 0.1579 0.1090 0.0855 0.0523 
 05M_004-003 0.0249 0.1222 0.1694 0.3602 0.1384 0.0340 0.0244 0.0050 0.1215 
 05M_012-004 0.1090 0.2329 0.1112 0.1149 0.0908 0.0097 0.1532 0.0157 0.1626 
 06C_127-002 0.0068 0.3599 0.0950 0.0094 0.1362 0.2408 0.1077 0.0136 0.0307 
 12288_AF_23 0.0978 0.1504 0.1532 0.0048 0.3404 0.1111 0.1061 0.0048 0.0315 
    12601AB1 0.0429 0.4070 0.0051 0.0050 0.1123 0.0029 0.0019 0.4201 0.0027 
   12636_A_2 0.0522 0.3055 0.1027 0.0053 0.2809 0.0031 0.0629 0.1783 0.0091 
  15119_AC_5 0.0822 0.0034 0.4821 0.0057 0.2207 0.0018 0.0177 0.1644 0.0221 
     1512C16 0.1140 0.1270 0.1305 0.0430 0.0074 0.0879 0.2874 0.1595 0.0433 
   15144_A_3 0.0144 0.0147 0.6359 0.0572 0.0119 0.2358 0.0056 0.0214 0.0030 
     1563C14 0.1882 0.0093 0.0367 0.0878 0.0138 0.2097 0.0757 0.3573 0.0216 
     2182EF7 0.0040 0.2199 0.2662 0.1341 0.0127 0.0205 0.2132 0.0276 0.1018 
     3681AD1 0.2386 0.1604 0.1910 0.2004 0.0288 0.0111 0.0378 0.0127 0.1192 
     5008AB6 0.1281 0.2304 0.1749 0.0872 0.0034 0.1410 0.0067 0.0555 0.1728 
    8204_A_4 0.0058 0.3158 0.2644 0.0866 0.0377 0.0953 0.1106 0.0123 0.0714 
       AGRIA 0.0054 0.0337 0.0033 0.6262 0.0527 0.2305 0.0311 0.0114 0.0057 
       AILSA 0.0100 0.1985 0.0084 0.0048 0.4101 0.1758 0.0716 0.1166 0.0042 
      ALMERA 0.0260 0.0036 0.0247 0.2362 0.0988 0.2314 0.1401 0.0131 0.2262 
       ALPHA 0.3024 0.0461 0.0054 0.0052 0.0201 0.1230 0.0647 0.1589 0.2743 
      ALWARA 0.1944 0.0160 0.2397 0.0066 0.0284 0.2751 0.0168 0.0113 0.2117 
      AMADRA 0.0950 0.0907 0.0093 0.1216 0.1446 0.2224 0.0073 0.1440 0.1650 
       AMOUR 0.0657 0.1300 0.3923 0.0173 0.3123 0.0287 0.0211 0.0245 0.0083 
        ANNA 0.0026 0.0490 0.6660 0.0275 0.0057 0.0023 0.0257 0.1311 0.0901 
   ANNABELLE 0.0023 0.0119 0.0076 0.2411 0.0097 0.3689 0.0135 0.0308 0.3142 
        ANYA 0.0467 0.1229 0.0781 0.0813 0.0085 0.3963 0.0749 0.1630 0.0283 
       ARGOS 0.0162 0.0041 0.5025 0.0753 0.2488 0.0535 0.0584 0.0052 0.0361 
     ARIELLE 0.0726 0.0026 0.0752 0.2214 0.0428 0.3055 0.0884 0.0534 0.1380 
      ARKULA 0.1667 0.0560 0.0379 0.0490 0.0101 0.1564 0.0361 0.1067 0.3810 
      ARMADA 0.0860 0.0073 0.0336 0.0223 0.1243 0.1784 0.0473 0.1281 0.3726 
   AVALANCHE 0.1210 0.0153 0.0560 0.1031 0.4171 0.0076 0.1144 0.0133 0.1523 
     BAILLIE 0.1351 0.0884 0.1049 0.0376 0.4225 0.0582 0.0682 0.0106 0.0746 
    BALMORAL 0.1024 0.0422 0.3720 0.1143 0.0226 0.0042 0.1785 0.0065 0.1572 
     BAMBINO 0.0169 0.0960 0.2190 0.0273 0.4137 0.0690 0.0152 0.0435 0.0994 
       BARNA 0.0664 0.0529 0.3687 0.0037 0.0780 0.2525 0.0442 0.0248 0.1087 
 BELLE_DE_FO 0.0574 0.0016 0.0757 0.0191 0.0019 0.0063 0.0735 0.7586 0.0059 
       BENOL 0.0047 0.3075 0.0046 0.1610 0.3368 0.0032 0.0034 0.1680 0.0109 
       BF_15 0.0390 0.0032 0.0616 0.1149 0.0024 0.0684 0.0137 0.6411 0.0557 
      BINTJE 0.0920 0.0125 0.0775 0.1304 0.0671 0.0873 0.1492 0.2761 0.1078 
 BIONICA_EX_ 0.0517 0.2492 0.0970 0.1726 0.0180 0.0308 0.0236 0.1224 0.2346 
 BLUE_DANUBE 0.2553 0.0072 0.0729 0.1669 0.0169 0.0054 0.0734 0.0882 0.3138 
      BONNIE 0.0076 0.1303 0.1709 0.0164 0.1673 0.1799 0.0555 0.0333 0.2387 
      BOUNTY 0.0171 0.1155 0.2669 0.0995 0.3679 0.0420 0.0158 0.0295 0.0460 
 BRITISH_QUE 0.0113 0.0015 0.0452 0.1829 0.0238 0.0030 0.3497 0.3161 0.0665 
     BRODICK 0.0155 0.5314 0.0096 0.0152 0.2358 0.0762 0.0167 0.0122 0.0873 
      BRODIE 0.0394 0.1346 0.4724 0.0065 0.0376 0.0420 0.1897 0.0627 0.0151 
      BUCHAN 0.0213 0.1327 0.4142 0.0034 0.0988 0.1590 0.1368 0.0292 0.0046 
      BURREN 0.0678 0.0871 0.4336 0.1225 0.0367 0.1400 0.0099 0.0844 0.0181 
     CABARET 0.0074 0.1092 0.0864 0.0135 0.4126 0.0063 0.0620 0.2812 0.0213 
      CAESAR 0.1187 0.1355 0.0303 0.1988 0.0177 0.2621 0.0423 0.0020 0.1926 
        CARA 0.0143 0.0771 0.6707 0.0168 0.0946 0.0393 0.0145 0.0430 0.0297 
 CARLINGFORD 0.0041 0.1221 0.1383 0.0054 0.0859 0.1858 0.2696 0.0145 0.1743 
  CASABLANCA 0.0065 0.0629 0.2367 0.1041 0.2795 0.0034 0.0567 0.0039 0.2463 
      CELINE 0.0443 0.1089 0.1553 0.1077 0.0333 0.0385 0.0075 0.0818 0.4225 
  CHALLENGER 0.0051 0.0646 0.0034 0.2679 0.1554 0.1770 0.1255 0.0884 0.1127 
   CHARLOTTE 0.0059 0.2168 0.0141 0.0926 0.0318 0.5009 0.0057 0.1168 0.0153 
     CHICAGO 0.0718 0.0719 0.0088 0.0682 0.4179 0.1555 0.0034 0.0772 0.1253 
   CHIEFTAIN 0.0164 0.1732 0.0742 0.0918 0.0125 0.2474 0.3387 0.0417 0.0041 
      CHOPIN 0.0315 0.0637 0.0196 0.1571 0.0214 0.2036 0.1605 0.0159 0.3267 
      CLARET 0.0330 0.0332 0.5929 0.0071 0.1050 0.1489 0.0397 0.0250 0.0153 
      CORINE 0.2061 0.1842 0.1191 0.2330 0.0985 0.0022 0.1034 0.0171 0.0364 
      COSMOS 0.1826 0.0215 0.0052 0.0574 0.1172 0.0870 0.1377 0.0373 0.3541 
     COURAGE 0.1759 0.0849 0.0497 0.0190 0.0469 0.1489 0.1264 0.0569 0.2914 
     COURLAN 0.1643 0.1279 0.0799 0.1089 0.0658 0.2175 0.2207 0.0115 0.0035 
 CRAIGS_ROYA 0.0425 0.1006 0.3469 0.0093 0.1848 0.0580 0.2149 0.0381 0.0049 
 CRAIGS_SNOW 0.0620 0.0080 0.0817 0.0733 0.1672 0.0750 0.2883 0.2376 0.0070 
     CRAMOND 0.0069 0.3275 0.0320 0.0377 0.3050 0.0085 0.0430 0.0193 0.2200 
 CRISPS_FOR_ 0.1004 0.0610 0.0287 0.0607 0.0936 0.2924 0.1071 0.0357 0.2204 
    CROMWELL 0.0579 0.0056 0.0595 0.0652 0.5642 0.0180 0.0035 0.2217 0.0044 
       D22/1 0.0351 0.0025 0.1112 0.0281 0.5053 0.0038 0.1165 0.1777 0.0199 
       D23/3 0.0581 0.0210 0.0331 0.0387 0.3453 0.0629 0.1659 0.2687 0.0064 
      D47-11 0.1037 0.0079 0.0067 0.0054 0.6074 0.0031 0.0071 0.2444 0.0142 
       D49/1 0.0041 0.0093 0.0022 0.0034 0.6659 0.0376 0.0062 0.1972 0.0742 
       DAISY 0.1196 0.1132 0.0053 0.0467 0.3606 0.0823 0.0093 0.1948 0.0681 
 DARK_RED_NO 0.0817 0.0561 0.1027 0.0270 0.0506 0.2439 0.3714 0.0446 0.0220 
     DARWINA 0.1930 0.0072 0.0059 0.1512 0.1147 0.1291 0.1214 0.0620 0.2154 
     DESIREE 0.2015 0.0073 0.2046 0.0038 0.0030 0.3463 0.0758 0.0766 0.0810 
       DITTA 0.0411 0.0037 0.0145 0.3103 0.0353 0.2891 0.1386 0.0823 0.0851 
 DR._MCINTOS 0.0073 0.1149 0.0624 0.0032 0.0622 0.0703 0.4213 0.0138 0.2446 
       DRAGA 0.1521 0.1343 0.0207 0.1880 0.1163 0.0207 0.2482 0.0033 0.1164 
 DUKE_OF_YOR 0.0135 0.0024 0.0048 0.1403 0.0026 0.0046 0.3143 0.3138 0.2038 
 DUNBAR_STAN 0.0056 0.0077 0.1101 0.0092 0.1648 0.0492 0.3883 0.2421 0.0231 
     DUNDROD 0.0854 0.0812 0.0658 0.0217 0.4019 0.1344 0.0692 0.1372 0.0032 
     ECLIPSE 0.0063 0.0654 0.0025 0.0024 0.0165 0.2472 0.2968 0.3526 0.0104 
        EDEN 0.0151 0.2130 0.0055 0.0031 0.5039 0.0055 0.0087 0.2319 0.0134 
 EDZELL_BLUE 0.1758 0.1140 0.0875 0.1115 0.0172 0.0683 0.1190 0.2559 0.0509 
   ELISABETH 0.0041 0.0923 0.0084 0.0161 0.1203 0.4057 0.0312 0.0088 0.3130 
     EMPEROR 0.0991 0.1399 0.0052 0.1870 0.1469 0.1686 0.2438 0.0031 0.0064 
         EOS 0.0201 0.1299 0.0168 0.0157 0.2145 0.3068 0.1195 0.0155 0.1612 
     EPICURE 0.0383 0.0828 0.0111 0.0060 0.0034 0.1711 0.2913 0.3022 0.0935 
  ERNTESTOLZ 0.0656 0.0365 0.0529 0.2284 0.0232 0.1398 0.1482 0.1912 0.1143 
      ESCORT 0.1210 0.1424 0.0220 0.0864 0.0941 0.2656 0.0052 0.0056 0.2576 
   ESMERALDA 0.1337 0.1160 0.0227 0.0069 0.0957 0.1803 0.0104 0.1333 0.3010 
      ESTIMA 0.0500 0.0427 0.0055 0.0208 0.1149 0.2164 0.1493 0.0750 0.3255 
 EVE_BALFOUR 0.0644 0.2351 0.3299 0.0061 0.0276 0.0118 0.0805 0.1879 0.0566 
   EXCALIBUR 0.0044 0.1722 0.3388 0.0829 0.3517 0.0175 0.0024 0.0035 0.0264 
     EXQUISA 0.0554 0.0076 0.1066 0.1370 0.0034 0.4043 0.0054 0.1308 0.1494 
    FESTIVAL 0.0187 0.0857 0.0107 0.1783 0.1109 0.2797 0.0124 0.0090 0.2947 
      FIANNA 0.0519 0.0540 0.1475 0.1618 0.0422 0.1003 0.1651 0.0056 0.2716 
   FIFTYFOLD 0.1080 0.0539 0.0568 0.0094 0.0283 0.1269 0.1467 0.4657 0.0043 
     FONTANE 0.0570 0.0315 0.0045 0.4398 0.1861 0.1572 0.0930 0.0071 0.0237 
   FORTYFOLD 0.1828 0.0093 0.0066 0.1771 0.0020 0.0023 0.1454 0.4538 0.0207 
 FRONTIER_RU 0.1021 0.0824 0.0049 0.0226 0.0762 0.2288 0.3981 0.0775 0.0074 
     G.81071 0.0058 0.2060 0.1317 0.0131 0.0814 0.0938 0.1569 0.0731 0.2380 
     G.88661 0.0057 0.1314 0.0116 0.0104 0.1925 0.1467 0.2408 0.0049 0.2561 
    G.886611 0.0015 0.1740 0.0149 0.0034 0.1654 0.2265 0.2063 0.0028 0.2052 
  G.8867Y%12 0.0016 0.0790 0.0950 0.0059 0.0744 0.2378 0.2574 0.0033 0.2458 
     G.88839 0.0133 0.0203 0.0043 0.0105 0.0042 0.5184 0.0029 0.0169 0.4092 
     G.88842 0.0171 0.0494 0.0910 0.0764 0.0126 0.2768 0.0632 0.0130 0.4006 
   GALACTICA 0.1731 0.0023 0.3435 0.1699 0.0100 0.0055 0.0755 0.0931 0.1271 
      GEMSON 0.0129 0.0892 0.2660 0.0850 0.1092 0.0800 0.2488 0.0949 0.0141 
  GL.76B/102 0.1627 0.0176 0.0042 0.0406 0.1322 0.2100 0.1071 0.2832 0.0424 
   GL.76B/94 0.2080 0.0068 0.0934 0.0881 0.0023 0.0266 0.0085 0.4594 0.1068 
  GL.77M/106 0.0298 0.3096 0.2154 0.0090 0.0881 0.1568 0.0135 0.1703 0.0075 
   GL.78/166 0.1517 0.0032 0.0455 0.0946 0.0311 0.0217 0.1007 0.5237 0.0279 
    GL.78/53 0.0428 0.1441 0.0119 0.0102 0.1134 0.1785 0.0086 0.4871 0.0034 
    GL.78/97 0.1228 0.0780 0.0251 0.0688 0.0475 0.1167 0.0218 0.5098 0.0095 
    GL.79/42 0.0800 0.0991 0.0058 0.0078 0.0769 0.2158 0.0040 0.4984 0.0121 
    GL.79/45 0.0177 0.0600 0.0961 0.0054 0.0230 0.2123 0.0048 0.5401 0.0405 
 GL.81_NT_25 0.0238 0.0036 0.0342 0.1248 0.4619 0.0022 0.0047 0.3408 0.0040 
   GLADIATOR 0.2141 0.0967 0.0884 0.0900 0.0941 0.2465 0.1390 0.0029 0.0283 
      GLAMIS 0.0117 0.0475 0.0321 0.0362 0.4028 0.1811 0.1400 0.0348 0.1138 
 GOLDEN_MILL 0.0101 0.4597 0.0734 0.0347 0.2266 0.0122 0.0059 0.0901 0.0874 
 GOLDEN_NUGG 0.0085 0.1643 0.1730 0.1639 0.0343 0.0358 0.0053 0.0193 0.3957 
 GOLDEN_WOND 0.1571 0.0512 0.0119 0.0064 0.0138 0.1188 0.1289 0.4749 0.0369 
     GRANOLA 0.0497 0.1994 0.0114 0.1191 0.0332 0.4460 0.0057 0.0826 0.0529 
    H1H3_101 0.0251 0.0034 0.0048 0.0113 0.5988 0.0029 0.0061 0.3452 0.0023 
      H1H3_3 0.0193 0.1701 0.0285 0.0918 0.3357 0.0070 0.1366 0.1469 0.0640 
 HARBOROUGH_ 0.0026 0.4946 0.0039 0.0402 0.3874 0.0032 0.0076 0.0105 0.0500 
   HARLEQUIN 0.0590 0.1556 0.0584 0.1304 0.0617 0.4018 0.0126 0.1175 0.0029 
      HERMES 0.2313 0.0043 0.1651 0.1767 0.0761 0.2377 0.0401 0.0525 0.0162 
 HIGHLAND_BU 0.0083 0.0592 0.0050 0.0411 0.0028 0.0030 0.0089 0.7578 0.1140 
  HOME_GUARD 0.0024 0.1179 0.1480 0.0627 0.1315 0.0664 0.2159 0.2065 0.0488 
     HORIZON 0.0953 0.0076 0.0528 0.2102 0.0848 0.0619 0.0082 0.2087 0.2704 
   INNOVATOR 0.1074 0.0169 0.0351 0.1944 0.0049 0.0025 0.3848 0.0888 0.1652 
 INTERNATION 0.0331 0.0026 0.0079 0.1246 0.0026 0.0035 0.0393 0.7834 0.0030 
 ISLE_OF_JUR 0.0037 0.0456 0.1463 0.0318 0.3772 0.0894 0.0209 0.1519 0.1331 
    JULIETTE 0.0023 0.0598 0.0097 0.4481 0.0091 0.4497 0.0031 0.0142 0.0040 
     KARLENA 0.2895 0.0241 0.1627 0.1960 0.0285 0.0056 0.2009 0.0863 0.0064 
 KERR'S_PINK 0.0211 0.0511 0.1019 0.0142 0.0553 0.0495 0.3029 0.3951 0.0089 
     KESTREL 0.0100 0.0651 0.3829 0.0028 0.3374 0.1591 0.0310 0.0060 0.0057 
       KIFLI 0.2128 0.1561 0.0051 0.0120 0.0393 0.4398 0.0054 0.1126 0.0168 
 KING_EDWARD 0.0060 0.0154 0.0032 0.0063 0.0218 0.1383 0.1270 0.6763 0.0058 
    KINGSTON 0.0091 0.2283 0.0717 0.1189 0.3134 0.0090 0.0030 0.1913 0.0554 
 KUFRI_CHAND 0.0285 0.0203 0.0682 0.1604 0.1213 0.1065 0.3283 0.1223 0.0441 
 KUFRI_JYOTI 0.0875 0.2148 0.2509 0.1892 0.0041 0.0601 0.0452 0.0786 0.0697 
      KURODA 0.2145 0.0111 0.0648 0.2551 0.0534 0.0955 0.1049 0.0041 0.1966 
 LADY_BALFOU 0.0340 0.1140 0.3515 0.0615 0.1409 0.0212 0.1292 0.1167 0.0311 
 LADY_CHRIST 0.1967 0.0924 0.0078 0.1325 0.0191 0.0506 0.0279 0.2323 0.2408 
 LADY_CLAIRE 0.1036 0.0020 0.0046 0.5440 0.0049 0.0038 0.0043 0.1402 0.1928 
     LADY_JO 0.2083 0.0025 0.0040 0.2232 0.0122 0.0016 0.0317 0.2265 0.2902 
 LADY_ROSETT 0.2300 0.0813 0.0160 0.0091 0.1136 0.1123 0.1026 0.0738 0.2612 
    LIBERTAS 0.3824 0.0046 0.0292 0.1228 0.0038 0.0024 0.0041 0.2159 0.2349 
       LINDA 0.0130 0.0092 0.0482 0.2300 0.0048 0.5129 0.0054 0.1700 0.0065 
      LINTON 0.1848 0.0092 0.1018 0.1713 0.1870 0.1963 0.1389 0.0062 0.0047 
 LINZER_DELI 0.2406 0.1360 0.0048 0.0674 0.0048 0.3429 0.0415 0.0966 0.0655 
   LIONHEART 0.0492 0.0696 0.0498 0.2668 0.0465 0.0861 0.1245 0.0218 0.2857 
   MADELEINE 0.0384 0.0762 0.0180 0.1737 0.0453 0.3330 0.0044 0.0697 0.2413 
   MADINGLEY 0.3255 0.0618 0.1004 0.0538 0.1154 0.2669 0.0677 0.0043 0.0042 
    MAJESTIC 0.0026 0.1152 0.1103 0.0713 0.0144 0.0987 0.4222 0.0200 0.1453 
     MARABEL 0.0338 0.0313 0.0167 0.2032 0.0172 0.3104 0.0410 0.0083 0.3380 
     MARFONA 0.1669 0.0093 0.0120 0.1353 0.1152 0.0163 0.1053 0.1112 0.3286 
     MARILYN 0.0490 0.0856 0.1059 0.2489 0.0102 0.3104 0.0279 0.0541 0.1079 
 MARIS_ANCHO 0.0587 0.0468 0.0146 0.0515 0.0545 0.1906 0.1670 0.1535 0.2629 
  MARIS_BARD 0.0074 0.0245 0.0690 0.0931 0.2183 0.0015 0.1895 0.1283 0.2685 
  MARIS_PEER 0.0064 0.0505 0.1967 0.1022 0.1572 0.0909 0.2831 0.1070 0.0059 
 MARIS_PIPER 0.0107 0.0167 0.0061 0.0561 0.7188 0.0081 0.0032 0.1752 0.0050 
     MARKIES 0.1561 0.0164 0.0242 0.3381 0.0177 0.2535 0.0141 0.0660 0.1138 
      MAXINE 0.0123 0.0492 0.1214 0.0233 0.3924 0.1218 0.2477 0.0128 0.0190 
      MEGARA 0.0717 0.0391 0.0129 0.3948 0.0571 0.2400 0.0035 0.0409 0.1402 
      MELODY 0.1792 0.0576 0.1051 0.1757 0.0498 0.1425 0.0097 0.1193 0.1610 
       MIDAS 0.1136 0.0119 0.0057 0.0681 0.4437 0.1906 0.0026 0.1253 0.0386 
       MILVA 0.0448 0.0675 0.0155 0.1896 0.0045 0.2958 0.0130 0.1612 0.2080 
        MIMI 0.0447 0.1625 0.1051 0.0334 0.2067 0.0384 0.0040 0.1127 0.2927 
        MIRA 0.0628 0.0041 0.0356 0.2480 0.0081 0.0082 0.0155 0.2104 0.4072 
       MOIRA 0.0646 0.0511 0.1304 0.0968 0.0436 0.2116 0.0966 0.1032 0.2021 
    MONTROSE 0.0544 0.4121 0.0064 0.0055 0.2785 0.0036 0.0024 0.2340 0.0031 
       MORAG 0.0037 0.2555 0.2346 0.0101 0.0399 0.0123 0.1561 0.1729 0.1150 
      MORENE 0.1797 0.0044 0.0460 0.2148 0.0031 0.0085 0.0553 0.1355 0.3527 
      MOZART 0.0406 0.2063 0.0074 0.1414 0.0133 0.3339 0.0092 0.0020 0.2458 
 MYATT'S_ASH 0.0691 0.0020 0.0086 0.1846 0.0023 0.0045 0.0538 0.6580 0.0171 
      NADINE 0.0526 0.1506 0.0899 0.0166 0.3727 0.2018 0.0694 0.0062 0.0401 
       NAVAN 0.0025 0.0283 0.0423 0.0038 0.6141 0.0475 0.0451 0.0957 0.1207 
 NDTX_4271_5 0.0156 0.1888 0.0075 0.0028 0.1576 0.3556 0.2588 0.0065 0.0067 
      NICOLA 0.0540 0.0026 0.0062 0.3098 0.0039 0.4317 0.0266 0.1229 0.0422 
     NOVELLA 0.0413 0.0538 0.1400 0.1293 0.0388 0.1943 0.0354 0.0300 0.3371 
     OLYMPUS 0.0639 0.3808 0.0511 0.0141 0.1440 0.1100 0.1393 0.0906 0.0062 
       OPERA 0.0534 0.1143 0.1069 0.2680 0.0843 0.1794 0.0544 0.0082 0.1311 
   ORCHESTRA 0.0196 0.0475 0.0262 0.2185 0.1097 0.3165 0.0062 0.0747 0.1811 
      ORIANA 0.1227 0.0031 0.1239 0.1631 0.0039 0.1415 0.1489 0.0214 0.2714 
     OTHELLO 0.0389 0.0800 0.5093 0.0049 0.1374 0.1091 0.1128 0.0044 0.0033 
     PALADIN 0.0800 0.0851 0.0041 0.0354 0.5527 0.0025 0.0245 0.2094 0.0064 
       PANDA 0.1312 0.0656 0.0359 0.1751 0.0833 0.4808 0.0060 0.0059 0.0162 
   PARAMOUNT 0.1337 0.0962 0.3727 0.0060 0.0060 0.1568 0.0236 0.0230 0.1820 
    PATRONES 0.1322 0.0074 0.0319 0.1461 0.0674 0.1415 0.1529 0.1482 0.1723 
 PENTLAND_AC 0.0437 0.0524 0.1594 0.0839 0.1370 0.1313 0.1725 0.1069 0.1129 
 PENTLAND_BE 0.0393 0.0031 0.1636 0.0090 0.0130 0.0055 0.2525 0.3638 0.1502 
 PENTLAND_CR 0.0086 0.2800 0.1127 0.2156 0.0102 0.0037 0.0909 0.0792 0.1992 
 PENTLAND_DE 0.0510 0.2499 0.1431 0.0045 0.0056 0.0339 0.2416 0.1796 0.0910 
 PENTLAND_IV 0.0025 0.1794 0.1529 0.0038 0.0507 0.2044 0.3115 0.0323 0.0625 
 PENTLAND_JA 0.0884 0.1760 0.0501 0.1710 0.0223 0.0083 0.3584 0.0224 0.1030 
 PENTLAND_MA 0.1457 0.1064 0.1970 0.1707 0.0053 0.0379 0.0884 0.0332 0.2153 
 PENTLAND_SQ 0.0045 0.2877 0.1073 0.1500 0.0061 0.0225 0.1791 0.1419 0.1010 
   PEPO_1978 0.0519 0.0130 0.0144 0.1575 0.1009 0.3506 0.0136 0.1155 0.1826 
     PICASSO 0.0561 0.0055 0.4643 0.0581 0.1497 0.0487 0.0125 0.0026 0.2024 
   PIMPERNEL 0.2653 0.1067 0.0530 0.1127 0.0085 0.1226 0.0028 0.1432 0.1851 
     PIONEER 0.0022 0.0902 0.0044 0.3291 0.0044 0.4472 0.0052 0.1142 0.0031 
       PIXIE 0.0747 0.2072 0.2350 0.0083 0.2610 0.1262 0.0144 0.0040 0.0694 
    PREMIERE 0.0359 0.0071 0.0129 0.1564 0.0416 0.0039 0.0432 0.2616 0.4374 
   PRODUCENT 0.1982 0.0866 0.0032 0.1783 0.1706 0.1039 0.0188 0.0459 0.1943 
     PROVOST 0.1321 0.1824 0.1186 0.0957 0.0098 0.0544 0.2524 0.0666 0.0878 
  R.P.LUSTRE 0.0043 0.1233 0.0329 0.0058 0.1348 0.2538 0.1769 0.1983 0.0699 
 RANGER_RUSS 0.1901 0.0024 0.0677 0.1214 0.0030 0.0160 0.4779 0.1140 0.0074 
       RATTE 0.1584 0.2614 0.0034 0.0049 0.0101 0.1302 0.0371 0.3915 0.0030 
      RECORD 0.3454 0.0035 0.0088 0.1068 0.0039 0.0054 0.0040 0.2070 0.3153 
   REMBRANDT 0.0615 0.0867 0.0066 0.5074 0.0812 0.0516 0.1007 0.0753 0.0291 
    RIO_ROJO 0.1836 0.1656 0.0703 0.0069 0.0368 0.2073 0.2951 0.0098 0.0245 
      ROBIJN 0.3349 0.0050 0.0075 0.0829 0.0023 0.0569 0.0093 0.2168 0.2844 
      ROCKET 0.0690 0.1311 0.0229 0.0023 0.4101 0.0142 0.0992 0.1587 0.0925 
   RODE_STAR 0.3089 0.0164 0.0065 0.0052 0.0055 0.2337 0.0016 0.3034 0.1189 
      ROMANO 0.1927 0.1153 0.1951 0.0061 0.0089 0.1850 0.0051 0.0057 0.2861 
       ROMEO 0.0458 0.1671 0.2793 0.0049 0.0058 0.2663 0.0702 0.1520 0.0085 
     ROOSTER 0.0326 0.2776 0.1704 0.0800 0.0073 0.0416 0.1153 0.0910 0.1842 
       ROYAL 0.1813 0.0208 0.0240 0.0995 0.3110 0.2752 0.0047 0.0743 0.0092 
 ROYAL_KIDNE 0.0073 0.0039 0.0352 0.1133 0.0030 0.0025 0.4577 0.3304 0.0468 
     RUBESSE 0.0230 0.1115 0.1000 0.1912 0.0147 0.2677 0.1304 0.0439 0.1177 
 RUSSET_BURB 0.1303 0.0738 0.0152 0.0221 0.0149 0.1254 0.4903 0.0586 0.0694 
 RUSSET_NORK 0.0599 0.0856 0.0060 0.0041 0.0402 0.2684 0.5196 0.0128 0.0034 
      SAFARI 0.0674 0.1301 0.1282 0.1568 0.0111 0.0940 0.0113 0.0105 0.3905 
     SANTANA 0.2360 0.0542 0.0140 0.1556 0.1238 0.0706 0.1442 0.0306 0.1710 
       SANTE 0.0969 0.1543 0.0217 0.1103 0.0750 0.0824 0.0047 0.0888 0.3658 
     SAPHIRE 0.1449 0.1444 0.0082 0.2494 0.0499 0.0132 0.1685 0.0023 0.2190 
  SARPO_MIRA 0.2840 0.0214 0.0926 0.0092 0.0615 0.3890 0.0141 0.1028 0.0255 
 SARPO_SHONA 0.2700 0.0477 0.0858 0.0357 0.0450 0.3622 0.0070 0.0418 0.1047 
       SASSY 0.2159 0.0636 0.0163 0.1081 0.0708 0.1444 0.1321 0.1494 0.0994 
     SATURNA 0.2652 0.0046 0.0040 0.1280 0.0202 0.2443 0.0033 0.2000 0.1303 
        SAVA 0.0308 0.0180 0.0157 0.1948 0.1350 0.3557 0.1205 0.0183 0.1112 
       SAXON 0.0023 0.1683 0.0628 0.0364 0.4211 0.0220 0.0059 0.1575 0.1237 
 SCARBOROUGH 0.0026 0.4000 0.0031 0.0033 0.4532 0.0132 0.0051 0.0785 0.0409 
 SEFTON_WOND 0.0053 0.1022 0.0733 0.0162 0.0845 0.0052 0.2792 0.3936 0.0404 
    SERAFINA 0.1257 0.1248 0.0527 0.0685 0.0035 0.3887 0.0160 0.0771 0.1430 
     SETANTA 0.0638 0.4818 0.1067 0.0171 0.0560 0.0636 0.0542 0.0226 0.1342 
 SHARPE'S_EX 0.0912 0.0092 0.0179 0.0636 0.0752 0.1028 0.1038 0.5309 0.0054 
     SHELAGH 0.1329 0.1284 0.2271 0.0944 0.1012 0.0444 0.0158 0.2245 0.0312 
    SHELFORD 0.3116 0.0037 0.1598 0.1134 0.0250 0.2344 0.0661 0.0828 0.0034 
     SHEPODY 0.1728 0.0088 0.1266 0.1380 0.0056 0.0019 0.3521 0.1035 0.0907 
      SLANEY 0.0037 0.1047 0.3903 0.0580 0.2400 0.1438 0.0418 0.0071 0.0107 
        SPEY 0.0096 0.1420 0.4261 0.0857 0.2212 0.0676 0.0106 0.0028 0.0343 
      SPUNTA 0.1140 0.1567 0.1307 0.0288 0.0492 0.3079 0.0366 0.1625 0.0137 
     STAMINA 0.0636 0.0351 0.1929 0.0335 0.5921 0.0068 0.0494 0.0032 0.0233 
    STEMSTER 0.1532 0.0158 0.0738 0.0678 0.2800 0.1541 0.0195 0.1399 0.0959 
 STORMONT_EN 0.1932 0.0164 0.0981 0.0112 0.1639 0.0717 0.0957 0.1409 0.2087 
    STIRLING 0.0050 0.2864 0.2612 0.1483 0.0510 0.0186 0.1134 0.0068 0.1092 
     SYLVANA 0.0569 0.0185 0.0822 0.0755 0.1122 0.2180 0.1780 0.0377 0.2211 
         TAY 0.0065 0.4343 0.1713 0.0051 0.1944 0.0672 0.0157 0.0076 0.0978 
      TIMATE 0.1294 0.0458 0.0032 0.1565 0.1067 0.3458 0.0205 0.0241 0.1680 
      TOLUCA 0.0200 0.0181 0.1668 0.1631 0.0053 0.3421 0.0423 0.0269 0.2155 
    TORRIDON 0.1201 0.1251 0.2232 0.2285 0.0192 0.0492 0.0242 0.0577 0.1527 
 ULSTER_SCEP 0.0024 0.0758 0.0707 0.0385 0.2744 0.0089 0.2595 0.0516 0.2181 
 UMATILLA_RU 0.0179 0.0685 0.0435 0.0518 0.2338 0.0492 0.0300 0.3832 0.1222 
 VALES_EMERA 0.0064 0.1989 0.0532 0.0357 0.1556 0.3740 0.0526 0.0941 0.0295 
 VALES_EVERE 0.0030 0.2920 0.3356 0.0474 0.1016 0.0179 0.0528 0.1241 0.0255 
 VALES_RUSSE 0.1651 0.1154 0.0050 0.0797 0.0080 0.0989 0.3981 0.1246 0.0053 
 VALES_SOVER 0.0317 0.0543 0.5444 0.0039 0.2830 0.0125 0.0046 0.0031 0.0625 
       VALOR 0.0337 0.1794 0.3978 0.0258 0.2734 0.0083 0.0047 0.0027 0.0740 
    VAN_GOGH 0.1009 0.0508 0.0057 0.2021 0.0759 0.1243 0.0116 0.1332 0.2956 
     VANTAGE 0.3595 0.0039 0.0131 0.0828 0.0147 0.0048 0.1731 0.2010 0.1471 
       VERDI 0.1343 0.0207 0.0390 0.1048 0.0843 0.2524 0.0129 0.1758 0.1759 
    VICTORIA 0.0049 0.0509 0.0265 0.4631 0.0291 0.1365 0.1773 0.0175 0.0944 
     VIVALDI 0.0457 0.0044 0.0892 0.1316 0.0034 0.1527 0.1520 0.0166 0.4043 
       WILJA 0.2048 0.0016 0.0464 0.1607 0.0121 0.0018 0.0545 0.1480 0.3701 
     WINSTON 0.0160 0.1261 0.1741 0.0030 0.3782 0.1810 0.0743 0.0027 0.0446 
      XD2-21 0.0602 0.0990 0.1721 0.0038 0.0613 0.0806 0.2408 0.1364 0.1458 
  YUKON_GOLD 0.0702 0.2509 0.0056 0.0608 0.1129 0.2207 0.2559 0.0024 0.0205 
       ZORBA 0.0272 0.0180 0.1137 0.3237 0.0092 0.0070 0.1655 0.1184 0.2174 
