  00C133-020 0.0122 0.0210 0.3474 0.4910 0.0520 0.0764 
 01C_071-002 0.0424 0.2478 0.2465 0.1710 0.1817 0.1105 
 02M_012-001 0.0045 0.0490 0.0846 0.5272 0.2313 0.1035 
 03M_016-002 0.2254 0.0136 0.0178 0.3288 0.3928 0.0217 
 03M_034-002 0.0171 0.0443 0.1981 0.4800 0.2465 0.0141 
 04C_055-004 0.0369 0.0903 0.0251 0.4539 0.1204 0.2734 
 04C_126-005 0.0213 0.1010 0.3710 0.2812 0.1270 0.0984 
 04M_034-013 0.1441 0.0585 0.0085 0.4407 0.2667 0.0815 
 05M_002-001 0.1494 0.3356 0.0588 0.1425 0.1179 0.1958 
 05M_004-003 0.0826 0.3670 0.2023 0.2174 0.0136 0.1172 
 05M_012-004 0.2006 0.2246 0.2194 0.2224 0.0323 0.1007 
 06C_127-002 0.0898 0.0069 0.1440 0.3248 0.0292 0.4054 
 12288_AF_23 0.1001 0.0361 0.1940 0.4440 0.0212 0.2046 
    12601AB1 0.0189 0.0050 0.0922 0.3587 0.4900 0.0352 
   12636_A_2 0.0907 0.0095 0.2004 0.4575 0.2185 0.0233 
  15119_AC_5 0.0212 0.0206 0.5373 0.1913 0.2274 0.0022 
     1512C16 0.3219 0.0813 0.1805 0.0350 0.1970 0.1842 
   15144_A_3 0.0081 0.0228 0.6296 0.0120 0.0392 0.2883 
     1563C14 0.0954 0.1909 0.0373 0.0123 0.4277 0.2364 
     2182EF7 0.2687 0.0644 0.3471 0.1316 0.0293 0.1589 
     3681AD1 0.0699 0.3631 0.3132 0.0969 0.0594 0.0974 
     5008AB6 0.0136 0.2293 0.3243 0.0336 0.1129 0.2863 
    8204_A_4 0.1330 0.0336 0.3486 0.2070 0.0147 0.2630 
       AGRIA 0.0930 0.4746 0.0033 0.0863 0.0318 0.3110 
       AILSA 0.0599 0.0055 0.0099 0.5398 0.1474 0.2375 
      ALMERA 0.1995 0.4298 0.0342 0.0810 0.0240 0.2315 
       ALPHA 0.1167 0.3870 0.0554 0.0630 0.2265 0.1514 
      ALWARA 0.0222 0.2983 0.2965 0.0281 0.0538 0.3012 
      AMADRA 0.0313 0.2973 0.0196 0.2118 0.1776 0.2624 
       AMOUR 0.0315 0.0212 0.4305 0.3937 0.0576 0.0655 
        ANNA 0.0873 0.0168 0.7438 0.0246 0.1222 0.0053 
   ANNABELLE 0.0697 0.4356 0.0232 0.0221 0.0343 0.4150 
        ANYA 0.0983 0.1069 0.0682 0.0425 0.1940 0.4901 
       ARGOS 0.0853 0.1160 0.5007 0.2401 0.0127 0.0451 
     ARIELLE 0.1338 0.3662 0.0641 0.0327 0.0886 0.3147 
      ARKULA 0.1034 0.4299 0.1269 0.0230 0.1164 0.2004 
      ARMADA 0.1204 0.3715 0.0838 0.1211 0.1332 0.1700 
   AVALANCHE 0.1564 0.2813 0.0728 0.4401 0.0431 0.0064 
     BAILLIE 0.0852 0.1679 0.1366 0.4742 0.0429 0.0932 
    BALMORAL 0.2383 0.2367 0.4448 0.0510 0.0197 0.0095 
     BAMBINO 0.0320 0.0844 0.2360 0.4863 0.0586 0.1028 
       BARNA 0.0578 0.0817 0.4048 0.1079 0.0434 0.3044 
 BELLE_DE_FO 0.1422 0.0110 0.0595 0.0022 0.7783 0.0068 
       BENOL 0.0113 0.0814 0.0413 0.5591 0.2400 0.0670 
       BF_15 0.0804 0.1334 0.0537 0.0031 0.6575 0.0720 
      BINTJE 0.2094 0.2153 0.0884 0.0690 0.3105 0.1073 
 BIONICA_EX_ 0.0877 0.2632 0.1976 0.1428 0.1382 0.1705 
 BLUE_DANUBE 0.1314 0.5274 0.1661 0.0126 0.1547 0.0078 
      BONNIE 0.0955 0.1773 0.2133 0.2654 0.0247 0.2237 
      BOUNTY 0.0318 0.1086 0.2844 0.4433 0.0442 0.0877 
 BRITISH_QUE 0.4388 0.1680 0.0389 0.0098 0.3416 0.0029 
     BRODICK 0.0188 0.0123 0.1066 0.5566 0.0328 0.2729 
      BRODIE 0.2059 0.0056 0.5073 0.1009 0.0637 0.1165 
      BUCHAN 0.1319 0.0036 0.4358 0.1526 0.0349 0.2413 
      BURREN 0.0259 0.1244 0.4621 0.0776 0.1071 0.2028 
     CABARET 0.0900 0.0108 0.0993 0.4828 0.3066 0.0106 
      CAESAR 0.0786 0.3874 0.0786 0.0927 0.0030 0.3596 
        CARA 0.0196 0.0147 0.7057 0.1326 0.0404 0.0871 
 CARLINGFORD 0.3097 0.0409 0.1959 0.1632 0.0147 0.2755 
  CASABLANCA 0.1191 0.2615 0.2703 0.3385 0.0063 0.0043 
      CELINE 0.0201 0.4043 0.2702 0.1007 0.0925 0.1122 
  CHALLENGER 0.1790 0.3005 0.0045 0.2026 0.0972 0.2162 
   CHARLOTTE 0.0143 0.0353 0.0148 0.1457 0.1362 0.6536 
     CHICAGO 0.0065 0.2296 0.0128 0.4765 0.1275 0.1470 
   CHIEFTAIN 0.3733 0.0100 0.0838 0.0801 0.0662 0.3866 
      CHOPIN 0.2237 0.4005 0.0474 0.0661 0.0243 0.2380 
      CLARET 0.0502 0.0130 0.6122 0.1068 0.0340 0.1838 
      CORINE 0.1527 0.3131 0.2375 0.1865 0.1019 0.0084 
      COSMOS 0.2132 0.4736 0.0244 0.1531 0.0591 0.0766 
     COURAGE 0.1531 0.3239 0.1401 0.0839 0.0948 0.2042 
     COURLAN 0.2503 0.1141 0.1250 0.1329 0.0560 0.3217 
 CRAIGS_ROYA 0.2212 0.0056 0.3583 0.2378 0.0574 0.1199 
 CRAIGS_SNOW 0.3397 0.0474 0.0685 0.1708 0.2827 0.0909 
     CRAMOND 0.0784 0.1299 0.1446 0.5059 0.0331 0.1082 
 CRISPS_FOR_ 0.1436 0.2936 0.0481 0.1388 0.0474 0.3287 
    CROMWELL 0.0051 0.0622 0.0540 0.5658 0.2979 0.0150 
       D22/1 0.1428 0.0504 0.0969 0.4922 0.2137 0.0040 
       D23/3 0.1908 0.0408 0.0290 0.3614 0.3137 0.0644 
      D47-11 0.0130 0.0374 0.0116 0.6155 0.3193 0.0032 
       D49/1 0.0080 0.0331 0.0030 0.7030 0.2402 0.0126 
       DAISY 0.0184 0.1651 0.0084 0.4428 0.2497 0.1156 
 DARK_RED_NO 0.3961 0.0447 0.1087 0.0788 0.0870 0.2848 
     DARWINA 0.1784 0.4282 0.0178 0.1147 0.1215 0.1395 
     DESIREE 0.0680 0.1839 0.2389 0.0038 0.1241 0.3812 
       DITTA 0.1799 0.3613 0.0098 0.0270 0.1191 0.3029 
 DR._MCINTOS 0.5004 0.0482 0.1396 0.1390 0.0175 0.1552 
       DRAGA 0.3126 0.3109 0.0847 0.1988 0.0079 0.0852 
 DUKE_OF_YOR 0.4204 0.2493 0.0073 0.0043 0.3130 0.0057 
 DUNBAR_STAN 0.4641 0.0134 0.0666 0.1893 0.2307 0.0360 
     DUNDROD 0.0797 0.0149 0.0731 0.4538 0.2072 0.1713 
     ECLIPSE 0.3192 0.0042 0.0032 0.0459 0.3524 0.2751 
        EDEN 0.0214 0.0097 0.0247 0.6447 0.2805 0.0191 
 EDZELL_BLUE 0.1532 0.1852 0.1524 0.0552 0.3109 0.1431 
   ELISABETH 0.0562 0.2382 0.0123 0.1929 0.0104 0.4900 
     EMPEROR 0.2948 0.1632 0.0080 0.2403 0.0108 0.2829 
         EOS 0.1468 0.1417 0.0206 0.3063 0.0207 0.3640 
     EPICURE 0.3463 0.0324 0.0270 0.0214 0.3309 0.2421 
  ERNTESTOLZ 0.2147 0.2825 0.0562 0.0403 0.2252 0.1812 
      ESCORT 0.0118 0.3735 0.0664 0.1911 0.0182 0.3390 
   ESMERALDA 0.0347 0.2942 0.1005 0.1662 0.1583 0.2461 
      ESTIMA 0.2158 0.3234 0.0087 0.1606 0.0677 0.2238 
 EVE_BALFOUR 0.0992 0.0132 0.4154 0.1695 0.2115 0.0912 
   EXCALIBUR 0.0042 0.0325 0.3874 0.4755 0.0103 0.0901 
     EXQUISA 0.0095 0.2809 0.1128 0.0048 0.1577 0.4344 
    FESTIVAL 0.0422 0.4010 0.0316 0.1770 0.0116 0.3367 
      FIANNA 0.2180 0.3485 0.2109 0.0741 0.0079 0.1406 
   FIFTYFOLD 0.1722 0.0196 0.0615 0.0563 0.5186 0.1718 
     FONTANE 0.1414 0.4079 0.0057 0.2119 0.0265 0.2066 
   FORTYFOLD 0.2173 0.2379 0.0246 0.0029 0.5125 0.0048 
 FRONTIER_RU 0.4290 0.0472 0.0055 0.1295 0.1153 0.2734 
     G.81071 0.2168 0.1175 0.2069 0.2098 0.0615 0.1875 
     G.88661 0.3159 0.1210 0.0318 0.2985 0.0045 0.2283 
    G.886611 0.2611 0.0220 0.0482 0.3026 0.0031 0.3631 
  G.8867Y%12 0.3270 0.0537 0.1327 0.1470 0.0040 0.3357 
     G.88839 0.0053 0.3939 0.0072 0.0082 0.0227 0.5628 
     G.88842 0.1177 0.3750 0.1392 0.0358 0.0113 0.3210 
   GALACTICA 0.1058 0.3428 0.3905 0.0058 0.1489 0.0062 
      GEMSON 0.2809 0.0212 0.2817 0.1526 0.1146 0.1489 
  GL.76B/102 0.1187 0.1786 0.0069 0.1331 0.3570 0.2057 
   GL.76B/94 0.0349 0.2644 0.1457 0.0028 0.5184 0.0338 
  GL.77M/106 0.0223 0.0052 0.2646 0.2474 0.1831 0.2775 
   GL.78/166 0.1320 0.1865 0.0475 0.0192 0.6009 0.0138 
    GL.78/53 0.0266 0.0065 0.0167 0.1909 0.5386 0.2207 
    GL.78/97 0.0555 0.1032 0.0239 0.0937 0.5683 0.1553 
    GL.79/42 0.0224 0.0325 0.0088 0.1336 0.5422 0.2606 
    GL.79/45 0.0223 0.0242 0.1038 0.0520 0.5695 0.2282 
 GL.81_NT_25 0.0137 0.0689 0.0366 0.4653 0.4122 0.0033 
   GLADIATOR 0.1543 0.2355 0.1314 0.1447 0.0081 0.3260 
      GLAMIS 0.1461 0.1275 0.0342 0.4402 0.0558 0.1962 
 GOLDEN_MILL 0.0114 0.0224 0.1874 0.4896 0.1361 0.1532 
 GOLDEN_NUGG 0.0107 0.3833 0.3009 0.1285 0.0226 0.1540 
 GOLDEN_WOND 0.1762 0.0863 0.0244 0.0373 0.5234 0.1524 
     GRANOLA 0.0106 0.1678 0.0166 0.1365 0.1066 0.5619 
    H1H3_101 0.0101 0.0055 0.0057 0.5795 0.3968 0.0025 
      H1H3_3 0.1726 0.0810 0.0725 0.4499 0.1846 0.0394 
 HARBOROUGH_ 0.0289 0.0255 0.0466 0.7285 0.0417 0.1289 
   HARLEQUIN 0.0240 0.0643 0.0500 0.1524 0.1664 0.5429 
      HERMES 0.0697 0.3335 0.1728 0.0461 0.1309 0.2470 
 HIGHLAND_BU 0.0998 0.0934 0.0201 0.0098 0.7702 0.0066 
  HOME_GUARD 0.2956 0.0244 0.1388 0.2197 0.1851 0.1364 
     HORIZON 0.0372 0.4370 0.1135 0.0797 0.2502 0.0824 
   INNOVATOR 0.4644 0.2972 0.1001 0.0158 0.1186 0.0039 
 INTERNATION 0.1328 0.0342 0.0096 0.0037 0.8156 0.0041 
 ISLE_OF_JUR 0.0519 0.0823 0.1590 0.4270 0.1686 0.1111 
    JULIETTE 0.0062 0.2950 0.0102 0.0416 0.0506 0.5965 
     KARLENA 0.2520 0.2936 0.2375 0.0285 0.1791 0.0093 
 KERR'S_PINK 0.3568 0.0100 0.0682 0.0984 0.4012 0.0653 
     KESTREL 0.0226 0.0048 0.3767 0.3883 0.0102 0.1975 
       KIFLI 0.0094 0.1552 0.0089 0.1129 0.1933 0.5202 
 KING_EDWARD 0.1555 0.0040 0.0029 0.0315 0.6772 0.1289 
    KINGSTON 0.0063 0.0905 0.1385 0.4665 0.2262 0.0720 
 KUFRI_CHAND 0.3860 0.1425 0.0671 0.1303 0.1401 0.1339 
 KUFRI_JYOTI 0.0772 0.1800 0.3623 0.0525 0.1256 0.2025 
      KURODA 0.1720 0.4988 0.1327 0.0482 0.0163 0.1320 
 LADY_BALFOU 0.1502 0.0382 0.3924 0.1964 0.1404 0.0826 
 LADY_CHRIST 0.0801 0.4139 0.0558 0.0815 0.2789 0.0899 
 LADY_CLAIRE 0.0337 0.7132 0.0172 0.0058 0.2227 0.0074 
     LADY_JO 0.1176 0.5682 0.0146 0.0094 0.2880 0.0022 
 LADY_ROSETT 0.1317 0.3357 0.0800 0.1579 0.1284 0.1663 
    LIBERTAS 0.0140 0.5165 0.1618 0.0031 0.3018 0.0028 
       LINDA 0.0163 0.1885 0.0145 0.0062 0.2052 0.5693 
      LINTON 0.1746 0.2563 0.0982 0.1938 0.0450 0.2322 
 LINZER_DELI 0.0585 0.2536 0.0138 0.0334 0.1893 0.4514 
   LIONHEART 0.1951 0.4615 0.1036 0.0993 0.0260 0.1145 
   MADELEINE 0.0105 0.3677 0.0380 0.1036 0.0839 0.3963 
   MADINGLEY 0.0677 0.2444 0.1487 0.1435 0.0565 0.3392 
    MAJESTIC 0.5096 0.0608 0.1454 0.0831 0.0222 0.1789 
     MARABEL 0.0877 0.4841 0.0343 0.0336 0.0132 0.3471 
     MARFONA 0.1783 0.4751 0.0591 0.1272 0.1447 0.0156 
     MARILYN 0.0560 0.3074 0.1351 0.0347 0.0837 0.3830 
 MARIS_ANCHO 0.2319 0.2719 0.0290 0.0918 0.1627 0.2127 
  MARIS_BARD 0.2647 0.2258 0.1291 0.2593 0.1189 0.0022 
  MARIS_PEER 0.3327 0.0168 0.1899 0.1875 0.1260 0.1471 
 MARIS_PIPER 0.0042 0.0289 0.0039 0.7427 0.2153 0.0049 
     MARKIES 0.0322 0.4640 0.0499 0.0225 0.1295 0.3020 
      MAXINE 0.2662 0.0202 0.1038 0.4353 0.0315 0.1429 
      MEGARA 0.0110 0.4904 0.0326 0.0815 0.0840 0.3004 
      MELODY 0.0242 0.3817 0.1584 0.0854 0.1683 0.1820 
       MIDAS 0.0040 0.1904 0.0068 0.4466 0.1837 0.1685 
       MILVA 0.0324 0.3568 0.0419 0.0211 0.1932 0.3545 
        MIMI 0.0062 0.2592 0.1959 0.3107 0.1374 0.0906 
        MIRA 0.0778 0.5664 0.1141 0.0082 0.2247 0.0088 
       MOIRA 0.1368 0.2631 0.1711 0.0608 0.1214 0.2467 
    MONTROSE 0.0065 0.0059 0.0659 0.5287 0.3040 0.0891 
       MORAG 0.1942 0.0127 0.3206 0.1806 0.1703 0.1217 
      MORENE 0.1299 0.5601 0.1393 0.0034 0.1564 0.0109 
      MOZART 0.0349 0.3526 0.0206 0.1347 0.0028 0.4543 
 MYATT'S_ASH 0.1406 0.1580 0.0095 0.0028 0.6832 0.0060 
      NADINE 0.0581 0.0592 0.1084 0.4669 0.0225 0.2849 
       NAVAN 0.0714 0.0286 0.0687 0.6692 0.1110 0.0511 
 NDTX_4271_5 0.2534 0.0046 0.0110 0.2556 0.0113 0.4642 
      NICOLA 0.0361 0.3497 0.0052 0.0036 0.1612 0.4442 
     NOVELLA 0.0960 0.3675 0.1947 0.0689 0.0276 0.2454 
     OLYMPUS 0.1463 0.0066 0.1255 0.3421 0.1128 0.2668 
       OPERA 0.0914 0.3646 0.1230 0.1623 0.0123 0.2465 
   ORCHESTRA 0.0163 0.3659 0.0260 0.1507 0.0842 0.3569 
      ORIANA 0.1887 0.4104 0.1806 0.0043 0.0652 0.1509 
     OTHELLO 0.1185 0.0041 0.5218 0.1750 0.0075 0.1731 
     PALADIN 0.0617 0.0367 0.0093 0.6177 0.2701 0.0045 
       PANDA 0.0086 0.2572 0.0249 0.1165 0.0286 0.5642 
   PARAMOUNT 0.0397 0.1733 0.4784 0.0227 0.0518 0.2341 
    PATRONES 0.2190 0.3387 0.0369 0.0812 0.1805 0.1438 
 PENTLAND_AC 0.1844 0.1351 0.1854 0.1701 0.1370 0.1881 
 PENTLAND_BE 0.3126 0.0959 0.1847 0.0114 0.3891 0.0063 
 PENTLAND_CR 0.1757 0.2578 0.2247 0.1714 0.0858 0.0846 
 PENTLAND_DE 0.2802 0.0140 0.2476 0.0869 0.1983 0.1731 
 PENTLAND_IV 0.3312 0.0038 0.1740 0.1450 0.0267 0.3194 
 PENTLAND_JA 0.4183 0.2031 0.1107 0.1356 0.0555 0.0767 
 PENTLAND_MA 0.1252 0.3187 0.3273 0.0105 0.0912 0.1271 
 PENTLAND_SQ 0.2358 0.0978 0.1958 0.1418 0.1505 0.1781 
   PEPO_1978 0.0355 0.3481 0.0162 0.0991 0.1453 0.3558 
     PICASSO 0.0339 0.2695 0.4946 0.1608 0.0047 0.0365 
   PIMPERNEL 0.0054 0.4221 0.1491 0.0359 0.2119 0.1756 
     PIONEER 0.0286 0.1638 0.0059 0.0270 0.1580 0.6167 
       PIXIE 0.0233 0.0410 0.2823 0.3950 0.0105 0.2479 
    PREMIERE 0.1692 0.4814 0.0565 0.0482 0.2405 0.0042 
   PRODUCENT 0.0586 0.4261 0.0103 0.2287 0.1160 0.1603 
     PROVOST 0.2854 0.1539 0.2053 0.0695 0.1111 0.1747 
  R.P.LUSTRE 0.1946 0.0114 0.0314 0.2177 0.2157 0.3292 
 RANGER_RUSS 0.5325 0.1723 0.0933 0.0043 0.1771 0.0206 
       RATTE 0.0676 0.0114 0.0140 0.1479 0.4791 0.2800 
      RECORD 0.0169 0.5672 0.1112 0.0050 0.2891 0.0106 
   REMBRANDT 0.1687 0.4362 0.0115 0.1377 0.1265 0.1194 
    RIO_ROJO 0.3125 0.0697 0.1482 0.1163 0.0426 0.3107 
      ROBIJN 0.0250 0.5262 0.0852 0.0033 0.3123 0.0481 
      ROCKET 0.1194 0.0160 0.0888 0.5005 0.2157 0.0596 
   RODE_STAR 0.0050 0.3121 0.0236 0.0090 0.4083 0.2420 
      ROMANO 0.0119 0.3138 0.3360 0.0443 0.0166 0.2774 
       ROMEO 0.0804 0.0075 0.3051 0.0542 0.1672 0.3856 
     ROOSTER 0.1638 0.1447 0.2764 0.1202 0.1073 0.1876 
       ROYAL 0.0062 0.2184 0.0232 0.3131 0.1531 0.2860 
 ROYAL_KIDNE 0.5432 0.0656 0.0401 0.0104 0.3360 0.0047 
     RUBESSE 0.1703 0.2253 0.1197 0.0646 0.0539 0.3661 
 RUSSET_BURB 0.5359 0.1227 0.0355 0.0554 0.0935 0.1570 
 RUSSET_NORK 0.5465 0.0076 0.0051 0.0999 0.0230 0.3179 
      SAFARI 0.0506 0.4409 0.2471 0.0635 0.0133 0.1846 
     SANTANA 0.1936 0.4038 0.0522 0.1647 0.0888 0.0969 
       SANTE 0.0140 0.4266 0.1085 0.1771 0.1097 0.1642 
     SAPHIRE 0.2485 0.4383 0.0592 0.1511 0.0054 0.0975 
  SARPO_MIRA 0.0117 0.2362 0.1063 0.0469 0.1792 0.4197 
 SARPO_SHONA 0.0083 0.3200 0.1217 0.0456 0.1068 0.3976 
       SASSY 0.1514 0.2863 0.0735 0.0873 0.2241 0.1773 
     SATURNA 0.0067 0.4411 0.0075 0.0179 0.2942 0.2325 
        SAVA 0.1363 0.2739 0.0106 0.1451 0.0337 0.4004 
       SAXON 0.0187 0.0438 0.1244 0.5437 0.1761 0.0934 
 SCARBOROUGH 0.0113 0.0048 0.0214 0.7235 0.1105 0.1284 
 SEFTON_WOND 0.3495 0.0102 0.0662 0.1689 0.3863 0.0188 
    SERAFINA 0.0232 0.2384 0.1122 0.0131 0.1271 0.4861 
     SETANTA 0.0766 0.0441 0.2447 0.3218 0.0462 0.2667 
 SHARPE'S_EX 0.1550 0.0671 0.0171 0.0778 0.5675 0.1155 
     SHELAGH 0.0317 0.1273 0.2915 0.1554 0.2751 0.1192 
    SHELFORD 0.0951 0.2741 0.1771 0.0125 0.1813 0.2598 
     SHEPODY 0.4184 0.2347 0.1917 0.0113 0.1406 0.0034 
      SLANEY 0.0516 0.0134 0.3943 0.3087 0.0126 0.2194 
        SPEY 0.0202 0.0426 0.4714 0.3029 0.0048 0.1580 
      SPUNTA 0.0543 0.0758 0.1484 0.1297 0.1962 0.3956 
     STAMINA 0.0722 0.0693 0.2072 0.6195 0.0208 0.0110 
    STEMSTER 0.0198 0.2197 0.1085 0.2772 0.2123 0.1625 
 STORMONT_EN 0.1311 0.2796 0.1613 0.1789 0.1864 0.0628 
    STIRLING 0.1629 0.0954 0.3482 0.2175 0.0067 0.1693 
     SYLVANA 0.2257 0.2778 0.0946 0.1295 0.0412 0.2313 
         TAY 0.0222 0.0080 0.2695 0.4439 0.0180 0.2384 
      TIMATE 0.0390 0.3890 0.0051 0.1382 0.0539 0.3748 
      TOLUCA 0.0794 0.3335 0.1715 0.0079 0.0343 0.3734 
    TORRIDON 0.0661 0.3243 0.3034 0.0685 0.1065 0.1313 
 ULSTER_SCEP 0.3293 0.0987 0.1272 0.3465 0.0654 0.0330 
 UMATILLA_RU 0.0472 0.1520 0.0656 0.2867 0.4066 0.0419 
 VALES_EMERA 0.0623 0.0189 0.0518 0.2726 0.1049 0.4896 
 VALES_EVERE 0.0709 0.0090 0.3923 0.2805 0.1230 0.1243 
 VALES_RUSSE 0.4418 0.0932 0.0220 0.0618 0.2014 0.1798 
 VALES_SOVER 0.0092 0.0437 0.5874 0.3354 0.0086 0.0159 
       VALOR 0.0086 0.0674 0.4540 0.3944 0.0082 0.0673 
    VAN_GOGH 0.0556 0.4877 0.0205 0.1150 0.1617 0.1595 
     VANTAGE 0.2275 0.3961 0.0735 0.0083 0.2884 0.0061 
       VERDI 0.0223 0.3532 0.0651 0.0890 0.2236 0.2468 
    VICTORIA 0.2539 0.4280 0.0253 0.0721 0.0244 0.1962 
     VIVALDI 0.2314 0.4569 0.1487 0.0049 0.0175 0.1407 
       WILJA 0.1327 0.5484 0.1258 0.0077 0.1834 0.0020 
     WINSTON 0.0637 0.0078 0.1912 0.4665 0.0106 0.2601 
      XD2-21 0.2779 0.0648 0.2339 0.1233 0.1541 0.1459 
  YUKON_GOLD 0.2829 0.0849 0.0106 0.2711 0.0047 0.3458 
       ZORBA 0.2398 0.4193 0.1711 0.0163 0.1389 0.0145 
