  00C133-020 0.0768 0.7404 0.1827 
 01C_071-002 0.2392 0.3221 0.4387 
 02M_012-001 0.2895 0.6227 0.0878 
 03M_016-002 0.5411 0.3965 0.0623 
 03M_034-002 0.2842 0.6343 0.0816 
 04C_055-004 0.1930 0.5140 0.2930 
 04C_126-005 0.1483 0.5274 0.3243 
 04M_034-013 0.3831 0.4853 0.1315 
 05M_002-001 0.2447 0.2142 0.5411 
 05M_004-003 0.0670 0.3638 0.5692 
 05M_012-004 0.1413 0.4043 0.4544 
 06C_127-002 0.1258 0.5076 0.3666 
 12288_AF_23 0.0764 0.6216 0.3020 
    12601AB1 0.5341 0.4546 0.0113 
   12636_A_2 0.2985 0.6464 0.0551 
  15119_AC_5 0.2740 0.5756 0.1504 
     1512C16 0.3426 0.2127 0.4447 
   15144_A_3 0.0330 0.3945 0.5725 
     1563C14 0.5286 0.0534 0.4180 
     2182EF7 0.1248 0.4005 0.4747 
     3681AD1 0.1293 0.2711 0.5996 
     5008AB6 0.1525 0.2522 0.5953 
    8204_A_4 0.0595 0.4782 0.4623 
       AGRIA 0.1832 0.0928 0.7241 
       AILSA 0.2585 0.6288 0.1126 
      ALMERA 0.1608 0.1494 0.6898 
       ALPHA 0.3366 0.1144 0.5490 
      ALWARA 0.1058 0.2094 0.6848 
      AMADRA 0.2592 0.2517 0.4891 
       AMOUR 0.0808 0.6877 0.2315 
        ANNA 0.1333 0.4892 0.3775 
   ANNABELLE 0.1439 0.0536 0.8025 
        ANYA 0.2651 0.1599 0.5750 
       ARGOS 0.0237 0.5676 0.4087 
     ARIELLE 0.2080 0.0984 0.6937 
      ARKULA 0.2161 0.1093 0.6746 
      ARMADA 0.2324 0.2013 0.5663 
   AVALANCHE 0.1713 0.5274 0.3012 
     BAILLIE 0.1189 0.5962 0.2849 
    BALMORAL 0.0706 0.3848 0.5446 
     BAMBINO 0.0964 0.6710 0.2325 
       BARNA 0.0804 0.3806 0.5390 
 BELLE_DE_FO 0.9101 0.0103 0.0796 
       BENOL 0.2984 0.6237 0.0778 
       BF_15 0.7567 0.0082 0.2351 
      BINTJE 0.4437 0.1507 0.4056 
 BIONICA_EX_ 0.2130 0.2861 0.5008 
 BLUE_DANUBE 0.2480 0.1261 0.6259 
      BONNIE 0.1016 0.4338 0.4646 
      BOUNTY 0.0867 0.6447 0.2686 
 BRITISH_QUE 0.5443 0.1211 0.3346 
     BRODICK 0.0955 0.6969 0.2076 
      BRODIE 0.1475 0.4726 0.3799 
      BUCHAN 0.1117 0.5082 0.3801 
      BURREN 0.1247 0.3728 0.5025 
     CABARET 0.3917 0.5872 0.0210 
      CAESAR 0.0194 0.1953 0.7853 
        CARA 0.0433 0.5582 0.3984 
 CARLINGFORD 0.1307 0.3739 0.4954 
  CASABLANCA 0.0258 0.5743 0.3999 
      CELINE 0.1490 0.2547 0.5963 
  CHALLENGER 0.2647 0.2370 0.4983 
   CHARLOTTE 0.2041 0.2336 0.5623 
     CHICAGO 0.2000 0.5141 0.2859 
   CHIEFTAIN 0.2363 0.2727 0.4910 
      CHOPIN 0.1585 0.1516 0.6898 
      CLARET 0.0379 0.4956 0.4665 
      CORINE 0.1920 0.3797 0.4282 
      COSMOS 0.2043 0.1917 0.6040 
     COURAGE 0.1968 0.2001 0.6031 
     COURLAN 0.1895 0.2945 0.5160 
 CRAIGS_ROYA 0.1475 0.5497 0.3028 
 CRAIGS_SNOW 0.4456 0.2848 0.2696 
     CRAMOND 0.0955 0.6439 0.2606 
 CRISPS_FOR_ 0.1663 0.2191 0.6147 
    CROMWELL 0.3591 0.6127 0.0282 
       D22/1 0.3308 0.6176 0.0516 
       D23/3 0.4385 0.4359 0.1256 
      D47-11 0.3834 0.6077 0.0089 
       D49/1 0.3252 0.6631 0.0117 
       DAISY 0.3385 0.4660 0.1955 
 DARK_RED_NO 0.2584 0.2352 0.5064 
     DARWINA 0.2564 0.1552 0.5884 
     DESIREE 0.2055 0.1016 0.6929 
       DITTA 0.2619 0.0596 0.6785 
 DR._MCINTOS 0.1814 0.3442 0.4744 
       DRAGA 0.0984 0.3357 0.5659 
 DUKE_OF_YOR 0.5202 0.0316 0.4482 
 DUNBAR_STAN 0.4487 0.3338 0.2174 
     DUNDROD 0.2938 0.5540 0.1522 
     ECLIPSE 0.5571 0.1639 0.2790 
        EDEN 0.3304 0.6617 0.0079 
 EDZELL_BLUE 0.4257 0.1710 0.4033 
   ELISABETH 0.0798 0.2601 0.6601 
     EMPEROR 0.1623 0.3398 0.4979 
         EOS 0.1263 0.3902 0.4835 
     EPICURE 0.4907 0.1159 0.3933 
  ERNTESTOLZ 0.3545 0.1199 0.5255 
      ESCORT 0.0743 0.2644 0.6613 
   ESMERALDA 0.2395 0.2487 0.5118 
      ESTIMA 0.2354 0.2094 0.5552 
 EVE_BALFOUR 0.2658 0.4618 0.2724 
   EXCALIBUR 0.0104 0.7621 0.2275 
     EXQUISA 0.2367 0.0340 0.7293 
    FESTIVAL 0.0787 0.2321 0.6892 
      FIANNA 0.0961 0.2466 0.6574 
   FIFTYFOLD 0.6313 0.1529 0.2158 
     FONTANE 0.1722 0.2384 0.5894 
   FORTYFOLD 0.6605 0.0139 0.3256 
 FRONTIER_RU 0.3273 0.2400 0.4327 
     G.81071 0.1658 0.3950 0.4392 
     G.88661 0.0803 0.4377 0.4820 
    G.886611 0.0348 0.4848 0.4804 
  G.8867Y%12 0.0393 0.3691 0.5916 
     G.88839 0.0951 0.0203 0.8846 
     G.88842 0.0775 0.1527 0.7698 
   GALACTICA 0.2242 0.2257 0.5501 
      GEMSON 0.2325 0.3965 0.3710 
  GL.76B/102 0.4781 0.1565 0.3654 
   GL.76B/94 0.5954 0.0174 0.3872 
  GL.77M/106 0.2361 0.4842 0.2797 
   GL.78/166 0.7059 0.0539 0.2402 
    GL.78/53 0.6225 0.2719 0.1056 
    GL.78/97 0.6478 0.1425 0.2098 
    GL.79/42 0.6144 0.1933 0.1923 
    GL.79/45 0.6322 0.1569 0.2109 
 GL.81_NT_25 0.4940 0.4914 0.0146 
   GLADIATOR 0.0682 0.2944 0.6373 
      GLAMIS 0.1702 0.5261 0.3036 
 GOLDEN_MILL 0.1844 0.6590 0.1567 
 GOLDEN_NUGG 0.0656 0.3068 0.6276 
 GOLDEN_WOND 0.6558 0.0980 0.2462 
     GRANOLA 0.1758 0.2076 0.6166 
    H1H3_101 0.4657 0.5303 0.0040 
      H1H3_3 0.2962 0.5563 0.1475 
 HARBOROUGH_ 0.1029 0.8148 0.0824 
   HARLEQUIN 0.2401 0.2456 0.5143 
      HERMES 0.2156 0.1660 0.6184 
 HIGHLAND_BU 0.8828 0.0197 0.0975 
  HOME_GUARD 0.3358 0.3880 0.2762 
     HORIZON 0.3416 0.1284 0.5301 
   INNOVATOR 0.3370 0.1470 0.5160 
 INTERNATION 0.9508 0.0103 0.0389 
 ISLE_OF_JUR 0.2251 0.5608 0.2141 
    JULIETTE 0.1393 0.0873 0.7734 
     KARLENA 0.2873 0.2334 0.4793 
 KERR'S_PINK 0.5845 0.2218 0.1936 
     KESTREL 0.0273 0.7095 0.2632 
       KIFLI 0.2615 0.1720 0.5665 
 KING_EDWARD 0.8385 0.0961 0.0654 
    KINGSTON 0.2749 0.5827 0.1423 
 KUFRI_CHAND 0.3118 0.2478 0.4404 
 KUFRI_JYOTI 0.1831 0.2774 0.5395 
      KURODA 0.1298 0.1451 0.7251 
 LADY_BALFOU 0.1978 0.4778 0.3245 
 LADY_CHRIST 0.3874 0.1130 0.4997 
 LADY_CLAIRE 0.3305 0.0122 0.6573 
     LADY_JO 0.4449 0.0432 0.5119 
 LADY_ROSETT 0.2320 0.2327 0.5353 
    LIBERTAS 0.4167 0.0474 0.5359 
       LINDA 0.2921 0.0340 0.6739 
      LINTON 0.1690 0.3035 0.5274 
 LINZER_DELI 0.2760 0.0805 0.6435 
   LIONHEART 0.1597 0.1862 0.6541 
   MADELEINE 0.1690 0.1528 0.6781 
   MADINGLEY 0.1407 0.2611 0.5982 
    MAJESTIC 0.2107 0.2918 0.4975 
     MARABEL 0.0960 0.0870 0.8169 
     MARFONA 0.2885 0.1643 0.5473 
     MARILYN 0.1644 0.1382 0.6974 
 MARIS_ANCHO 0.3014 0.1671 0.5315 
  MARIS_BARD 0.2821 0.4417 0.2762 
  MARIS_PEER 0.2685 0.4022 0.3293 
 MARIS_PIPER 0.2735 0.7188 0.0077 
     MARKIES 0.2348 0.0489 0.7163 
      MAXINE 0.1511 0.5883 0.2606 
      MEGARA 0.1750 0.1119 0.7131 
      MELODY 0.2486 0.1813 0.5701 
       MIDAS 0.2664 0.4759 0.2577 
       MILVA 0.2700 0.0655 0.6645 
        MIMI 0.1862 0.4444 0.3694 
        MIRA 0.3310 0.0495 0.6195 
       MOIRA 0.2217 0.2032 0.5750 
    MONTROSE 0.3515 0.6299 0.0186 
       MORAG 0.2719 0.4356 0.2925 
      MORENE 0.2734 0.0336 0.6930 
      MOZART 0.0112 0.2083 0.7804 
 MYATT'S_ASH 0.8051 0.0066 0.1882 
      NADINE 0.0772 0.5947 0.3280 
       NAVAN 0.1791 0.7650 0.0559 
 NDTX_4271_5 0.1534 0.4180 0.4286 
      NICOLA 0.2773 0.0081 0.7146 
     NOVELLA 0.1079 0.2066 0.6855 
     OLYMPUS 0.2180 0.5211 0.2609 
       OPERA 0.1004 0.2676 0.6320 
   ORCHESTRA 0.1771 0.1861 0.6368 
      ORIANA 0.1855 0.0710 0.7435 
     OTHELLO 0.0284 0.5760 0.3955 
     PALADIN 0.3557 0.6334 0.0109 
       PANDA 0.1094 0.1680 0.7226 
   PARAMOUNT 0.0793 0.3084 0.6123 
    PATRONES 0.3260 0.1361 0.5379 
 PENTLAND_AC 0.2530 0.3318 0.4152 
 PENTLAND_BE 0.5253 0.1816 0.2931 
 PENTLAND_CR 0.1804 0.3502 0.4694 
 PENTLAND_DE 0.3220 0.3273 0.3507 
 PENTLAND_IV 0.1729 0.4075 0.4196 
 PENTLAND_JA 0.2223 0.2925 0.4852 
 PENTLAND_MA 0.1562 0.2047 0.6391 
 PENTLAND_SQ 0.2632 0.3318 0.4050 
   PEPO_1978 0.2276 0.1321 0.6403 
     PICASSO 0.0110 0.4312 0.5578 
   PIMPERNEL 0.2778 0.1236 0.5986 
     PIONEER 0.2609 0.0742 0.6649 
       PIXIE 0.0250 0.6138 0.3611 
    PREMIERE 0.3809 0.1205 0.4986 
   PRODUCENT 0.2310 0.2416 0.5274 
     PROVOST 0.2316 0.2637 0.5047 
  R.P.LUSTRE 0.3472 0.3336 0.3191 
 RANGER_RUSS 0.3936 0.0851 0.5212 
       RATTE 0.5679 0.2220 0.2101 
      RECORD 0.3865 0.0191 0.5944 
   REMBRANDT 0.2781 0.1615 0.5605 
    RIO_ROJO 0.1846 0.2910 0.5244 
      ROBIJN 0.3944 0.0107 0.5949 
      ROCKET 0.2990 0.6115 0.0895 
   RODE_STAR 0.4777 0.0297 0.4927 
      ROMANO 0.0571 0.2523 0.6906 
       ROMEO 0.2272 0.3184 0.4544 
     ROOSTER 0.1891 0.3411 0.4698 
       ROYAL 0.2337 0.3618 0.4045 
 ROYAL_KIDNE 0.5736 0.1192 0.3072 
     RUBESSE 0.1657 0.2060 0.6283 
 RUSSET_BURB 0.3158 0.2047 0.4795 
 RUSSET_NORK 0.2766 0.2719 0.4516 
      SAFARI 0.0611 0.2220 0.7169 
     SANTANA 0.2173 0.2304 0.5523 
       SANTE 0.1861 0.2451 0.5688 
     SAPHIRE 0.0949 0.2491 0.6559 
  SARPO_MIRA 0.2434 0.1432 0.6135 
 SARPO_SHONA 0.1732 0.1382 0.6887 
       SASSY 0.3454 0.1640 0.4906 
     SATURNA 0.3856 0.0248 0.5896 
        SAVA 0.1567 0.2044 0.6389 
       SAXON 0.2316 0.6517 0.1167 
 SCARBOROUGH 0.1803 0.7981 0.0216 
 SEFTON_WOND 0.5714 0.2982 0.1303 
    SERAFINA 0.1960 0.0989 0.7051 
     SETANTA 0.1075 0.5305 0.3620 
 SHARPE'S_EX 0.6925 0.1171 0.1904 
     SHELAGH 0.3198 0.3290 0.3512 
    SHELFORD 0.2784 0.1216 0.6000 
     SHEPODY 0.3310 0.2102 0.4589 
      SLANEY 0.0246 0.6040 0.3714 
        SPEY 0.0084 0.6072 0.3844 
      SPUNTA 0.2630 0.2701 0.4669 
     STAMINA 0.0248 0.8145 0.1608 
    STEMSTER 0.2898 0.3522 0.3580 
 STORMONT_EN 0.2888 0.2848 0.4264 
    STIRLING 0.0228 0.4891 0.4881 
     SYLVANA 0.1812 0.2391 0.5797 
         TAY 0.0459 0.6819 0.2722 
      TIMATE 0.1700 0.1562 0.6738 
      TOLUCA 0.1226 0.0945 0.7829 
    TORRIDON 0.1809 0.2416 0.5775 
 ULSTER_SCEP 0.2190 0.5126 0.2683 
 UMATILLA_RU 0.4879 0.3363 0.1758 
 VALES_EMERA 0.1829 0.3818 0.4353 
 VALES_EVERE 0.1643 0.5621 0.2736 
 VALES_RUSSE 0.4009 0.1760 0.4232 
 VALES_SOVER 0.0105 0.6907 0.2988 
       VALOR 0.0082 0.6877 0.3041 
    VAN_GOGH 0.2672 0.1330 0.5998 
     VANTAGE 0.4516 0.0640 0.4844 
       VERDI 0.3015 0.1383 0.5602 
    VICTORIA 0.1886 0.1404 0.6710 
     VIVALDI 0.1397 0.0733 0.7870 
       WILJA 0.3277 0.0982 0.5740 
     WINSTON 0.0341 0.6759 0.2900 
      XD2-21 0.2826 0.3252 0.3921 
  YUKON_GOLD 0.0820 0.3976 0.5204 
       ZORBA 0.2506 0.1500 0.5994 
