  00C133-020 0.0256 0.0280 0.5968 0.3496 
 01C_071-002 0.1972 0.2750 0.2345 0.2933 
 02M_012-001 0.2004 0.1352 0.6349 0.0295 
 03M_016-002 0.4912 0.0147 0.3699 0.1242 
 03M_034-002 0.2131 0.0302 0.5660 0.1908 
 04C_055-004 0.1078 0.3221 0.5184 0.0517 
 04C_126-005 0.1050 0.1290 0.3803 0.3857 
 04M_034-013 0.3248 0.1136 0.4899 0.0717 
 05M_002-001 0.1993 0.4267 0.1720 0.2020 
 05M_004-003 0.0305 0.3822 0.2480 0.3392 
 05M_012-004 0.1218 0.2054 0.2484 0.4244 
 06C_127-002 0.0679 0.2786 0.4363 0.2173 
 12288_AF_23 0.0287 0.1539 0.5083 0.3092 
    12601AB1 0.4816 0.0133 0.4912 0.0140 
   12636_A_2 0.2302 0.0105 0.5474 0.2119 
  15119_AC_5 0.2020 0.0046 0.2922 0.5012 
     1512C16 0.3370 0.1445 0.0881 0.4304 
   15144_A_3 0.0256 0.2164 0.1584 0.5996 
     1563C14 0.5134 0.3332 0.0401 0.1133 
     2182EF7 0.1220 0.1017 0.1907 0.5855 
     3681AD1 0.1152 0.3031 0.1199 0.4618 
     5008AB6 0.1208 0.3927 0.1397 0.3468 
    8204_A_4 0.0400 0.1709 0.3034 0.4856 
       AGRIA 0.1319 0.7119 0.1089 0.0474 
       AILSA 0.1673 0.1513 0.6357 0.0457 
      ALMERA 0.1197 0.5307 0.0871 0.2624 
       ALPHA 0.3123 0.4054 0.0591 0.2231 
      ALWARA 0.0680 0.4756 0.1025 0.3538 
      AMADRA 0.2085 0.4714 0.2515 0.0686 
       AMOUR 0.0424 0.0283 0.4996 0.4297 
        ANNA 0.1097 0.0052 0.1103 0.7748 
   ANNABELLE 0.0885 0.7259 0.0424 0.1432 
        ANYA 0.2382 0.4980 0.1300 0.1338 
       ARGOS 0.0155 0.0677 0.3222 0.5946 
     ARIELLE 0.1736 0.5596 0.0534 0.2133 
      ARKULA 0.1959 0.4692 0.0277 0.3072 
      ARMADA 0.1926 0.4106 0.1357 0.2612 
   AVALANCHE 0.1161 0.1695 0.4461 0.2683 
     BAILLIE 0.0507 0.1987 0.5267 0.2238 
    BALMORAL 0.0946 0.0989 0.1125 0.6940 
     BAMBINO 0.0377 0.1150 0.5634 0.2839 
       BARNA 0.0569 0.2548 0.2142 0.4741 
 BELLE_DE_FO 0.9008 0.0083 0.0039 0.0871 
       BENOL 0.2158 0.1133 0.6324 0.0384 
       BF_15 0.7616 0.1508 0.0064 0.0812 
      BINTJE 0.4295 0.2164 0.0947 0.2594 
 BIONICA_EX_ 0.1806 0.3026 0.1871 0.3298 
 BLUE_DANUBE 0.2294 0.3815 0.0387 0.3504 
      BONNIE 0.0598 0.2883 0.3240 0.3279 
      BOUNTY 0.0371 0.1122 0.5219 0.3288 
 BRITISH_QUE 0.5597 0.0202 0.0101 0.4101 
     BRODICK 0.0200 0.2044 0.6522 0.1234 
      BRODIE 0.1262 0.0096 0.2086 0.6556 
      BUCHAN 0.0977 0.0508 0.2957 0.5558 
      BURREN 0.1075 0.2226 0.1888 0.4811 
     CABARET 0.3264 0.0085 0.5495 0.1156 
      CAESAR 0.0094 0.6311 0.1125 0.2469 
        CARA 0.0330 0.0121 0.2578 0.6970 
 CARLINGFORD 0.1094 0.1866 0.2143 0.4898 
  CASABLANCA 0.0099 0.1328 0.3695 0.4878 
      CELINE 0.1263 0.3689 0.1333 0.3716 
  CHALLENGER 0.2192 0.4427 0.2256 0.1126 
   CHARLOTTE 0.1333 0.6023 0.2481 0.0164 
     CHICAGO 0.1067 0.3396 0.5361 0.0175 
   CHIEFTAIN 0.2243 0.2373 0.1469 0.3915 
      CHOPIN 0.1244 0.5035 0.0693 0.3029 
      CLARET 0.0350 0.0702 0.2442 0.6506 
      CORINE 0.1703 0.1863 0.2378 0.4055 
      COSMOS 0.1758 0.4146 0.1141 0.2955 
     COURAGE 0.1739 0.3941 0.1124 0.3196 
     COURLAN 0.1619 0.3223 0.1875 0.3283 
 CRAIGS_ROYA 0.1289 0.0127 0.3263 0.5321 
 CRAIGS_SNOW 0.4315 0.0539 0.1954 0.3192 
     CRAMOND 0.0351 0.1562 0.5568 0.2520 
 CRISPS_FOR_ 0.1270 0.4998 0.1645 0.2087 
    CROMWELL 0.2639 0.0638 0.6572 0.0150 
       D22/1 0.2538 0.0101 0.5295 0.2066 
       D23/3 0.3982 0.0439 0.4035 0.1544 
      D47-11 0.3131 0.0094 0.6641 0.0134 
       D49/1 0.2134 0.0384 0.7444 0.0038 
       DAISY 0.2583 0.2304 0.4876 0.0237 
 DARK_RED_NO 0.2473 0.2251 0.1085 0.4191 
     DARWINA 0.2224 0.4369 0.1034 0.2373 
     DESIREE 0.1857 0.4610 0.0173 0.3360 
       DITTA 0.2327 0.5601 0.0314 0.1758 
 DR._MCINTOS 0.1827 0.0668 0.1514 0.5992 
       DRAGA 0.0737 0.2943 0.1977 0.4344 
 DUKE_OF_YOR 0.5208 0.1305 0.0050 0.3437 
 DUNBAR_STAN 0.4272 0.0126 0.2000 0.3602 
     DUNDROD 0.2277 0.1261 0.5364 0.1098 
     ECLIPSE 0.5500 0.1730 0.1447 0.1323 
        EDEN 0.2555 0.0128 0.7164 0.0154 
 EDZELL_BLUE 0.4122 0.2150 0.1039 0.2688 
   ELISABETH 0.0281 0.6197 0.2394 0.1129 
     EMPEROR 0.1235 0.3655 0.2655 0.2455 
         EOS 0.0808 0.3956 0.3390 0.1846 
     EPICURE 0.4835 0.1710 0.0592 0.2864 
  ERNTESTOLZ 0.3366 0.3573 0.0578 0.2483 
      ESCORT 0.0270 0.5979 0.2247 0.1505 
   ESMERALDA 0.2012 0.4182 0.2015 0.1792 
      ESTIMA 0.1967 0.4417 0.1700 0.1917 
 EVE_BALFOUR 0.2424 0.0227 0.2772 0.4577 
   EXCALIBUR 0.0054 0.0597 0.5991 0.3357 
     EXQUISA 0.1935 0.6460 0.0260 0.1344 
    FESTIVAL 0.0289 0.6294 0.2028 0.1388 
      FIANNA 0.0768 0.3519 0.0896 0.4817 
   FIFTYFOLD 0.6177 0.1067 0.1369 0.1387 
     FONTANE 0.1250 0.5380 0.2221 0.1149 
   FORTYFOLD 0.6652 0.1190 0.0060 0.2098 
 FRONTIER_RU 0.3069 0.2502 0.1683 0.2746 
     G.81071 0.1369 0.1953 0.2513 0.4165 
     G.88661 0.0555 0.2508 0.2989 0.3948 
    G.886611 0.0165 0.2615 0.3449 0.3772 
  G.8867Y%12 0.0248 0.2667 0.1881 0.5204 
     G.88839 0.0421 0.8906 0.0280 0.0393 
     G.88842 0.0475 0.5612 0.0533 0.3380 
   GALACTICA 0.2379 0.1920 0.0303 0.5398 
      GEMSON 0.2230 0.0455 0.2174 0.5142 
  GL.76B/102 0.4310 0.3455 0.1784 0.0450 
   GL.76B/94 0.5831 0.2211 0.0079 0.1880 
  GL.77M/106 0.1924 0.1565 0.3930 0.2581 
   GL.78/166 0.6953 0.1287 0.0459 0.1301 
    GL.78/53 0.5715 0.1287 0.2898 0.0100 
    GL.78/97 0.6194 0.1868 0.1566 0.0372 
    GL.79/42 0.5702 0.2141 0.2101 0.0056 
    GL.79/45 0.6004 0.1869 0.1731 0.0396 
 GL.81_NT_25 0.4313 0.0135 0.5191 0.0360 
   GLADIATOR 0.0393 0.4479 0.1938 0.3190 
      GLAMIS 0.0997 0.2363 0.4829 0.1811 
 GOLDEN_MILL 0.1056 0.1262 0.6055 0.1627 
 GOLDEN_NUGG 0.0431 0.3924 0.1741 0.3904 
 GOLDEN_WOND 0.6495 0.1570 0.0852 0.1083 
     GRANOLA 0.1161 0.6413 0.2177 0.0249 
    H1H3_101 0.3719 0.0034 0.6191 0.0055 
      H1H3_3 0.2474 0.0454 0.4815 0.2258 
 HARBOROUGH_ 0.0215 0.1195 0.7940 0.0651 
   HARLEQUIN 0.1878 0.5183 0.2427 0.0511 
      HERMES 0.1784 0.4708 0.1027 0.2481 
 HIGHLAND_BU 0.8815 0.0244 0.0217 0.0724 
  HOME_GUARD 0.3222 0.0481 0.2719 0.3577 
     HORIZON 0.3107 0.3994 0.0951 0.1948 
   INNOVATOR 0.3620 0.0881 0.0103 0.5395 
 INTERNATION 0.9465 0.0103 0.0074 0.0358 
 ISLE_OF_JUR 0.1604 0.1289 0.5023 0.2084 
    JULIETTE 0.0667 0.8005 0.1119 0.0209 
     KARLENA 0.2915 0.1804 0.0755 0.4526 
 KERR'S_PINK 0.5695 0.0149 0.1408 0.2748 
     KESTREL 0.0125 0.0433 0.5246 0.4196 
       KIFLI 0.1722 0.6146 0.2031 0.0102 
 KING_EDWARD 0.8222 0.0491 0.1186 0.0102 
    KINGSTON 0.2106 0.1231 0.5539 0.1123 
 KUFRI_CHAND 0.3021 0.1767 0.1377 0.3835 
 KUFRI_JYOTI 0.1696 0.2391 0.1303 0.4610 
      KURODA 0.1041 0.4892 0.0448 0.3620 
 LADY_BALFOU 0.1805 0.0314 0.2766 0.5115 
 LADY_CHRIST 0.3657 0.3766 0.0800 0.1777 
 LADY_CLAIRE 0.2863 0.5889 0.0132 0.1115 
     LADY_JO 0.4243 0.3321 0.0206 0.2229 
 LADY_ROSETT 0.2020 0.3829 0.1711 0.2440 
    LIBERTAS 0.3996 0.3081 0.0104 0.2818 
       LINDA 0.2485 0.6828 0.0481 0.0206 
      LINTON 0.1297 0.3823 0.2238 0.2642 
 LINZER_DELI 0.2355 0.6122 0.0853 0.0669 
   LIONHEART 0.1381 0.4362 0.0855 0.3403 
   MADELEINE 0.1145 0.6442 0.1445 0.0968 
   MADINGLEY 0.0886 0.4872 0.2106 0.2135 
    MAJESTIC 0.2073 0.1209 0.1158 0.5560 
     MARABEL 0.0464 0.7012 0.0488 0.2035 
     MARFONA 0.2746 0.3204 0.0734 0.3315 
     MARILYN 0.1284 0.5699 0.0845 0.2173 
 MARIS_ANCHO 0.2776 0.3755 0.1098 0.2371 
  MARIS_BARD 0.2686 0.0216 0.2644 0.4453 
  MARIS_PEER 0.2564 0.0408 0.2432 0.4596 
 MARIS_PIPER 0.1851 0.0150 0.7938 0.0061 
     MARKIES 0.1877 0.6411 0.0501 0.1212 
      MAXINE 0.1058 0.0947 0.4783 0.3212 
      MEGARA 0.1205 0.6728 0.1076 0.0991 
      MELODY 0.2111 0.4370 0.1294 0.2225 
       MIDAS 0.1603 0.3257 0.5071 0.0069 
       MILVA 0.2329 0.6028 0.0491 0.1153 
        MIMI 0.1336 0.2721 0.3801 0.2141 
        MIRA 0.2937 0.4424 0.0194 0.2445 
       MOIRA 0.1917 0.3848 0.1110 0.3125 
    MONTROSE 0.2770 0.0378 0.6635 0.0218 
       MORAG 0.2451 0.0238 0.2649 0.4662 
      MORENE 0.2472 0.4188 0.0059 0.3281 
      MOZART 0.0052 0.6933 0.1562 0.1453 
 MYATT'S_ASH 0.8174 0.0904 0.0060 0.0862 
      NADINE 0.0189 0.2747 0.5324 0.1741 
       NAVAN 0.0894 0.0418 0.7276 0.1412 
 NDTX_4271_5 0.1210 0.2917 0.3415 0.2458 
      NICOLA 0.2408 0.7235 0.0079 0.0278 
     NOVELLA 0.0790 0.4720 0.0997 0.3494 
     OLYMPUS 0.1772 0.1278 0.4401 0.2548 
       OPERA 0.0581 0.4985 0.1908 0.2527 
   ORCHESTRA 0.1192 0.6178 0.1925 0.0704 
      ORIANA 0.1555 0.4377 0.0075 0.3994 
     OTHELLO 0.0227 0.0260 0.3049 0.6465 
     PALADIN 0.2922 0.0121 0.6659 0.0298 
       PANDA 0.0430 0.7354 0.1789 0.0427 
   PARAMOUNT 0.0742 0.2515 0.1114 0.5629 
    PATRONES 0.3030 0.3617 0.0757 0.2597 
 PENTLAND_AC 0.2256 0.2068 0.2247 0.3430 
 PENTLAND_BE 0.5416 0.0166 0.0248 0.4171 
 PENTLAND_CR 0.1628 0.2047 0.1976 0.4349 
 PENTLAND_DE 0.3085 0.0531 0.1678 0.4706 
 PENTLAND_IV 0.1593 0.1387 0.2427 0.4593 
 PENTLAND_JA 0.2256 0.1531 0.1258 0.4955 
 PENTLAND_MA 0.1487 0.3041 0.0380 0.5092 
 PENTLAND_SQ 0.2444 0.1547 0.1932 0.4077 
   PEPO_1978 0.1704 0.6170 0.1398 0.0728 
     PICASSO 0.0073 0.1822 0.1966 0.6140 
   PIMPERNEL 0.2458 0.4906 0.0894 0.1742 
     PIONEER 0.1965 0.6891 0.0972 0.0172 
       PIXIE 0.0103 0.1902 0.4693 0.3302 
    PREMIERE 0.3701 0.3008 0.0435 0.2856 
   PRODUCENT 0.1776 0.4832 0.2312 0.1080 
     PROVOST 0.2247 0.1986 0.1093 0.4675 
  R.P.LUSTRE 0.3118 0.2302 0.2968 0.1613 
 RANGER_RUSS 0.4102 0.0573 0.0043 0.5281 
       RATTE 0.5346 0.2046 0.2370 0.0239 
      RECORD 0.3651 0.4022 0.0067 0.2260 
   REMBRANDT 0.2449 0.4404 0.1310 0.1838 
    RIO_ROJO 0.1684 0.2560 0.1653 0.4103 
      ROBIJN 0.3625 0.4799 0.0060 0.1516 
      ROCKET 0.2404 0.0232 0.5555 0.1809 
   RODE_STAR 0.4267 0.5119 0.0507 0.0107 
      ROMANO 0.0351 0.4436 0.1157 0.4056 
       ROMEO 0.2043 0.2519 0.1944 0.3494 
     ROOSTER 0.1669 0.2229 0.1859 0.4244 
       ROYAL 0.1469 0.4514 0.3848 0.0169 
 ROYAL_KIDNE 0.5728 0.0065 0.0043 0.4164 
     RUBESSE 0.1383 0.4593 0.1192 0.2832 
 RUSSET_BURB 0.3122 0.1736 0.0616 0.4526 
 RUSSET_NORK 0.2619 0.1985 0.1662 0.3733 
      SAFARI 0.0403 0.4468 0.0841 0.4288 
     SANTANA 0.1909 0.3856 0.1501 0.2735 
       SANTE 0.1481 0.4691 0.2005 0.1823 
     SAPHIRE 0.0733 0.4226 0.1296 0.3746 
  SARPO_MIRA 0.2019 0.5708 0.1282 0.0991 
 SARPO_SHONA 0.1209 0.6295 0.1232 0.1264 
       SASSY 0.3173 0.3434 0.1165 0.2228 
     SATURNA 0.3349 0.5998 0.0506 0.0147 
        SAVA 0.1115 0.5748 0.1809 0.1328 
       SAXON 0.1577 0.0857 0.6172 0.1393 
 SCARBOROUGH 0.0850 0.0687 0.8237 0.0226 
 SEFTON_WOND 0.5393 0.0074 0.1841 0.2692 
    SERAFINA 0.1598 0.6169 0.0622 0.1611 
     SETANTA 0.0597 0.2168 0.4142 0.3094 
 SHARPE'S_EX 0.6822 0.1137 0.1182 0.0859 
     SHELAGH 0.3023 0.1367 0.2256 0.3354 
    SHELFORD 0.2490 0.4325 0.0570 0.2615 
     SHEPODY 0.3659 0.0169 0.0093 0.6079 
      SLANEY 0.0127 0.1069 0.4148 0.4656 
        SPEY 0.0051 0.0824 0.3988 0.5137 
      SPUNTA 0.2315 0.3717 0.2138 0.1830 
     STAMINA 0.0076 0.0254 0.6771 0.2898 
    STEMSTER 0.2238 0.3057 0.3404 0.1301 
 STORMONT_EN 0.2649 0.2145 0.1913 0.3293 
    STIRLING 0.0192 0.1341 0.2738 0.5730 
     SYLVANA 0.1511 0.3844 0.1461 0.3185 
         TAY 0.0135 0.1320 0.5517 0.3029 
      TIMATE 0.1065 0.6859 0.1783 0.0292 
      TOLUCA 0.0863 0.5941 0.0225 0.2971 
    TORRIDON 0.1644 0.3060 0.1061 0.4235 
 ULSTER_SCEP 0.1937 0.0332 0.3540 0.4191 
 UMATILLA_RU 0.4343 0.1354 0.3379 0.0924 
 VALES_EMERA 0.1217 0.4086 0.3528 0.1169 
 VALES_EVERE 0.1315 0.0236 0.3892 0.4557 
 VALES_RUSSE 0.3884 0.1854 0.0923 0.3339 
 VALES_SOVER 0.0042 0.0119 0.4200 0.5639 
       VALOR 0.0046 0.0387 0.4751 0.4816 
    VAN_GOGH 0.2229 0.5196 0.1142 0.1433 
     VANTAGE 0.4443 0.2394 0.0161 0.3001 
       VERDI 0.2440 0.5152 0.1368 0.1040 
    VICTORIA 0.1585 0.4965 0.0701 0.2750 
     VIVALDI 0.1065 0.4687 0.0076 0.4173 
       WILJA 0.3168 0.2688 0.0129 0.4015 
     WINSTON 0.0093 0.1557 0.5528 0.2822 
      XD2-21 0.2698 0.0971 0.1727 0.4604 
  YUKON_GOLD 0.0468 0.3748 0.3155 0.2629 
       ZORBA 0.2497 0.3028 0.0270 0.4205 
