  00C133-020 0.7436 0.1792 0.0772 
 01C_071-002 0.3235 0.4391 0.2374 
 02M_012-001 0.6181 0.0973 0.2846 
 03M_016-002 0.3907 0.0695 0.5398 
 03M_034-002 0.6339 0.0839 0.2822 
 04C_055-004 0.5146 0.2910 0.1944 
 04C_126-005 0.5287 0.3230 0.1483 
 04M_034-013 0.4827 0.1354 0.3818 
 05M_002-001 0.2219 0.5371 0.2411 
 05M_004-003 0.3680 0.5684 0.0636 
 05M_012-004 0.4058 0.4564 0.1377 
 06C_127-002 0.5095 0.3672 0.1233 
 12288_AF_23 0.6224 0.3048 0.0727 
    12601AB1 0.4535 0.0122 0.5342 
   12636_A_2 0.6470 0.0528 0.3002 
  15119_AC_5 0.5750 0.1523 0.2727 
     1512C16 0.2171 0.4418 0.3411 
   15144_A_3 0.3944 0.5695 0.0361 
     1563C14 0.0551 0.4222 0.5227 
     2182EF7 0.4028 0.4741 0.1231 
     3681AD1 0.2708 0.6036 0.1255 
     5008AB6 0.2536 0.5958 0.1507 
    8204_A_4 0.4809 0.4580 0.0611 
       AGRIA 0.0999 0.7221 0.1780 
       AILSA 0.6284 0.1131 0.2585 
      ALMERA 0.1552 0.6874 0.1574 
       ALPHA 0.1149 0.5510 0.3341 
      ALWARA 0.2126 0.6846 0.1028 
      AMADRA 0.2538 0.4903 0.2559 
       AMOUR 0.6864 0.2331 0.0805 
        ANNA 0.4882 0.3771 0.1348 
   ANNABELLE 0.0643 0.8022 0.1335 
        ANYA 0.1610 0.5745 0.2645 
       ARGOS 0.5719 0.4066 0.0215 
     ARIELLE 0.1049 0.6912 0.2039 
      ARKULA 0.1120 0.6781 0.2099 
      ARMADA 0.2056 0.5674 0.2269 
   AVALANCHE 0.5274 0.3052 0.1674 
     BAILLIE 0.5941 0.2869 0.1190 
    BALMORAL 0.3865 0.5417 0.0718 
     BAMBINO 0.6710 0.2342 0.0948 
       BARNA 0.3839 0.5389 0.0772 
 BELLE_DE_FO 0.0099 0.0857 0.9043 
       BENOL 0.6227 0.0788 0.2985 
       BF_15 0.0089 0.2399 0.7512 
      BINTJE 0.1540 0.4055 0.4405 
 BIONICA_EX_ 0.2868 0.5003 0.2129 
 BLUE_DANUBE 0.1284 0.6278 0.2437 
      BONNIE 0.4394 0.4596 0.1010 
      BOUNTY 0.6477 0.2689 0.0834 
 BRITISH_QUE 0.1251 0.3356 0.5394 
     BRODICK 0.6960 0.2103 0.0937 
      BRODIE 0.4744 0.3793 0.1463 
      BUCHAN 0.5117 0.3832 0.1052 
      BURREN 0.3732 0.5084 0.1184 
     CABARET 0.5849 0.0233 0.3918 
      CAESAR 0.1993 0.7809 0.0198 
        CARA 0.5593 0.3989 0.0418 
 CARLINGFORD 0.3815 0.4951 0.1234 
  CASABLANCA 0.5775 0.4000 0.0225 
      CELINE 0.2557 0.6016 0.1426 
  CHALLENGER 0.2409 0.4981 0.2610 
   CHARLOTTE 0.2375 0.5612 0.2013 
     CHICAGO 0.5135 0.2860 0.2006 
   CHIEFTAIN 0.2731 0.4948 0.2321 
      CHOPIN 0.1536 0.6924 0.1541 
      CLARET 0.4972 0.4615 0.0414 
      CORINE 0.3805 0.4335 0.1860 
      COSMOS 0.1934 0.6070 0.1996 
     COURAGE 0.2043 0.6042 0.1915 
     COURLAN 0.2945 0.5184 0.1871 
 CRAIGS_ROYA 0.5510 0.3018 0.1472 
 CRAIGS_SNOW 0.2868 0.2697 0.4435 
     CRAMOND 0.6458 0.2614 0.0927 
 CRISPS_FOR_ 0.2251 0.6145 0.1604 
    CROMWELL 0.6129 0.0260 0.3610 
       D22/1 0.6135 0.0605 0.3260 
       D23/3 0.4333 0.1317 0.4350 
      D47-11 0.6076 0.0083 0.3842 
       D49/1 0.6607 0.0123 0.3270 
       DAISY 0.4637 0.2004 0.3359 
 DARK_RED_NO 0.2397 0.5076 0.2526 
     DARWINA 0.1581 0.5869 0.2550 
     DESIREE 0.1057 0.6927 0.2016 
       DITTA 0.0636 0.6782 0.2581 
 DR._MCINTOS 0.3479 0.4728 0.1793 
       DRAGA 0.3376 0.5617 0.1006 
 DUKE_OF_YOR 0.0337 0.4505 0.5158 
 DUNBAR_STAN 0.3373 0.2179 0.4448 
     DUNDROD 0.5517 0.1557 0.2925 
     ECLIPSE 0.1634 0.2812 0.5553 
        EDEN 0.6604 0.0085 0.3311 
 EDZELL_BLUE 0.1681 0.4095 0.4225 
   ELISABETH 0.2620 0.6614 0.0766 
     EMPEROR 0.3411 0.5004 0.1584 
         EOS 0.3893 0.4823 0.1284 
     EPICURE 0.1170 0.3965 0.4866 
  ERNTESTOLZ 0.1222 0.5277 0.3501 
      ESCORT 0.2671 0.6600 0.0729 
   ESMERALDA 0.2495 0.5173 0.2332 
      ESTIMA 0.2105 0.5558 0.2337 
 EVE_BALFOUR 0.4590 0.2734 0.2676 
   EXCALIBUR 0.7621 0.2281 0.0098 
     EXQUISA 0.0406 0.7266 0.2328 
    FESTIVAL 0.2356 0.6872 0.0772 
      FIANNA 0.2509 0.6570 0.0921 
   FIFTYFOLD 0.1527 0.2217 0.6255 
     FONTANE 0.2412 0.5890 0.1697 
   FORTYFOLD 0.0129 0.3298 0.6573 
 FRONTIER_RU 0.2417 0.4311 0.3272 
     G.81071 0.3967 0.4414 0.1619 
     G.88661 0.4365 0.4818 0.0817 
    G.886611 0.4846 0.4794 0.0361 
  G.8867Y%12 0.3718 0.5879 0.0403 
     G.88839 0.0235 0.8881 0.0885 
     G.88842 0.1548 0.7672 0.0780 
   GALACTICA 0.2288 0.5510 0.2202 
      GEMSON 0.3985 0.3732 0.2283 
  GL.76B/102 0.1571 0.3695 0.4734 
   GL.76B/94 0.0198 0.3912 0.5890 
  GL.77M/106 0.4877 0.2801 0.2322 
   GL.78/166 0.0517 0.2466 0.7017 
    GL.78/53 0.2689 0.1126 0.6186 
    GL.78/97 0.1402 0.2156 0.6442 
    GL.79/42 0.1901 0.1997 0.6102 
    GL.79/45 0.1570 0.2166 0.6264 
 GL.81_NT_25 0.4905 0.0165 0.4930 
   GLADIATOR 0.2968 0.6343 0.0690 
      GLAMIS 0.5243 0.3083 0.1674 
 GOLDEN_MILL 0.6604 0.1576 0.1820 
 GOLDEN_NUGG 0.3132 0.6268 0.0600 
 GOLDEN_WOND 0.0946 0.2521 0.6533 
     GRANOLA 0.2126 0.6136 0.1738 
    H1H3_101 0.5290 0.0042 0.4668 
      H1H3_3 0.5527 0.1512 0.2961 
 HARBOROUGH_ 0.8124 0.0876 0.1000 
   HARLEQUIN 0.2483 0.5148 0.2368 
      HERMES 0.1649 0.6216 0.2135 
 HIGHLAND_BU 0.0211 0.1019 0.8770 
  HOME_GUARD 0.3860 0.2810 0.3331 
     HORIZON 0.1283 0.5323 0.3394 
   INNOVATOR 0.1502 0.5184 0.3314 
 INTERNATION 0.0096 0.0459 0.9445 
 ISLE_OF_JUR 0.5609 0.2195 0.2195 
    JULIETTE 0.0965 0.7724 0.1311 
     KARLENA 0.2356 0.4817 0.2827 
 KERR'S_PINK 0.2195 0.1979 0.5826 
     KESTREL 0.7097 0.2664 0.0239 
       KIFLI 0.1695 0.5755 0.2549 
 KING_EDWARD 0.0942 0.0711 0.8347 
    KINGSTON 0.5809 0.1424 0.2767 
 KUFRI_CHAND 0.2504 0.4405 0.3091 
 KUFRI_JYOTI 0.2816 0.5398 0.1786 
      KURODA 0.1497 0.7265 0.1237 
 LADY_BALFOU 0.4777 0.3259 0.1964 
 LADY_CHRIST 0.1180 0.5015 0.3804 
 LADY_CLAIRE 0.0127 0.6601 0.3272 
     LADY_JO 0.0445 0.5166 0.4388 
 LADY_ROSETT 0.2345 0.5382 0.2273 
    LIBERTAS 0.0458 0.5408 0.4133 
       LINDA 0.0375 0.6755 0.2870 
      LINTON 0.3069 0.5299 0.1632 
 LINZER_DELI 0.0888 0.6418 0.2695 
   LIONHEART 0.1903 0.6550 0.1548 
   MADELEINE 0.1561 0.6794 0.1645 
   MADINGLEY 0.2657 0.5970 0.1373 
    MAJESTIC 0.2944 0.4970 0.2086 
     MARABEL 0.0880 0.8204 0.0917 
     MARFONA 0.1688 0.5477 0.2834 
     MARILYN 0.1435 0.6999 0.1566 
 MARIS_ANCHO 0.1690 0.5333 0.2977 
  MARIS_BARD 0.4424 0.2785 0.2791 
  MARIS_PEER 0.4049 0.3292 0.2659 
 MARIS_PIPER 0.7177 0.0076 0.2747 
     MARKIES 0.0561 0.7149 0.2289 
      MAXINE 0.5894 0.2607 0.1499 
      MEGARA 0.1174 0.7117 0.1709 
      MELODY 0.1820 0.5724 0.2456 
       MIDAS 0.4743 0.2620 0.2637 
       MILVA 0.0709 0.6652 0.2639 
        MIMI 0.4478 0.3721 0.1801 
        MIRA 0.0515 0.6225 0.3260 
       MOIRA 0.2069 0.5752 0.2179 
    MONTROSE 0.6277 0.0204 0.3520 
       MORAG 0.4383 0.2935 0.2682 
      MORENE 0.0347 0.6963 0.2690 
      MOZART 0.2134 0.7748 0.0117 
 MYATT'S_ASH 0.0074 0.1940 0.7986 
      NADINE 0.5958 0.3298 0.0744 
       NAVAN 0.7605 0.0619 0.1776 
 NDTX_4271_5 0.4229 0.4267 0.1505 
      NICOLA 0.0088 0.7195 0.2717 
     NOVELLA 0.2096 0.6880 0.1024 
     OLYMPUS 0.5236 0.2605 0.2159 
       OPERA 0.2731 0.6335 0.0934 
   ORCHESTRA 0.1948 0.6367 0.1685 
      ORIANA 0.0785 0.7417 0.1798 
     OTHELLO 0.5770 0.3931 0.0299 
     PALADIN 0.6299 0.0120 0.3581 
       PANDA 0.1738 0.7204 0.1058 
   PARAMOUNT 0.3143 0.6120 0.0737 
    PATRONES 0.1381 0.5394 0.3225 
 PENTLAND_AC 0.3324 0.4168 0.2507 
 PENTLAND_BE 0.1835 0.2947 0.5218 
 PENTLAND_CR 0.3516 0.4703 0.1781 
 PENTLAND_DE 0.3278 0.3516 0.3206 
 PENTLAND_IV 0.4092 0.4189 0.1720 
 PENTLAND_JA 0.2971 0.4841 0.2188 
 PENTLAND_MA 0.2080 0.6422 0.1499 
 PENTLAND_SQ 0.3334 0.4051 0.2615 
   PEPO_1978 0.1368 0.6377 0.2254 
     PICASSO 0.4336 0.5566 0.0098 
   PIMPERNEL 0.1233 0.6023 0.2745 
     PIONEER 0.0791 0.6648 0.2560 
       PIXIE 0.6136 0.3616 0.0248 
    PREMIERE 0.1211 0.5018 0.3771 
   PRODUCENT 0.2412 0.5317 0.2271 
     PROVOST 0.2643 0.5072 0.2285 
  R.P.LUSTRE 0.3332 0.3226 0.3442 
 RANGER_RUSS 0.0855 0.5237 0.3908 
       RATTE 0.2211 0.2159 0.5630 
      RECORD 0.0205 0.5957 0.3838 
   REMBRANDT 0.1622 0.5637 0.2741 
    RIO_ROJO 0.2930 0.5272 0.1798 
      ROBIJN 0.0114 0.5999 0.3887 
      ROCKET 0.6089 0.0922 0.2988 
   RODE_STAR 0.0306 0.4970 0.4724 
      ROMANO 0.2565 0.6926 0.0509 
       ROMEO 0.3215 0.4539 0.2246 
     ROOSTER 0.3408 0.4704 0.1888 
       ROYAL 0.3626 0.4043 0.2331 
 ROYAL_KIDNE 0.1168 0.3126 0.5705 
     RUBESSE 0.2076 0.6288 0.1636 
 RUSSET_BURB 0.2057 0.4827 0.3116 
 RUSSET_NORK 0.2749 0.4514 0.2737 
      SAFARI 0.2258 0.7172 0.0570 
     SANTANA 0.2310 0.5542 0.2148 
       SANTE 0.2468 0.5748 0.1784 
     SAPHIRE 0.2545 0.6556 0.0899 
  SARPO_MIRA 0.1442 0.6181 0.2377 
 SARPO_SHONA 0.1403 0.6901 0.1696 
       SASSY 0.1672 0.4926 0.3402 
     SATURNA 0.0248 0.5916 0.3836 
        SAVA 0.2076 0.6380 0.1544 
       SAXON 0.6519 0.1160 0.2321 
 SCARBOROUGH 0.7992 0.0192 0.1816 
 SEFTON_WOND 0.2954 0.1378 0.5668 
    SERAFINA 0.1085 0.7012 0.1904 
     SETANTA 0.5323 0.3600 0.1077 
 SHARPE'S_EX 0.1154 0.1963 0.6883 
     SHELAGH 0.3265 0.3552 0.3183 
    SHELFORD 0.1263 0.6018 0.2719 
     SHEPODY 0.2085 0.4640 0.3275 
      SLANEY 0.6042 0.3659 0.0299 
        SPEY 0.6090 0.3818 0.0092 
      SPUNTA 0.2693 0.4710 0.2597 
     STAMINA 0.8139 0.1588 0.0274 
    STEMSTER 0.3564 0.3565 0.2871 
 STORMONT_EN 0.2834 0.4287 0.2879 
    STIRLING 0.4911 0.4838 0.0251 
     SYLVANA 0.2446 0.5767 0.1787 
         TAY 0.6830 0.2691 0.0479 
      TIMATE 0.1591 0.6746 0.1663 
      TOLUCA 0.1008 0.7825 0.1167 
    TORRIDON 0.2430 0.5783 0.1787 
 ULSTER_SCEP 0.5089 0.2723 0.2187 
 UMATILLA_RU 0.3356 0.1786 0.4858 
 VALES_EMERA 0.3819 0.4367 0.1814 
 VALES_EVERE 0.5616 0.2746 0.1638 
 VALES_RUSSE 0.1748 0.4274 0.3978 
 VALES_SOVER 0.6926 0.2977 0.0097 
       VALOR 0.6889 0.3032 0.0078 
    VAN_GOGH 0.1382 0.5995 0.2623 
     VANTAGE 0.0659 0.4864 0.4477 
       VERDI 0.1421 0.5600 0.2979 
    VICTORIA 0.1470 0.6703 0.1826 
     VIVALDI 0.0744 0.7865 0.1391 
       WILJA 0.1034 0.5750 0.3216 
     WINSTON 0.6789 0.2909 0.0301 
      XD2-21 0.3294 0.3925 0.2781 
  YUKON_GOLD 0.4004 0.5182 0.0814 
       ZORBA 0.1523 0.5994 0.2483 
