  00C133-020 0.1003 0.0112 0.3632 0.0150 0.5103 
 01C_071-002 0.0803 0.3032 0.2561 0.1543 0.2061 
 02M_012-001 0.1069 0.0988 0.0351 0.1459 0.6133 
 03M_016-002 0.0506 0.0409 0.0978 0.4385 0.3722 
 03M_034-002 0.0370 0.0421 0.2081 0.1860 0.5267 
 04C_055-004 0.3044 0.1161 0.0326 0.0681 0.4788 
 04C_126-005 0.1132 0.1152 0.3691 0.0925 0.3100 
 04M_034-013 0.1257 0.0848 0.0488 0.2673 0.4733 
 05M_002-001 0.2132 0.3685 0.1362 0.1380 0.1441 
 05M_004-003 0.1431 0.3665 0.2799 0.0100 0.2005 
 05M_012-004 0.1497 0.2164 0.3537 0.0881 0.1921 
 06C_127-002 0.4585 0.0090 0.1705 0.0409 0.3210 
 12288_AF_23 0.2509 0.0343 0.2665 0.0161 0.4321 
    12601AB1 0.0621 0.0090 0.0184 0.4383 0.4722 
   12636_A_2 0.0477 0.0090 0.2322 0.2182 0.4928 
  15119_AC_5 0.0028 0.0291 0.5364 0.1903 0.2413 
     1512C16 0.2243 0.1011 0.3388 0.3202 0.0155 
   15144_A_3 0.2760 0.0829 0.5731 0.0311 0.0369 
     1563C14 0.2226 0.2645 0.0415 0.4451 0.0264 
     2182EF7 0.2212 0.0640 0.5007 0.1235 0.0905 
     3681AD1 0.1033 0.3776 0.3670 0.0499 0.1022 
     5008AB6 0.2860 0.2669 0.2931 0.0911 0.0628 
    8204_A_4 0.3261 0.0255 0.4253 0.0424 0.1806 
       AGRIA 0.3456 0.5221 0.0082 0.0458 0.0784 
       AILSA 0.2745 0.0070 0.0235 0.1313 0.5638 
      ALMERA 0.2472 0.4590 0.1729 0.0569 0.0640 
       ALPHA 0.1625 0.4182 0.1285 0.2322 0.0587 
      ALWARA 0.2867 0.3606 0.2767 0.0306 0.0454 
      AMADRA 0.2763 0.3312 0.0262 0.1442 0.2221 
       AMOUR 0.0791 0.0238 0.4446 0.0351 0.4174 
        ANNA 0.0064 0.0160 0.7973 0.1574 0.0229 
   ANNABELLE 0.4314 0.4688 0.0527 0.0319 0.0152 
        ANYA 0.4963 0.1692 0.0656 0.2201 0.0487 
       ARGOS 0.0453 0.1250 0.5776 0.0102 0.2419 
     ARIELLE 0.3224 0.4151 0.1232 0.1149 0.0243 
      ARKULA 0.2093 0.4468 0.1986 0.1288 0.0165 
      ARMADA 0.1970 0.3864 0.1711 0.1364 0.1091 
   AVALANCHE 0.0121 0.2786 0.2168 0.0470 0.4455 
     BAILLIE 0.1025 0.1795 0.2125 0.0164 0.4890 
    BALMORAL 0.0187 0.2411 0.6245 0.0873 0.0285 
     BAMBINO 0.1289 0.0778 0.2745 0.0158 0.5029 
       BARNA 0.3232 0.1015 0.4184 0.0494 0.1075 
 BELLE_DE_FO 0.0066 0.0592 0.0714 0.8593 0.0035 
       BENOL 0.0793 0.1000 0.0479 0.1636 0.6092 
       BF_15 0.0566 0.2123 0.0287 0.6973 0.0051 
      BINTJE 0.1231 0.2550 0.1774 0.3690 0.0755 
 BIONICA_EX_ 0.1850 0.2779 0.2615 0.1373 0.1383 
 BLUE_DANUBE 0.0076 0.5621 0.2604 0.1510 0.0190 
      BONNIE 0.2623 0.1743 0.2766 0.0323 0.2545 
      BOUNTY 0.1094 0.0950 0.3177 0.0186 0.4593 
 BRITISH_QUE 0.0054 0.2115 0.2822 0.4930 0.0080 
     BRODICK 0.3137 0.0097 0.1143 0.0111 0.5512 
      BRODIE 0.1578 0.0067 0.6072 0.1442 0.0841 
      BUCHAN 0.2815 0.0039 0.4893 0.0859 0.1395 
      BURREN 0.1997 0.1615 0.4445 0.0968 0.0975 
     CABARET 0.0169 0.0168 0.1448 0.2979 0.5237 
      CAESAR 0.4024 0.3890 0.1574 0.0044 0.0468 
        CARA 0.0915 0.0166 0.6987 0.0429 0.1503 
 CARLINGFORD 0.3512 0.0270 0.4081 0.1037 0.1101 
  CASABLANCA 0.0097 0.2370 0.4315 0.0050 0.3168 
      CELINE 0.1133 0.4158 0.2906 0.0658 0.1144 
  CHALLENGER 0.2643 0.3302 0.0391 0.1563 0.2101 
   CHARLOTTE 0.6630 0.0788 0.0078 0.1090 0.1414 
     CHICAGO 0.1571 0.2690 0.0126 0.0368 0.5245 
   CHIEFTAIN 0.4711 0.0106 0.2776 0.2105 0.0303 
      CHOPIN 0.2759 0.4052 0.2072 0.0787 0.0330 
      CLARET 0.1977 0.0219 0.6168 0.0430 0.1206 
      CORINE 0.0095 0.3336 0.3529 0.1132 0.1908 
      COSMOS 0.1219 0.4687 0.1828 0.1006 0.1260 
     COURAGE 0.2302 0.3502 0.2221 0.1214 0.0760 
     COURLAN 0.3483 0.1425 0.2588 0.1461 0.1043 
 CRAIGS_ROYA 0.1711 0.0061 0.4832 0.1277 0.2119 
 CRAIGS_SNOW 0.1183 0.0842 0.2505 0.3911 0.1558 
     CRAMOND 0.1530 0.1043 0.2297 0.0155 0.4975 
 CRISPS_FOR_ 0.3691 0.3095 0.1337 0.0784 0.1094 
    CROMWELL 0.0090 0.1177 0.0158 0.1944 0.6631 
       D22/1 0.0043 0.0671 0.2121 0.2004 0.5161 
       D23/3 0.0868 0.0667 0.1194 0.3411 0.3860 
      D47-11 0.0035 0.0625 0.0142 0.2224 0.6975 
       D49/1 0.0215 0.0549 0.0037 0.1507 0.7692 
       DAISY 0.1173 0.1985 0.0169 0.1854 0.4820 
 DARK_RED_NO 0.3348 0.0787 0.3180 0.2366 0.0319 
     DARWINA 0.1568 0.4566 0.1411 0.1412 0.1043 
     DESIREE 0.3751 0.2534 0.2231 0.1439 0.0045 
       DITTA 0.3248 0.4174 0.0772 0.1647 0.0158 
 DR._MCINTOS 0.2452 0.0325 0.4836 0.1842 0.0545 
       DRAGA 0.1602 0.3092 0.3330 0.0402 0.1574 
 DUKE_OF_YOR 0.0112 0.2921 0.2246 0.4684 0.0037 
 DUNBAR_STAN 0.1006 0.0118 0.3059 0.4261 0.1556 
     DUNDROD 0.1953 0.0263 0.0977 0.1878 0.4929 
     ECLIPSE 0.3614 0.0090 0.0549 0.5179 0.0568 
        EDEN 0.0341 0.0112 0.0311 0.2167 0.7069 
 EDZELL_BLUE 0.1394 0.2395 0.1913 0.3504 0.0794 
   ELISABETH 0.5524 0.2457 0.0331 0.0104 0.1584 
     EMPEROR 0.3631 0.1838 0.1659 0.0897 0.1975 
         EOS 0.4380 0.1372 0.1065 0.0389 0.2794 
     EPICURE 0.2868 0.0558 0.1906 0.4542 0.0126 
  ERNTESTOLZ 0.1917 0.3288 0.1659 0.2800 0.0335 
      ESCORT 0.3529 0.3865 0.0786 0.0086 0.1733 
   ESMERALDA 0.2666 0.3110 0.1183 0.1382 0.1659 
      ESTIMA 0.2736 0.3474 0.0999 0.1294 0.1497 
 EVE_BALFOUR 0.0972 0.0243 0.4414 0.2383 0.1987 
   EXCALIBUR 0.1070 0.0235 0.3756 0.0035 0.4904 
     EXQUISA 0.4303 0.3783 0.0492 0.1345 0.0076 
    FESTIVAL 0.3703 0.4052 0.0648 0.0090 0.1506 
      FIANNA 0.1773 0.3576 0.3734 0.0358 0.0559 
   FIFTYFOLD 0.1653 0.0708 0.0982 0.5726 0.0931 
     FONTANE 0.2585 0.4393 0.0400 0.0553 0.2069 
   FORTYFOLD 0.0058 0.3091 0.1052 0.5755 0.0044 
 FRONTIER_RU 0.3460 0.0857 0.1893 0.2857 0.0933 
     G.81071 0.2397 0.1106 0.3462 0.1273 0.1761 
     G.88661 0.3619 0.0808 0.2958 0.0327 0.2288 
    G.886611 0.4906 0.0090 0.2693 0.0110 0.2201 
  G.8867Y%12 0.4673 0.0333 0.4115 0.0251 0.0628 
     G.88839 0.5188 0.4590 0.0072 0.0082 0.0067 
     G.88842 0.3380 0.3860 0.2426 0.0179 0.0154 
   GALACTICA 0.0043 0.3790 0.4453 0.1612 0.0101 
      GEMSON 0.1913 0.0272 0.4413 0.2164 0.1238 
  GL.76B/102 0.2015 0.2590 0.0146 0.3537 0.1712 
   GL.76B/94 0.0140 0.3550 0.1207 0.5047 0.0056 
  GL.77M/106 0.3027 0.0116 0.2302 0.1705 0.2850 
   GL.78/166 0.0076 0.2779 0.0625 0.5949 0.0570 
    GL.78/53 0.2056 0.0292 0.0084 0.5096 0.2472 
    GL.78/97 0.1061 0.1861 0.0131 0.5394 0.1553 
    GL.79/42 0.2276 0.0870 0.0033 0.4985 0.1836 
    GL.79/45 0.2059 0.1050 0.0178 0.5290 0.1423 
 GL.81_NT_25 0.0034 0.1146 0.0217 0.3237 0.5365 
   GLADIATOR 0.3783 0.2538 0.2327 0.0142 0.1209 
      GLAMIS 0.2348 0.1317 0.1414 0.0597 0.4324 
 GOLDEN_MILL 0.1959 0.0201 0.1734 0.0870 0.5235 
 GOLDEN_NUGG 0.1710 0.3753 0.3092 0.0148 0.1296 
 GOLDEN_WOND 0.1548 0.1472 0.0543 0.5898 0.0539 
     GRANOLA 0.5705 0.2152 0.0075 0.0708 0.1360 
    H1H3_101 0.0024 0.0093 0.0056 0.3079 0.6749 
      H1H3_3 0.0704 0.0744 0.1962 0.2094 0.4497 
 HARBOROUGH_ 0.1689 0.0121 0.0838 0.0107 0.7245 
   HARLEQUIN 0.5375 0.1288 0.0174 0.1528 0.1636 
      HERMES 0.2157 0.4025 0.1848 0.1250 0.0720 
 HIGHLAND_BU 0.0052 0.1658 0.0201 0.7876 0.0212 
  HOME_GUARD 0.1882 0.0185 0.3063 0.3048 0.1821 
     HORIZON 0.0731 0.4753 0.1225 0.2210 0.1081 
   INNOVATOR 0.0064 0.3015 0.3889 0.2978 0.0054 
 INTERNATION 0.0041 0.1142 0.0136 0.8614 0.0066 
 ISLE_OF_JUR 0.1413 0.0912 0.1942 0.1253 0.4480 
    JULIETTE 0.5824 0.3598 0.0067 0.0221 0.0290 
     KARLENA 0.0086 0.3459 0.3643 0.2435 0.0377 
 KERR'S_PINK 0.1023 0.0197 0.2368 0.5517 0.0895 
     KESTREL 0.2291 0.0050 0.3794 0.0066 0.3800 
       KIFLI 0.4849 0.2417 0.0054 0.1328 0.1351 
 KING_EDWARD 0.1446 0.0123 0.0058 0.7737 0.0636 
    KINGSTON 0.0956 0.1101 0.1188 0.1558 0.5197 
 KUFRI_CHAND 0.1889 0.1638 0.2889 0.2655 0.0928 
 KUFRI_JYOTI 0.2201 0.1990 0.3862 0.1455 0.0493 
      KURODA 0.1420 0.5300 0.2583 0.0337 0.0360 
 LADY_BALFOU 0.1151 0.0431 0.4707 0.1717 0.1994 
 LADY_CHRIST 0.0849 0.4573 0.0848 0.2734 0.0997 
 LADY_CLAIRE 0.0051 0.7639 0.0405 0.1781 0.0124 
     LADY_JO 0.0028 0.6067 0.0916 0.2780 0.0209 
 LADY_ROSETT 0.2080 0.3548 0.1500 0.1379 0.1493 
    LIBERTAS 0.0026 0.5742 0.1500 0.2650 0.0081 
       LINDA 0.5361 0.2646 0.0048 0.1873 0.0073 
      LINTON 0.2425 0.2890 0.2037 0.0811 0.1837 
 LINZER_DELI 0.4427 0.3249 0.0170 0.1790 0.0365 
   LIONHEART 0.1647 0.4545 0.2379 0.0730 0.0700 
   MADELEINE 0.4138 0.4001 0.0342 0.0563 0.0956 
   MADINGLEY 0.3222 0.3151 0.1572 0.0457 0.1598 
    MAJESTIC 0.2625 0.0452 0.4515 0.2167 0.0241 
     MARABEL 0.3582 0.5000 0.1163 0.0114 0.0142 
     MARFONA 0.0331 0.4818 0.1895 0.1796 0.1160 
     MARILYN 0.3919 0.3503 0.1483 0.0830 0.0265 
 MARIS_ANCHO 0.2498 0.2972 0.1543 0.2234 0.0753 
  MARIS_BARD 0.0031 0.2158 0.3497 0.1950 0.2364 
  MARIS_PEER 0.1962 0.0174 0.3819 0.2452 0.1593 
 MARIS_PIPER 0.0049 0.0530 0.0059 0.1136 0.8225 
     MARKIES 0.3003 0.5169 0.0408 0.1131 0.0290 
      MAXINE 0.2100 0.0191 0.2774 0.0841 0.4094 
      MEGARA 0.3032 0.5353 0.0302 0.0451 0.0862 
      MELODY 0.1674 0.4287 0.1474 0.1429 0.1137 
       MIDAS 0.1543 0.2452 0.0057 0.0887 0.5061 
       MILVA 0.3568 0.4038 0.0474 0.1679 0.0241 
        MIMI 0.1105 0.2808 0.1826 0.0697 0.3563 
        MIRA 0.0077 0.5972 0.1739 0.2101 0.0111 
       MOIRA 0.2602 0.2922 0.2425 0.1500 0.0551 
    MONTROSE 0.1171 0.0084 0.0253 0.2374 0.6118 
       MORAG 0.1543 0.0136 0.4197 0.2406 0.1718 
      MORENE 0.0130 0.5811 0.2274 0.1748 0.0037 
      MOZART 0.5019 0.3466 0.0667 0.0032 0.0816 
 MYATT'S_ASH 0.0052 0.2474 0.0145 0.7285 0.0044 
      NADINE 0.3275 0.0588 0.1500 0.0093 0.4543 
       NAVAN 0.0920 0.0204 0.1459 0.0532 0.6885 
 NDTX_4271_5 0.5662 0.0062 0.1227 0.0841 0.2209 
      NICOLA 0.4100 0.4230 0.0054 0.1576 0.0041 
     NOVELLA 0.2604 0.3813 0.2699 0.0397 0.0488 
     OLYMPUS 0.3216 0.0072 0.1839 0.1498 0.3374 
       OPERA 0.2750 0.3753 0.1851 0.0185 0.1461 
   ORCHESTRA 0.3592 0.4032 0.0226 0.0582 0.1568 
      ORIANA 0.1482 0.4491 0.2915 0.1071 0.0042 
     OTHELLO 0.2168 0.0052 0.5925 0.0230 0.1624 
     PALADIN 0.0065 0.0663 0.0254 0.2211 0.6807 
       PANDA 0.5373 0.3232 0.0144 0.0155 0.1096 
   PARAMOUNT 0.2406 0.1931 0.4873 0.0547 0.0243 
    PATRONES 0.1619 0.3728 0.1701 0.2323 0.0630 
 PENTLAND_AC 0.2163 0.1508 0.2794 0.2002 0.1532 
 PENTLAND_BE 0.0095 0.1358 0.3399 0.5007 0.0141 
 PENTLAND_CR 0.1183 0.2484 0.3572 0.1269 0.1491 
 PENTLAND_DE 0.2153 0.0190 0.3960 0.3062 0.0634 
 PENTLAND_IV 0.3945 0.0047 0.3611 0.1572 0.0825 
 PENTLAND_JA 0.1450 0.1969 0.3839 0.2028 0.0714 
 PENTLAND_MA 0.1119 0.3432 0.4170 0.1183 0.0096 
 PENTLAND_SQ 0.2182 0.1011 0.3364 0.2288 0.1155 
   PEPO_1978 0.3445 0.4052 0.0316 0.1112 0.1075 
     PICASSO 0.0475 0.2531 0.5492 0.0037 0.1464 
   PIMPERNEL 0.1637 0.4927 0.0956 0.1580 0.0900 
     PIONEER 0.6117 0.2196 0.0058 0.1442 0.0187 
       PIXIE 0.2856 0.0253 0.3096 0.0054 0.3741 
    PREMIERE 0.0068 0.4912 0.1731 0.2760 0.0528 
   PRODUCENT 0.1818 0.4535 0.0359 0.0930 0.2359 
     PROVOST 0.2099 0.1611 0.3815 0.2067 0.0408 
  R.P.LUSTRE 0.3790 0.0229 0.1151 0.2800 0.2030 
 RANGER_RUSS 0.0330 0.2062 0.3833 0.3748 0.0027 
       RATTE 0.2769 0.0402 0.0085 0.4817 0.1928 
      RECORD 0.0079 0.6215 0.1105 0.2509 0.0093 
   REMBRANDT 0.1483 0.4615 0.0975 0.1587 0.1340 
    RIO_ROJO 0.3672 0.0935 0.3057 0.1574 0.0761 
      ROBIJN 0.0217 0.5961 0.0932 0.2832 0.0058 
      ROCKET 0.0971 0.0174 0.1606 0.2006 0.5242 
   RODE_STAR 0.1890 0.4329 0.0057 0.3282 0.0443 
      ROMANO 0.2823 0.3340 0.3229 0.0128 0.0480 
       ROMEO 0.4102 0.0208 0.2969 0.2049 0.0672 
     ROOSTER 0.2232 0.1604 0.3588 0.1518 0.1059 
       ROYAL 0.2641 0.2889 0.0117 0.0772 0.3581 
 ROYAL_KIDNE 0.0140 0.0825 0.3353 0.5638 0.0044 
     RUBESSE 0.4056 0.2460 0.1999 0.1102 0.0383 
 RUSSET_BURB 0.2157 0.1306 0.3448 0.2948 0.0142 
 RUSSET_NORK 0.4357 0.0082 0.2564 0.2629 0.0368 
      SAFARI 0.2027 0.4255 0.3179 0.0113 0.0427 
     SANTANA 0.1220 0.4197 0.1860 0.1258 0.1465 
       SANTE 0.1894 0.4406 0.1120 0.0688 0.1893 
     SAPHIRE 0.1753 0.4276 0.2696 0.0240 0.1035 
  SARPO_MIRA 0.3985 0.3315 0.0381 0.1465 0.0855 
 SARPO_SHONA 0.3828 0.4094 0.0633 0.0619 0.0827 
       SASSY 0.1879 0.3330 0.1291 0.2498 0.1002 
     SATURNA 0.1923 0.5317 0.0055 0.2306 0.0398 
        SAVA 0.4314 0.3115 0.0588 0.0667 0.1317 
       SAXON 0.1354 0.0353 0.1427 0.1203 0.5663 
 SCARBOROUGH 0.1745 0.0050 0.0272 0.0369 0.7563 
 SEFTON_WOND 0.0594 0.0144 0.2435 0.5287 0.1540 
    SERAFINA 0.4910 0.3012 0.0737 0.1195 0.0146 
     SETANTA 0.3147 0.0411 0.2812 0.0486 0.3145 
 SHARPE'S_EX 0.1106 0.1393 0.0350 0.6126 0.1024 
     SHELAGH 0.1204 0.1633 0.2765 0.2531 0.1866 
    SHELFORD 0.2263 0.3545 0.1971 0.1952 0.0269 
     SHEPODY 0.0043 0.2372 0.4604 0.2922 0.0058 
      SLANEY 0.2484 0.0110 0.4331 0.0095 0.2979 
        SPEY 0.1728 0.0338 0.4948 0.0044 0.2941 
      SPUNTA 0.4045 0.1250 0.1327 0.2066 0.1310 
     STAMINA 0.0154 0.0575 0.3026 0.0044 0.6200 
    STEMSTER 0.1522 0.2713 0.0880 0.1616 0.3269 
 STORMONT_EN 0.0815 0.2957 0.2442 0.1948 0.1838 
    STIRLING 0.2559 0.0694 0.4861 0.0151 0.1736 
     SYLVANA 0.2689 0.2803 0.2391 0.1148 0.0968 
         TAY 0.2727 0.0076 0.2775 0.0086 0.4336 
      TIMATE 0.3903 0.4260 0.0074 0.0402 0.1361 
      TOLUCA 0.3724 0.3745 0.2048 0.0421 0.0062 
    TORRIDON 0.1333 0.3447 0.3436 0.1030 0.0754 
 ULSTER_SCEP 0.0950 0.0712 0.3624 0.1710 0.3004 
 UMATILLA_RU 0.0398 0.1919 0.0655 0.3639 0.3388 
 VALES_EMERA 0.5198 0.0393 0.0740 0.1029 0.2640 
 VALES_EVERE 0.1535 0.0117 0.4263 0.1300 0.2785 
 VALES_RUSSE 0.2378 0.1285 0.2368 0.3599 0.0370 
 VALES_SOVER 0.0276 0.0297 0.5908 0.0039 0.3480 
       VALOR 0.0961 0.0327 0.4827 0.0031 0.3853 
    VAN_GOGH 0.1711 0.5122 0.0618 0.1380 0.1170 
     VANTAGE 0.0057 0.4446 0.1957 0.3448 0.0092 
       VERDI 0.2203 0.4245 0.0508 0.1798 0.1245 
    VICTORIA 0.2465 0.4303 0.1750 0.1076 0.0406 
     VIVALDI 0.1743 0.4530 0.2957 0.0729 0.0041 
       WILJA 0.0023 0.5639 0.2350 0.1907 0.0080 
     WINSTON 0.3011 0.0080 0.2453 0.0055 0.4401 
      XD2-21 0.1961 0.0695 0.3758 0.2587 0.0999 
  YUKON_GOLD 0.4618 0.1012 0.1738 0.0233 0.2400 
       ZORBA 0.0199 0.4364 0.3324 0.2000 0.0113 
