  00C133-020 0.0029 0.1588 0.3376 0.0967 0.0219 0.2293 0.0129 0.0032 0.0084 0.1284 
 01C_071-002 0.1199 0.0021 0.1615 0.0401 0.0458 0.2354 0.0429 0.2196 0.0532 0.0797 
 02M_012-001 0.0140 0.0123 0.4309 0.0029 0.0309 0.0542 0.0566 0.0889 0.0383 0.2710 
 03M_016-002 0.2099 0.0064 0.3755 0.0089 0.0047 0.0160 0.2607 0.0594 0.0090 0.0494 
 03M_034-002 0.0024 0.0140 0.3203 0.1447 0.0074 0.0483 0.1165 0.0712 0.0014 0.2740 
 04C_055-004 0.0101 0.1833 0.4254 0.0448 0.0050 0.0083 0.0143 0.1384 0.1390 0.0314 
 04C_126-005 0.0037 0.0695 0.1776 0.1312 0.0428 0.2609 0.0679 0.0709 0.0119 0.1637 
 04M_034-013 0.1006 0.0463 0.3836 0.0627 0.0100 0.0051 0.1561 0.0879 0.0097 0.1380 
 05M_002-001 0.0872 0.0114 0.1177 0.1510 0.1571 0.0420 0.0931 0.0950 0.2256 0.0198 
 05M_004-003 0.0095 0.0155 0.0752 0.1637 0.2738 0.1683 0.0065 0.0048 0.2006 0.0821 
 05M_012-004 0.1065 0.1398 0.0331 0.1442 0.2316 0.1022 0.0209 0.0286 0.0084 0.1847 
 06C_127-002 0.0241 0.1584 0.0866 0.1274 0.0034 0.0436 0.0144 0.0653 0.1190 0.3578 
 12288_AF_23 0.0285 0.4067 0.2778 0.0046 0.0913 0.0600 0.0033 0.0086 0.0348 0.0845 
    12601AB1 0.0034 0.0021 0.1507 0.0023 0.0084 0.0051 0.3163 0.0477 0.0021 0.4620 
   12636_A_2 0.0168 0.0851 0.2764 0.0350 0.0278 0.0876 0.1492 0.0041 0.0022 0.3158 
  15119_AC_5 0.0207 0.0077 0.2788 0.0128 0.0068 0.4705 0.1189 0.0800 0.0011 0.0027 
     1512C16 0.1446 0.2079 0.0039 0.1156 0.1003 0.0883 0.2368 0.0420 0.0312 0.0295 
   15144_A_3 0.0028 0.1396 0.0053 0.0087 0.0025 0.5592 0.0289 0.1223 0.1265 0.0042 
     1563C14 0.0316 0.1189 0.0166 0.0036 0.1545 0.0182 0.3401 0.1890 0.1226 0.0050 
     2182EF7 0.0869 0.0321 0.0097 0.3196 0.0097 0.2407 0.1006 0.0079 0.0362 0.1567 
     3681AD1 0.0842 0.0043 0.0065 0.0993 0.2979 0.2455 0.0134 0.0523 0.0789 0.1179 
     5008AB6 0.0069 0.0208 0.0046 0.2166 0.0242 0.1766 0.0459 0.2499 0.0509 0.2036 
    8204_A_4 0.0212 0.1520 0.0130 0.2282 0.0107 0.2241 0.0489 0.0227 0.0425 0.2367 
       AGRIA 0.0287 0.0026 0.0081 0.0841 0.3130 0.0048 0.0574 0.0038 0.4893 0.0082 
       AILSA 0.0558 0.0834 0.4059 0.0267 0.0026 0.0078 0.0786 0.0146 0.1108 0.2136 
      ALMERA 0.1299 0.0133 0.0887 0.2222 0.1219 0.0184 0.0098 0.1622 0.2305 0.0031 
       ALPHA 0.0852 0.1468 0.0200 0.0433 0.2780 0.0072 0.1159 0.2564 0.0065 0.0406 
      ALWARA 0.0429 0.1821 0.0279 0.0700 0.0293 0.1870 0.0034 0.3915 0.0286 0.0373 
      AMADRA 0.0236 0.0813 0.1364 0.0635 0.1516 0.0084 0.0892 0.1911 0.1553 0.0998 
       AMOUR 0.0398 0.0720 0.2739 0.0114 0.0138 0.4207 0.0148 0.0144 0.0225 0.1167 
        ANNA 0.0042 0.0048 0.0043 0.1631 0.0062 0.6394 0.1613 0.0046 0.0020 0.0100 
   ANNABELLE 0.0069 0.0089 0.0176 0.3382 0.0200 0.0071 0.0226 0.3020 0.2671 0.0096 
        ANYA 0.0156 0.1837 0.0059 0.0602 0.0048 0.0220 0.1599 0.2381 0.2063 0.1036 
       ARGOS 0.0152 0.1862 0.2125 0.0541 0.0252 0.4276 0.0045 0.0215 0.0509 0.0023 
     ARIELLE 0.0960 0.0573 0.0444 0.1342 0.0623 0.0638 0.0500 0.2464 0.2432 0.0023 
      ARKULA 0.0254 0.1687 0.0055 0.2169 0.2262 0.0109 0.0707 0.2445 0.0226 0.0086 
      ARMADA 0.0181 0.1274 0.1480 0.2417 0.1060 0.0084 0.0554 0.2699 0.0200 0.0051 
   AVALANCHE 0.1393 0.0262 0.3969 0.0854 0.1862 0.0865 0.0045 0.0187 0.0284 0.0280 
     BAILLIE 0.0846 0.0651 0.4162 0.0676 0.0559 0.1073 0.0034 0.0727 0.0339 0.0933 
    BALMORAL 0.1821 0.0148 0.0114 0.1827 0.1157 0.3870 0.0161 0.0731 0.0038 0.0132 
     BAMBINO 0.0070 0.1315 0.3852 0.0651 0.0463 0.1920 0.0101 0.0079 0.0616 0.0933 
       BARNA 0.0351 0.3136 0.0344 0.0105 0.0153 0.3134 0.0204 0.1916 0.0409 0.0248 
 BELLE_DE_FO 0.0332 0.0126 0.0048 0.0035 0.0278 0.0636 0.7541 0.0954 0.0033 0.0018 
       BENOL 0.0033 0.0018 0.3472 0.0990 0.0473 0.0068 0.1088 0.0034 0.0471 0.3355 
       BF_15 0.0046 0.0056 0.0035 0.0183 0.0887 0.0498 0.6181 0.1437 0.0649 0.0029 
      BINTJE 0.0782 0.1138 0.0838 0.1068 0.1577 0.0290 0.2633 0.1240 0.0370 0.0065 
 BIONICA_EX_ 0.0086 0.0103 0.0130 0.2570 0.1673 0.0702 0.0977 0.1124 0.0306 0.2330 
 BLUE_DANUBE 0.1149 0.0041 0.0247 0.1593 0.3166 0.0961 0.0392 0.2341 0.0049 0.0061 
      BONNIE 0.0114 0.2179 0.1061 0.1193 0.1233 0.1277 0.0285 0.0650 0.0778 0.1230 
      BOUNTY 0.0038 0.1753 0.3113 0.0261 0.1346 0.1996 0.0090 0.0024 0.0603 0.0777 
 BRITISH_QUE 0.2093 0.0042 0.0571 0.2025 0.1097 0.0254 0.3778 0.0075 0.0054 0.0010 
     BRODICK 0.0188 0.0232 0.1701 0.1238 0.0116 0.0227 0.0041 0.0108 0.0441 0.5708 
      BRODIE 0.0666 0.2581 0.0076 0.0508 0.0152 0.4165 0.1374 0.0041 0.0083 0.0354 
      BUCHAN 0.0533 0.2919 0.0349 0.0157 0.0038 0.3676 0.0945 0.0056 0.0848 0.0479 
      BURREN 0.0553 0.0850 0.0174 0.0108 0.0416 0.4263 0.0822 0.1037 0.1184 0.0593 
     CABARET 0.0058 0.1239 0.4667 0.0483 0.0194 0.0172 0.2044 0.0120 0.0033 0.0990 
      CAESAR 0.0688 0.1344 0.0034 0.1170 0.2470 0.0268 0.0016 0.0758 0.2699 0.0552 
        CARA 0.0051 0.1748 0.0251 0.0120 0.0205 0.6442 0.0681 0.0111 0.0119 0.0272 
 CARLINGFORD 0.1527 0.2553 0.0632 0.2638 0.0036 0.0611 0.0436 0.0530 0.0520 0.0518 
  CASABLANCA 0.0559 0.0053 0.2249 0.2009 0.1528 0.2675 0.0022 0.0035 0.0195 0.0675 
      CELINE 0.0027 0.2447 0.0127 0.2130 0.2725 0.0374 0.0353 0.1336 0.0078 0.0403 
  CHALLENGER 0.0484 0.1010 0.1108 0.1186 0.2062 0.0034 0.1271 0.0211 0.2270 0.0364 
   CHARLOTTE 0.0031 0.1420 0.0088 0.0167 0.0024 0.0066 0.1203 0.1224 0.4072 0.1706 
     CHICAGO 0.0098 0.0059 0.4149 0.0220 0.1068 0.0293 0.0118 0.1067 0.1680 0.1249 
   CHIEFTAIN 0.2240 0.3318 0.0037 0.0145 0.0172 0.0111 0.1172 0.0035 0.1934 0.0836 
      CHOPIN 0.1003 0.0605 0.0256 0.3250 0.0820 0.0080 0.0084 0.2562 0.0935 0.0405 
      CLARET 0.0151 0.1994 0.0496 0.0214 0.0031 0.5363 0.0326 0.1176 0.0152 0.0097 
      CORINE 0.1811 0.0040 0.0707 0.0742 0.2531 0.1767 0.0218 0.0321 0.0153 0.1708 
      COSMOS 0.1908 0.0535 0.0713 0.1498 0.2496 0.0078 0.0118 0.1834 0.0297 0.0523 
     COURAGE 0.0775 0.2383 0.0201 0.1283 0.2126 0.0081 0.0204 0.2221 0.0108 0.0617 
     COURLAN 0.2978 0.1220 0.0125 0.0022 0.0755 0.1135 0.0270 0.0210 0.2335 0.0949 
 CRAIGS_ROYA 0.1082 0.3198 0.1270 0.0189 0.0129 0.2884 0.0972 0.0038 0.0085 0.0155 
 CRAIGS_SNOW 0.1754 0.1410 0.1701 0.0539 0.0508 0.0588 0.2738 0.0129 0.0600 0.0033 
     CRAMOND 0.0089 0.0588 0.2676 0.2397 0.0711 0.0193 0.0053 0.0092 0.0064 0.3136 
 CRISPS_FOR_ 0.0620 0.2613 0.0321 0.0788 0.1902 0.0100 0.0275 0.1452 0.1647 0.0283 
    CROMWELL 0.0042 0.0125 0.6347 0.0029 0.0194 0.0689 0.1256 0.0878 0.0240 0.0201 
       D22/1 0.0379 0.1111 0.5571 0.0320 0.0595 0.0660 0.1230 0.0042 0.0072 0.0019 
       D23/3 0.0759 0.1335 0.3830 0.0164 0.0533 0.0163 0.2487 0.0123 0.0530 0.0077 
      D47-11 0.0200 0.0030 0.7109 0.0100 0.0230 0.0096 0.1168 0.0623 0.0033 0.0413 
       D49/1 0.0034 0.0304 0.7354 0.0170 0.0053 0.0015 0.0649 0.0730 0.0077 0.0614 
       DAISY 0.0108 0.0454 0.3759 0.0118 0.1234 0.0062 0.1191 0.0929 0.0787 0.1358 
 DARK_RED_NO 0.3594 0.0711 0.0219 0.1196 0.0041 0.1012 0.0691 0.0979 0.1173 0.0384 
     DARWINA 0.1489 0.0743 0.0938 0.0959 0.2715 0.0058 0.0337 0.1513 0.1206 0.0042 
     DESIREE 0.0739 0.3227 0.0030 0.0070 0.0222 0.0927 0.0424 0.3886 0.0433 0.0041 
       DITTA 0.0888 0.0104 0.0219 0.1717 0.1029 0.0156 0.1271 0.1491 0.3099 0.0026 
 DR._MCINTOS 0.2316 0.2388 0.0301 0.3676 0.0047 0.0088 0.0927 0.0076 0.0040 0.0141 
       DRAGA 0.2901 0.0119 0.0445 0.1502 0.1868 0.0792 0.0034 0.0222 0.0907 0.1210 
 DUKE_OF_YOR 0.2279 0.0020 0.0032 0.2598 0.0808 0.0037 0.3465 0.0700 0.0040 0.0020 
 DUNBAR_STAN 0.2307 0.1661 0.1396 0.0991 0.0136 0.0505 0.2854 0.0040 0.0078 0.0032 
     DUNDROD 0.1016 0.0741 0.4178 0.0045 0.0058 0.0704 0.0883 0.0464 0.1037 0.0874 
     ECLIPSE 0.2035 0.1916 0.0147 0.0413 0.0021 0.0018 0.3812 0.0911 0.0382 0.0345 
        EDEN 0.0095 0.0172 0.5491 0.0090 0.0071 0.0052 0.1195 0.0117 0.0032 0.2685 
 EDZELL_BLUE 0.0829 0.1086 0.0193 0.0590 0.1602 0.0733 0.2493 0.1443 0.0259 0.0771 
   ELISABETH 0.0045 0.2637 0.0599 0.2359 0.0078 0.0029 0.0059 0.2196 0.1761 0.0237 
     EMPEROR 0.2699 0.1005 0.0998 0.0751 0.0918 0.0074 0.0099 0.0081 0.2397 0.0976 
         EOS 0.0905 0.2607 0.1521 0.0902 0.0400 0.0053 0.0106 0.1098 0.1479 0.0928 
     EPICURE 0.1561 0.2283 0.0038 0.0886 0.0069 0.0028 0.3188 0.1525 0.0057 0.0364 
  ERNTESTOLZ 0.1208 0.0053 0.0167 0.1701 0.1084 0.0698 0.2162 0.0983 0.1772 0.0171 
      ESCORT 0.0056 0.1668 0.0194 0.0867 0.2146 0.0179 0.0034 0.1775 0.1708 0.1373 
   ESMERALDA 0.0071 0.2183 0.0451 0.1067 0.1934 0.0106 0.0985 0.1684 0.0677 0.0843 
      ESTIMA 0.1115 0.1631 0.0833 0.1638 0.1326 0.0032 0.0462 0.1796 0.0759 0.0408 
 EVE_BALFOUR 0.0587 0.0200 0.0248 0.0793 0.0068 0.3267 0.1654 0.0771 0.0031 0.2380 
   EXCALIBUR 0.0022 0.0586 0.2875 0.0698 0.0278 0.3462 0.0025 0.0021 0.0761 0.1272 
     EXQUISA 0.0070 0.0654 0.0070 0.1257 0.0097 0.0856 0.0844 0.3909 0.2162 0.0080 
    FESTIVAL 0.0071 0.1458 0.0668 0.1972 0.1723 0.0045 0.0037 0.1751 0.1920 0.0356 
      FIANNA 0.1303 0.0600 0.0245 0.2666 0.1582 0.1333 0.0058 0.1233 0.0700 0.0280 
   FIFTYFOLD 0.0975 0.1440 0.0475 0.0024 0.0506 0.0356 0.4511 0.1050 0.0227 0.0436 
     FONTANE 0.0672 0.0350 0.1113 0.0658 0.3241 0.0048 0.0314 0.0027 0.3520 0.0056 
   FORTYFOLD 0.1450 0.0022 0.0031 0.0123 0.2286 0.0160 0.4499 0.1123 0.0085 0.0222 
 FRONTIER_RU 0.3880 0.1412 0.0422 0.0273 0.0149 0.0069 0.1180 0.0704 0.1208 0.0702 
     G.81071 0.0487 0.1464 0.0616 0.2695 0.0218 0.0997 0.0933 0.0719 0.0237 0.1635 
     G.88661 0.1380 0.2160 0.1338 0.3017 0.0447 0.0067 0.0100 0.0061 0.1027 0.0402 
    G.886611 0.0698 0.3226 0.1037 0.2913 0.0051 0.0048 0.0065 0.0033 0.1344 0.0586 
  G.8867Y%12 0.1019 0.2616 0.0255 0.3910 0.0049 0.0359 0.0166 0.0225 0.1337 0.0065 
     G.88839 0.0021 0.0103 0.0038 0.3018 0.0040 0.0027 0.0040 0.3992 0.2590 0.0132 
     G.88842 0.0332 0.0158 0.0144 0.3907 0.0182 0.0788 0.0102 0.2471 0.1713 0.0203 
   GALACTICA 0.1187 0.0021 0.0092 0.0701 0.1552 0.3774 0.0758 0.1819 0.0074 0.0021 
      GEMSON 0.1194 0.2172 0.0819 0.1262 0.0105 0.2015 0.1705 0.0064 0.0549 0.0115 
  GL.76B/102 0.1728 0.0044 0.1890 0.0111 0.0079 0.0051 0.1916 0.2490 0.1338 0.0353 
   GL.76B/94 0.0814 0.0018 0.0041 0.0073 0.1248 0.1283 0.3523 0.2887 0.0042 0.0072 
  GL.77M/106 0.0237 0.1187 0.0503 0.0081 0.0059 0.1897 0.1425 0.0621 0.0838 0.3152 
   GL.78/166 0.1311 0.0026 0.1362 0.0074 0.0475 0.0182 0.3907 0.2589 0.0037 0.0037 
    GL.78/53 0.0155 0.0182 0.1593 0.0014 0.0040 0.0085 0.3809 0.1754 0.0662 0.1705 
    GL.78/97 0.0508 0.0063 0.1077 0.0034 0.0282 0.0140 0.4014 0.2309 0.0375 0.1198 
    GL.79/42 0.0028 0.1385 0.1011 0.0015 0.0485 0.0020 0.3799 0.1938 0.0424 0.0895 
    GL.79/45 0.0036 0.1228 0.0794 0.0057 0.0078 0.0213 0.4020 0.2669 0.0088 0.0816 
 GL.81_NT_25 0.0052 0.0019 0.5541 0.0084 0.0776 0.0602 0.2555 0.0160 0.0131 0.0081 
   GLADIATOR 0.1893 0.2254 0.0180 0.0049 0.1671 0.0711 0.0021 0.1162 0.1552 0.0504 
      GLAMIS 0.0580 0.1853 0.3894 0.1246 0.0281 0.0079 0.0189 0.0342 0.1297 0.0239 
 GOLDEN_MILL 0.0040 0.0140 0.2033 0.1617 0.0164 0.0764 0.0469 0.0117 0.0161 0.4494 
 GOLDEN_NUGG 0.0017 0.3693 0.0058 0.2097 0.3283 0.0134 0.0073 0.0197 0.0224 0.0222 
 GOLDEN_WOND 0.0768 0.1184 0.0096 0.0044 0.1375 0.0070 0.4646 0.1187 0.0144 0.0487 
     GRANOLA 0.0195 0.0707 0.0190 0.0643 0.0088 0.0138 0.0503 0.2241 0.3335 0.1959 
    H1H3_101 0.0271 0.0014 0.7079 0.0030 0.0041 0.0088 0.2282 0.0066 0.0041 0.0090 
      H1H3_3 0.0162 0.1269 0.3339 0.1616 0.0714 0.0093 0.1480 0.0043 0.0086 0.1198 
 HARBOROUGH_ 0.0072 0.0050 0.3249 0.0757 0.0181 0.0046 0.0022 0.0013 0.0209 0.5401 
   HARLEQUIN 0.0115 0.1752 0.0202 0.0025 0.0220 0.0372 0.1466 0.0779 0.3832 0.1238 
      HERMES 0.1572 0.0045 0.0570 0.0041 0.1163 0.2030 0.0177 0.2063 0.2280 0.0058 
 HIGHLAND_BU 0.0021 0.0018 0.0053 0.0746 0.0875 0.0024 0.6976 0.0707 0.0021 0.0560 
  HOME_GUARD 0.0504 0.2089 0.0819 0.1512 0.0535 0.0824 0.2691 0.0017 0.0785 0.0224 
     HORIZON 0.0049 0.0765 0.0884 0.1243 0.3201 0.0170 0.1514 0.1360 0.0777 0.0036 
   INNOVATOR 0.3396 0.0030 0.0039 0.2173 0.2101 0.0508 0.1402 0.0244 0.0032 0.0075 
 INTERNATION 0.0243 0.0019 0.0071 0.0039 0.1259 0.0136 0.7890 0.0210 0.0101 0.0031 
 ISLE_OF_JUR 0.0244 0.0146 0.3996 0.1808 0.0045 0.1222 0.0863 0.0773 0.0429 0.0473 
    JULIETTE 0.0026 0.0159 0.0057 0.0912 0.0546 0.0246 0.0910 0.0787 0.6063 0.0293 
     KARLENA 0.3146 0.0022 0.0153 0.0060 0.1908 0.2334 0.0727 0.1167 0.0107 0.0376 
 KERR'S_PINK 0.1764 0.1309 0.0682 0.0615 0.0276 0.0644 0.4267 0.0179 0.0075 0.0189 
     KESTREL 0.0087 0.3419 0.2536 0.0040 0.0061 0.3132 0.0045 0.0041 0.0427 0.0211 
       KIFLI 0.0697 0.0445 0.0359 0.0040 0.0049 0.0044 0.0190 0.3835 0.2163 0.2178 
 KING_EDWARD 0.0399 0.1090 0.0580 0.0040 0.0075 0.0022 0.6566 0.0855 0.0167 0.0206 
    KINGSTON 0.0022 0.0176 0.3120 0.0842 0.1094 0.0609 0.1294 0.0047 0.0480 0.2316 
 KUFRI_CHAND 0.2257 0.1031 0.0795 0.1421 0.0944 0.0425 0.1783 0.0035 0.1269 0.0041 
 KUFRI_JYOTI 0.0321 0.0388 0.0049 0.1765 0.0768 0.2402 0.0850 0.1534 0.0221 0.1701 
      KURODA 0.1635 0.0050 0.0194 0.1492 0.2623 0.1064 0.0035 0.1551 0.1300 0.0056 
 LADY_BALFOU 0.0461 0.1281 0.1374 0.1276 0.0101 0.3098 0.1282 0.0524 0.0048 0.0555 
 LADY_CHRIST 0.0600 0.0815 0.0139 0.0504 0.3210 0.0086 0.1660 0.2075 0.0109 0.0802 
 LADY_CLAIRE 0.0048 0.0010 0.0060 0.1211 0.4420 0.0048 0.1141 0.1321 0.1720 0.0022 
     LADY_JO 0.0563 0.0038 0.0155 0.0948 0.4838 0.0053 0.1901 0.1451 0.0023 0.0030 
 LADY_ROSETT 0.0631 0.2952 0.0412 0.0178 0.3248 0.0069 0.0511 0.1426 0.0077 0.0496 
    LIBERTAS 0.0120 0.0084 0.0050 0.0041 0.5102 0.0683 0.1421 0.2434 0.0015 0.0049 
       LINDA 0.0107 0.0116 0.0051 0.0204 0.0046 0.0731 0.1843 0.2296 0.4520 0.0086 
      LINTON 0.2234 0.0680 0.1253 0.0028 0.1318 0.1308 0.0067 0.0679 0.2327 0.0106 
 LINZER_DELI 0.0468 0.1688 0.0043 0.0223 0.0691 0.0028 0.0952 0.2905 0.1975 0.1028 
   LIONHEART 0.1018 0.0687 0.0091 0.2019 0.3083 0.0539 0.0176 0.0912 0.1075 0.0400 
   MADELEINE 0.0025 0.1301 0.0216 0.1545 0.1385 0.0086 0.0348 0.2294 0.2374 0.0426 
   MADINGLEY 0.2163 0.0172 0.0843 0.0027 0.0357 0.1545 0.0022 0.2185 0.1991 0.0696 
    MAJESTIC 0.2501 0.1736 0.0075 0.3324 0.0066 0.0420 0.1191 0.0130 0.0256 0.0301 
     MARABEL 0.0714 0.0283 0.0085 0.2310 0.1308 0.0152 0.0045 0.2419 0.2511 0.0173 
     MARFONA 0.0962 0.0855 0.0671 0.1466 0.3724 0.0173 0.0886 0.1118 0.0096 0.0049 
     MARILYN 0.0299 0.0514 0.0061 0.1343 0.0520 0.1083 0.0611 0.2146 0.2696 0.0727 
 MARIS_ANCHO 0.1145 0.0996 0.0584 0.2276 0.0526 0.0068 0.1348 0.2195 0.0410 0.0453 
  MARIS_BARD 0.0894 0.0112 0.2325 0.2738 0.1983 0.0498 0.1264 0.0062 0.0017 0.0107 
  MARIS_PEER 0.1685 0.1556 0.1493 0.1329 0.0058 0.1387 0.1600 0.0050 0.0768 0.0074 
 MARIS_PIPER 0.0038 0.0043 0.7849 0.0050 0.0243 0.0070 0.0608 0.0045 0.0446 0.0608 
     MARKIES 0.0356 0.0715 0.0104 0.0221 0.3126 0.0262 0.0631 0.1820 0.2686 0.0079 
      MAXINE 0.1618 0.2957 0.3656 0.0537 0.0133 0.0307 0.0083 0.0056 0.0508 0.0145 
      MEGARA 0.0041 0.0316 0.0209 0.0848 0.3205 0.0282 0.0509 0.1150 0.3310 0.0129 
      MELODY 0.0529 0.0136 0.0507 0.0769 0.2043 0.1208 0.0736 0.2116 0.1229 0.0727 
       MIDAS 0.0056 0.0216 0.4761 0.0043 0.0987 0.0070 0.0321 0.1189 0.2060 0.0297 
       MILVA 0.0196 0.0120 0.0104 0.1777 0.0757 0.0198 0.1211 0.2765 0.2165 0.0707 
        MIMI 0.0026 0.2704 0.1736 0.0529 0.2451 0.0243 0.0310 0.0748 0.0097 0.1156 
        MIRA 0.0038 0.0045 0.0154 0.3031 0.2729 0.0087 0.1379 0.2465 0.0044 0.0030 
       MOIRA 0.0467 0.0287 0.0633 0.2413 0.0176 0.1215 0.0973 0.2278 0.1244 0.0314 
    MONTROSE 0.0054 0.0029 0.3128 0.0047 0.0054 0.0162 0.1566 0.0164 0.0064 0.4732 
       MORAG 0.0109 0.2222 0.0456 0.2152 0.0104 0.1138 0.1717 0.0355 0.0021 0.1727 
      MORENE 0.0851 0.0055 0.0025 0.1693 0.3874 0.0532 0.0972 0.1865 0.0088 0.0045 
      MOZART 0.0063 0.1176 0.0024 0.1606 0.1624 0.0055 0.0017 0.1160 0.2727 0.1549 
 MYATT'S_ASH 0.0194 0.0014 0.0055 0.0579 0.1290 0.0163 0.6379 0.1015 0.0291 0.0020 
      NADINE 0.0079 0.3217 0.3220 0.0373 0.0405 0.0296 0.0039 0.0252 0.1258 0.0861 
       NAVAN 0.0147 0.1410 0.6271 0.1044 0.0098 0.0135 0.0166 0.0117 0.0109 0.0504 
 NDTX_4271_5 0.2121 0.3822 0.0628 0.0060 0.0040 0.0030 0.0112 0.0178 0.1603 0.1407 
      NICOLA 0.0646 0.0061 0.0040 0.0901 0.0182 0.0080 0.1239 0.2988 0.3828 0.0034 
     NOVELLA 0.0059 0.1386 0.0241 0.2870 0.1460 0.0670 0.0205 0.1845 0.1149 0.0115 
     OLYMPUS 0.1155 0.1706 0.1100 0.0460 0.0124 0.0287 0.0946 0.0085 0.0556 0.3581 
       OPERA 0.0619 0.1137 0.0111 0.0510 0.2881 0.1030 0.0083 0.0509 0.2098 0.1021 
   ORCHESTRA 0.0040 0.1001 0.0843 0.1168 0.1538 0.0160 0.0463 0.1646 0.2852 0.0290 
      ORIANA 0.1308 0.0058 0.0059 0.2989 0.0661 0.1102 0.0169 0.3287 0.0338 0.0028 
     OTHELLO 0.0682 0.2645 0.0576 0.0073 0.0081 0.4921 0.0217 0.0048 0.0629 0.0128 
     PALADIN 0.0476 0.0045 0.6004 0.0110 0.0704 0.0054 0.1301 0.0069 0.0053 0.1184 
       PANDA 0.0116 0.1086 0.0627 0.0182 0.0274 0.0582 0.0059 0.2451 0.4063 0.0561 
   PARAMOUNT 0.0167 0.2745 0.0039 0.0340 0.0966 0.2944 0.0115 0.2105 0.0064 0.0515 
    PATRONES 0.0984 0.0392 0.0643 0.1532 0.1960 0.0308 0.1533 0.1301 0.1289 0.0057 
 PENTLAND_AC 0.0107 0.2678 0.1243 0.1742 0.0904 0.0596 0.1432 0.0776 0.0465 0.0058 
 PENTLAND_BE 0.1060 0.0319 0.0541 0.1911 0.0107 0.1117 0.3669 0.1233 0.0016 0.0026 
 PENTLAND_CR 0.0156 0.0056 0.0047 0.2946 0.1902 0.1008 0.1111 0.0070 0.0224 0.2479 
 PENTLAND_DE 0.1084 0.1466 0.0042 0.1812 0.0033 0.0828 0.2089 0.0718 0.0031 0.1898 
 PENTLAND_IV 0.1220 0.3113 0.0129 0.2052 0.0019 0.0576 0.1159 0.0053 0.0828 0.0852 
 PENTLAND_JA 0.2871 0.0257 0.0151 0.2546 0.1082 0.0516 0.0814 0.0232 0.0136 0.1396 
 PENTLAND_MA 0.0706 0.0059 0.0095 0.3237 0.0550 0.2008 0.0510 0.2416 0.0118 0.0303 
 PENTLAND_SQ 0.0353 0.0540 0.0054 0.2773 0.0400 0.0865 0.2049 0.0139 0.0378 0.2450 
   PEPO_1978 0.0406 0.0033 0.1259 0.1778 0.0069 0.0190 0.0319 0.3480 0.2172 0.0295 
     PICASSO 0.0467 0.0327 0.0813 0.0849 0.1175 0.5169 0.0020 0.0468 0.0657 0.0055 
   PIMPERNEL 0.0045 0.0421 0.0082 0.0090 0.3309 0.0810 0.0610 0.2897 0.0419 0.1317 
     PIONEER 0.0076 0.0078 0.0044 0.0660 0.0049 0.0095 0.2004 0.0537 0.5814 0.0643 
       PIXIE 0.0059 0.3162 0.1529 0.0049 0.1110 0.1913 0.0028 0.0033 0.0876 0.1238 
    PREMIERE 0.0158 0.0030 0.0521 0.2977 0.2674 0.0053 0.1931 0.1588 0.0021 0.0046 
   PRODUCENT 0.0520 0.1120 0.1288 0.0189 0.3613 0.0037 0.0184 0.0978 0.1484 0.0587 
     PROVOST 0.2082 0.0546 0.0062 0.1798 0.0398 0.1377 0.1081 0.1026 0.0274 0.1356 
  R.P.LUSTRE 0.0326 0.1810 0.1184 0.1376 0.0024 0.0087 0.2218 0.0973 0.1067 0.0935 
 RANGER_RUSS 0.4667 0.0066 0.0022 0.0920 0.0467 0.1072 0.1837 0.0817 0.0112 0.0022 
       RATTE 0.0529 0.1190 0.0116 0.0014 0.0101 0.0022 0.3431 0.1593 0.0158 0.2846 
      RECORD 0.0095 0.0182 0.0050 0.0284 0.4919 0.0285 0.1524 0.2607 0.0024 0.0031 
   REMBRANDT 0.0581 0.0101 0.0205 0.0990 0.3808 0.0108 0.1279 0.0037 0.2591 0.0299 
    RIO_ROJO 0.3361 0.2487 0.0073 0.0056 0.0415 0.0497 0.0102 0.1099 0.0607 0.1305 
      ROBIJN 0.0471 0.0045 0.0050 0.0844 0.2824 0.0283 0.1216 0.4122 0.0026 0.0120 
      ROCKET 0.0565 0.1651 0.4386 0.0494 0.0072 0.0083 0.0878 0.0670 0.0019 0.1182 
   RODE_STAR 0.0016 0.0956 0.0104 0.0015 0.1760 0.0041 0.1715 0.4534 0.0081 0.0779 
      ROMANO 0.0077 0.2272 0.0072 0.1185 0.0960 0.1338 0.0021 0.3302 0.0031 0.0741 
       ROMEO 0.0092 0.2640 0.0044 0.0136 0.0040 0.1927 0.1563 0.1389 0.0868 0.1301 
     ROOSTER 0.0251 0.0463 0.0042 0.2470 0.0672 0.1359 0.0990 0.1049 0.0115 0.2588 
       ROYAL 0.0274 0.0208 0.3252 0.0030 0.0810 0.0610 0.0182 0.1714 0.2571 0.0349 
 ROYAL_KIDNE 0.2537 0.0443 0.0028 0.1986 0.0656 0.0119 0.4145 0.0041 0.0024 0.0021 
     RUBESSE 0.0675 0.2028 0.0043 0.1191 0.1430 0.0396 0.0721 0.0655 0.2266 0.0596 
 RUSSET_BURB 0.4271 0.1703 0.0062 0.1015 0.0481 0.0131 0.1162 0.0678 0.0221 0.0276 
 RUSSET_NORK 0.4746 0.2064 0.0076 0.0557 0.0019 0.0045 0.0747 0.0134 0.1400 0.0212 
      SAFARI 0.0039 0.1672 0.0048 0.2574 0.2731 0.0502 0.0054 0.1353 0.0453 0.0574 
     SANTANA 0.2145 0.0732 0.0636 0.0271 0.3194 0.0461 0.0178 0.0883 0.1039 0.0462 
       SANTE 0.0025 0.2270 0.0121 0.0898 0.3928 0.0080 0.0426 0.0648 0.0712 0.0893 
     SAPHIRE 0.1954 0.0440 0.0057 0.1796 0.3408 0.0174 0.0035 0.0093 0.1289 0.0753 
  SARPO_MIRA 0.0554 0.2568 0.0463 0.0016 0.0684 0.0207 0.0300 0.3660 0.1349 0.0199 
 SARPO_SHONA 0.0252 0.2289 0.0310 0.0055 0.1198 0.0281 0.0049 0.3891 0.1195 0.0480 
       SASSY 0.1268 0.1275 0.0746 0.0254 0.2144 0.0129 0.1141 0.2118 0.0361 0.0564 
     SATURNA 0.0162 0.0147 0.0729 0.0073 0.2167 0.0065 0.1162 0.4058 0.1200 0.0236 
        SAVA 0.0422 0.1912 0.0994 0.1169 0.0652 0.0045 0.0349 0.1490 0.2931 0.0034 
       SAXON 0.0021 0.0345 0.4437 0.1889 0.0085 0.0315 0.0918 0.0102 0.0257 0.1632 
 SCARBOROUGH 0.0029 0.0243 0.4356 0.0664 0.0020 0.0029 0.0101 0.0044 0.0046 0.4468 
 SEFTON_WOND 0.1166 0.1270 0.0830 0.1183 0.0414 0.0378 0.4279 0.0031 0.0035 0.0414 
    SERAFINA 0.0216 0.1613 0.0038 0.0645 0.0146 0.0332 0.0404 0.3515 0.1869 0.1224 
     SETANTA 0.0465 0.0605 0.0105 0.1498 0.0353 0.1126 0.0114 0.0740 0.0091 0.4904 
 SHARPE'S_EX 0.0390 0.0736 0.0795 0.0034 0.1291 0.0112 0.5324 0.0298 0.0993 0.0027 
     SHELAGH 0.0182 0.0734 0.0995 0.0188 0.1436 0.2226 0.2001 0.0796 0.0459 0.0983 
    SHELFORD 0.2217 0.0116 0.0231 0.0019 0.0890 0.1899 0.0410 0.2560 0.1605 0.0053 
     SHEPODY 0.3744 0.0032 0.0045 0.0902 0.2099 0.1528 0.1466 0.0112 0.0023 0.0048 
      SLANEY 0.0047 0.2150 0.1854 0.0623 0.0075 0.3287 0.0092 0.0033 0.1377 0.0462 
        SPEY 0.0022 0.2303 0.1414 0.0637 0.0627 0.3684 0.0024 0.0018 0.0813 0.0458 
      SPUNTA 0.0790 0.1531 0.0192 0.0053 0.0106 0.1053 0.1377 0.1739 0.1717 0.1442 
     STAMINA 0.0346 0.1553 0.5602 0.0282 0.0424 0.1547 0.0016 0.0023 0.0109 0.0098 
    STEMSTER 0.0588 0.0968 0.3342 0.0362 0.0573 0.0348 0.0382 0.2734 0.0275 0.0428 
 STORMONT_EN 0.0638 0.1577 0.1657 0.0830 0.1791 0.0626 0.0771 0.1992 0.0031 0.0086 
    STIRLING 0.0568 0.0635 0.0169 0.2790 0.0209 0.2545 0.0251 0.0063 0.0612 0.2160 
     SYLVANA 0.1752 0.1179 0.0913 0.1810 0.0571 0.0498 0.0309 0.1770 0.1048 0.0149 
         TAY 0.0063 0.0810 0.1180 0.1216 0.0056 0.1734 0.0044 0.0127 0.0122 0.4649 
      TIMATE 0.0962 0.0695 0.0703 0.0414 0.1621 0.0045 0.0071 0.2207 0.2697 0.0583 
      TOLUCA 0.0562 0.0182 0.0059 0.2292 0.0067 0.1390 0.0168 0.3104 0.1998 0.0177 
    TORRIDON 0.0386 0.0065 0.0135 0.1659 0.1560 0.2395 0.0531 0.1525 0.0874 0.0870 
 ULSTER_SCEP 0.0413 0.1834 0.2730 0.3342 0.0274 0.0110 0.1137 0.0053 0.0044 0.0061 
 UMATILLA_RU 0.0099 0.0241 0.2771 0.0799 0.0533 0.0165 0.2800 0.1369 0.0078 0.1144 
 VALES_EMERA 0.0308 0.1873 0.1210 0.0391 0.0039 0.0194 0.0861 0.0950 0.2583 0.1591 
 VALES_EVERE 0.0063 0.1549 0.0280 0.0671 0.0348 0.2918 0.1306 0.0027 0.0136 0.2702 
 VALES_RUSSE 0.4129 0.0325 0.0102 0.0673 0.0175 0.0172 0.1644 0.0895 0.0703 0.1183 
 VALES_SOVER 0.0219 0.0131 0.2366 0.0198 0.0056 0.5921 0.0019 0.0189 0.0065 0.0837 
       VALOR 0.0031 0.2227 0.1725 0.0139 0.1206 0.3481 0.0019 0.0016 0.0113 0.1042 
    VAN_GOGH 0.0073 0.0465 0.0519 0.1796 0.2809 0.0040 0.0929 0.1804 0.1077 0.0490 
     VANTAGE 0.1983 0.0425 0.0402 0.0125 0.3057 0.0108 0.1582 0.2271 0.0020 0.0028 
       VERDI 0.0552 0.0046 0.1182 0.0957 0.0424 0.0504 0.0849 0.3326 0.1473 0.0688 
    VICTORIA 0.1110 0.0315 0.0060 0.1777 0.2844 0.0215 0.0762 0.0085 0.2730 0.0101 
     VIVALDI 0.1231 0.0027 0.0040 0.4193 0.0245 0.0767 0.0095 0.3263 0.0105 0.0036 
       WILJA 0.0680 0.0032 0.0214 0.1581 0.4288 0.0601 0.1076 0.1492 0.0019 0.0017 
     WINSTON 0.0066 0.4230 0.3367 0.0680 0.0088 0.0675 0.0025 0.0141 0.0322 0.0406 
      XD2-21 0.0807 0.2697 0.0475 0.1659 0.0432 0.0988 0.1819 0.0777 0.0034 0.0311 
  YUKON_GOLD 0.2915 0.1503 0.0233 0.0229 0.0615 0.0078 0.0026 0.0084 0.1884 0.2434 
       ZORBA 0.1206 0.0048 0.0086 0.2568 0.2179 0.0968 0.1339 0.0830 0.0673 0.0104 
