  00C133-020 0.0200 0.0070 0.1668 0.0138 0.0064 0.2385 0.0033 0.1026 0.3779 0.0636 
 01C_071-002 0.0271 0.1721 0.0632 0.1171 0.1345 0.2564 0.0762 0.0020 0.1020 0.0495 
 02M_012-001 0.0094 0.2239 0.2403 0.0203 0.0608 0.0724 0.0048 0.0103 0.3549 0.0028 
 03M_016-002 0.1709 0.2352 0.0224 0.0041 0.0282 0.0159 0.2041 0.0044 0.3091 0.0057 
 03M_034-002 0.1260 0.0529 0.2701 0.0211 0.0020 0.0426 0.0030 0.0217 0.3311 0.1296 
 04C_055-004 0.0058 0.1460 0.0224 0.0087 0.1960 0.0129 0.0212 0.1827 0.3748 0.0295 
 04C_126-005 0.0723 0.0540 0.1681 0.0407 0.0070 0.2425 0.0042 0.0707 0.1828 0.1577 
 04M_034-013 0.1106 0.1670 0.1185 0.0128 0.0549 0.0064 0.1087 0.0239 0.3531 0.0440 
 05M_002-001 0.0771 0.0668 0.0379 0.1475 0.2086 0.0373 0.1106 0.0068 0.1159 0.1916 
 05M_004-003 0.0065 0.0062 0.1348 0.2271 0.1207 0.1601 0.0403 0.0069 0.1273 0.1701 
 05M_012-004 0.0237 0.0131 0.2095 0.2369 0.0064 0.0902 0.1351 0.1108 0.0651 0.1093 
 06C_127-002 0.0141 0.0126 0.3497 0.0036 0.1727 0.0444 0.0526 0.1456 0.0973 0.1075 
 12288_AF_23 0.0030 0.0181 0.0843 0.0787 0.0295 0.0674 0.0477 0.3687 0.2968 0.0059 
    12601AB1 0.1725 0.3063 0.4401 0.0035 0.0021 0.0046 0.0025 0.0024 0.0637 0.0023 
   12636_A_2 0.1438 0.0332 0.3254 0.0177 0.0022 0.0979 0.0283 0.0458 0.2964 0.0092 
  15119_AC_5 0.0691 0.1761 0.0024 0.0100 0.0013 0.4638 0.0204 0.0102 0.2203 0.0264 
     1512C16 0.2170 0.0195 0.0706 0.0953 0.0312 0.0912 0.2106 0.1591 0.0087 0.0969 
   15144_A_3 0.0795 0.0048 0.0048 0.0040 0.1705 0.5699 0.0024 0.1310 0.0059 0.0273 
     1563C14 0.2633 0.2094 0.0044 0.1609 0.1593 0.0162 0.0616 0.1103 0.0077 0.0069 
     2182EF7 0.0511 0.0167 0.1637 0.0031 0.0059 0.1826 0.1482 0.0472 0.0179 0.3636 
     3681AD1 0.0040 0.1104 0.1200 0.2660 0.0291 0.2145 0.0720 0.0111 0.0105 0.1623 
     5008AB6 0.0173 0.1762 0.1467 0.0356 0.0964 0.1532 0.0030 0.0298 0.0038 0.3382 
    8204_A_4 0.0277 0.0109 0.2411 0.0069 0.0148 0.1838 0.0424 0.1533 0.0342 0.2848 
       AGRIA 0.0521 0.0038 0.0682 0.2530 0.3796 0.0041 0.0880 0.0023 0.0309 0.1179 
       AILSA 0.0448 0.0787 0.2210 0.0030 0.1567 0.0121 0.0503 0.0309 0.3948 0.0077 
      ALMERA 0.0034 0.0986 0.0026 0.1434 0.2351 0.0120 0.1454 0.0210 0.0651 0.2734 
       ALPHA 0.1237 0.1268 0.0236 0.4055 0.0656 0.0109 0.0828 0.1239 0.0152 0.0222 
      ALWARA 0.0100 0.0894 0.0076 0.2062 0.1948 0.2127 0.0124 0.1901 0.0076 0.0692 
      AMADRA 0.0816 0.1092 0.0983 0.2278 0.1957 0.0082 0.0155 0.0787 0.1194 0.0658 
       AMOUR 0.0078 0.0613 0.1223 0.0148 0.0170 0.4104 0.0221 0.0560 0.2754 0.0129 
        ANNA 0.1203 0.0308 0.0398 0.0035 0.0014 0.6057 0.0096 0.0049 0.0074 0.1768 
   ANNABELLE 0.0469 0.0560 0.0094 0.1015 0.3370 0.0067 0.0103 0.0093 0.0103 0.4126 
        ANYA 0.2069 0.0181 0.1092 0.0305 0.3059 0.0262 0.0258 0.1686 0.0060 0.1027 
       ARGOS 0.0026 0.0570 0.0021 0.0136 0.0164 0.4105 0.0278 0.1847 0.2081 0.0774 
     ARIELLE 0.1138 0.0095 0.0022 0.1674 0.3188 0.0856 0.0714 0.0127 0.0566 0.1620 
      ARKULA 0.1458 0.0178 0.0065 0.3180 0.0767 0.0144 0.0121 0.1359 0.0147 0.2581 
      ARMADA 0.1157 0.0296 0.0039 0.2518 0.0916 0.0108 0.0140 0.1064 0.1391 0.2371 
   AVALANCHE 0.0069 0.0190 0.0318 0.2162 0.0338 0.1055 0.1415 0.0082 0.4086 0.0285 
     BAILLIE 0.0055 0.0255 0.0801 0.1071 0.0836 0.1200 0.0660 0.0331 0.4238 0.0554 
    BALMORAL 0.0089 0.0526 0.0235 0.1390 0.0039 0.3722 0.2004 0.0135 0.0163 0.1697 
     BAMBINO 0.0109 0.0290 0.1004 0.0500 0.0578 0.1900 0.0082 0.1133 0.4046 0.0358 
       BARNA 0.0631 0.0070 0.0213 0.1235 0.1167 0.3249 0.0200 0.2725 0.0418 0.0091 
 BELLE_DE_FO 0.6995 0.1570 0.0015 0.0108 0.0039 0.0723 0.0404 0.0044 0.0047 0.0055 
       BENOL 0.0350 0.1621 0.3318 0.0091 0.0139 0.0046 0.0048 0.0020 0.3364 0.1002 
       BF_15 0.6251 0.0822 0.0027 0.0891 0.0854 0.0571 0.0069 0.0025 0.0049 0.0440 
      BINTJE 0.2575 0.0798 0.0115 0.1653 0.0573 0.0440 0.1198 0.0777 0.0860 0.1012 
 BIONICA_EX_ 0.0652 0.1107 0.2406 0.1613 0.0305 0.0564 0.0189 0.0179 0.0141 0.2844 
 BLUE_DANUBE 0.0088 0.2260 0.0040 0.3467 0.0062 0.0841 0.1135 0.0067 0.0056 0.1983 
      BONNIE 0.0548 0.0042 0.1310 0.1516 0.0821 0.1234 0.0165 0.2012 0.1439 0.0913 
      BOUNTY 0.0099 0.0174 0.1137 0.1050 0.0178 0.1998 0.0102 0.1521 0.3530 0.0211 
 BRITISH_QUE 0.3407 0.0300 0.0012 0.0423 0.0031 0.0184 0.2767 0.0026 0.0924 0.1926 
     BRODICK 0.0080 0.0084 0.5644 0.0134 0.0640 0.0124 0.0123 0.0208 0.2041 0.0921 
      BRODIE 0.1111 0.0077 0.0897 0.0132 0.0038 0.4203 0.1307 0.1862 0.0183 0.0189 
      BUCHAN 0.0675 0.0128 0.0776 0.0032 0.0696 0.3631 0.0944 0.2339 0.0670 0.0108 
      BURREN 0.0443 0.1166 0.0563 0.0505 0.1190 0.4070 0.0235 0.1089 0.0184 0.0554 
     CABARET 0.1145 0.1926 0.0987 0.0057 0.0033 0.0200 0.0230 0.0958 0.4311 0.0151 
      CAESAR 0.0020 0.0028 0.1146 0.2973 0.2501 0.0336 0.0748 0.0959 0.0044 0.1246 
        CARA 0.0416 0.0238 0.0508 0.0143 0.0041 0.6174 0.0072 0.1558 0.0624 0.0227 
 CARLINGFORD 0.0095 0.0378 0.0365 0.0043 0.0609 0.0570 0.2037 0.2454 0.0864 0.2584 
  CASABLANCA 0.0022 0.0027 0.1010 0.1623 0.0032 0.2518 0.0849 0.0034 0.2585 0.1299 
      CELINE 0.0164 0.1153 0.0093 0.2235 0.0036 0.0175 0.0040 0.2896 0.0172 0.3036 
  CHALLENGER 0.1016 0.0152 0.0775 0.1975 0.1864 0.0027 0.1050 0.0782 0.1445 0.0915 
   CHARLOTTE 0.1465 0.0090 0.1889 0.0048 0.4449 0.0090 0.0036 0.1206 0.0135 0.0591 
     CHICAGO 0.0038 0.1486 0.1180 0.1228 0.1800 0.0350 0.0051 0.0045 0.3656 0.0165 
   CHIEFTAIN 0.0979 0.0046 0.1103 0.0078 0.1757 0.0138 0.2925 0.2827 0.0081 0.0067 
      CHOPIN 0.0075 0.0701 0.0353 0.1865 0.1604 0.0085 0.1399 0.0551 0.0149 0.3219 
      CLARET 0.0823 0.0041 0.0154 0.0078 0.0663 0.5451 0.0118 0.1677 0.0790 0.0206 
      CORINE 0.0039 0.1438 0.1483 0.2098 0.0037 0.1477 0.1644 0.0042 0.0631 0.1112 
      COSMOS 0.0495 0.0087 0.0428 0.3954 0.0817 0.0086 0.1708 0.0299 0.0973 0.1151 
     COURAGE 0.0750 0.0457 0.0427 0.3000 0.0478 0.0143 0.0859 0.2270 0.0209 0.1407 
     COURLAN 0.0203 0.0179 0.1021 0.0923 0.2448 0.1297 0.2770 0.0938 0.0195 0.0026 
 CRAIGS_ROYA 0.0759 0.0075 0.0322 0.0060 0.0061 0.2796 0.1474 0.2748 0.1632 0.0072 
 CRAIGS_SNOW 0.2205 0.0734 0.0053 0.0367 0.0546 0.0684 0.2368 0.1075 0.1767 0.0200 
     CRAMOND 0.0062 0.0131 0.3202 0.0552 0.0050 0.0159 0.0183 0.0380 0.3049 0.2232 
 CRISPS_FOR_ 0.0713 0.0072 0.0534 0.2686 0.2032 0.0122 0.0824 0.2061 0.0534 0.0422 
    CROMWELL 0.0937 0.1822 0.0083 0.0073 0.0530 0.0812 0.0025 0.0109 0.5569 0.0041 
       D22/1 0.0780 0.1262 0.0021 0.0197 0.0040 0.0816 0.0836 0.0594 0.5318 0.0136 
       D23/3 0.1588 0.1716 0.0072 0.0141 0.0364 0.0089 0.1214 0.1185 0.3512 0.0118 
      D47-11 0.0097 0.3264 0.0196 0.0115 0.0037 0.0087 0.0125 0.0032 0.5975 0.0071 
       D49/1 0.0135 0.2112 0.0360 0.0056 0.0411 0.0018 0.0052 0.0259 0.6518 0.0078 
       DAISY 0.0918 0.1372 0.1321 0.1388 0.1035 0.0068 0.0114 0.0166 0.3558 0.0059 
 DARK_RED_NO 0.0209 0.1109 0.0206 0.0050 0.1886 0.1126 0.3572 0.0527 0.0128 0.1188 
     DARWINA 0.0170 0.1249 0.0033 0.3086 0.1332 0.0052 0.1420 0.0789 0.0821 0.1048 
     DESIREE 0.1281 0.0199 0.0025 0.1996 0.1931 0.1267 0.0291 0.2892 0.0021 0.0098 
       DITTA 0.1431 0.0072 0.0027 0.1380 0.3304 0.0170 0.1014 0.0032 0.0501 0.2068 
 DR._MCINTOS 0.0589 0.0078 0.0182 0.0044 0.0036 0.0083 0.3133 0.1911 0.0763 0.3182 
       DRAGA 0.0037 0.0040 0.1247 0.2286 0.0680 0.0686 0.2854 0.0063 0.0872 0.1236 
 DUKE_OF_YOR 0.3359 0.0300 0.0021 0.0960 0.0040 0.0035 0.2692 0.0015 0.0041 0.2538 
 DUNBAR_STAN 0.2712 0.0051 0.0069 0.0077 0.0178 0.0868 0.3243 0.0836 0.1872 0.0094 
     DUNDROD 0.0428 0.1362 0.0829 0.0055 0.1440 0.0906 0.0850 0.0287 0.3809 0.0034 
     ECLIPSE 0.3101 0.1085 0.0265 0.0028 0.1181 0.0017 0.2368 0.1660 0.0148 0.0147 
        EDEN 0.0593 0.1561 0.2464 0.0055 0.0043 0.0040 0.0073 0.0095 0.5036 0.0040 
 EDZELL_BLUE 0.2010 0.1530 0.0792 0.1677 0.0504 0.0776 0.1051 0.0826 0.0130 0.0703 
   ELISABETH 0.0081 0.0224 0.0154 0.0377 0.2598 0.0030 0.0048 0.2459 0.0942 0.3088 
     EMPEROR 0.0044 0.0210 0.1248 0.0929 0.2291 0.0087 0.2978 0.0398 0.1263 0.0552 
         EOS 0.0234 0.0054 0.1033 0.1175 0.2087 0.0079 0.0935 0.2281 0.1779 0.0343 
     EPICURE 0.3108 0.0740 0.0272 0.0417 0.0291 0.0038 0.1997 0.2210 0.0042 0.0886 
  ERNTESTOLZ 0.1922 0.0673 0.0227 0.1132 0.1772 0.0706 0.1487 0.0031 0.0232 0.1818 
      ESCORT 0.0099 0.0108 0.1484 0.3178 0.2143 0.0141 0.0040 0.1543 0.0494 0.0769 
   ESMERALDA 0.1633 0.0073 0.0626 0.2425 0.1112 0.0161 0.0041 0.1698 0.0955 0.1276 
      ESTIMA 0.1018 0.0073 0.0325 0.2358 0.1541 0.0033 0.1287 0.1422 0.0950 0.0991 
 EVE_BALFOUR 0.1579 0.0631 0.2518 0.0150 0.0063 0.3349 0.0713 0.0130 0.0341 0.0525 
   EXCALIBUR 0.0033 0.0025 0.1777 0.0299 0.0210 0.3267 0.0025 0.0193 0.3645 0.0527 
     EXQUISA 0.0968 0.1323 0.0035 0.0851 0.3201 0.0816 0.0027 0.0512 0.0031 0.2237 
    FESTIVAL 0.0061 0.0143 0.0643 0.2508 0.2135 0.0042 0.0069 0.1310 0.0846 0.2244 
      FIANNA 0.0053 0.0405 0.0282 0.1910 0.0760 0.1293 0.1574 0.0651 0.0216 0.2857 
   FIFTYFOLD 0.3847 0.1789 0.0268 0.0263 0.0613 0.0368 0.1132 0.1405 0.0277 0.0036 
     FONTANE 0.0364 0.0031 0.0492 0.2773 0.2620 0.0051 0.1206 0.0069 0.1751 0.0643 
   FORTYFOLD 0.3120 0.2691 0.0102 0.1998 0.0036 0.0086 0.1724 0.0036 0.0018 0.0191 
 FRONTIER_RU 0.1139 0.0184 0.0656 0.0414 0.2023 0.0076 0.3970 0.0957 0.0531 0.0049 
     G.81071 0.0621 0.0469 0.1761 0.0400 0.0252 0.0959 0.1130 0.1139 0.0771 0.2500 
     G.88661 0.0047 0.0062 0.0536 0.0445 0.0559 0.0060 0.2015 0.1807 0.1849 0.2620 
    G.886611 0.0037 0.0023 0.0772 0.0039 0.0837 0.0042 0.1254 0.2837 0.1587 0.2572 
  G.8867Y%12 0.0065 0.0043 0.0084 0.0038 0.1051 0.0258 0.1675 0.2336 0.0770 0.3680 
     G.88839 0.0028 0.1485 0.0035 0.0165 0.3768 0.0019 0.0014 0.0250 0.0019 0.4217 
     G.88842 0.0129 0.0713 0.0160 0.0800 0.2116 0.0742 0.0297 0.0143 0.0116 0.4783 
   GALACTICA 0.0316 0.1691 0.0018 0.1946 0.0109 0.3638 0.0951 0.0017 0.0047 0.1267 
      GEMSON 0.1347 0.0260 0.0168 0.0075 0.0272 0.1908 0.1793 0.1826 0.1201 0.1151 
  GL.76B/102 0.0070 0.4724 0.0065 0.0146 0.1965 0.0040 0.1765 0.0194 0.0505 0.0525 
   GL.76B/94 0.1209 0.5119 0.0026 0.1481 0.0145 0.0934 0.0486 0.0029 0.0014 0.0556 
  GL.77M/106 0.0777 0.1433 0.3122 0.0049 0.1139 0.1918 0.0149 0.1077 0.0286 0.0049 
   GL.78/166 0.1106 0.6127 0.0018 0.0278 0.0142 0.0133 0.1398 0.0078 0.0081 0.0639 
    GL.78/53 0.0742 0.5688 0.1193 0.0019 0.0987 0.0040 0.0323 0.0877 0.0101 0.0030 
    GL.78/97 0.1801 0.4968 0.0598 0.0238 0.0961 0.0131 0.0592 0.0533 0.0108 0.0070 
    GL.79/42 0.1601 0.4692 0.0315 0.0281 0.0770 0.0018 0.0035 0.2093 0.0176 0.0020 
    GL.79/45 0.1273 0.5663 0.0174 0.0073 0.0448 0.0160 0.0036 0.1979 0.0039 0.0154 
 GL.81_NT_25 0.1207 0.3069 0.0061 0.0098 0.0052 0.0467 0.0058 0.0025 0.4814 0.0150 
   GLADIATOR 0.0020 0.0200 0.0559 0.2406 0.1914 0.0881 0.1732 0.2026 0.0223 0.0039 
      GLAMIS 0.0403 0.0093 0.0208 0.0255 0.1498 0.0135 0.0670 0.1389 0.4084 0.1266 
 GOLDEN_MILL 0.0308 0.0456 0.4538 0.0090 0.0082 0.0633 0.0051 0.0084 0.2202 0.1557 
 GOLDEN_NUGG 0.0029 0.0873 0.0080 0.1563 0.0030 0.0048 0.0022 0.3976 0.0053 0.3326 
 GOLDEN_WOND 0.4758 0.0527 0.0743 0.1661 0.0711 0.0125 0.0891 0.0319 0.0235 0.0028 
     GRANOLA 0.0196 0.1438 0.1752 0.0274 0.3994 0.0166 0.0060 0.0836 0.0071 0.1213 
    H1H3_101 0.1063 0.2551 0.0040 0.0021 0.0030 0.0061 0.0091 0.0011 0.6108 0.0023 
      H1H3_3 0.1174 0.0597 0.1396 0.0245 0.0058 0.0073 0.0665 0.0912 0.3506 0.1373 
 HARBOROUGH_ 0.0030 0.0035 0.5524 0.0184 0.0082 0.0051 0.0130 0.0029 0.3718 0.0219 
   HARLEQUIN 0.1306 0.0548 0.1453 0.0100 0.3929 0.0622 0.0136 0.1567 0.0261 0.0079 
      HERMES 0.0300 0.0944 0.0050 0.1861 0.3005 0.2424 0.1061 0.0029 0.0269 0.0058 
 HIGHLAND_BU 0.5026 0.3383 0.0325 0.0100 0.0015 0.0024 0.0030 0.0027 0.0025 0.1044 
  HOME_GUARD 0.2459 0.0030 0.0853 0.0147 0.0313 0.0869 0.1584 0.1390 0.1580 0.0776 
     HORIZON 0.0943 0.1919 0.0026 0.2756 0.0380 0.0102 0.0067 0.0960 0.0722 0.2124 
   INNOVATOR 0.0756 0.0765 0.0091 0.2009 0.0022 0.0389 0.3962 0.0032 0.0043 0.1931 
 INTERNATION 0.6322 0.2498 0.0030 0.0176 0.0032 0.0060 0.0727 0.0017 0.0050 0.0089 
 ISLE_OF_JUR 0.0698 0.0643 0.0353 0.0061 0.0806 0.1186 0.0186 0.0159 0.3942 0.1966 
    JULIETTE 0.1093 0.0044 0.0744 0.0183 0.5445 0.0148 0.0027 0.0078 0.0114 0.2124 
     KARLENA 0.0618 0.1147 0.0269 0.2339 0.0249 0.2401 0.2793 0.0017 0.0107 0.0060 
 KERR'S_PINK 0.3308 0.1274 0.0473 0.0075 0.0099 0.0600 0.2587 0.0827 0.0623 0.0133 
     KESTREL 0.0037 0.0110 0.0375 0.0051 0.0427 0.3237 0.0125 0.2856 0.2749 0.0034 
       KIFLI 0.0211 0.2233 0.1597 0.0506 0.4190 0.0116 0.0293 0.0640 0.0129 0.0084 
 KING_EDWARD 0.5403 0.1999 0.0203 0.0039 0.0400 0.0017 0.0764 0.0877 0.0275 0.0023 
    KINGSTON 0.0939 0.1040 0.2434 0.0595 0.0120 0.0401 0.0029 0.0173 0.3270 0.0997 
 KUFRI_CHAND 0.1306 0.0377 0.0057 0.0369 0.0987 0.0369 0.2930 0.0819 0.1255 0.1530 
 KUFRI_JYOTI 0.0125 0.1893 0.1435 0.0491 0.0211 0.1976 0.0306 0.0752 0.0027 0.2785 
      KURODA 0.0028 0.0569 0.0061 0.3264 0.1471 0.1086 0.1605 0.0044 0.0234 0.1639 
 LADY_BALFOU 0.0960 0.0642 0.0685 0.0102 0.0043 0.2914 0.0722 0.1112 0.1389 0.1432 
 LADY_CHRIST 0.1336 0.1794 0.0745 0.3826 0.0186 0.0069 0.0484 0.0990 0.0084 0.0487 
 LADY_CLAIRE 0.1070 0.1189 0.0030 0.4539 0.0941 0.0064 0.0118 0.0009 0.0052 0.1989 
     LADY_JO 0.1768 0.1338 0.0031 0.4954 0.0018 0.0038 0.0610 0.0043 0.0188 0.1011 
 LADY_ROSETT 0.1151 0.0125 0.0486 0.3940 0.0121 0.0072 0.0560 0.2506 0.0824 0.0215 
    LIBERTAS 0.1389 0.1840 0.0046 0.5732 0.0016 0.0755 0.0057 0.0089 0.0028 0.0049 
       LINDA 0.1631 0.1087 0.0136 0.0109 0.5118 0.0816 0.0091 0.0069 0.0031 0.0912 
      LINTON 0.0029 0.0693 0.0110 0.1548 0.2479 0.1528 0.2035 0.0431 0.1118 0.0030 
 LINZER_DELI 0.1396 0.0737 0.0826 0.1736 0.3092 0.0046 0.0257 0.1424 0.0037 0.0450 
   LIONHEART 0.0250 0.0087 0.0774 0.3519 0.0777 0.0394 0.1368 0.0576 0.0249 0.2006 
   MADELEINE 0.0623 0.0446 0.0636 0.2223 0.2732 0.0095 0.0030 0.1081 0.0228 0.1905 
   MADINGLEY 0.0028 0.1177 0.0368 0.1250 0.3132 0.2011 0.1475 0.0093 0.0434 0.0034 
    MAJESTIC 0.1001 0.0032 0.0636 0.0067 0.0246 0.0402 0.3385 0.1306 0.0202 0.2722 
     MARABEL 0.0112 0.0213 0.0153 0.2322 0.2891 0.0120 0.0623 0.0488 0.0077 0.3001 
     MARFONA 0.1260 0.0206 0.0060 0.4122 0.0149 0.0281 0.1101 0.0571 0.1088 0.1162 
     MARILYN 0.0767 0.0465 0.0724 0.1252 0.3035 0.0978 0.0191 0.0439 0.0050 0.2100 
 MARIS_ANCHO 0.1910 0.0106 0.0271 0.1459 0.1252 0.0074 0.1140 0.0657 0.0781 0.2350 
  MARIS_BARD 0.0937 0.0377 0.0125 0.1560 0.0012 0.0207 0.1583 0.0109 0.2624 0.2464 
  MARIS_PEER 0.1254 0.0244 0.0135 0.0037 0.0678 0.1411 0.2313 0.1125 0.1737 0.1068 
 MARIS_PIPER 0.0297 0.1287 0.0465 0.0086 0.0344 0.0057 0.0028 0.0025 0.7381 0.0030 
     MARKIES 0.1122 0.0269 0.0203 0.3672 0.2814 0.0453 0.0296 0.0414 0.0136 0.0621 
      MAXINE 0.0110 0.0110 0.0128 0.0091 0.0595 0.0514 0.1985 0.2546 0.3778 0.0143 
      MEGARA 0.0312 0.0866 0.0365 0.3133 0.2794 0.0233 0.0053 0.0312 0.0324 0.1609 
      MELODY 0.0664 0.1458 0.0421 0.2504 0.1564 0.1244 0.0238 0.0186 0.0333 0.1387 
       MIDAS 0.0049 0.2217 0.0241 0.0934 0.2172 0.0116 0.0037 0.0145 0.4025 0.0064 
       MILVA 0.0507 0.1960 0.0423 0.1332 0.2617 0.0091 0.0210 0.0222 0.0045 0.2594 
        MIMI 0.0074 0.1529 0.0628 0.1740 0.0034 0.0094 0.0028 0.3271 0.1580 0.1022 
        MIRA 0.1692 0.0985 0.0023 0.3159 0.0053 0.0082 0.0050 0.0038 0.0146 0.3771 
       MOIRA 0.0544 0.1645 0.0176 0.0489 0.1765 0.1130 0.0596 0.0312 0.0319 0.3024 
    MONTROSE 0.0688 0.2101 0.4447 0.0029 0.0041 0.0103 0.0031 0.0031 0.2490 0.0038 
       MORAG 0.0536 0.1702 0.1759 0.0026 0.0021 0.0938 0.0647 0.2028 0.0235 0.2108 
      MORENE 0.1625 0.0134 0.0047 0.4726 0.0133 0.0567 0.0696 0.0088 0.0031 0.1952 
      MOZART 0.0019 0.0014 0.2051 0.2530 0.2813 0.0062 0.0093 0.0843 0.0043 0.1532 
 MYATT'S_ASH 0.5594 0.1895 0.0022 0.0816 0.0161 0.0108 0.0580 0.0011 0.0049 0.0762 
      NADINE 0.0087 0.0047 0.1040 0.0537 0.1346 0.0400 0.0082 0.2474 0.3570 0.0418 
       NAVAN 0.0158 0.0441 0.0371 0.0079 0.0154 0.0140 0.0175 0.1423 0.6282 0.0778 
 NDTX_4271_5 0.0050 0.0165 0.1104 0.0048 0.1947 0.0030 0.2188 0.3626 0.0809 0.0032 
      NICOLA 0.1194 0.1125 0.0027 0.0809 0.4630 0.0058 0.0400 0.0038 0.0034 0.1685 
     NOVELLA 0.0686 0.0116 0.0173 0.2005 0.1471 0.0849 0.0136 0.1072 0.0403 0.3089 
     OLYMPUS 0.0642 0.0537 0.3536 0.0117 0.0543 0.0379 0.1266 0.1404 0.1194 0.0382 
       OPERA 0.0170 0.0035 0.1471 0.3101 0.1916 0.1037 0.0723 0.0762 0.0390 0.0395 
   ORCHESTRA 0.0870 0.0112 0.0527 0.1957 0.3198 0.0176 0.0050 0.0642 0.1046 0.1421 
      ORIANA 0.0260 0.1015 0.0018 0.1677 0.1173 0.1087 0.1227 0.0047 0.0032 0.3463 
     OTHELLO 0.0188 0.0041 0.0389 0.0054 0.0523 0.4931 0.0886 0.1975 0.0978 0.0035 
     PALADIN 0.0221 0.2254 0.1094 0.0272 0.0036 0.0033 0.0643 0.0030 0.5376 0.0041 
       PANDA 0.0208 0.0173 0.0636 0.1276 0.4912 0.0734 0.0056 0.0601 0.0639 0.0764 
   PARAMOUNT 0.0421 0.0441 0.0405 0.1944 0.0375 0.3117 0.0114 0.2590 0.0031 0.0561 
    PATRONES 0.1521 0.0607 0.0080 0.2303 0.1562 0.0387 0.1511 0.0141 0.0715 0.1174 
 PENTLAND_AC 0.1626 0.0137 0.0075 0.0706 0.0543 0.0682 0.0425 0.2239 0.1559 0.2008 
 PENTLAND_BE 0.3523 0.0994 0.0024 0.0117 0.0025 0.1309 0.1551 0.0080 0.0517 0.1861 
 PENTLAND_CR 0.0359 0.0721 0.2688 0.1296 0.0040 0.0590 0.0886 0.0143 0.0113 0.3166 
 PENTLAND_DE 0.2052 0.0333 0.2004 0.0065 0.0053 0.1082 0.1541 0.1038 0.0076 0.1757 
 PENTLAND_IV 0.0633 0.0145 0.0962 0.0021 0.0710 0.0484 0.2077 0.2863 0.0333 0.1771 
 PENTLAND_JA 0.0247 0.0691 0.1400 0.0934 0.0070 0.0305 0.3330 0.0295 0.0144 0.2584 
 PENTLAND_MA 0.0086 0.2159 0.0082 0.0513 0.0174 0.1719 0.0640 0.0062 0.0040 0.4526 
 PENTLAND_SQ 0.1417 0.0580 0.2693 0.0146 0.0115 0.0620 0.1152 0.0375 0.0073 0.2828 
   PEPO_1978 0.0123 0.2196 0.0114 0.0593 0.3380 0.0214 0.0272 0.0035 0.0582 0.2490 
     PICASSO 0.0019 0.0054 0.0077 0.1661 0.0527 0.5047 0.0305 0.0363 0.1128 0.0818 
   PIMPERNEL 0.1166 0.0876 0.1039 0.4305 0.1140 0.0894 0.0025 0.0361 0.0058 0.0136 
     PIONEER 0.1733 0.0232 0.1002 0.0031 0.5143 0.0058 0.0066 0.0056 0.0051 0.1627 
       PIXIE 0.0029 0.0066 0.1650 0.1011 0.0519 0.1986 0.0096 0.2645 0.1966 0.0033 
    PREMIERE 0.2174 0.0487 0.0056 0.3242 0.0026 0.0037 0.0253 0.0025 0.0813 0.2887 
   PRODUCENT 0.0177 0.1001 0.0587 0.3597 0.1231 0.0037 0.0501 0.1111 0.1396 0.0362 
     PROVOST 0.0378 0.1347 0.1080 0.0384 0.0322 0.1070 0.2194 0.0773 0.0062 0.2391 
  R.P.LUSTRE 0.2536 0.0050 0.1016 0.0038 0.1581 0.0088 0.0567 0.1296 0.1567 0.1262 
 RANGER_RUSS 0.1680 0.0295 0.0018 0.1018 0.0559 0.1181 0.4750 0.0034 0.0024 0.0441 
       RATTE 0.1958 0.3282 0.2119 0.0068 0.0371 0.0022 0.0441 0.1686 0.0034 0.0017 
      RECORD 0.2073 0.0907 0.0042 0.6021 0.0050 0.0377 0.0050 0.0165 0.0053 0.0263 
   REMBRANDT 0.0875 0.0320 0.0917 0.3140 0.1462 0.0074 0.1307 0.0049 0.0705 0.1151 
    RIO_ROJO 0.0039 0.0963 0.0763 0.0806 0.1142 0.0626 0.3070 0.2486 0.0043 0.0063 
      ROBIJN 0.1220 0.2435 0.0041 0.4159 0.0467 0.0228 0.0144 0.0039 0.0023 0.1244 
      ROCKET 0.0101 0.2243 0.0937 0.0121 0.0029 0.0093 0.0699 0.1843 0.3764 0.0170 
   RODE_STAR 0.2041 0.2221 0.0072 0.3133 0.1492 0.0046 0.0012 0.0932 0.0028 0.0024 
      ROMANO 0.0141 0.0142 0.0489 0.2738 0.0808 0.1612 0.0036 0.2197 0.0073 0.1764 
       ROMEO 0.2104 0.0042 0.1396 0.0133 0.1656 0.2206 0.0151 0.2174 0.0052 0.0087 
     ROOSTER 0.1216 0.0161 0.2704 0.0804 0.0253 0.1414 0.0697 0.0307 0.0049 0.2396 
       ROYAL 0.0039 0.2107 0.0190 0.0968 0.3034 0.0872 0.0085 0.0133 0.2522 0.0050 
 ROYAL_KIDNE 0.3725 0.0191 0.0049 0.0471 0.0020 0.0149 0.3708 0.0205 0.0056 0.1426 
     RUBESSE 0.1042 0.0037 0.0779 0.1441 0.2221 0.0390 0.0920 0.1737 0.0080 0.1353 
 RUSSET_BURB 0.1119 0.0111 0.0343 0.1054 0.0773 0.0193 0.4610 0.1264 0.0062 0.0470 
 RUSSET_NORK 0.0263 0.0191 0.0278 0.0031 0.2043 0.0068 0.5171 0.1692 0.0144 0.0118 
      SAFARI 0.0061 0.0346 0.0571 0.3089 0.0155 0.0332 0.0061 0.1997 0.0102 0.3285 
     SANTANA 0.0088 0.0884 0.0483 0.3594 0.0939 0.0477 0.2002 0.0728 0.0659 0.0146 
       SANTE 0.0468 0.0771 0.0812 0.3465 0.0155 0.0055 0.0028 0.2523 0.0264 0.1459 
     SAPHIRE 0.0033 0.0053 0.1285 0.3545 0.0643 0.0127 0.2204 0.0314 0.0212 0.1584 
  SARPO_MIRA 0.0626 0.1360 0.0051 0.2023 0.2824 0.0556 0.0142 0.2296 0.0101 0.0022 
 SARPO_SHONA 0.0595 0.0572 0.0135 0.2840 0.2847 0.0746 0.0066 0.2000 0.0131 0.0068 
       SASSY 0.1422 0.0899 0.0501 0.2810 0.1164 0.0243 0.1199 0.0910 0.0592 0.0260 
     SATURNA 0.1215 0.2089 0.0074 0.3600 0.2411 0.0087 0.0051 0.0171 0.0152 0.0149 
        SAVA 0.0193 0.0506 0.0042 0.0955 0.3172 0.0058 0.0815 0.1667 0.1051 0.1541 
       SAXON 0.0694 0.0715 0.1797 0.0069 0.0152 0.0296 0.0031 0.0117 0.4479 0.1650 
 SCARBOROUGH 0.0105 0.0411 0.4482 0.0031 0.0103 0.0025 0.0036 0.0182 0.4447 0.0178 
 SEFTON_WOND 0.3866 0.0244 0.0933 0.0116 0.0031 0.0333 0.2168 0.0719 0.1232 0.0359 
    SERAFINA 0.0761 0.0830 0.0879 0.1369 0.2975 0.0287 0.0069 0.1599 0.0020 0.1211 
     SETANTA 0.0520 0.0035 0.4975 0.0971 0.0300 0.1136 0.0344 0.0304 0.0298 0.1116 
 SHARPE'S_EX 0.4714 0.1228 0.0056 0.0702 0.0937 0.0249 0.0706 0.0171 0.1197 0.0040 
     SHELAGH 0.1011 0.2359 0.0804 0.0952 0.0111 0.1830 0.0183 0.1165 0.0725 0.0860 
    SHELFORD 0.0715 0.1053 0.0031 0.1771 0.2695 0.2219 0.1393 0.0045 0.0059 0.0019 
     SHEPODY 0.0795 0.0855 0.0052 0.2220 0.0017 0.1549 0.4003 0.0027 0.0044 0.0437 
      SLANEY 0.0054 0.0135 0.0762 0.0041 0.0900 0.3195 0.0129 0.1889 0.2193 0.0702 
        SPEY 0.0031 0.0044 0.0802 0.0134 0.0226 0.3486 0.0051 0.2185 0.1953 0.1088 
      SPUNTA 0.1488 0.0863 0.1323 0.0571 0.2422 0.1212 0.0373 0.1485 0.0161 0.0101 
     STAMINA 0.0020 0.0037 0.0113 0.0386 0.0096 0.1725 0.0360 0.1181 0.5936 0.0146 
    STEMSTER 0.1146 0.0847 0.0127 0.1693 0.1430 0.0754 0.0145 0.0706 0.2833 0.0319 
 STORMONT_EN 0.0990 0.0997 0.0078 0.2826 0.0108 0.0823 0.0660 0.1413 0.1587 0.0519 
    STIRLING 0.0075 0.0050 0.2106 0.0096 0.0101 0.1970 0.0816 0.0665 0.0652 0.3468 
     SYLVANA 0.0664 0.0129 0.0145 0.1679 0.1688 0.0710 0.1644 0.0888 0.0852 0.1601 
         TAY 0.0034 0.0154 0.4578 0.0051 0.0195 0.1602 0.0087 0.0933 0.1394 0.0972 
      TIMATE 0.0471 0.0106 0.0591 0.2850 0.3461 0.0054 0.0539 0.0529 0.0879 0.0520 
      TOLUCA 0.0239 0.0881 0.0091 0.0808 0.2890 0.1456 0.0366 0.0233 0.0025 0.3009 
    TORRIDON 0.0116 0.1535 0.0976 0.1627 0.0751 0.2140 0.0375 0.0064 0.0081 0.2335 
 ULSTER_SCEP 0.0907 0.0055 0.0132 0.0088 0.0033 0.0109 0.1431 0.1464 0.3054 0.2726 
 UMATILLA_RU 0.1583 0.2966 0.0719 0.0434 0.0187 0.0152 0.0125 0.0560 0.2189 0.1084 
 VALES_EMERA 0.0692 0.0371 0.1713 0.0082 0.3046 0.0229 0.0373 0.1639 0.1390 0.0464 
 VALES_EVERE 0.1057 0.0197 0.2908 0.0113 0.0054 0.2711 0.0198 0.1484 0.0827 0.0451 
 VALES_RUSSE 0.1160 0.1243 0.0985 0.0343 0.1315 0.0207 0.4198 0.0133 0.0058 0.0358 
 VALES_SOVER 0.0022 0.0054 0.0982 0.0215 0.0142 0.5906 0.0060 0.0078 0.2459 0.0084 
       VALOR 0.0017 0.0024 0.1481 0.0867 0.0036 0.3433 0.0035 0.1716 0.2317 0.0074 
    VAN_GOGH 0.1477 0.0091 0.0525 0.3408 0.1176 0.0035 0.0054 0.0178 0.0901 0.2154 
     VANTAGE 0.1400 0.1857 0.0021 0.4051 0.0038 0.0315 0.1989 0.0158 0.0095 0.0077 
       VERDI 0.1126 0.1377 0.0378 0.1691 0.2616 0.0757 0.0186 0.0047 0.0584 0.1237 
    VICTORIA 0.0542 0.0055 0.0625 0.2603 0.1910 0.0116 0.1845 0.0151 0.0223 0.1931 
     VIVALDI 0.0525 0.0201 0.0029 0.1825 0.0959 0.0792 0.1221 0.0025 0.0026 0.4396 
       WILJA 0.1313 0.0637 0.0018 0.4695 0.0019 0.0678 0.0728 0.0024 0.0347 0.1540 
     WINSTON 0.0055 0.0025 0.0522 0.0125 0.0609 0.0879 0.0070 0.3577 0.3770 0.0367 
      XD2-21 0.1993 0.0055 0.0478 0.0725 0.0059 0.1162 0.1291 0.1927 0.0906 0.1404 
  YUKON_GOLD 0.0030 0.0033 0.2374 0.0694 0.1996 0.0057 0.2854 0.1342 0.0449 0.0171 
       ZORBA 0.0824 0.1252 0.0096 0.1993 0.0104 0.0636 0.1639 0.0101 0.0055 0.3300 
