  00C133-020 0.0105 0.1877 0.0157 0.0048 0.1787 0.3705 0.2274 0.0046 
 01C_071-002 0.1320 0.0433 0.1697 0.0510 0.0021 0.1716 0.2865 0.1439 
 02M_012-001 0.1350 0.2274 0.0269 0.0033 0.0184 0.4581 0.0557 0.0752 
 03M_016-002 0.3319 0.0192 0.0042 0.1964 0.0040 0.3740 0.0260 0.0442 
 03M_034-002 0.1628 0.3199 0.0724 0.0072 0.0182 0.3355 0.0820 0.0020 
 04C_055-004 0.0525 0.0525 0.0381 0.0323 0.1720 0.4249 0.0092 0.2185 
 04C_126-005 0.0944 0.2112 0.1091 0.0117 0.0734 0.1916 0.2938 0.0148 
 04M_034-013 0.2084 0.1382 0.0406 0.1280 0.0323 0.3943 0.0056 0.0525 
 05M_002-001 0.0884 0.0646 0.2487 0.1821 0.0090 0.1304 0.0628 0.2139 
 05M_004-003 0.0043 0.1558 0.3033 0.1165 0.0258 0.1186 0.1779 0.0979 
 05M_012-004 0.0337 0.2260 0.2567 0.1849 0.1243 0.0621 0.1078 0.0045 
 06C_127-002 0.0224 0.3808 0.0056 0.0966 0.1282 0.1034 0.0643 0.1986 
 12288_AF_23 0.0067 0.1095 0.0654 0.0289 0.3924 0.3171 0.0479 0.0320 
    12601AB1 0.3946 0.4227 0.0035 0.0022 0.0021 0.1675 0.0050 0.0024 
   12636_A_2 0.1671 0.3120 0.0066 0.0267 0.0902 0.3180 0.0769 0.0025 
  15119_AC_5 0.1734 0.0026 0.0105 0.0131 0.0104 0.2764 0.5123 0.0013 
     1512C16 0.2528 0.0756 0.0980 0.2634 0.1867 0.0046 0.0903 0.0286 
   15144_A_3 0.0461 0.0060 0.0060 0.0034 0.1418 0.0048 0.5994 0.1924 
     1563C14 0.4464 0.0044 0.1816 0.0309 0.1258 0.0140 0.0253 0.1716 
     2182EF7 0.0534 0.2233 0.0588 0.2974 0.0215 0.0127 0.3097 0.0232 
     3681AD1 0.0377 0.1277 0.3489 0.1064 0.0079 0.0314 0.2970 0.0429 
     5008AB6 0.1065 0.2192 0.2545 0.0152 0.0223 0.0042 0.2464 0.1316 
    8204_A_4 0.0258 0.2940 0.0641 0.1459 0.1289 0.0176 0.2776 0.0462 
       AGRIA 0.0198 0.0819 0.3415 0.1534 0.0033 0.0305 0.0054 0.3642 
       AILSA 0.0831 0.2258 0.0034 0.0366 0.0693 0.4227 0.0069 0.1523 
      ALMERA 0.0098 0.0051 0.3149 0.2521 0.0102 0.0903 0.0519 0.2657 
       ALPHA 0.2393 0.0217 0.4359 0.0655 0.1532 0.0259 0.0136 0.0449 
      ALWARA 0.0455 0.0084 0.2851 0.0201 0.1813 0.0221 0.2310 0.2065 
      AMADRA 0.1483 0.0962 0.2842 0.0283 0.0766 0.1507 0.0145 0.2013 
       AMOUR 0.0225 0.1127 0.0086 0.0205 0.0746 0.3128 0.4318 0.0167 
        ANNA 0.1301 0.0572 0.0107 0.0668 0.0071 0.0073 0.7188 0.0019 
   ANNABELLE 0.0180 0.0520 0.3747 0.1350 0.0061 0.0074 0.0350 0.3718 
        ANYA 0.2184 0.1113 0.0825 0.0559 0.1623 0.0060 0.0355 0.3280 
       ARGOS 0.0057 0.0037 0.0380 0.0500 0.1893 0.2321 0.4476 0.0335 
     ARIELLE 0.0906 0.0034 0.2687 0.1403 0.0613 0.0310 0.0885 0.3161 
      ARKULA 0.1313 0.0259 0.4785 0.0914 0.1791 0.0060 0.0243 0.0637 
      ARMADA 0.1135 0.0077 0.3827 0.1155 0.1323 0.1241 0.0255 0.0988 
   AVALANCHE 0.0066 0.0253 0.2164 0.1688 0.0340 0.4451 0.0858 0.0181 
     BAILLIE 0.0072 0.0805 0.1167 0.0842 0.0705 0.4458 0.1213 0.0740 
    BALMORAL 0.0256 0.0207 0.1978 0.2670 0.0207 0.0249 0.4392 0.0041 
     BAMBINO 0.0120 0.1106 0.0421 0.0173 0.1353 0.4204 0.2010 0.0614 
       BARNA 0.0767 0.0187 0.1159 0.0134 0.2976 0.0301 0.3244 0.1231 
 BELLE_DE_FO 0.8434 0.0020 0.0246 0.0269 0.0420 0.0035 0.0519 0.0057 
       BENOL 0.1386 0.3705 0.0318 0.0111 0.0019 0.4014 0.0160 0.0287 
       BF_15 0.6943 0.0034 0.1534 0.0109 0.0113 0.0035 0.0586 0.0646 
      BINTJE 0.3197 0.0122 0.2188 0.1724 0.1120 0.0699 0.0515 0.0436 
 BIONICA_EX_ 0.1175 0.2811 0.2783 0.1199 0.0075 0.0181 0.1362 0.0415 
 BLUE_DANUBE 0.1297 0.0051 0.5009 0.1698 0.0040 0.0337 0.1494 0.0075 
      BONNIE 0.0272 0.1446 0.2014 0.0724 0.1988 0.1405 0.1345 0.0806 
      BOUNTY 0.0103 0.1214 0.0869 0.0174 0.1902 0.3623 0.1891 0.0224 
 BRITISH_QUE 0.3697 0.0017 0.1064 0.4116 0.0047 0.0559 0.0467 0.0033 
     BRODICK 0.0106 0.6020 0.0279 0.0304 0.0143 0.2227 0.0322 0.0600 
      BRODIE 0.1161 0.0702 0.0058 0.1376 0.2445 0.0100 0.4116 0.0041 
      BUCHAN 0.0861 0.0825 0.0029 0.0798 0.2724 0.0409 0.3612 0.0742 
      BURREN 0.1196 0.0483 0.0802 0.0223 0.0810 0.0404 0.4622 0.1461 
     CABARET 0.2356 0.1206 0.0082 0.0243 0.1191 0.4715 0.0166 0.0042 
      CAESAR 0.0022 0.1239 0.3639 0.0992 0.1439 0.0052 0.0275 0.2342 
        CARA 0.0600 0.0388 0.0085 0.0070 0.1631 0.0503 0.6653 0.0068 
 CARLINGFORD 0.0294 0.1197 0.0355 0.3096 0.2338 0.0471 0.1115 0.1134 
  CASABLANCA 0.0021 0.1030 0.1856 0.1530 0.0053 0.2658 0.2811 0.0041 
      CELINE 0.0683 0.0842 0.4521 0.0207 0.2605 0.0284 0.0804 0.0054 
  CHALLENGER 0.0901 0.0862 0.2498 0.1786 0.0746 0.1397 0.0031 0.1780 
   CHARLOTTE 0.1430 0.2258 0.0184 0.0044 0.1198 0.0089 0.0096 0.4701 
     CHICAGO 0.0233 0.1201 0.1800 0.0058 0.0087 0.4527 0.0228 0.1867 
   CHIEFTAIN 0.1149 0.1020 0.0051 0.3106 0.2676 0.0066 0.0120 0.1812 
      CHOPIN 0.0207 0.0884 0.3797 0.2655 0.0395 0.0121 0.0315 0.1626 
      CLARET 0.0544 0.0122 0.0088 0.0197 0.1881 0.0697 0.5695 0.0777 
      CORINE 0.0603 0.1492 0.2639 0.1790 0.0048 0.1376 0.1990 0.0062 
      COSMOS 0.0461 0.0338 0.4542 0.2289 0.0578 0.1131 0.0114 0.0547 
     COURAGE 0.1122 0.0628 0.3790 0.1262 0.2395 0.0195 0.0230 0.0379 
     COURLAN 0.0844 0.0866 0.0403 0.2353 0.1187 0.0460 0.1325 0.2562 
 CRAIGS_ROYA 0.0926 0.0251 0.0041 0.1530 0.2896 0.1490 0.2798 0.0069 
 CRAIGS_SNOW 0.2911 0.0049 0.0216 0.2818 0.1246 0.1751 0.0497 0.0512 
     CRAMOND 0.0050 0.3718 0.1354 0.0807 0.0594 0.2992 0.0432 0.0054 
 CRISPS_FOR_ 0.0722 0.0473 0.2985 0.0971 0.2492 0.0387 0.0100 0.1870 
    CROMWELL 0.1834 0.0083 0.0111 0.0033 0.0209 0.6460 0.0676 0.0595 
       D22/1 0.1365 0.0031 0.0209 0.1016 0.1259 0.5726 0.0352 0.0041 
       D23/3 0.2718 0.0099 0.0099 0.1384 0.1153 0.3839 0.0111 0.0596 
      D47-11 0.1855 0.0241 0.0268 0.0114 0.0048 0.7248 0.0162 0.0063 
       D49/1 0.1118 0.0575 0.0187 0.0059 0.0272 0.7385 0.0021 0.0383 
       DAISY 0.1756 0.1294 0.1425 0.0097 0.0539 0.3978 0.0054 0.0856 
 DARK_RED_NO 0.1101 0.0273 0.0111 0.4119 0.0273 0.0246 0.1659 0.2218 
     DARWINA 0.0933 0.0055 0.3883 0.1790 0.0792 0.1162 0.0062 0.1323 
     DESIREE 0.1553 0.0026 0.2129 0.0148 0.3048 0.0023 0.1040 0.2031 
       DITTA 0.1296 0.0050 0.2545 0.2076 0.0113 0.0260 0.0283 0.3377 
 DR._MCINTOS 0.0478 0.1021 0.0644 0.4847 0.2296 0.0269 0.0359 0.0085 
       DRAGA 0.0051 0.1241 0.2432 0.3469 0.0104 0.1026 0.1043 0.0634 
 DUKE_OF_YOR 0.3570 0.0030 0.2093 0.4136 0.0021 0.0034 0.0065 0.0050 
 DUNBAR_STAN 0.2622 0.0058 0.0053 0.3840 0.1551 0.1522 0.0245 0.0109 
     DUNDROD 0.1289 0.0778 0.0059 0.0561 0.0711 0.4349 0.0755 0.1499 
     ECLIPSE 0.4124 0.0394 0.0035 0.2704 0.1193 0.0093 0.0022 0.1436 
        EDEN 0.1568 0.2461 0.0050 0.0081 0.0123 0.5633 0.0045 0.0039 
 EDZELL_BLUE 0.3272 0.0869 0.2050 0.1174 0.1068 0.0170 0.0906 0.0490 
   ELISABETH 0.0098 0.1174 0.2409 0.0466 0.2441 0.0471 0.0042 0.2899 
     EMPEROR 0.0108 0.1358 0.0851 0.3214 0.0760 0.1345 0.0090 0.2273 
         EOS 0.0187 0.1191 0.1332 0.1215 0.2364 0.1609 0.0060 0.2041 
     EPICURE 0.3816 0.0429 0.0669 0.2665 0.1876 0.0036 0.0061 0.0448 
  ERNTESTOLZ 0.2330 0.0349 0.2129 0.2146 0.0068 0.0266 0.0921 0.1791 
      ESCORT 0.0115 0.1529 0.3827 0.0105 0.1582 0.0585 0.0220 0.2036 
   ESMERALDA 0.1621 0.1115 0.3403 0.0084 0.2243 0.0527 0.0143 0.0864 
      ESTIMA 0.0714 0.0388 0.3096 0.2111 0.1366 0.0876 0.0042 0.1406 
 EVE_BALFOUR 0.2163 0.2293 0.0159 0.0777 0.0330 0.0541 0.3673 0.0063 
   EXCALIBUR 0.0024 0.2078 0.0161 0.0035 0.0896 0.3248 0.3390 0.0168 
     EXQUISA 0.1668 0.0080 0.2754 0.0071 0.0400 0.0037 0.1429 0.3562 
    FESTIVAL 0.0055 0.1011 0.3998 0.0573 0.1459 0.0654 0.0093 0.2157 
      FIANNA 0.0059 0.0652 0.3229 0.2643 0.0460 0.0232 0.1925 0.0799 
   FIFTYFOLD 0.5532 0.0228 0.0265 0.0924 0.1369 0.0512 0.0413 0.0758 
     FONTANE 0.0123 0.0550 0.3122 0.1692 0.0398 0.1683 0.0050 0.2383 
   FORTYFOLD 0.5390 0.0089 0.2382 0.1830 0.0030 0.0035 0.0201 0.0043 
 FRONTIER_RU 0.1592 0.0352 0.0106 0.4176 0.0987 0.0648 0.0095 0.2044 
     G.81071 0.0761 0.2337 0.1438 0.2013 0.1456 0.0527 0.1185 0.0284 
     G.88661 0.0038 0.1496 0.1137 0.3306 0.1788 0.1349 0.0127 0.0759 
    G.886611 0.0040 0.1888 0.0212 0.2705 0.2805 0.0968 0.0075 0.1308 
  G.8867Y%12 0.0043 0.0962 0.0390 0.3591 0.2187 0.0184 0.0997 0.1644 
     G.88839 0.0182 0.0661 0.3885 0.0071 0.0453 0.0035 0.0104 0.4608 
     G.88842 0.0076 0.0734 0.3443 0.1680 0.0120 0.0061 0.1482 0.2403 
   GALACTICA 0.1453 0.0020 0.2782 0.1215 0.0029 0.0125 0.4275 0.0103 
      GEMSON 0.1563 0.0401 0.0096 0.2463 0.1943 0.0917 0.2178 0.0440 
  GL.76B/102 0.3078 0.0134 0.1096 0.1399 0.0037 0.1757 0.0093 0.2407 
   GL.76B/94 0.5067 0.0041 0.2485 0.0162 0.0020 0.0040 0.1786 0.0399 
  GL.77M/106 0.1797 0.3089 0.0054 0.0078 0.1127 0.0762 0.1916 0.1177 
   GL.78/166 0.5617 0.0033 0.1295 0.1084 0.0027 0.0990 0.0491 0.0463 
    GL.78/53 0.5085 0.1484 0.0054 0.0042 0.0163 0.1411 0.0119 0.1642 
    GL.78/97 0.5492 0.0678 0.0772 0.0204 0.0081 0.0995 0.0441 0.1337 
    GL.79/42 0.5237 0.0703 0.0548 0.0025 0.1273 0.0837 0.0032 0.1345 
    GL.79/45 0.5576 0.0663 0.0493 0.0035 0.0935 0.0411 0.0661 0.1226 
 GL.81_NT_25 0.3060 0.0090 0.0253 0.0061 0.0024 0.5681 0.0736 0.0095 
   GLADIATOR 0.0072 0.0463 0.2214 0.1524 0.2169 0.0530 0.0991 0.2036 
      GLAMIS 0.0161 0.0495 0.0779 0.1231 0.1707 0.4016 0.0092 0.1518 
 GOLDEN_MILL 0.0645 0.5243 0.0358 0.0098 0.0187 0.2348 0.0977 0.0144 
 GOLDEN_NUGG 0.0110 0.1120 0.4286 0.0055 0.4029 0.0078 0.0263 0.0060 
 GOLDEN_WOND 0.5759 0.0403 0.1390 0.0645 0.1254 0.0112 0.0105 0.0331 
     GRANOLA 0.1090 0.2175 0.1300 0.0102 0.0332 0.0195 0.0446 0.4361 
    H1H3_101 0.2572 0.0046 0.0028 0.0062 0.0014 0.7178 0.0060 0.0040 
      H1H3_3 0.1410 0.1771 0.0564 0.1302 0.1272 0.3532 0.0096 0.0054 
 HARBOROUGH_ 0.0033 0.5691 0.0073 0.0163 0.0042 0.3896 0.0046 0.0056 
   HARLEQUIN 0.1751 0.1517 0.0169 0.0086 0.1652 0.0373 0.0348 0.4102 
      HERMES 0.1000 0.0033 0.2098 0.0599 0.0047 0.0778 0.2370 0.3076 
 HIGHLAND_BU 0.7706 0.0856 0.1181 0.0102 0.0030 0.0061 0.0040 0.0025 
  HOME_GUARD 0.2302 0.1086 0.0170 0.2435 0.2007 0.1020 0.0737 0.0242 
     HORIZON 0.2170 0.0081 0.4504 0.0260 0.1026 0.1064 0.0448 0.0445 
   INNOVATOR 0.1479 0.0096 0.2543 0.4837 0.0023 0.0073 0.0926 0.0024 
 INTERNATION 0.8530 0.0040 0.0527 0.0631 0.0020 0.0073 0.0126 0.0052 
 ISLE_OF_JUR 0.1024 0.0749 0.0292 0.0617 0.0111 0.4108 0.1913 0.1185 
    JULIETTE 0.0472 0.1330 0.1828 0.0130 0.0091 0.0060 0.0301 0.5788 
     KARLENA 0.1731 0.0066 0.2110 0.2613 0.0024 0.0575 0.2692 0.0190 
 KERR'S_PINK 0.4529 0.0301 0.0064 0.2884 0.1212 0.0524 0.0375 0.0111 
     KESTREL 0.0058 0.0247 0.0047 0.0067 0.3303 0.2731 0.3022 0.0525 
       KIFLI 0.1719 0.1467 0.1228 0.0095 0.0414 0.0564 0.0110 0.4403 
 KING_EDWARD 0.7296 0.0179 0.0050 0.0728 0.0828 0.0299 0.0023 0.0596 
    KINGSTON 0.1536 0.2714 0.1007 0.0050 0.0192 0.3488 0.0874 0.0138 
 KUFRI_CHAND 0.1651 0.0096 0.0808 0.3787 0.0973 0.1069 0.0528 0.1089 
 KUFRI_JYOTI 0.1186 0.2002 0.1945 0.0952 0.0151 0.0058 0.3136 0.0570 
      KURODA 0.0066 0.0058 0.4183 0.2177 0.0063 0.0526 0.1463 0.1465 
 LADY_BALFOU 0.1433 0.0776 0.0290 0.1301 0.1167 0.1423 0.3527 0.0083 
 LADY_CHRIST 0.2783 0.0771 0.4530 0.0474 0.0929 0.0259 0.0139 0.0115 
 LADY_CLAIRE 0.1760 0.0047 0.6355 0.0695 0.0013 0.0201 0.0200 0.0729 
     LADY_JO 0.2604 0.0032 0.5797 0.1058 0.0050 0.0386 0.0058 0.0016 
 LADY_ROSETT 0.1409 0.0434 0.3973 0.0414 0.2919 0.0697 0.0072 0.0084 
    LIBERTAS 0.2830 0.0028 0.5820 0.0037 0.0143 0.0063 0.1063 0.0016 
       LINDA 0.2207 0.0182 0.0821 0.0132 0.0061 0.0057 0.1066 0.5474 
      LINTON 0.0282 0.0063 0.1306 0.1744 0.0601 0.1832 0.1489 0.2684 
 LINZER_DELI 0.1953 0.0880 0.2279 0.0158 0.1679 0.0046 0.0041 0.2966 
   LIONHEART 0.0208 0.0960 0.4496 0.2230 0.0601 0.0242 0.0688 0.0575 
   MADELEINE 0.0741 0.1135 0.3676 0.0108 0.1180 0.0198 0.0184 0.2779 
   MADINGLEY 0.0298 0.0247 0.1532 0.0882 0.0334 0.1347 0.2010 0.3350 
    MAJESTIC 0.0669 0.1042 0.0432 0.5139 0.1316 0.0076 0.0878 0.0448 
     MARABEL 0.0065 0.0426 0.4373 0.1376 0.0285 0.0074 0.0437 0.2964 
     MARFONA 0.1337 0.0074 0.4690 0.1659 0.0915 0.0988 0.0273 0.0064 
     MARILYN 0.0818 0.0944 0.2520 0.0711 0.0330 0.0074 0.1431 0.3173 
 MARIS_ANCHO 0.1743 0.0514 0.2701 0.2279 0.0879 0.0490 0.0111 0.1283 
  MARIS_BARD 0.0913 0.0458 0.2342 0.2759 0.0112 0.2590 0.0813 0.0013 
  MARIS_PEER 0.1407 0.0244 0.0053 0.3079 0.1264 0.1473 0.1614 0.0865 
 MARIS_PIPER 0.0774 0.0531 0.0100 0.0032 0.0055 0.8111 0.0049 0.0347 
     MARKIES 0.1240 0.0156 0.4373 0.0349 0.0725 0.0190 0.0385 0.2582 
      MAXINE 0.0099 0.0195 0.0093 0.2264 0.2769 0.3816 0.0192 0.0572 
      MEGARA 0.0689 0.0648 0.4406 0.0191 0.0259 0.0444 0.0515 0.2847 
      MELODY 0.1534 0.0560 0.3495 0.0266 0.0167 0.0605 0.1707 0.1667 
       MIDAS 0.0855 0.0227 0.1396 0.0030 0.0314 0.4882 0.0067 0.2228 
       MILVA 0.1749 0.0920 0.3148 0.0517 0.0080 0.0078 0.0593 0.2915 
        MIMI 0.0759 0.1267 0.2951 0.0034 0.2745 0.2010 0.0175 0.0060 
        MIRA 0.2046 0.0079 0.5844 0.1031 0.0080 0.0167 0.0676 0.0076 
       MOIRA 0.1222 0.0613 0.2266 0.1517 0.0163 0.0343 0.1823 0.2052 
    MONTROSE 0.2036 0.4418 0.0044 0.0027 0.0033 0.3283 0.0107 0.0053 
       MORAG 0.1812 0.2591 0.0274 0.1509 0.1991 0.0363 0.1419 0.0040 
      MORENE 0.1564 0.0054 0.5707 0.1465 0.0089 0.0032 0.1015 0.0074 
      MOZART 0.0019 0.2261 0.3389 0.0462 0.1043 0.0037 0.0068 0.2720 
 MYATT'S_ASH 0.7154 0.0023 0.1417 0.0949 0.0018 0.0037 0.0267 0.0134 
      NADINE 0.0064 0.1388 0.0701 0.0119 0.3034 0.3368 0.0148 0.1179 
       NAVAN 0.0225 0.0723 0.0138 0.0582 0.1391 0.6477 0.0188 0.0276 
 NDTX_4271_5 0.0168 0.1316 0.0039 0.2152 0.3096 0.0871 0.0032 0.2326 
      NICOLA 0.1709 0.0044 0.2392 0.0792 0.0033 0.0038 0.0116 0.4877 
     NOVELLA 0.0263 0.0510 0.3754 0.1158 0.1508 0.0195 0.1167 0.1445 
     OLYMPUS 0.1158 0.3670 0.0088 0.1298 0.1429 0.1371 0.0327 0.0659 
       OPERA 0.0089 0.1292 0.3350 0.1002 0.1108 0.0442 0.1031 0.1685 
   ORCHESTRA 0.0720 0.0788 0.3105 0.0140 0.1002 0.0915 0.0224 0.3106 
      ORIANA 0.0542 0.0044 0.3760 0.2320 0.0076 0.0040 0.1834 0.1384 
     OTHELLO 0.0136 0.0203 0.0033 0.0823 0.2517 0.0886 0.4847 0.0554 
     PALADIN 0.1612 0.1154 0.0191 0.0528 0.0047 0.6358 0.0059 0.0052 
       PANDA 0.0224 0.0635 0.1857 0.0089 0.0921 0.0607 0.0648 0.5019 
   PARAMOUNT 0.0797 0.0503 0.2206 0.0112 0.2724 0.0034 0.3252 0.0371 
    PATRONES 0.1790 0.0077 0.2958 0.2137 0.0529 0.0787 0.0338 0.1384 
 PENTLAND_AC 0.1539 0.0227 0.1532 0.1417 0.2556 0.1255 0.0847 0.0627 
 PENTLAND_BE 0.4144 0.0030 0.0815 0.2502 0.0526 0.0414 0.1537 0.0032 
 PENTLAND_CR 0.0779 0.3170 0.2445 0.1928 0.0050 0.0082 0.1488 0.0057 
 PENTLAND_DE 0.2420 0.2222 0.0239 0.2272 0.1452 0.0052 0.1270 0.0073 
 PENTLAND_IV 0.0761 0.1529 0.0037 0.2981 0.2776 0.0126 0.0669 0.1122 
 PENTLAND_JA 0.0844 0.1678 0.1632 0.4431 0.0146 0.0178 0.0988 0.0103 
 PENTLAND_MA 0.0871 0.0709 0.2980 0.1714 0.0047 0.0064 0.2879 0.0735 
 PENTLAND_SQ 0.1794 0.3134 0.0943 0.2274 0.0325 0.0065 0.1251 0.0214 
   PEPO_1978 0.1066 0.0346 0.2455 0.0742 0.0029 0.0954 0.0707 0.3701 
     PICASSO 0.0026 0.0063 0.1929 0.0432 0.0516 0.1192 0.5380 0.0461 
   PIMPERNEL 0.1961 0.0868 0.4535 0.0037 0.0568 0.0123 0.1023 0.0884 
     PIONEER 0.1710 0.1547 0.0411 0.0414 0.0040 0.0059 0.0123 0.5696 
       PIXIE 0.0047 0.1846 0.0759 0.0064 0.3274 0.2007 0.1589 0.0415 
    PREMIERE 0.2194 0.0099 0.4935 0.1739 0.0048 0.0773 0.0186 0.0026 
   PRODUCENT 0.0852 0.0704 0.4058 0.0419 0.1143 0.1673 0.0045 0.1107 
     PROVOST 0.1394 0.1460 0.1303 0.2933 0.0350 0.0076 0.1869 0.0617 
  R.P.LUSTRE 0.2386 0.1333 0.0119 0.1468 0.1474 0.1229 0.0190 0.1801 
 RANGER_RUSS 0.2315 0.0018 0.0679 0.5185 0.0042 0.0038 0.1345 0.0378 
       RATTE 0.4894 0.2283 0.0156 0.0113 0.1350 0.0248 0.0041 0.0916 
      RECORD 0.2715 0.0025 0.6207 0.0069 0.0382 0.0078 0.0488 0.0036 
   REMBRANDT 0.1124 0.0983 0.3657 0.1908 0.0103 0.0797 0.0107 0.1322 
    RIO_ROJO 0.0774 0.0928 0.0542 0.2977 0.2118 0.0193 0.0959 0.1509 
      ROBIJN 0.2947 0.0044 0.5503 0.0216 0.0049 0.0043 0.0807 0.0391 
      ROCKET 0.1442 0.1328 0.0193 0.0855 0.1586 0.4440 0.0108 0.0048 
   RODE_STAR 0.3797 0.0080 0.3640 0.0012 0.0985 0.0053 0.0057 0.1376 
      ROMANO 0.0169 0.0890 0.3756 0.0070 0.2309 0.0060 0.1894 0.0851 
       ROMEO 0.2100 0.1339 0.0100 0.0161 0.2433 0.0043 0.2036 0.1787 
     ROOSTER 0.1184 0.3002 0.1644 0.1617 0.0362 0.0051 0.1867 0.0273 
       ROYAL 0.0805 0.0177 0.1414 0.0051 0.0317 0.3393 0.0630 0.3213 
 ROYAL_KIDNE 0.4101 0.0052 0.0465 0.4779 0.0382 0.0036 0.0166 0.0019 
     RUBESSE 0.0798 0.0944 0.2020 0.1502 0.1765 0.0059 0.0606 0.2305 
 RUSSET_BURB 0.1554 0.0271 0.0804 0.5106 0.1345 0.0079 0.0173 0.0668 
 RUSSET_NORK 0.0771 0.0213 0.0025 0.5253 0.1497 0.0111 0.0044 0.2086 
      SAFARI 0.0079 0.1246 0.4753 0.0706 0.1731 0.0056 0.1092 0.0339 
     SANTANA 0.0807 0.0202 0.3642 0.1965 0.0896 0.1221 0.0471 0.0795 
       SANTE 0.0876 0.1279 0.4791 0.0057 0.2377 0.0418 0.0075 0.0127 
     SAPHIRE 0.0042 0.1367 0.4111 0.2844 0.0721 0.0241 0.0284 0.0390 
  SARPO_MIRA 0.1677 0.0045 0.2154 0.0044 0.2592 0.0295 0.0253 0.2940 
 SARPO_SHONA 0.0961 0.0122 0.3218 0.0045 0.2226 0.0244 0.0413 0.2772 
       SASSY 0.2211 0.0364 0.2943 0.1295 0.1011 0.0786 0.0290 0.1099 
     SATURNA 0.2620 0.0054 0.4292 0.0042 0.0095 0.0524 0.0085 0.2288 
        SAVA 0.0333 0.0139 0.2077 0.1324 0.1771 0.0953 0.0077 0.3326 
       SAXON 0.0954 0.2439 0.0522 0.0192 0.0364 0.4571 0.0680 0.0279 
 SCARBOROUGH 0.0168 0.4706 0.0040 0.0059 0.0158 0.4748 0.0029 0.0092 
 SEFTON_WOND 0.4312 0.0942 0.0076 0.2633 0.1123 0.0713 0.0172 0.0028 
    SERAFINA 0.1314 0.1119 0.2393 0.0097 0.1293 0.0027 0.0580 0.3177 
     SETANTA 0.0457 0.5165 0.1149 0.0758 0.0552 0.0292 0.1419 0.0207 
 SHARPE'S_EX 0.5974 0.0055 0.0720 0.0389 0.0953 0.0979 0.0110 0.0820 
     SHELAGH 0.2613 0.0959 0.1404 0.0170 0.0676 0.1222 0.2563 0.0394 
    SHELFORD 0.1726 0.0023 0.1695 0.0713 0.0227 0.0412 0.2334 0.2871 
     SHEPODY 0.1691 0.0037 0.1970 0.4219 0.0029 0.0087 0.1948 0.0019 
      SLANEY 0.0088 0.1061 0.0069 0.0254 0.2042 0.2035 0.3392 0.1059 
        SPEY 0.0025 0.1106 0.0395 0.0105 0.2291 0.1883 0.3901 0.0295 
      SPUNTA 0.2159 0.1252 0.0615 0.0233 0.1482 0.0316 0.1296 0.2646 
     STAMINA 0.0019 0.0120 0.0161 0.0415 0.1747 0.6031 0.1417 0.0091 
    STEMSTER 0.1506 0.0154 0.2052 0.0204 0.0932 0.3156 0.0659 0.1337 
 STORMONT_EN 0.1712 0.0082 0.3033 0.0988 0.1538 0.1624 0.0930 0.0094 
    STIRLING 0.0080 0.2806 0.0818 0.2049 0.0517 0.0331 0.3140 0.0259 
     SYLVANA 0.0583 0.0200 0.2435 0.2277 0.1077 0.0869 0.0848 0.1711 
         TAY 0.0082 0.4802 0.0163 0.0246 0.0703 0.1671 0.2069 0.0264 
      TIMATE 0.0436 0.0581 0.3358 0.0647 0.0609 0.0955 0.0059 0.3354 
      TOLUCA 0.0294 0.0239 0.2803 0.1247 0.0083 0.0041 0.2103 0.3190 
    TORRIDON 0.0900 0.1239 0.2959 0.0911 0.0064 0.0172 0.2942 0.0813 
 ULSTER_SCEP 0.0377 0.0783 0.0815 0.3222 0.1711 0.2793 0.0261 0.0038 
 UMATILLA_RU 0.3529 0.0983 0.1396 0.0294 0.0221 0.2825 0.0411 0.0342 
 VALES_EMERA 0.0992 0.2059 0.0103 0.0431 0.1519 0.1295 0.0274 0.3327 
 VALES_EVERE 0.1313 0.2931 0.0103 0.0395 0.1354 0.0759 0.3098 0.0047 
 VALES_RUSSE 0.2343 0.0899 0.0298 0.4398 0.0101 0.0209 0.0385 0.1365 
 VALES_SOVER 0.0025 0.0608 0.0087 0.0044 0.0192 0.2785 0.6149 0.0109 
       VALOR 0.0022 0.1578 0.0493 0.0045 0.2329 0.2234 0.3269 0.0030 
    VAN_GOGH 0.1409 0.0782 0.4944 0.0502 0.0543 0.0744 0.0089 0.0986 
     VANTAGE 0.2774 0.0024 0.4072 0.1865 0.0496 0.0423 0.0304 0.0043 
       VERDI 0.1917 0.0387 0.2823 0.0252 0.0061 0.0939 0.0962 0.2658 
    VICTORIA 0.0250 0.0767 0.3547 0.2899 0.0258 0.0180 0.0302 0.1797 
     VIVALDI 0.0134 0.0063 0.4261 0.2837 0.0036 0.0032 0.1555 0.1083 
       WILJA 0.1602 0.0019 0.5534 0.1451 0.0046 0.0444 0.0887 0.0017 
     WINSTON 0.0030 0.1024 0.0120 0.0210 0.4066 0.3438 0.0502 0.0609 
      XD2-21 0.1922 0.0761 0.1151 0.2051 0.2616 0.0367 0.1061 0.0071 
  YUKON_GOLD 0.0039 0.2298 0.0512 0.3077 0.1100 0.0795 0.0093 0.2087 
       ZORBA 0.1395 0.0216 0.3760 0.2763 0.0044 0.0096 0.1555 0.0171 
