  00C133-020 0.5158 0.0950 0.3602 0.0143 0.0148 
 01C_071-002 0.2042 0.0837 0.2604 0.1517 0.3001 
 02M_012-001 0.6150 0.1010 0.0417 0.1415 0.1008 
 03M_016-002 0.3742 0.0413 0.0992 0.4394 0.0458 
 03M_034-002 0.5294 0.0263 0.2142 0.1847 0.0454 
 04C_055-004 0.4858 0.3016 0.0255 0.0633 0.1237 
 04C_126-005 0.3125 0.1086 0.3724 0.0921 0.1145 
 04M_034-013 0.4755 0.1255 0.0443 0.2644 0.0904 
 05M_002-001 0.1452 0.2124 0.1410 0.1389 0.3626 
 05M_004-003 0.2026 0.1413 0.2892 0.0086 0.3583 
 05M_012-004 0.1951 0.1503 0.3550 0.0853 0.2144 
 06C_127-002 0.3279 0.4581 0.1666 0.0383 0.0091 
 12288_AF_23 0.4362 0.2469 0.2646 0.0158 0.0365 
    12601AB1 0.4749 0.0520 0.0237 0.4375 0.0118 
   12636_A_2 0.4959 0.0495 0.2290 0.2162 0.0095 
  15119_AC_5 0.2423 0.0027 0.5325 0.1905 0.0320 
     1512C16 0.0145 0.2254 0.3385 0.3215 0.1002 
   15144_A_3 0.0350 0.2774 0.5734 0.0339 0.0802 
     1563C14 0.0273 0.2206 0.0443 0.4409 0.2668 
     2182EF7 0.0918 0.2250 0.4981 0.1302 0.0550 
     3681AD1 0.0991 0.1062 0.3726 0.0500 0.3721 
     5008AB6 0.0648 0.2807 0.2966 0.0919 0.2660 
    8204_A_4 0.1828 0.3241 0.4233 0.0439 0.0259 
       AGRIA 0.0838 0.3470 0.0114 0.0419 0.5159 
       AILSA 0.5657 0.2717 0.0268 0.1286 0.0072 
      ALMERA 0.0640 0.2412 0.1823 0.0587 0.4539 
       ALPHA 0.0641 0.1571 0.1330 0.2272 0.4186 
      ALWARA 0.0519 0.2829 0.2787 0.0286 0.3579 
      AMADRA 0.2278 0.2718 0.0301 0.1399 0.3304 
       AMOUR 0.4176 0.0803 0.4401 0.0403 0.0218 
        ANNA 0.0240 0.0060 0.7939 0.1599 0.0162 
   ANNABELLE 0.0150 0.4290 0.0630 0.0274 0.4657 
        ANYA 0.0510 0.4996 0.0635 0.2177 0.1682 
       ARGOS 0.2433 0.0485 0.5759 0.0112 0.1212 
     ARIELLE 0.0253 0.3173 0.1328 0.1133 0.4114 
      ARKULA 0.0180 0.2095 0.2012 0.1268 0.4446 
      ARMADA 0.1143 0.1891 0.1784 0.1320 0.3862 
   AVALANCHE 0.4471 0.0142 0.2241 0.0405 0.2741 
     BAILLIE 0.4914 0.1031 0.2121 0.0185 0.1749 
    BALMORAL 0.0252 0.0181 0.6270 0.0901 0.2396 
     BAMBINO 0.5060 0.1198 0.2778 0.0184 0.0780 
       BARNA 0.1130 0.3186 0.4186 0.0492 0.1005 
 BELLE_DE_FO 0.0040 0.0060 0.0627 0.8559 0.0715 
       BENOL 0.6139 0.0805 0.0444 0.1591 0.1020 
       BF_15 0.0049 0.0483 0.0367 0.6918 0.2184 
      BINTJE 0.0736 0.1280 0.1775 0.3658 0.2550 
 BIONICA_EX_ 0.1422 0.1831 0.2662 0.1319 0.2767 
 BLUE_DANUBE 0.0172 0.0082 0.2706 0.1458 0.5583 
      BONNIE 0.2578 0.2601 0.2792 0.0329 0.1699 
      BOUNTY 0.4606 0.1039 0.3209 0.0170 0.0976 
 BRITISH_QUE 0.0077 0.0054 0.2830 0.4930 0.2110 
     BRODICK 0.5545 0.3061 0.1174 0.0107 0.0114 
      BRODIE 0.0856 0.1587 0.6023 0.1476 0.0058 
      BUCHAN 0.1374 0.2810 0.4865 0.0907 0.0044 
      BURREN 0.1010 0.1956 0.4450 0.0989 0.1596 
     CABARET 0.5256 0.0157 0.1504 0.2941 0.0142 
      CAESAR 0.0442 0.4033 0.1646 0.0043 0.3837 
        CARA 0.1548 0.0879 0.6987 0.0449 0.0137 
 CARLINGFORD 0.1100 0.3487 0.4019 0.1084 0.0311 
  CASABLANCA 0.3205 0.0099 0.4353 0.0049 0.2294 
      CELINE 0.1151 0.1100 0.2975 0.0632 0.4142 
  CHALLENGER 0.2091 0.2631 0.0496 0.1509 0.3273 
   CHARLOTTE 0.1402 0.6599 0.0070 0.1084 0.0845 
     CHICAGO 0.5256 0.1511 0.0146 0.0368 0.2720 
   CHIEFTAIN 0.0310 0.4699 0.2759 0.2133 0.0100 
      CHOPIN 0.0395 0.2743 0.2116 0.0745 0.4001 
      CLARET 0.1220 0.1937 0.6128 0.0416 0.0300 
      CORINE 0.1903 0.0102 0.3600 0.1129 0.3265 
      COSMOS 0.1243 0.1197 0.1907 0.1001 0.4652 
     COURAGE 0.0811 0.2305 0.2278 0.1132 0.3474 
     COURLAN 0.1094 0.3481 0.2570 0.1425 0.1430 
 CRAIGS_ROYA 0.2163 0.1695 0.4787 0.1298 0.0057 
 CRAIGS_SNOW 0.1531 0.1230 0.2533 0.3897 0.0810 
     CRAMOND 0.4975 0.1505 0.2317 0.0157 0.1046 
 CRISPS_FOR_ 0.1130 0.3661 0.1399 0.0784 0.3025 
    CROMWELL 0.6648 0.0106 0.0183 0.1889 0.1174 
       D22/1 0.5183 0.0055 0.2111 0.1997 0.0653 
       D23/3 0.3876 0.0849 0.1175 0.3388 0.0712 
      D47-11 0.7016 0.0036 0.0111 0.2207 0.0631 
       D49/1 0.7733 0.0165 0.0040 0.1424 0.0638 
       DAISY 0.4847 0.1162 0.0179 0.1824 0.1988 
 DARK_RED_NO 0.0354 0.3391 0.3144 0.2396 0.0714 
     DARWINA 0.1074 0.1578 0.1446 0.1373 0.4530 
     DESIREE 0.0057 0.3743 0.2236 0.1414 0.2550 
       DITTA 0.0191 0.3254 0.0809 0.1603 0.4143 
 DR._MCINTOS 0.0559 0.2488 0.4804 0.1882 0.0267 
       DRAGA 0.1598 0.1564 0.3369 0.0414 0.3055 
 DUKE_OF_YOR 0.0040 0.0139 0.2283 0.4653 0.2884 
 DUNBAR_STAN 0.1554 0.0968 0.3066 0.4269 0.0143 
     DUNDROD 0.4979 0.1919 0.0943 0.1862 0.0297 
     ECLIPSE 0.0598 0.3604 0.0537 0.5165 0.0095 
        EDEN 0.7099 0.0338 0.0309 0.2153 0.0101 
 EDZELL_BLUE 0.0812 0.1377 0.1952 0.3470 0.2389 
   ELISABETH 0.1643 0.5454 0.0317 0.0133 0.2453 
     EMPEROR 0.2001 0.3619 0.1674 0.0926 0.1779 
         EOS 0.2838 0.4287 0.1101 0.0441 0.1333 
     EPICURE 0.0120 0.2851 0.1880 0.4543 0.0607 
  ERNTESTOLZ 0.0382 0.1911 0.1673 0.2775 0.3259 
      ESCORT 0.1779 0.3501 0.0784 0.0071 0.3865 
   ESMERALDA 0.1672 0.2625 0.1182 0.1379 0.3143 
      ESTIMA 0.1465 0.2707 0.1119 0.1301 0.3408 
 EVE_BALFOUR 0.2026 0.0960 0.4360 0.2390 0.0264 
   EXCALIBUR 0.4967 0.0951 0.3811 0.0036 0.0234 
     EXQUISA 0.0095 0.4296 0.0471 0.1344 0.3794 
    FESTIVAL 0.1531 0.3650 0.0737 0.0079 0.4002 
      FIANNA 0.0567 0.1788 0.3759 0.0352 0.3534 
   FIFTYFOLD 0.0929 0.1643 0.0967 0.5692 0.0769 
     FONTANE 0.2077 0.2558 0.0541 0.0526 0.4298 
   FORTYFOLD 0.0049 0.0049 0.1084 0.5698 0.3120 
 FRONTIER_RU 0.0938 0.3464 0.1927 0.2888 0.0783 
     G.81071 0.1785 0.2426 0.3455 0.1256 0.1077 
     G.88661 0.2329 0.3559 0.2963 0.0316 0.0834 
    G.886611 0.2239 0.4889 0.2665 0.0124 0.0083 
  G.8867Y%12 0.0664 0.4649 0.4081 0.0284 0.0322 
     G.88839 0.0085 0.5161 0.0060 0.0068 0.4627 
     G.88842 0.0137 0.3358 0.2467 0.0187 0.3851 
   GALACTICA 0.0102 0.0051 0.4520 0.1592 0.3735 
      GEMSON 0.1253 0.1899 0.4369 0.2192 0.0287 
  GL.76B/102 0.1716 0.1985 0.0130 0.3485 0.2684 
   GL.76B/94 0.0050 0.0111 0.1254 0.4991 0.3594 
  GL.77M/106 0.2898 0.2958 0.2275 0.1758 0.0111 
   GL.78/166 0.0542 0.0102 0.0650 0.5869 0.2837 
    GL.78/53 0.2529 0.1970 0.0073 0.5056 0.0372 
    GL.78/97 0.1586 0.0993 0.0154 0.5331 0.1936 
    GL.79/42 0.1841 0.2200 0.0038 0.4944 0.0977 
    GL.79/45 0.1454 0.1986 0.0157 0.5211 0.1192 
 GL.81_NT_25 0.5357 0.0031 0.0256 0.3182 0.1175 
   GLADIATOR 0.1232 0.3765 0.2350 0.0143 0.2510 
      GLAMIS 0.4370 0.2360 0.1370 0.0564 0.1336 
 GOLDEN_MILL 0.5274 0.1903 0.1741 0.0843 0.0238 
 GOLDEN_NUGG 0.1338 0.1650 0.3126 0.0124 0.3761 
 GOLDEN_WOND 0.0493 0.1592 0.0527 0.5876 0.1513 
     GRANOLA 0.1418 0.5644 0.0081 0.0668 0.2189 
    H1H3_101 0.6747 0.0024 0.0052 0.3077 0.0099 
      H1H3_3 0.4512 0.0666 0.1982 0.2069 0.0771 
 HARBOROUGH_ 0.7251 0.1635 0.0887 0.0101 0.0126 
   HARLEQUIN 0.1650 0.5364 0.0182 0.1509 0.1295 
      HERMES 0.0743 0.2168 0.1929 0.1195 0.3966 
 HIGHLAND_BU 0.0204 0.0049 0.0162 0.7811 0.1775 
  HOME_GUARD 0.1823 0.1869 0.3056 0.3066 0.0186 
     HORIZON 0.1065 0.0697 0.1317 0.2162 0.4759 
   INNOVATOR 0.0054 0.0073 0.3928 0.2977 0.2968 
 INTERNATION 0.0068 0.0037 0.0136 0.8555 0.1204 
 ISLE_OF_JUR 0.4533 0.1305 0.1961 0.1255 0.0946 
    JULIETTE 0.0307 0.5812 0.0073 0.0219 0.3589 
     KARLENA 0.0400 0.0103 0.3694 0.2422 0.3380 
 KERR'S_PINK 0.0952 0.1005 0.2351 0.5506 0.0186 
     KESTREL 0.3817 0.2275 0.3774 0.0082 0.0052 
       KIFLI 0.1435 0.4807 0.0050 0.1233 0.2475 
 KING_EDWARD 0.0677 0.1423 0.0054 0.7699 0.0146 
    KINGSTON 0.5210 0.0859 0.1232 0.1559 0.1140 
 KUFRI_CHAND 0.0908 0.1925 0.2931 0.2681 0.1555 
 KUFRI_JYOTI 0.0525 0.2171 0.3871 0.1427 0.2006 
      KURODA 0.0358 0.1423 0.2675 0.0295 0.5249 
 LADY_BALFOU 0.1996 0.1135 0.4684 0.1738 0.0447 
 LADY_CHRIST 0.1024 0.0771 0.0948 0.2700 0.4557 
 LADY_CLAIRE 0.0128 0.0056 0.0537 0.1713 0.7567 
     LADY_JO 0.0198 0.0026 0.1008 0.2729 0.6039 
 LADY_ROSETT 0.1541 0.2032 0.1518 0.1357 0.3552 
    LIBERTAS 0.0095 0.0028 0.1553 0.2594 0.5731 
       LINDA 0.0081 0.5353 0.0052 0.1835 0.2678 
      LINTON 0.1860 0.2408 0.2051 0.0833 0.2847 
 LINZER_DELI 0.0371 0.4409 0.0217 0.1768 0.3236 
   LIONHEART 0.0709 0.1621 0.2450 0.0697 0.4523 
   MADELEINE 0.0994 0.4070 0.0446 0.0518 0.3972 
   MADINGLEY 0.1651 0.3241 0.1562 0.0439 0.3108 
    MAJESTIC 0.0236 0.2616 0.4481 0.2153 0.0513 
     MARABEL 0.0162 0.3532 0.1220 0.0119 0.4967 
     MARFONA 0.1156 0.0324 0.1979 0.1758 0.4783 
     MARILYN 0.0311 0.3905 0.1504 0.0792 0.3488 
 MARIS_ANCHO 0.0755 0.2499 0.1561 0.2222 0.2963 
  MARIS_BARD 0.2350 0.0036 0.3563 0.1922 0.2128 
  MARIS_PEER 0.1582 0.1967 0.3826 0.2461 0.0164 
 MARIS_PIPER 0.8241 0.0058 0.0072 0.1135 0.0494 
     MARKIES 0.0332 0.2979 0.0452 0.1130 0.5107 
      MAXINE 0.4128 0.2069 0.2737 0.0865 0.0200 
      MEGARA 0.0892 0.3031 0.0389 0.0374 0.5313 
      MELODY 0.1095 0.1667 0.1582 0.1412 0.4244 
       MIDAS 0.5084 0.1533 0.0060 0.0832 0.2491 
       MILVA 0.0260 0.3524 0.0526 0.1643 0.4047 
        MIMI 0.3581 0.1010 0.1884 0.0682 0.2844 
        MIRA 0.0123 0.0081 0.1807 0.2052 0.5937 
       MOIRA 0.0601 0.2552 0.2425 0.1497 0.2926 
    MONTROSE 0.6163 0.1157 0.0266 0.2324 0.0090 
       MORAG 0.1781 0.1484 0.4184 0.2421 0.0131 
      MORENE 0.0040 0.0115 0.2400 0.1697 0.5748 
      MOZART 0.0885 0.5019 0.0667 0.0029 0.3400 
 MYATT'S_ASH 0.0039 0.0053 0.0184 0.7227 0.2497 
      NADINE 0.4604 0.3283 0.1485 0.0101 0.0527 
       NAVAN 0.6916 0.0831 0.1439 0.0567 0.0247 
 NDTX_4271_5 0.2202 0.5594 0.1236 0.0908 0.0060 
      NICOLA 0.0040 0.4113 0.0050 0.1555 0.4241 
     NOVELLA 0.0510 0.2598 0.2754 0.0336 0.3803 
     OLYMPUS 0.3413 0.3228 0.1801 0.1481 0.0077 
       OPERA 0.1475 0.2754 0.1914 0.0174 0.3682 
   ORCHESTRA 0.1534 0.3565 0.0276 0.0575 0.4050 
      ORIANA 0.0043 0.1558 0.2942 0.1017 0.4440 
     OTHELLO 0.1625 0.2127 0.5920 0.0272 0.0056 
     PALADIN 0.6823 0.0065 0.0266 0.2165 0.0682 
       PANDA 0.1113 0.5370 0.0154 0.0128 0.3236 
   PARAMOUNT 0.0243 0.2365 0.4914 0.0517 0.1960 
    PATRONES 0.0689 0.1627 0.1707 0.2282 0.3696 
 PENTLAND_AC 0.1560 0.2175 0.2825 0.1989 0.1450 
 PENTLAND_BE 0.0164 0.0100 0.3377 0.5000 0.1359 
 PENTLAND_CR 0.1479 0.1224 0.3637 0.1222 0.2438 
 PENTLAND_DE 0.0658 0.2154 0.3926 0.3082 0.0180 
 PENTLAND_IV 0.0888 0.3944 0.3522 0.1598 0.0048 
 PENTLAND_JA 0.0752 0.1463 0.3853 0.2046 0.1886 
 PENTLAND_MA 0.0096 0.1128 0.4187 0.1202 0.3388 
 PENTLAND_SQ 0.1165 0.2169 0.3369 0.2299 0.0998 
   PEPO_1978 0.1141 0.3420 0.0311 0.1069 0.4060 
     PICASSO 0.1475 0.0473 0.5570 0.0037 0.2445 
   PIMPERNEL 0.0926 0.1577 0.1011 0.1526 0.4960 
     PIONEER 0.0187 0.6115 0.0058 0.1435 0.2205 
       PIXIE 0.3784 0.2811 0.3112 0.0060 0.0233 
    PREMIERE 0.0492 0.0066 0.1841 0.2716 0.4885 
   PRODUCENT 0.2362 0.1756 0.0477 0.0895 0.4510 
     PROVOST 0.0395 0.2087 0.3815 0.2049 0.1654 
  R.P.LUSTRE 0.2099 0.3787 0.1098 0.2799 0.0218 
 RANGER_RUSS 0.0029 0.0462 0.3821 0.3725 0.1963 
       RATTE 0.1921 0.2693 0.0092 0.4786 0.0508 
      RECORD 0.0086 0.0076 0.1216 0.2454 0.6168 
   REMBRANDT 0.1305 0.1505 0.1071 0.1550 0.4569 
    RIO_ROJO 0.0764 0.3662 0.3037 0.1609 0.0928 
      ROBIJN 0.0062 0.0232 0.0999 0.2734 0.5973 
      ROCKET 0.5263 0.0883 0.1645 0.2007 0.0202 
   RODE_STAR 0.0472 0.1822 0.0058 0.3223 0.4425 
      ROMANO 0.0502 0.2752 0.3292 0.0117 0.3337 
       ROMEO 0.0723 0.4092 0.2952 0.2039 0.0194 
     ROOSTER 0.1103 0.2250 0.3599 0.1485 0.1563 
       ROYAL 0.3642 0.2601 0.0128 0.0740 0.2889 
 ROYAL_KIDNE 0.0040 0.0172 0.3332 0.5641 0.0815 
     RUBESSE 0.0427 0.4053 0.2012 0.1087 0.2420 
 RUSSET_BURB 0.0125 0.2208 0.3426 0.2974 0.1267 
 RUSSET_NORK 0.0416 0.4372 0.2496 0.2644 0.0073 
      SAFARI 0.0378 0.1988 0.3279 0.0103 0.4252 
     SANTANA 0.1428 0.1250 0.1964 0.1229 0.4129 
       SANTE 0.1951 0.1802 0.1214 0.0661 0.4372 
     SAPHIRE 0.1019 0.1737 0.2789 0.0252 0.4202 
  SARPO_MIRA 0.0916 0.3969 0.0377 0.1426 0.3311 
 SARPO_SHONA 0.0852 0.3838 0.0628 0.0591 0.4090 
       SASSY 0.0986 0.1885 0.1361 0.2464 0.3304 
     SATURNA 0.0446 0.1897 0.0050 0.2238 0.5369 
        SAVA 0.1315 0.4320 0.0635 0.0646 0.3085 
       SAXON 0.5730 0.1246 0.1474 0.1171 0.0379 
 SCARBOROUGH 0.7599 0.1649 0.0286 0.0416 0.0050 
 SEFTON_WOND 0.1559 0.0584 0.2412 0.5305 0.0140 
    SERAFINA 0.0172 0.4876 0.0720 0.1182 0.3051 
     SETANTA 0.3151 0.3132 0.2838 0.0495 0.0384 
 SHARPE'S_EX 0.1038 0.1120 0.0370 0.6079 0.1393 
     SHELAGH 0.1902 0.1163 0.2781 0.2518 0.1636 
    SHELFORD 0.0304 0.2299 0.1964 0.1890 0.3544 
     SHEPODY 0.0062 0.0044 0.4640 0.2940 0.2314 
      SLANEY 0.3024 0.2456 0.4310 0.0085 0.0126 
        SPEY 0.2980 0.1722 0.4982 0.0044 0.0272 
      SPUNTA 0.1334 0.4022 0.1365 0.2078 0.1201 
     STAMINA 0.6232 0.0191 0.3035 0.0049 0.0493 
    STEMSTER 0.3267 0.1516 0.0947 0.1549 0.2721 
 STORMONT_EN 0.1821 0.0822 0.2484 0.1924 0.2948 
    STIRLING 0.1786 0.2583 0.4853 0.0144 0.0634 
     SYLVANA 0.1012 0.2659 0.2384 0.1138 0.2806 
         TAY 0.4357 0.2689 0.2774 0.0091 0.0089 
      TIMATE 0.1393 0.3879 0.0101 0.0358 0.4268 
      TOLUCA 0.0070 0.3730 0.2049 0.0463 0.3687 
    TORRIDON 0.0805 0.1262 0.3482 0.1013 0.3437 
 ULSTER_SCEP 0.3044 0.0920 0.3619 0.1737 0.0680 
 UMATILLA_RU 0.3387 0.0371 0.0724 0.3558 0.1960 
 VALES_EMERA 0.2645 0.5169 0.0693 0.1036 0.0456 
 VALES_EVERE 0.2827 0.1526 0.4248 0.1296 0.0102 
 VALES_RUSSE 0.0353 0.2387 0.2366 0.3607 0.1286 
 VALES_SOVER 0.3550 0.0200 0.5931 0.0039 0.0281 
       VALOR 0.3886 0.0898 0.4865 0.0034 0.0317 
    VAN_GOGH 0.1147 0.1692 0.0722 0.1343 0.5097 
     VANTAGE 0.0109 0.0058 0.1984 0.3428 0.4422 
       VERDI 0.1233 0.2177 0.0606 0.1744 0.4239 
    VICTORIA 0.0429 0.2467 0.1817 0.1046 0.4241 
     VIVALDI 0.0043 0.1791 0.2990 0.0693 0.4484 
       WILJA 0.0109 0.0025 0.2421 0.1839 0.5606 
     WINSTON 0.4441 0.2988 0.2435 0.0049 0.0087 
      XD2-21 0.1013 0.1987 0.3740 0.2586 0.0673 
  YUKON_GOLD 0.2422 0.4637 0.1748 0.0209 0.0984 
       ZORBA 0.0114 0.0231 0.3349 0.1971 0.4335 
