  00C133-020 0.1022 0.3630 0.0113 0.0178 0.5057 
 01C_071-002 0.0801 0.2623 0.2989 0.1547 0.2041 
 02M_012-001 0.1084 0.0378 0.1022 0.1392 0.6124 
 03M_016-002 0.0397 0.1042 0.0428 0.4399 0.3733 
 03M_034-002 0.0336 0.2138 0.0426 0.1854 0.5246 
 04C_055-004 0.3042 0.0308 0.1236 0.0610 0.4804 
 04C_126-005 0.1138 0.3741 0.1138 0.0924 0.3059 
 04M_034-013 0.1232 0.0501 0.0894 0.2659 0.4714 
 05M_002-001 0.2137 0.1384 0.3671 0.1404 0.1405 
 05M_004-003 0.1434 0.2888 0.3613 0.0093 0.1971 
 05M_012-004 0.1513 0.3589 0.2115 0.0903 0.1881 
 06C_127-002 0.4623 0.1699 0.0085 0.0392 0.3201 
 12288_AF_23 0.2515 0.2703 0.0305 0.0180 0.4297 
    12601AB1 0.0559 0.0276 0.0101 0.4378 0.4686 
   12636_A_2 0.0502 0.2352 0.0088 0.2153 0.4906 
  15119_AC_5 0.0027 0.5371 0.0272 0.1951 0.2378 
     1512C16 0.2273 0.3360 0.0981 0.3231 0.0155 
   15144_A_3 0.2784 0.5738 0.0885 0.0327 0.0266 
     1563C14 0.2197 0.0412 0.2706 0.4422 0.0263 
     2182EF7 0.2248 0.5014 0.0598 0.1294 0.0845 
     3681AD1 0.1077 0.3735 0.3720 0.0526 0.0942 
     5008AB6 0.2839 0.2988 0.2669 0.0935 0.0569 
    8204_A_4 0.3276 0.4285 0.0221 0.0463 0.1754 
       AGRIA 0.3405 0.0087 0.5217 0.0468 0.0823 
       AILSA 0.2739 0.0283 0.0084 0.1256 0.5638 
      ALMERA 0.2457 0.1811 0.4538 0.0585 0.0609 
       ALPHA 0.1585 0.1327 0.4179 0.2295 0.0614 
      ALWARA 0.2840 0.2786 0.3546 0.0310 0.0518 
      AMADRA 0.2763 0.0273 0.3299 0.1419 0.2246 
       AMOUR 0.0866 0.4431 0.0251 0.0346 0.4106 
        ANNA 0.0063 0.7963 0.0145 0.1647 0.0182 
   ANNABELLE 0.4321 0.0551 0.4654 0.0311 0.0163 
        ANYA 0.4975 0.0637 0.1742 0.2199 0.0447 
       ARGOS 0.0520 0.5814 0.1210 0.0118 0.2338 
     ARIELLE 0.3194 0.1286 0.4138 0.1130 0.0252 
      ARKULA 0.2114 0.2014 0.4422 0.1276 0.0173 
      ARMADA 0.1935 0.1778 0.3826 0.1352 0.1109 
   AVALANCHE 0.0102 0.2283 0.2755 0.0447 0.4414 
     BAILLIE 0.1039 0.2147 0.1785 0.0156 0.4873 
    BALMORAL 0.0202 0.6297 0.2370 0.0920 0.0211 
     BAMBINO 0.1232 0.2803 0.0806 0.0161 0.4998 
       BARNA 0.3262 0.4151 0.0998 0.0502 0.1087 
 BELLE_DE_FO 0.0060 0.0580 0.0729 0.8594 0.0036 
       BENOL 0.0764 0.0535 0.1022 0.1605 0.6074 
       BF_15 0.0516 0.0286 0.2186 0.6956 0.0056 
      BINTJE 0.1191 0.1788 0.2540 0.3700 0.0781 
 BIONICA_EX_ 0.1864 0.2692 0.2718 0.1379 0.1347 
 BLUE_DANUBE 0.0062 0.2726 0.5555 0.1506 0.0151 
      BONNIE 0.2628 0.2798 0.1746 0.0338 0.2491 
      BOUNTY 0.1030 0.3223 0.1012 0.0207 0.4528 
 BRITISH_QUE 0.0046 0.2819 0.2094 0.4960 0.0081 
     BRODICK 0.3131 0.1201 0.0087 0.0094 0.5487 
      BRODIE 0.1644 0.6050 0.0066 0.1497 0.0744 
      BUCHAN 0.2883 0.4857 0.0041 0.0872 0.1348 
      BURREN 0.2021 0.4495 0.1607 0.0973 0.0905 
     CABARET 0.0189 0.1509 0.0127 0.2959 0.5216 
      CAESAR 0.4071 0.1638 0.3856 0.0042 0.0392 
        CARA 0.0944 0.7010 0.0150 0.0433 0.1464 
 CARLINGFORD 0.3525 0.4028 0.0286 0.1092 0.1069 
  CASABLANCA 0.0096 0.4416 0.2300 0.0052 0.3136 
      CELINE 0.1165 0.2993 0.4070 0.0683 0.1089 
  CHALLENGER 0.2635 0.0466 0.3296 0.1532 0.2071 
   CHARLOTTE 0.6621 0.0072 0.0845 0.1064 0.1398 
     CHICAGO 0.1536 0.0150 0.2731 0.0355 0.5227 
   CHIEFTAIN 0.4719 0.2735 0.0105 0.2140 0.0301 
      CHOPIN 0.2806 0.2141 0.3979 0.0761 0.0313 
      CLARET 0.1981 0.6158 0.0256 0.0416 0.1188 
      CORINE 0.0092 0.3659 0.3245 0.1135 0.1869 
      COSMOS 0.1238 0.1903 0.4635 0.1010 0.1214 
     COURAGE 0.2301 0.2278 0.3485 0.1213 0.0722 
     COURLAN 0.3486 0.2582 0.1424 0.1445 0.1063 
 CRAIGS_ROYA 0.1769 0.4807 0.0053 0.1302 0.2070 
 CRAIGS_SNOW 0.1182 0.2518 0.0844 0.3940 0.1515 
     CRAMOND 0.1536 0.2364 0.1009 0.0158 0.4932 
 CRISPS_FOR_ 0.3674 0.1354 0.3051 0.0824 0.1097 
    CROMWELL 0.0097 0.0199 0.1179 0.1895 0.6630 
       D22/1 0.0052 0.2160 0.0617 0.2005 0.5167 
       D23/3 0.0804 0.1223 0.0719 0.3388 0.3866 
      D47-11 0.0035 0.0135 0.0689 0.2159 0.6983 
       D49/1 0.0179 0.0039 0.0647 0.1422 0.7712 
       DAISY 0.1175 0.0182 0.1976 0.1823 0.4843 
 DARK_RED_NO 0.3404 0.3173 0.0704 0.2453 0.0266 
     DARWINA 0.1602 0.1433 0.4534 0.1398 0.1034 
     DESIREE 0.3742 0.2200 0.2551 0.1464 0.0043 
       DITTA 0.3241 0.0724 0.4177 0.1639 0.0219 
 DR._MCINTOS 0.2537 0.4804 0.0282 0.1892 0.0486 
       DRAGA 0.1611 0.3376 0.3015 0.0442 0.1555 
 DUKE_OF_YOR 0.0112 0.2249 0.2898 0.4706 0.0034 
 DUNBAR_STAN 0.1031 0.3035 0.0154 0.4276 0.1504 
     DUNDROD 0.1909 0.0976 0.0331 0.1851 0.4933 
     ECLIPSE 0.3639 0.0467 0.0085 0.5209 0.0600 
        EDEN 0.0292 0.0389 0.0121 0.2146 0.7052 
 EDZELL_BLUE 0.1409 0.1940 0.2377 0.3507 0.0768 
   ELISABETH 0.5518 0.0306 0.2484 0.0109 0.1583 
     EMPEROR 0.3672 0.1690 0.1754 0.0936 0.1948 
         EOS 0.4313 0.1116 0.1400 0.0412 0.2759 
     EPICURE 0.2908 0.1815 0.0601 0.4558 0.0117 
  ERNTESTOLZ 0.1884 0.1697 0.3226 0.2809 0.0384 
      ESCORT 0.3521 0.0795 0.3862 0.0074 0.1747 
   ESMERALDA 0.2630 0.1160 0.3109 0.1404 0.1697 
      ESTIMA 0.2777 0.0993 0.3401 0.1324 0.1506 
 EVE_BALFOUR 0.1022 0.4377 0.0223 0.2410 0.1969 
   EXCALIBUR 0.1060 0.3829 0.0217 0.0038 0.4856 
     EXQUISA 0.4289 0.0550 0.3743 0.1336 0.0082 
    FESTIVAL 0.3699 0.0692 0.4036 0.0080 0.1494 
      FIANNA 0.1818 0.3792 0.3536 0.0360 0.0494 
   FIFTYFOLD 0.1688 0.0950 0.0715 0.5741 0.0906 
     FONTANE 0.2548 0.0507 0.4340 0.0535 0.2070 
   FORTYFOLD 0.0053 0.1073 0.3056 0.5762 0.0056 
 FRONTIER_RU 0.3462 0.1892 0.0854 0.2893 0.0899 
     G.81071 0.2437 0.3463 0.1059 0.1312 0.1730 
     G.88661 0.3601 0.2945 0.0881 0.0337 0.2236 
    G.886611 0.4962 0.2715 0.0090 0.0110 0.2123 
  G.8867Y%12 0.4697 0.4088 0.0337 0.0303 0.0575 
     G.88839 0.5140 0.0072 0.4634 0.0084 0.0070 
     G.88842 0.3422 0.2416 0.3847 0.0190 0.0125 
   GALACTICA 0.0054 0.4490 0.3712 0.1660 0.0084 
      GEMSON 0.1934 0.4432 0.0229 0.2212 0.1192 
  GL.76B/102 0.2004 0.0138 0.2596 0.3533 0.1728 
   GL.76B/94 0.0121 0.1243 0.3531 0.5034 0.0072 
  GL.77M/106 0.3040 0.2276 0.0115 0.1701 0.2867 
   GL.78/166 0.0065 0.0694 0.2791 0.5925 0.0524 
    GL.78/53 0.2031 0.0069 0.0303 0.5095 0.2503 
    GL.78/97 0.1048 0.0159 0.1854 0.5363 0.1577 
    GL.79/42 0.2231 0.0033 0.0918 0.4967 0.1851 
    GL.79/45 0.2044 0.0173 0.1100 0.5273 0.1410 
 GL.81_NT_25 0.0029 0.0232 0.1189 0.3173 0.5377 
   GLADIATOR 0.3799 0.2338 0.2536 0.0149 0.1179 
      GLAMIS 0.2361 0.1430 0.1310 0.0563 0.4335 
 GOLDEN_MILL 0.1944 0.1782 0.0226 0.0827 0.5221 
 GOLDEN_NUGG 0.1716 0.3216 0.3674 0.0165 0.1229 
 GOLDEN_WOND 0.1534 0.0509 0.1484 0.5890 0.0583 
     GRANOLA 0.5672 0.0094 0.2196 0.0669 0.1369 
    H1H3_101 0.0025 0.0054 0.0100 0.3056 0.6766 
      H1H3_3 0.0689 0.2039 0.0723 0.2089 0.4460 
 HARBOROUGH_ 0.1669 0.0942 0.0114 0.0101 0.7173 
   HARLEQUIN 0.5353 0.0172 0.1334 0.1531 0.1611 
      HERMES 0.2166 0.1901 0.4016 0.1214 0.0703 
 HIGHLAND_BU 0.0050 0.0187 0.1679 0.7858 0.0225 
  HOME_GUARD 0.1894 0.3019 0.0190 0.3072 0.1824 
     HORIZON 0.0735 0.1308 0.4700 0.2196 0.1060 
   INNOVATOR 0.0069 0.3927 0.2942 0.3011 0.0051 
 INTERNATION 0.0039 0.0143 0.1150 0.8599 0.0069 
 ISLE_OF_JUR 0.1326 0.1985 0.0991 0.1197 0.4502 
    JULIETTE 0.5796 0.0072 0.3606 0.0213 0.0312 
     KARLENA 0.0105 0.3727 0.3392 0.2438 0.0338 
 KERR'S_PINK 0.1041 0.2334 0.0195 0.5541 0.0890 
     KESTREL 0.2327 0.3815 0.0048 0.0077 0.3732 
       KIFLI 0.4778 0.0049 0.2462 0.1279 0.1432 
 KING_EDWARD 0.1414 0.0057 0.0114 0.7727 0.0688 
    KINGSTON 0.0898 0.1268 0.1131 0.1548 0.5156 
 KUFRI_CHAND 0.1940 0.2923 0.1582 0.2712 0.0842 
 KUFRI_JYOTI 0.2265 0.3899 0.1963 0.1455 0.0418 
      KURODA 0.1448 0.2639 0.5235 0.0322 0.0355 
 LADY_BALFOU 0.1163 0.4716 0.0440 0.1763 0.1918 
 LADY_CHRIST 0.0821 0.0945 0.4538 0.2714 0.0983 
 LADY_CLAIRE 0.0058 0.0508 0.7539 0.1757 0.0138 
     LADY_JO 0.0032 0.0992 0.6020 0.2765 0.0191 
 LADY_ROSETT 0.2037 0.1524 0.3544 0.1344 0.1552 
    LIBERTAS 0.0027 0.1564 0.5719 0.2615 0.0075 
       LINDA 0.5350 0.0050 0.2691 0.1847 0.0062 
      LINTON 0.2422 0.2056 0.2857 0.0847 0.1818 
 LINZER_DELI 0.4367 0.0233 0.3211 0.1771 0.0418 
   LIONHEART 0.1660 0.2454 0.4471 0.0753 0.0662 
   MADELEINE 0.4144 0.0391 0.3996 0.0475 0.0994 
   MADINGLEY 0.3223 0.1599 0.3129 0.0464 0.1585 
    MAJESTIC 0.2674 0.4482 0.0477 0.2185 0.0182 
     MARABEL 0.3553 0.1220 0.4953 0.0110 0.0164 
     MARFONA 0.0314 0.1987 0.4765 0.1760 0.1174 
     MARILYN 0.3912 0.1439 0.3488 0.0823 0.0338 
 MARIS_ANCHO 0.2499 0.1539 0.2942 0.2241 0.0779 
  MARIS_BARD 0.0029 0.3608 0.2131 0.1951 0.2281 
  MARIS_PEER 0.2005 0.3812 0.0160 0.2476 0.1546 
 MARIS_PIPER 0.0055 0.0070 0.0549 0.1094 0.8232 
     MARKIES 0.2995 0.0427 0.5116 0.1142 0.0320 
      MAXINE 0.2115 0.2736 0.0217 0.0854 0.4078 
      MEGARA 0.3048 0.0338 0.5315 0.0420 0.0879 
      MELODY 0.1663 0.1581 0.4213 0.1392 0.1151 
       MIDAS 0.1539 0.0053 0.2506 0.0808 0.5094 
       MILVA 0.3543 0.0497 0.4009 0.1670 0.0281 
        MIMI 0.1082 0.1881 0.2798 0.0698 0.3541 
        MIRA 0.0071 0.1824 0.5906 0.2097 0.0101 
       MOIRA 0.2585 0.2456 0.2918 0.1532 0.0509 
    MONTROSE 0.1176 0.0309 0.0077 0.2337 0.6101 
       MORAG 0.1581 0.4184 0.0116 0.2447 0.1672 
      MORENE 0.0134 0.2349 0.5746 0.1731 0.0039 
      MOZART 0.5042 0.0654 0.3416 0.0029 0.0859 
 MYATT'S_ASH 0.0047 0.0147 0.2492 0.7264 0.0049 
      NADINE 0.3297 0.1536 0.0544 0.0097 0.4526 
       NAVAN 0.0811 0.1520 0.0258 0.0564 0.6847 
 NDTX_4271_5 0.5661 0.1223 0.0061 0.0881 0.2173 
      NICOLA 0.4085 0.0055 0.4246 0.1572 0.0042 
     NOVELLA 0.2654 0.2747 0.3802 0.0325 0.0473 
     OLYMPUS 0.3248 0.1848 0.0081 0.1481 0.3342 
       OPERA 0.2742 0.1873 0.3749 0.0188 0.1448 
   ORCHESTRA 0.3580 0.0264 0.4044 0.0576 0.1536 
      ORIANA 0.1597 0.2913 0.4409 0.1036 0.0045 
     OTHELLO 0.2218 0.5935 0.0051 0.0221 0.1575 
     PALADIN 0.0072 0.0318 0.0670 0.2146 0.6794 
       PANDA 0.5326 0.0149 0.3266 0.0136 0.1122 
   PARAMOUNT 0.2408 0.4889 0.1912 0.0549 0.0242 
    PATRONES 0.1624 0.1715 0.3691 0.2309 0.0660 
 PENTLAND_AC 0.2203 0.2800 0.1468 0.2004 0.1525 
 PENTLAND_BE 0.0090 0.3364 0.1361 0.5042 0.0142 
 PENTLAND_CR 0.1258 0.3617 0.2388 0.1293 0.1443 
 PENTLAND_DE 0.2184 0.3927 0.0160 0.3088 0.0642 
 PENTLAND_IV 0.3994 0.3566 0.0046 0.1635 0.0759 
 PENTLAND_JA 0.1523 0.3858 0.1887 0.2066 0.0667 
 PENTLAND_MA 0.1170 0.4199 0.3333 0.1200 0.0097 
 PENTLAND_SQ 0.2238 0.3394 0.0937 0.2303 0.1128 
   PEPO_1978 0.3401 0.0352 0.4061 0.1079 0.1107 
     PICASSO 0.0543 0.5556 0.2471 0.0035 0.1395 
   PIMPERNEL 0.1596 0.1039 0.4912 0.1565 0.0889 
     PIONEER 0.6062 0.0067 0.2229 0.1443 0.0199 
       PIXIE 0.2871 0.3129 0.0242 0.0066 0.3691 
    PREMIERE 0.0063 0.1842 0.4867 0.2772 0.0456 
   PRODUCENT 0.1769 0.0489 0.4492 0.0904 0.2346 
     PROVOST 0.2099 0.3829 0.1655 0.2056 0.0361 
  R.P.LUSTRE 0.3799 0.1122 0.0208 0.2824 0.2047 
 RANGER_RUSS 0.0362 0.3809 0.2003 0.3796 0.0029 
       RATTE 0.2724 0.0086 0.0460 0.4798 0.1932 
      RECORD 0.0075 0.1183 0.6170 0.2469 0.0104 
   REMBRANDT 0.1469 0.1058 0.4573 0.1605 0.1295 
    RIO_ROJO 0.3721 0.3097 0.0868 0.1624 0.0690 
      ROBIJN 0.0266 0.0961 0.5935 0.2776 0.0062 
      ROCKET 0.0938 0.1665 0.0189 0.1985 0.5223 
   RODE_STAR 0.1861 0.0055 0.4363 0.3244 0.0477 
      ROMANO 0.2838 0.3284 0.3309 0.0127 0.0441 
       ROMEO 0.4118 0.2943 0.0169 0.2080 0.0691 
     ROOSTER 0.2288 0.3608 0.1542 0.1555 0.1006 
       ROYAL 0.2617 0.0128 0.2917 0.0704 0.3633 
 ROYAL_KIDNE 0.0146 0.3317 0.0808 0.5691 0.0038 
     RUBESSE 0.4063 0.2011 0.2438 0.1115 0.0372 
 RUSSET_BURB 0.2216 0.3427 0.1234 0.2993 0.0129 
 RUSSET_NORK 0.4408 0.2502 0.0085 0.2644 0.0361 
      SAFARI 0.2069 0.3293 0.4197 0.0101 0.0341 
     SANTANA 0.1227 0.1963 0.4143 0.1238 0.1430 
       SANTE 0.1854 0.1197 0.4350 0.0693 0.1907 
     SAPHIRE 0.1788 0.2761 0.4194 0.0299 0.0959 
  SARPO_MIRA 0.3977 0.0400 0.3314 0.1401 0.0908 
 SARPO_SHONA 0.3812 0.0635 0.4104 0.0571 0.0879 
       SASSY 0.1871 0.1392 0.3268 0.2477 0.0992 
     SATURNA 0.1859 0.0065 0.5323 0.2252 0.0501 
        SAVA 0.4330 0.0643 0.3111 0.0642 0.1275 
       SAXON 0.1265 0.1476 0.0423 0.1176 0.5660 
 SCARBOROUGH 0.1713 0.0312 0.0047 0.0391 0.7537 
 SEFTON_WOND 0.0610 0.2398 0.0131 0.5329 0.1532 
    SERAFINA 0.4876 0.0731 0.3031 0.1184 0.0178 
     SETANTA 0.3190 0.2823 0.0401 0.0498 0.3088 
 SHARPE'S_EX 0.1070 0.0335 0.1440 0.6096 0.1059 
     SHELAGH 0.1207 0.2806 0.1618 0.2563 0.1806 
    SHELFORD 0.2267 0.1930 0.3568 0.1927 0.0307 
     SHEPODY 0.0043 0.4640 0.2290 0.2976 0.0052 
      SLANEY 0.2488 0.4342 0.0126 0.0103 0.2941 
        SPEY 0.1776 0.5037 0.0275 0.0040 0.2871 
      SPUNTA 0.4035 0.1318 0.1222 0.2084 0.1342 
     STAMINA 0.0167 0.3089 0.0548 0.0044 0.6152 
    STEMSTER 0.1504 0.0943 0.2700 0.1572 0.3281 
 STORMONT_EN 0.0817 0.2502 0.2938 0.1939 0.1804 
    STIRLING 0.2573 0.4938 0.0664 0.0185 0.1639 
     SYLVANA 0.2699 0.2375 0.2788 0.1174 0.0965 
         TAY 0.2764 0.2790 0.0082 0.0072 0.4293 
      TIMATE 0.3893 0.0078 0.4268 0.0364 0.1397 
      TOLUCA 0.3744 0.2073 0.3698 0.0432 0.0053 
    TORRIDON 0.1321 0.3476 0.3395 0.1050 0.0758 
 ULSTER_SCEP 0.0981 0.3656 0.0677 0.1734 0.2952 
 UMATILLA_RU 0.0382 0.0710 0.1941 0.3589 0.3378 
 VALES_EMERA 0.5179 0.0696 0.0507 0.0996 0.2624 
 VALES_EVERE 0.1563 0.4250 0.0106 0.1325 0.2756 
 VALES_RUSSE 0.2382 0.2385 0.1288 0.3619 0.0326 
 VALES_SOVER 0.0247 0.5936 0.0317 0.0039 0.3461 
       VALOR 0.0983 0.4884 0.0316 0.0035 0.3781 
    VAN_GOGH 0.1703 0.0699 0.5083 0.1356 0.1159 
     VANTAGE 0.0066 0.1965 0.4405 0.3463 0.0102 
       VERDI 0.2200 0.0594 0.4242 0.1724 0.1240 
    VICTORIA 0.2484 0.1766 0.4267 0.1076 0.0407 
     VIVALDI 0.1831 0.2946 0.4455 0.0716 0.0051 
       WILJA 0.0023 0.2420 0.5583 0.1894 0.0080 
     WINSTON 0.3034 0.2475 0.0077 0.0053 0.4360 
      XD2-21 0.2020 0.3723 0.0676 0.2605 0.0975 
  YUKON_GOLD 0.4648 0.1694 0.0996 0.0294 0.2368 
       ZORBA 0.0210 0.3356 0.4305 0.2025 0.0104 
