  00C133-020 0.0273 0.0244 0.3562 0.5921 
 01C_071-002 0.1955 0.2712 0.3000 0.2334 
 02M_012-001 0.1971 0.1431 0.0245 0.6353 
 03M_016-002 0.4868 0.0149 0.1295 0.3688 
 03M_034-002 0.2135 0.0240 0.1954 0.5671 
 04C_055-004 0.1071 0.3258 0.0517 0.5154 
 04C_126-005 0.1063 0.1270 0.3880 0.3787 
 04M_034-013 0.3214 0.1231 0.0704 0.4851 
 05M_002-001 0.1965 0.4279 0.2066 0.1690 
 05M_004-003 0.0283 0.3799 0.3459 0.2459 
 05M_012-004 0.1199 0.2042 0.4287 0.2472 
 06C_127-002 0.0614 0.2853 0.2170 0.4363 
 12288_AF_23 0.0251 0.1538 0.3154 0.5057 
    12601AB1 0.4796 0.0132 0.0174 0.4897 
   12636_A_2 0.2321 0.0106 0.2126 0.5448 
  15119_AC_5 0.2019 0.0048 0.5022 0.2911 
     1512C16 0.3327 0.1474 0.4363 0.0835 
   15144_A_3 0.0246 0.2141 0.6045 0.1568 
     1563C14 0.5070 0.3329 0.1189 0.0411 
     2182EF7 0.1204 0.0995 0.5882 0.1918 
     3681AD1 0.1097 0.3023 0.4685 0.1195 
     5008AB6 0.1203 0.3930 0.3550 0.1318 
    8204_A_4 0.0333 0.1735 0.4919 0.3013 
       AGRIA 0.1271 0.7178 0.0526 0.1026 
       AILSA 0.1677 0.1510 0.0463 0.6350 
      ALMERA 0.1183 0.5313 0.2717 0.0787 
       ALPHA 0.3094 0.4021 0.2363 0.0521 
      ALWARA 0.0650 0.4756 0.3604 0.0990 
      AMADRA 0.2084 0.4704 0.0797 0.2415 
       AMOUR 0.0441 0.0307 0.4287 0.4966 
        ANNA 0.1034 0.0048 0.7847 0.1071 
   ANNABELLE 0.0863 0.7263 0.1499 0.0376 
        ANYA 0.2351 0.5001 0.1361 0.1288 
       ARGOS 0.0137 0.0678 0.5979 0.3205 
     ARIELLE 0.1701 0.5601 0.2173 0.0524 
      ARKULA 0.1899 0.4686 0.3129 0.0286 
      ARMADA 0.1936 0.4084 0.2709 0.1272 
   AVALANCHE 0.1111 0.1708 0.2730 0.4450 
     BAILLIE 0.0435 0.2017 0.2304 0.5244 
    BALMORAL 0.0900 0.0959 0.7056 0.1085 
     BAMBINO 0.0374 0.1123 0.2892 0.5610 
       BARNA 0.0528 0.2569 0.4775 0.2129 
 BELLE_DE_FO 0.8963 0.0072 0.0927 0.0037 
       BENOL 0.2114 0.1215 0.0371 0.6300 
       BF_15 0.7587 0.1502 0.0852 0.0060 
      BINTJE 0.4284 0.2165 0.2690 0.0860 
 BIONICA_EX_ 0.1802 0.3066 0.3311 0.1820 
 BLUE_DANUBE 0.2272 0.3815 0.3590 0.0323 
      BONNIE 0.0554 0.2899 0.3338 0.3209 
      BOUNTY 0.0362 0.1161 0.3282 0.5195 
 BRITISH_QUE 0.5552 0.0203 0.4154 0.0092 
     BRODICK 0.0207 0.2040 0.1241 0.6511 
      BRODIE 0.1237 0.0103 0.6612 0.2048 
      BUCHAN 0.0922 0.0566 0.5576 0.2936 
      BURREN 0.1072 0.2214 0.4857 0.1857 
     CABARET 0.3252 0.0103 0.1174 0.5471 
      CAESAR 0.0086 0.6314 0.2554 0.1045 
        CARA 0.0260 0.0126 0.7018 0.2596 
 CARLINGFORD 0.1066 0.1900 0.4927 0.2107 
  CASABLANCA 0.0124 0.1288 0.4934 0.3654 
      CELINE 0.1215 0.3720 0.3821 0.1245 
  CHALLENGER 0.2177 0.4392 0.1224 0.2207 
   CHARLOTTE 0.1287 0.6105 0.0184 0.2425 
     CHICAGO 0.1026 0.3437 0.0173 0.5363 
   CHIEFTAIN 0.2217 0.2360 0.3951 0.1472 
      CHOPIN 0.1218 0.5043 0.3102 0.0637 
      CLARET 0.0321 0.0753 0.6541 0.2385 
      CORINE 0.1661 0.1873 0.4115 0.2351 
      COSMOS 0.1737 0.4131 0.3022 0.1110 
     COURAGE 0.1665 0.3994 0.3268 0.1072 
     COURLAN 0.1593 0.3241 0.3337 0.1829 
 CRAIGS_ROYA 0.1263 0.0125 0.5363 0.3249 
 CRAIGS_SNOW 0.4291 0.0581 0.3260 0.1868 
     CRAMOND 0.0314 0.1588 0.2550 0.5549 
 CRISPS_FOR_ 0.1235 0.4980 0.2186 0.1598 
    CROMWELL 0.2633 0.0617 0.0168 0.6581 
       D22/1 0.2510 0.0108 0.2106 0.5276 
       D23/3 0.3970 0.0482 0.1559 0.3988 
      D47-11 0.3132 0.0118 0.0131 0.6619 
       D49/1 0.2129 0.0405 0.0050 0.7415 
       DAISY 0.2559 0.2360 0.0217 0.4863 
 DARK_RED_NO 0.2437 0.2248 0.4234 0.1080 
     DARWINA 0.2211 0.4389 0.2443 0.0957 
     DESIREE 0.1832 0.4580 0.3419 0.0169 
       DITTA 0.2255 0.5643 0.1804 0.0298 
 DR._MCINTOS 0.1789 0.0663 0.6051 0.1497 
       DRAGA 0.0728 0.2928 0.4404 0.1940 
 DUKE_OF_YOR 0.5196 0.1249 0.3508 0.0047 
 DUNBAR_STAN 0.4257 0.0118 0.3664 0.1961 
     DUNDROD 0.2280 0.1237 0.1130 0.5353 
     ECLIPSE 0.5467 0.1728 0.1365 0.1440 
        EDEN 0.2550 0.0122 0.0143 0.7185 
 EDZELL_BLUE 0.4069 0.2149 0.2767 0.1015 
   ELISABETH 0.0255 0.6151 0.1222 0.2372 
     EMPEROR 0.1224 0.3692 0.2504 0.2581 
         EOS 0.0726 0.4011 0.1918 0.3345 
     EPICURE 0.4802 0.1753 0.2895 0.0551 
  ERNTESTOLZ 0.3348 0.3578 0.2544 0.0530 
      ESCORT 0.0238 0.6027 0.1545 0.2190 
   ESMERALDA 0.1937 0.4191 0.1893 0.1980 
      ESTIMA 0.1948 0.4429 0.1965 0.1658 
 EVE_BALFOUR 0.2398 0.0220 0.4604 0.2778 
   EXCALIBUR 0.0053 0.0639 0.3353 0.5956 
     EXQUISA 0.1915 0.6519 0.1322 0.0245 
    FESTIVAL 0.0269 0.6334 0.1431 0.1966 
      FIANNA 0.0722 0.3541 0.4848 0.0888 
   FIFTYFOLD 0.6147 0.1075 0.1445 0.1333 
     FONTANE 0.1233 0.5382 0.1248 0.2137 
   FORTYFOLD 0.6609 0.1178 0.2159 0.0054 
 FRONTIER_RU 0.3046 0.2537 0.2765 0.1652 
     G.81071 0.1377 0.1934 0.4219 0.2470 
     G.88661 0.0485 0.2543 0.4006 0.2966 
    G.886611 0.0147 0.2644 0.3802 0.3407 
  G.8867Y%12 0.0254 0.2676 0.5238 0.1832 
     G.88839 0.0343 0.8948 0.0434 0.0274 
     G.88842 0.0469 0.5621 0.3451 0.0459 
   GALACTICA 0.2320 0.1911 0.5464 0.0305 
      GEMSON 0.2212 0.0514 0.5174 0.2100 
  GL.76B/102 0.4293 0.3480 0.0479 0.1748 
   GL.76B/94 0.5791 0.2205 0.1921 0.0083 
  GL.77M/106 0.1900 0.1591 0.2585 0.3925 
   GL.78/166 0.6881 0.1352 0.1276 0.0491 
    GL.78/53 0.5700 0.1339 0.0088 0.2873 
    GL.78/97 0.6137 0.1948 0.0351 0.1564 
    GL.79/42 0.5680 0.2191 0.0060 0.2069 
    GL.79/45 0.5961 0.1859 0.0484 0.1696 
 GL.81_NT_25 0.4300 0.0151 0.0325 0.5223 
   GLADIATOR 0.0338 0.4481 0.3255 0.1925 
      GLAMIS 0.1011 0.2399 0.1805 0.4786 
 GOLDEN_MILL 0.1047 0.1220 0.1711 0.6022 
 GOLDEN_NUGG 0.0372 0.3942 0.3966 0.1720 
 GOLDEN_WOND 0.6446 0.1557 0.1169 0.0829 
     GRANOLA 0.1138 0.6430 0.0282 0.2151 
    H1H3_101 0.3735 0.0034 0.0046 0.6186 
      H1H3_3 0.2428 0.0596 0.2205 0.4771 
 HARBOROUGH_ 0.0199 0.1212 0.0644 0.7944 
   HARLEQUIN 0.1855 0.5234 0.0524 0.2386 
      HERMES 0.1751 0.4715 0.2550 0.0984 
 HIGHLAND_BU 0.8777 0.0274 0.0715 0.0234 
  HOME_GUARD 0.3187 0.0519 0.3627 0.2668 
     HORIZON 0.3056 0.3979 0.2057 0.0908 
   INNOVATOR 0.3538 0.0922 0.5449 0.0091 
 INTERNATION 0.9438 0.0113 0.0379 0.0070 
 ISLE_OF_JUR 0.1627 0.1256 0.2107 0.5010 
    JULIETTE 0.0610 0.8094 0.0189 0.1107 
     KARLENA 0.2887 0.1775 0.4610 0.0727 
 KERR'S_PINK 0.5669 0.0154 0.2801 0.1376 
     KESTREL 0.0125 0.0418 0.4220 0.5237 
       KIFLI 0.1755 0.6188 0.0104 0.1953 
 KING_EDWARD 0.8211 0.0506 0.0110 0.1173 
    KINGSTON 0.2067 0.1275 0.1132 0.5527 
 KUFRI_CHAND 0.2995 0.1750 0.3897 0.1358 
 KUFRI_JYOTI 0.1666 0.2393 0.4683 0.1258 
      KURODA 0.0989 0.4884 0.3716 0.0411 
 LADY_BALFOU 0.1757 0.0287 0.5169 0.2787 
 LADY_CHRIST 0.3598 0.3801 0.1846 0.0754 
 LADY_CLAIRE 0.2786 0.5937 0.1148 0.0129 
     LADY_JO 0.4185 0.3344 0.2287 0.0184 
 LADY_ROSETT 0.1989 0.3830 0.2509 0.1672 
    LIBERTAS 0.3951 0.3059 0.2892 0.0098 
       LINDA 0.2473 0.6864 0.0237 0.0426 
      LINTON 0.1294 0.3823 0.2714 0.2169 
 LINZER_DELI 0.2303 0.6118 0.0781 0.0798 
   LIONHEART 0.1352 0.4339 0.3520 0.0789 
   MADELEINE 0.1131 0.6435 0.1043 0.1391 
   MADINGLEY 0.0874 0.4888 0.2188 0.2050 
    MAJESTIC 0.2065 0.1220 0.5624 0.1091 
     MARABEL 0.0415 0.7055 0.2092 0.0437 
     MARFONA 0.2695 0.3246 0.3364 0.0695 
     MARILYN 0.1226 0.5734 0.2235 0.0805 
 MARIS_ANCHO 0.2706 0.3767 0.2427 0.1100 
  MARIS_BARD 0.2645 0.0204 0.4535 0.2616 
  MARIS_PEER 0.2548 0.0371 0.4683 0.2398 
 MARIS_PIPER 0.1864 0.0163 0.0059 0.7914 
     MARKIES 0.1852 0.6440 0.1317 0.0392 
      MAXINE 0.1036 0.0979 0.3222 0.4763 
      MEGARA 0.1181 0.6764 0.1035 0.1021 
      MELODY 0.2083 0.4393 0.2269 0.1255 
       MIDAS 0.1609 0.3280 0.0073 0.5039 
       MILVA 0.2278 0.6023 0.1207 0.0492 
        MIMI 0.1272 0.2755 0.2202 0.3770 
        MIRA 0.2914 0.4405 0.2537 0.0144 
       MOIRA 0.1867 0.3852 0.3207 0.1074 
    MONTROSE 0.2769 0.0375 0.0232 0.6624 
       MORAG 0.2428 0.0216 0.4739 0.2616 
      MORENE 0.2431 0.4130 0.3378 0.0061 
      MOZART 0.0051 0.6957 0.1487 0.1505 
 MYATT'S_ASH 0.8138 0.0918 0.0886 0.0058 
      NADINE 0.0187 0.2768 0.1744 0.5301 
       NAVAN 0.0940 0.0341 0.1468 0.7250 
 NDTX_4271_5 0.1177 0.3008 0.2455 0.3360 
      NICOLA 0.2327 0.7251 0.0331 0.0090 
     NOVELLA 0.0757 0.4728 0.3587 0.0929 
     OLYMPUS 0.1747 0.1316 0.2564 0.4374 
       OPERA 0.0508 0.5001 0.2591 0.1900 
   ORCHESTRA 0.1176 0.6224 0.0730 0.1870 
      ORIANA 0.1505 0.4382 0.4042 0.0071 
     OTHELLO 0.0191 0.0247 0.6518 0.3044 
     PALADIN 0.2901 0.0141 0.0314 0.6644 
       PANDA 0.0425 0.7419 0.0404 0.1752 
   PARAMOUNT 0.0700 0.2536 0.5681 0.1083 
    PATRONES 0.3009 0.3650 0.2666 0.0674 
 PENTLAND_AC 0.2239 0.2070 0.3519 0.2172 
 PENTLAND_BE 0.5334 0.0166 0.4206 0.0294 
 PENTLAND_CR 0.1569 0.2047 0.4441 0.1943 
 PENTLAND_DE 0.3046 0.0480 0.4795 0.1679 
 PENTLAND_IV 0.1577 0.1382 0.4642 0.2399 
 PENTLAND_JA 0.2206 0.1573 0.4993 0.1228 
 PENTLAND_MA 0.1459 0.3029 0.5186 0.0326 
 PENTLAND_SQ 0.2408 0.1547 0.4135 0.1911 
   PEPO_1978 0.1665 0.6237 0.0708 0.1390 
     PICASSO 0.0078 0.1813 0.6179 0.1929 
   PIMPERNEL 0.2412 0.4897 0.1880 0.0810 
     PIONEER 0.1931 0.6914 0.0216 0.0938 
       PIXIE 0.0093 0.1952 0.3302 0.4653 
    PREMIERE 0.3648 0.3039 0.2891 0.0423 
   PRODUCENT 0.1751 0.4891 0.1112 0.2246 
     PROVOST 0.2221 0.1977 0.4745 0.1057 
  R.P.LUSTRE 0.3072 0.2314 0.1663 0.2951 
 RANGER_RUSS 0.4030 0.0644 0.5282 0.0044 
       RATTE 0.5303 0.2105 0.0239 0.2353 
      RECORD 0.3565 0.4032 0.2328 0.0075 
   REMBRANDT 0.2406 0.4415 0.1936 0.1242 
    RIO_ROJO 0.1670 0.2566 0.4162 0.1602 
      ROBIJN 0.3588 0.4793 0.1553 0.0066 
      ROCKET 0.2384 0.0249 0.1843 0.5524 
   RODE_STAR 0.4221 0.5195 0.0122 0.0462 
      ROMANO 0.0268 0.4458 0.4121 0.1154 
       ROMEO 0.2027 0.2491 0.3546 0.1937 
     ROOSTER 0.1655 0.2184 0.4322 0.1839 
       ROYAL 0.1459 0.4533 0.0190 0.3818 
 ROYAL_KIDNE 0.5672 0.0073 0.4203 0.0052 
     RUBESSE 0.1359 0.4578 0.2942 0.1120 
 RUSSET_BURB 0.3069 0.1745 0.4579 0.0607 
 RUSSET_NORK 0.2605 0.1986 0.3802 0.1607 
      SAFARI 0.0391 0.4460 0.4355 0.0795 
     SANTANA 0.1868 0.3862 0.2821 0.1449 
       SANTE 0.1447 0.4682 0.1924 0.1948 
     SAPHIRE 0.0708 0.4224 0.3856 0.1212 
  SARPO_MIRA 0.2013 0.5748 0.0979 0.1260 
 SARPO_SHONA 0.1164 0.6309 0.1340 0.1187 
       SASSY 0.3114 0.3471 0.2274 0.1141 
     SATURNA 0.3307 0.6053 0.0153 0.0487 
        SAVA 0.1086 0.5759 0.1383 0.1772 
       SAXON 0.1565 0.0863 0.1430 0.6142 
 SCARBOROUGH 0.0832 0.0703 0.0222 0.8242 
 SEFTON_WOND 0.5363 0.0072 0.2704 0.1860 
    SERAFINA 0.1565 0.6202 0.1670 0.0563 
     SETANTA 0.0557 0.2182 0.3122 0.4139 
 SHARPE'S_EX 0.6765 0.1188 0.0936 0.1110 
     SHELAGH 0.2987 0.1391 0.3395 0.2226 
    SHELFORD 0.2470 0.4322 0.2673 0.0535 
     SHEPODY 0.3586 0.0215 0.6104 0.0095 
      SLANEY 0.0144 0.1079 0.4670 0.4107 
        SPEY 0.0060 0.0829 0.5162 0.3949 
      SPUNTA 0.2256 0.3791 0.1872 0.2082 
     STAMINA 0.0069 0.0254 0.2925 0.6752 
    STEMSTER 0.2218 0.3032 0.1363 0.3386 
 STORMONT_EN 0.2603 0.2169 0.3349 0.1879 
    STIRLING 0.0187 0.1322 0.5739 0.2751 
     SYLVANA 0.1469 0.3852 0.3230 0.1448 
         TAY 0.0138 0.1308 0.3059 0.5496 
      TIMATE 0.1064 0.6908 0.0306 0.1723 
      TOLUCA 0.0828 0.5915 0.3042 0.0216 
    TORRIDON 0.1583 0.3060 0.4311 0.1046 
 ULSTER_SCEP 0.1867 0.0374 0.4276 0.3482 
 UMATILLA_RU 0.4322 0.1360 0.0934 0.3383 
 VALES_EMERA 0.1209 0.4138 0.1147 0.3507 
 VALES_EVERE 0.1282 0.0276 0.4563 0.3879 
 VALES_RUSSE 0.3829 0.1902 0.3386 0.0883 
 VALES_SOVER 0.0045 0.0122 0.5657 0.4177 
       VALOR 0.0051 0.0419 0.4823 0.4706 
    VAN_GOGH 0.2177 0.5219 0.1505 0.1099 
     VANTAGE 0.4370 0.2360 0.3118 0.0151 
       VERDI 0.2380 0.5148 0.1085 0.1387 
    VICTORIA 0.1550 0.4975 0.2822 0.0653 
     VIVALDI 0.1032 0.4691 0.4205 0.0072 
       WILJA 0.3126 0.2719 0.4038 0.0117 
     WINSTON 0.0111 0.1551 0.2860 0.5477 
      XD2-21 0.2646 0.0968 0.4671 0.1715 
  YUKON_GOLD 0.0428 0.3769 0.2698 0.3105 
       ZORBA 0.2443 0.3053 0.4240 0.0264 
