  00C133-020 0.0096 0.2288 0.3867 0.0693 0.0092 0.0254 0.0056 0.2654 
 01C_071-002 0.0202 0.0404 0.1663 0.0835 0.1178 0.1420 0.1823 0.2476 
 02M_012-001 0.0037 0.1789 0.4484 0.0145 0.0802 0.1835 0.0331 0.0576 
 03M_016-002 0.2088 0.0126 0.3379 0.0042 0.0313 0.3325 0.0579 0.0148 
 03M_034-002 0.0068 0.2570 0.3259 0.1724 0.0034 0.1941 0.0018 0.0386 
 04C_055-004 0.0570 0.0593 0.4380 0.0539 0.2791 0.0639 0.0148 0.0340 
 04C_126-005 0.0111 0.2185 0.1923 0.1113 0.0157 0.1029 0.0675 0.2807 
 04M_034-013 0.1364 0.1016 0.3859 0.0475 0.0914 0.2160 0.0155 0.0057 
 05M_002-001 0.1147 0.0736 0.1255 0.0571 0.1328 0.0753 0.3745 0.0465 
 05M_004-003 0.0211 0.1827 0.1294 0.1256 0.0152 0.0057 0.3616 0.1587 
 05M_012-004 0.1694 0.2599 0.0895 0.2193 0.0127 0.0369 0.1045 0.1078 
 06C_127-002 0.1089 0.3835 0.1556 0.0099 0.2339 0.0205 0.0112 0.0767 
 12288_AF_23 0.1110 0.1532 0.3503 0.0570 0.1357 0.0051 0.0068 0.1809 
    12601AB1 0.0024 0.3644 0.1654 0.0040 0.0032 0.4506 0.0052 0.0047 
   12636_A_2 0.0728 0.2834 0.3213 0.0126 0.0037 0.1938 0.0055 0.1068 
  15119_AC_5 0.0213 0.0045 0.2394 0.0355 0.0023 0.1867 0.0082 0.5021 
     1512C16 0.3020 0.1338 0.0059 0.0675 0.0937 0.1998 0.0644 0.1329 
   15144_A_3 0.0062 0.0520 0.0115 0.0037 0.2124 0.0274 0.0597 0.6270 
     1563C14 0.0724 0.0080 0.0144 0.0933 0.2253 0.4146 0.1098 0.0621 
     2182EF7 0.2405 0.2751 0.0132 0.0577 0.0089 0.0309 0.1340 0.2396 
     3681AD1 0.0375 0.1575 0.0273 0.2204 0.0112 0.0592 0.2482 0.2387 
     5008AB6 0.0069 0.2440 0.0053 0.2142 0.1271 0.1058 0.1070 0.1898 
    8204_A_4 0.1291 0.3678 0.0351 0.0655 0.0688 0.0248 0.0679 0.2410 
       AGRIA 0.0224 0.1004 0.0387 0.0127 0.1821 0.0096 0.6309 0.0034 
       AILSA 0.0665 0.2112 0.4338 0.0038 0.1732 0.0998 0.0061 0.0057 
      ALMERA 0.1675 0.0096 0.0948 0.2212 0.2041 0.0102 0.2704 0.0222 
       ALPHA 0.0945 0.0261 0.0418 0.4130 0.1684 0.2213 0.0140 0.0209 
      ALWARA 0.0234 0.0131 0.0405 0.2744 0.3186 0.0306 0.0150 0.2844 
      AMADRA 0.0145 0.0994 0.1594 0.2195 0.2289 0.1519 0.1140 0.0123 
       AMOUR 0.0209 0.1568 0.3158 0.0103 0.0250 0.0365 0.0322 0.4025 
        ANNA 0.0511 0.1405 0.0058 0.0264 0.0019 0.1214 0.0199 0.6329 
   ANNABELLE 0.0415 0.0712 0.0087 0.2879 0.3311 0.0161 0.2358 0.0078 
        ANYA 0.0822 0.1386 0.0110 0.0427 0.3887 0.1822 0.0809 0.0736 
       ARGOS 0.0738 0.0191 0.2469 0.0305 0.0363 0.0061 0.0868 0.5005 
     ARIELLE 0.1103 0.0046 0.0409 0.1597 0.2989 0.0537 0.2429 0.0890 
      ARKULA 0.0701 0.0647 0.0108 0.4519 0.1600 0.1152 0.0711 0.0562 
      ARMADA 0.1027 0.0138 0.1329 0.4069 0.1831 0.1098 0.0198 0.0311 
   AVALANCHE 0.1241 0.0143 0.4327 0.1799 0.0127 0.0117 0.1415 0.0832 
     BAILLIE 0.0699 0.0766 0.4426 0.0992 0.0876 0.0097 0.0845 0.1299 
    BALMORAL 0.2064 0.0711 0.0204 0.1623 0.0040 0.0127 0.1438 0.3793 
     BAMBINO 0.0227 0.1388 0.4240 0.0824 0.0647 0.0225 0.0336 0.2114 
       BARNA 0.0584 0.0927 0.0583 0.1304 0.2537 0.0291 0.0036 0.3737 
 BELLE_DE_FO 0.0851 0.0019 0.0023 0.0103 0.0072 0.7906 0.0249 0.0778 
       BENOL 0.0033 0.3115 0.3697 0.0048 0.0033 0.1648 0.1388 0.0038 
       BF_15 0.0273 0.0036 0.0035 0.0829 0.0611 0.6614 0.1071 0.0531 
      BINTJE 0.1746 0.0239 0.0675 0.1372 0.0862 0.2918 0.1382 0.0805 
 BIONICA_EX_ 0.0333 0.2852 0.0228 0.2438 0.0217 0.1405 0.1667 0.0860 
 BLUE_DANUBE 0.0928 0.0050 0.0182 0.4008 0.0097 0.1412 0.2119 0.1204 
      BONNIE 0.0866 0.1780 0.1749 0.2355 0.1550 0.0187 0.0081 0.1433 
      BOUNTY 0.0217 0.1639 0.3743 0.0639 0.0309 0.0175 0.0843 0.2437 
 BRITISH_QUE 0.3883 0.0018 0.0258 0.0396 0.0023 0.3158 0.1927 0.0338 
     BRODICK 0.0134 0.5367 0.2768 0.0386 0.0786 0.0230 0.0245 0.0083 
      BRODIE 0.2097 0.1785 0.0226 0.0132 0.0285 0.0823 0.0055 0.4596 
      BUCHAN 0.1451 0.1842 0.0790 0.0040 0.1436 0.0419 0.0039 0.3983 
      BURREN 0.0096 0.1136 0.0392 0.0213 0.1294 0.1039 0.1422 0.4408 
     CABARET 0.0844 0.1305 0.4430 0.0151 0.0055 0.2659 0.0083 0.0472 
      CAESAR 0.0459 0.1746 0.0123 0.2503 0.2518 0.0023 0.2134 0.0493 
        CARA 0.0181 0.1442 0.0787 0.0231 0.0211 0.0434 0.0151 0.6563 
 CARLINGFORD 0.3123 0.1855 0.0788 0.1153 0.1683 0.0083 0.0073 0.1242 
  CASABLANCA 0.0784 0.1132 0.2716 0.2085 0.0028 0.0028 0.0967 0.2260 
      CELINE 0.0177 0.1426 0.0374 0.4601 0.0267 0.0866 0.0864 0.1425 
  CHALLENGER 0.1440 0.0937 0.1577 0.1185 0.1600 0.0744 0.2481 0.0035 
   CHARLOTTE 0.0062 0.2586 0.0342 0.0077 0.4634 0.1121 0.1077 0.0101 
     CHICAGO 0.0039 0.0841 0.4392 0.1344 0.1622 0.0667 0.0962 0.0133 
   CHIEFTAIN 0.3553 0.2020 0.0107 0.0040 0.2354 0.0472 0.0943 0.0511 
      CHOPIN 0.1896 0.1070 0.0150 0.3247 0.1887 0.0158 0.1441 0.0152 
      CLARET 0.0501 0.0780 0.0907 0.0169 0.1432 0.0261 0.0076 0.5874 
      CORINE 0.0964 0.1463 0.1258 0.1027 0.0029 0.0675 0.2890 0.1693 
      COSMOS 0.1754 0.0227 0.1214 0.4360 0.1099 0.0386 0.0880 0.0080 
     COURAGE 0.1540 0.0849 0.0489 0.3518 0.1742 0.0856 0.0250 0.0755 
     COURLAN 0.2195 0.1212 0.0746 0.0065 0.2360 0.0262 0.1854 0.1306 
 CRAIGS_ROYA 0.2245 0.1195 0.1782 0.0043 0.0668 0.0475 0.0095 0.3496 
 CRAIGS_SNOW 0.3108 0.0099 0.1726 0.0070 0.0842 0.2404 0.0978 0.0772 
     CRAMOND 0.0529 0.3563 0.3271 0.1872 0.0062 0.0164 0.0312 0.0228 
 CRISPS_FOR_ 0.1311 0.0997 0.0859 0.2705 0.2941 0.0436 0.0486 0.0264 
    CROMWELL 0.0043 0.0048 0.5951 0.0054 0.0267 0.2060 0.0780 0.0796 
       D22/1 0.1326 0.0031 0.5261 0.0236 0.0039 0.1539 0.0432 0.1137 
       D23/3 0.1793 0.0205 0.3638 0.0093 0.0704 0.2718 0.0491 0.0358 
      D47-11 0.0111 0.0083 0.6573 0.0390 0.0048 0.2460 0.0227 0.0107 
       D49/1 0.0079 0.0126 0.7115 0.0353 0.0698 0.1568 0.0036 0.0024 
       DAISY 0.0102 0.1003 0.3921 0.1191 0.1033 0.2028 0.0661 0.0061 
 DARK_RED_NO 0.3786 0.0786 0.0401 0.0128 0.2328 0.0580 0.0862 0.1130 
     DARWINA 0.1463 0.0089 0.1179 0.3072 0.1414 0.0814 0.1881 0.0089 
     DESIREE 0.0850 0.0063 0.0031 0.1744 0.3803 0.1107 0.0073 0.2330 
       DITTA 0.1599 0.0073 0.0296 0.1038 0.2672 0.0856 0.3316 0.0151 
 DR._MCINTOS 0.4833 0.1701 0.0468 0.1931 0.0566 0.0108 0.0036 0.0357 
       DRAGA 0.2589 0.1337 0.1226 0.1626 0.0236 0.0044 0.2381 0.0560 
 DUKE_OF_YOR 0.3551 0.0031 0.0025 0.1684 0.0044 0.3075 0.1547 0.0043 
 DUNBAR_STAN 0.4365 0.0117 0.1724 0.0091 0.0627 0.2180 0.0095 0.0801 
     DUNDROD 0.0727 0.0843 0.4241 0.0052 0.1476 0.1398 0.0466 0.0797 
     ECLIPSE 0.3125 0.0748 0.0134 0.0070 0.2388 0.3485 0.0026 0.0025 
        EDEN 0.0144 0.1981 0.5461 0.0118 0.0059 0.2153 0.0032 0.0052 
 EDZELL_BLUE 0.1238 0.0974 0.0211 0.1093 0.0907 0.3039 0.1359 0.1179 
   ELISABETH 0.0507 0.1725 0.0952 0.2927 0.3666 0.0065 0.0099 0.0059 
     EMPEROR 0.2514 0.1678 0.1452 0.0093 0.1714 0.0059 0.2434 0.0055 
         EOS 0.1365 0.1659 0.2072 0.1638 0.2924 0.0114 0.0101 0.0128 
     EPICURE 0.3164 0.0826 0.0042 0.0995 0.1709 0.3160 0.0038 0.0065 
  ERNTESTOLZ 0.1595 0.0610 0.0258 0.1060 0.1255 0.2085 0.2606 0.0531 
      ESCORT 0.0074 0.1683 0.0974 0.3252 0.2704 0.0122 0.0863 0.0328 
   ESMERALDA 0.0273 0.1333 0.0961 0.3624 0.1873 0.1470 0.0094 0.0372 
      ESTIMA 0.1928 0.0525 0.1232 0.3325 0.2227 0.0511 0.0201 0.0051 
 EVE_BALFOUR 0.0828 0.2354 0.0562 0.0414 0.0206 0.2202 0.0084 0.3350 
   EXCALIBUR 0.0028 0.2651 0.3418 0.0169 0.0090 0.0033 0.0562 0.3049 
     EXQUISA 0.0053 0.0219 0.0041 0.1776 0.3935 0.1375 0.1439 0.1161 
    FESTIVAL 0.0179 0.1370 0.0978 0.3322 0.2544 0.0065 0.1451 0.0090 
      FIANNA 0.1864 0.0949 0.0264 0.2728 0.0867 0.0061 0.1707 0.1560 
   FIFTYFOLD 0.1574 0.0350 0.0457 0.0100 0.1543 0.5093 0.0179 0.0704 
     FONTANE 0.0873 0.0715 0.1790 0.0684 0.1376 0.0102 0.4408 0.0051 
   FORTYFOLD 0.1543 0.0062 0.0025 0.1014 0.0033 0.5163 0.2034 0.0125 
 FRONTIER_RU 0.4201 0.0724 0.0881 0.0100 0.2553 0.0978 0.0492 0.0070 
     G.81071 0.1921 0.2645 0.0779 0.2013 0.0774 0.0706 0.0117 0.1045 
     G.88661 0.2841 0.2209 0.1556 0.2041 0.1122 0.0034 0.0128 0.0069 
    G.886611 0.2521 0.2848 0.1360 0.1295 0.1819 0.0025 0.0032 0.0101 
  G.8867Y%12 0.3212 0.2077 0.0352 0.1629 0.1872 0.0028 0.0100 0.0728 
     G.88839 0.0034 0.0778 0.0041 0.3704 0.4974 0.0136 0.0288 0.0046 
     G.88842 0.0988 0.1119 0.0103 0.3733 0.2361 0.0079 0.0942 0.0675 
   GALACTICA 0.0764 0.0025 0.0121 0.1742 0.0069 0.1317 0.2126 0.3836 
      GEMSON 0.2740 0.1239 0.1018 0.0127 0.0585 0.1031 0.0843 0.2418 
  GL.76B/102 0.1063 0.0122 0.1546 0.0514 0.2329 0.3141 0.1226 0.0059 
   GL.76B/94 0.0099 0.0042 0.0024 0.1503 0.0457 0.5118 0.1450 0.1306 
  GL.77M/106 0.0138 0.3240 0.1023 0.0053 0.1434 0.1890 0.0179 0.2044 
   GL.78/166 0.0911 0.0023 0.0479 0.0443 0.0268 0.5810 0.1434 0.0631 
    GL.78/53 0.0065 0.1459 0.1217 0.0035 0.1730 0.5234 0.0142 0.0118 
    GL.78/97 0.0203 0.0585 0.0775 0.0223 0.1362 0.5613 0.0886 0.0352 
    GL.79/42 0.0036 0.0972 0.1007 0.0342 0.2186 0.5320 0.0084 0.0052 
    GL.79/45 0.0054 0.0866 0.0257 0.0395 0.1981 0.5594 0.0043 0.0809 
 GL.81_NT_25 0.0042 0.0038 0.4947 0.0060 0.0026 0.3315 0.1268 0.0305 
   GLADIATOR 0.1445 0.1071 0.0877 0.1286 0.2759 0.0048 0.1231 0.1283 
      GLAMIS 0.1607 0.0743 0.4131 0.0966 0.1727 0.0114 0.0434 0.0278 
 GOLDEN_MILL 0.0066 0.4853 0.2526 0.0481 0.0104 0.1089 0.0318 0.0564 
 GOLDEN_NUGG 0.0063 0.2322 0.0242 0.4143 0.0184 0.0274 0.1225 0.1547 
 GOLDEN_WOND 0.1381 0.0405 0.0164 0.1062 0.1425 0.5309 0.0074 0.0180 
     GRANOLA 0.0057 0.2330 0.0355 0.0503 0.4232 0.0887 0.1498 0.0138 
    H1H3_101 0.0061 0.0026 0.6409 0.0027 0.0027 0.3125 0.0268 0.0057 
      H1H3_3 0.1509 0.1860 0.3543 0.0554 0.0055 0.1500 0.0762 0.0217 
 HARBOROUGH_ 0.0070 0.4984 0.4234 0.0130 0.0041 0.0089 0.0425 0.0026 
   HARLEQUIN 0.0089 0.1700 0.0619 0.0038 0.3816 0.1374 0.1667 0.0697 
      HERMES 0.0278 0.0033 0.0782 0.0505 0.2599 0.0758 0.2781 0.2264 
 HIGHLAND_BU 0.0123 0.0743 0.0036 0.0994 0.0028 0.7850 0.0192 0.0034 
  HOME_GUARD 0.2640 0.1827 0.1290 0.0299 0.0433 0.1947 0.0449 0.1115 
     HORIZON 0.0162 0.0169 0.0903 0.3257 0.0579 0.2211 0.2090 0.0629 
   INNOVATOR 0.4125 0.0182 0.0062 0.1843 0.0029 0.1102 0.2201 0.0455 
 INTERNATION 0.0325 0.0031 0.0029 0.0049 0.0028 0.8172 0.1308 0.0058 
 ISLE_OF_JUR 0.0363 0.1004 0.3941 0.0866 0.0741 0.1235 0.0473 0.1378 
    JULIETTE 0.0029 0.1328 0.0079 0.0038 0.3832 0.0084 0.4559 0.0051 
     KARLENA 0.1980 0.0055 0.0420 0.0395 0.0096 0.1579 0.2952 0.2523 
 KERR'S_PINK 0.3302 0.0559 0.0630 0.0065 0.0591 0.4074 0.0121 0.0658 
     KESTREL 0.0309 0.1223 0.3131 0.0063 0.1460 0.0041 0.0030 0.3744 
       KIFLI 0.0081 0.1274 0.0726 0.0438 0.4896 0.1780 0.0682 0.0122 
 KING_EDWARD 0.1345 0.0116 0.0253 0.0041 0.1339 0.6836 0.0040 0.0030 
    KINGSTON 0.0036 0.2598 0.3386 0.0587 0.0059 0.1888 0.0983 0.0462 
 KUFRI_CHAND 0.3522 0.0436 0.1169 0.0270 0.0925 0.1182 0.1877 0.0620 
 KUFRI_JYOTI 0.0417 0.2483 0.0046 0.1090 0.0443 0.1229 0.1827 0.2463 
      KURODA 0.1216 0.0121 0.0517 0.2694 0.1152 0.0056 0.3129 0.1115 
 LADY_BALFOU 0.1435 0.1394 0.1408 0.0358 0.0200 0.1322 0.0475 0.3408 
 LADY_CHRIST 0.0417 0.0733 0.0344 0.3411 0.0793 0.2764 0.1373 0.0165 
 LADY_CLAIRE 0.0043 0.0025 0.0066 0.2753 0.0030 0.1551 0.5465 0.0066 
     LADY_JO 0.0516 0.0027 0.0129 0.4233 0.0019 0.2703 0.2305 0.0068 
 LADY_ROSETT 0.1277 0.0724 0.1098 0.3643 0.1581 0.1189 0.0127 0.0360 
    LIBERTAS 0.0043 0.0024 0.0041 0.4421 0.0027 0.2954 0.1402 0.1088 
       LINDA 0.0053 0.0406 0.0045 0.0060 0.4708 0.1657 0.2664 0.0407 
      LINTON 0.1422 0.0105 0.1875 0.0136 0.2242 0.0143 0.2495 0.1583 
 LINZER_DELI 0.0423 0.1200 0.0085 0.1536 0.3763 0.1650 0.1259 0.0084 
   LIONHEART 0.1461 0.1153 0.0324 0.3239 0.0627 0.0256 0.2508 0.0432 
   MADELEINE 0.0065 0.1417 0.0310 0.2748 0.3077 0.0607 0.1638 0.0139 
   MADINGLEY 0.0472 0.0211 0.1435 0.0236 0.3308 0.0197 0.2094 0.2047 
    MAJESTIC 0.4799 0.1649 0.0120 0.0994 0.0773 0.0174 0.0660 0.0831 
     MARABEL 0.0538 0.0698 0.0110 0.3571 0.2755 0.0060 0.2108 0.0160 
     MARFONA 0.1314 0.0111 0.1118 0.4027 0.0357 0.1329 0.1420 0.0323 
     MARILYN 0.0353 0.1223 0.0101 0.1308 0.2843 0.0568 0.2556 0.1048 
 MARIS_ANCHO 0.2084 0.0593 0.0567 0.2633 0.1954 0.1488 0.0532 0.0150 
  MARIS_BARD 0.2363 0.0513 0.2359 0.2676 0.0016 0.0967 0.0606 0.0499 
  MARIS_PEER 0.3043 0.0888 0.1522 0.0044 0.0664 0.0998 0.1081 0.1760 
 MARIS_PIPER 0.0037 0.0163 0.7642 0.0067 0.0067 0.1344 0.0623 0.0057 
     MARKIES 0.0124 0.0340 0.0179 0.2058 0.2465 0.0889 0.3507 0.0439 
      MAXINE 0.2593 0.0720 0.3916 0.0135 0.1165 0.0074 0.0273 0.1124 
      MEGARA 0.0050 0.0868 0.0483 0.1960 0.2126 0.0471 0.3891 0.0150 
      MELODY 0.0114 0.0543 0.0630 0.2233 0.1521 0.1442 0.2145 0.1372 
       MIDAS 0.0033 0.0195 0.4641 0.0688 0.2056 0.1192 0.1112 0.0083 
       MILVA 0.0168 0.1104 0.0063 0.2170 0.2700 0.1670 0.1978 0.0146 
        MIMI 0.0049 0.1779 0.2194 0.3244 0.0368 0.1168 0.0141 0.1058 
        MIRA 0.0455 0.0068 0.0102 0.4626 0.0079 0.2071 0.2225 0.0373 
       MOIRA 0.1241 0.0868 0.0420 0.2055 0.1880 0.1082 0.1221 0.1233 
    MONTROSE 0.0025 0.3767 0.3341 0.0035 0.0052 0.2627 0.0081 0.0072 
       MORAG 0.1863 0.3001 0.0538 0.0709 0.0107 0.1778 0.0076 0.1928 
      MORENE 0.0822 0.0083 0.0033 0.4506 0.0084 0.1507 0.2277 0.0688 
      MOZART 0.0105 0.2580 0.0088 0.2717 0.3141 0.0021 0.1304 0.0045 
 MYATT'S_ASH 0.0619 0.0026 0.0026 0.0291 0.0045 0.6973 0.1917 0.0103 
      NADINE 0.0708 0.1735 0.3751 0.0633 0.2062 0.0056 0.0147 0.0909 
       NAVAN 0.0785 0.0715 0.6399 0.0798 0.0490 0.0399 0.0048 0.0366 
 NDTX_4271_5 0.2656 0.2207 0.1480 0.0070 0.3413 0.0065 0.0033 0.0076 
      NICOLA 0.0378 0.0045 0.0052 0.0638 0.4115 0.1240 0.3456 0.0076 
     NOVELLA 0.0664 0.1063 0.0292 0.3555 0.1711 0.0213 0.1176 0.1325 
     OLYMPUS 0.1480 0.3876 0.1686 0.0072 0.1018 0.1182 0.0239 0.0447 
       OPERA 0.0616 0.1497 0.0777 0.1712 0.1665 0.0076 0.2627 0.1029 
   ORCHESTRA 0.0093 0.0908 0.1138 0.1947 0.2957 0.0534 0.2233 0.0190 
      ORIANA 0.1736 0.0056 0.0042 0.2929 0.1470 0.0309 0.1983 0.1475 
     OTHELLO 0.1210 0.1304 0.1141 0.0039 0.1027 0.0078 0.0062 0.5139 
     PALADIN 0.0368 0.0774 0.5923 0.0151 0.0034 0.2042 0.0658 0.0049 
       PANDA 0.0062 0.0855 0.0859 0.0468 0.4790 0.0100 0.2281 0.0585 
   PARAMOUNT 0.0324 0.1251 0.0052 0.2345 0.1625 0.0504 0.0069 0.3829 
    PATRONES 0.1784 0.0108 0.0754 0.2160 0.1445 0.1600 0.1690 0.0460 
 PENTLAND_AC 0.2014 0.0797 0.1424 0.1309 0.1265 0.1127 0.0638 0.1426 
 PENTLAND_BE 0.2950 0.0038 0.0177 0.1290 0.0060 0.3777 0.0120 0.1589 
 PENTLAND_CR 0.1100 0.3255 0.0125 0.1761 0.0025 0.0907 0.1981 0.0847 
 PENTLAND_DE 0.2693 0.2559 0.0066 0.0905 0.0313 0.2039 0.0050 0.1374 
 PENTLAND_IV 0.3505 0.2393 0.0454 0.0119 0.1838 0.0400 0.0047 0.1245 
 PENTLAND_JA 0.3789 0.1917 0.0252 0.1088 0.0079 0.0454 0.1969 0.0451 
 PENTLAND_MA 0.0986 0.1185 0.0049 0.2503 0.0242 0.0798 0.2049 0.2189 
 PENTLAND_SQ 0.2059 0.3321 0.0098 0.0609 0.0125 0.1633 0.1371 0.0782 
   PEPO_1978 0.0225 0.0403 0.0989 0.1678 0.3396 0.1102 0.2026 0.0182 
     PICASSO 0.0161 0.0195 0.1443 0.2017 0.0538 0.0030 0.0729 0.4886 
   PIMPERNEL 0.0033 0.0786 0.0143 0.3221 0.1529 0.1992 0.1272 0.1023 
     PIONEER 0.0052 0.1481 0.0046 0.0022 0.3746 0.1034 0.3587 0.0031 
       PIXIE 0.0176 0.2667 0.2487 0.0968 0.1332 0.0055 0.0072 0.2242 
    PREMIERE 0.1016 0.0101 0.0486 0.4604 0.0036 0.2403 0.1285 0.0069 
   PRODUCENT 0.0241 0.0841 0.1800 0.2962 0.1262 0.0850 0.1997 0.0047 
     PROVOST 0.2601 0.1789 0.0091 0.0986 0.0670 0.1151 0.1303 0.1409 
  R.P.LUSTRE 0.2050 0.1461 0.1499 0.0277 0.2476 0.1949 0.0051 0.0237 
 RANGER_RUSS 0.4918 0.0021 0.0033 0.0142 0.0401 0.1473 0.1936 0.1076 
       RATTE 0.0499 0.2177 0.0453 0.0072 0.1787 0.4819 0.0125 0.0066 
      RECORD 0.0063 0.0028 0.0052 0.5133 0.0193 0.2739 0.1277 0.0516 
   REMBRANDT 0.0985 0.1140 0.0790 0.0844 0.0300 0.0928 0.4942 0.0070 
    RIO_ROJO 0.3052 0.1508 0.0445 0.0619 0.2450 0.0319 0.0346 0.1263 
      ROBIJN 0.0097 0.0024 0.0030 0.4197 0.1084 0.2871 0.1308 0.0389 
      ROCKET 0.1174 0.1292 0.4374 0.0956 0.0293 0.1603 0.0030 0.0277 
   RODE_STAR 0.0016 0.0055 0.0088 0.2843 0.2808 0.3876 0.0094 0.0221 
      ROMANO 0.0112 0.1242 0.0105 0.3771 0.2195 0.0110 0.0077 0.2389 
       ROMEO 0.0757 0.1911 0.0076 0.0118 0.2636 0.1751 0.0045 0.2706 
     ROOSTER 0.1287 0.3021 0.0092 0.1613 0.0409 0.1176 0.0804 0.1598 
       ROYAL 0.0047 0.0144 0.3289 0.0227 0.3022 0.0917 0.1713 0.0642 
 ROYAL_KIDNE 0.5016 0.0092 0.0028 0.0337 0.0026 0.3400 0.0948 0.0153 
     RUBESSE 0.1460 0.1530 0.0123 0.1261 0.2413 0.0452 0.1907 0.0854 
 RUSSET_BURB 0.5190 0.0601 0.0168 0.0906 0.1455 0.0868 0.0541 0.0270 
 RUSSET_NORK 0.5487 0.0992 0.0342 0.0031 0.2768 0.0198 0.0122 0.0059 
      SAFARI 0.0198 0.1853 0.0089 0.4474 0.0678 0.0116 0.1400 0.1191 
     SANTANA 0.1543 0.0304 0.1353 0.2586 0.1067 0.0716 0.1987 0.0446 
       SANTE 0.0069 0.1787 0.0823 0.4373 0.0782 0.1065 0.0908 0.0192 
     SAPHIRE 0.1892 0.1681 0.0436 0.2916 0.0182 0.0043 0.2698 0.0152 
  SARPO_MIRA 0.0112 0.0066 0.0677 0.1331 0.4406 0.1515 0.0362 0.1532 
 SARPO_SHONA 0.0095 0.0213 0.0444 0.2070 0.4106 0.0851 0.0782 0.1439 
       SASSY 0.1363 0.0425 0.0816 0.1829 0.1688 0.1970 0.1377 0.0532 
     SATURNA 0.0042 0.0029 0.0311 0.2613 0.2756 0.2537 0.1635 0.0078 
        SAVA 0.1378 0.0455 0.1317 0.1092 0.3413 0.0162 0.2034 0.0149 
       SAXON 0.0166 0.2374 0.4453 0.0927 0.0135 0.1365 0.0211 0.0369 
 SCARBOROUGH 0.0062 0.3989 0.4974 0.0106 0.0143 0.0667 0.0033 0.0027 
 SEFTON_WOND 0.3127 0.1254 0.0885 0.0141 0.0064 0.3970 0.0135 0.0424 
    SERAFINA 0.0150 0.1366 0.0040 0.1888 0.3899 0.1123 0.0832 0.0702 
     SETANTA 0.0589 0.4819 0.0840 0.1127 0.0709 0.0573 0.0259 0.1084 
 SHARPE'S_EX 0.1123 0.0106 0.0850 0.0104 0.1030 0.5605 0.0918 0.0265 
     SHELAGH 0.0139 0.1312 0.1114 0.0826 0.0393 0.2679 0.1131 0.2407 
    SHELFORD 0.0521 0.0024 0.0351 0.0145 0.2921 0.1340 0.2309 0.2388 
     SHEPODY 0.3693 0.0067 0.0071 0.1389 0.0022 0.1324 0.1870 0.1565 
      SLANEY 0.0453 0.1777 0.2294 0.0070 0.1108 0.0065 0.0533 0.3700 
        SPEY 0.0154 0.2038 0.2144 0.0292 0.0372 0.0029 0.0851 0.4122 
      SPUNTA 0.0421 0.1585 0.0631 0.0350 0.3135 0.1892 0.0510 0.1476 
     STAMINA 0.0525 0.0439 0.6022 0.0321 0.0085 0.0025 0.0460 0.2123 
    STEMSTER 0.0263 0.0087 0.2967 0.1482 0.1839 0.1475 0.0860 0.1027 
 STORMONT_EN 0.1178 0.0125 0.1721 0.2957 0.0924 0.1629 0.0153 0.1314 
    STIRLING 0.1277 0.3484 0.0521 0.0780 0.0096 0.0079 0.1361 0.2402 
     SYLVANA 0.2126 0.0549 0.1012 0.2306 0.2107 0.0272 0.0888 0.0740 
         TAY 0.0225 0.4593 0.2200 0.0489 0.0677 0.0122 0.0061 0.1632 
      TIMATE 0.0311 0.0542 0.1152 0.2279 0.3570 0.0269 0.1825 0.0051 
      TOLUCA 0.0609 0.0547 0.0045 0.2048 0.3173 0.0182 0.1778 0.1618 
    TORRIDON 0.0254 0.1557 0.0187 0.1953 0.0336 0.0918 0.2468 0.2326 
 ULSTER_SCEP 0.3174 0.1336 0.2797 0.1701 0.0080 0.0299 0.0205 0.0409 
 UMATILLA_RU 0.0429 0.0667 0.2622 0.1121 0.0539 0.3795 0.0446 0.0380 
 VALES_EMERA 0.0572 0.2452 0.1668 0.0160 0.3497 0.0880 0.0391 0.0380 
 VALES_EVERE 0.0637 0.3322 0.1163 0.0156 0.0096 0.1327 0.0259 0.3041 
 VALES_RUSSE 0.4066 0.0892 0.0174 0.0081 0.1310 0.1755 0.1615 0.0107 
 VALES_SOVER 0.0051 0.0870 0.2874 0.0367 0.0136 0.0028 0.0050 0.5624 
       VALOR 0.0057 0.2376 0.2620 0.0910 0.0064 0.0029 0.0159 0.3786 
    VAN_GOGH 0.0238 0.0729 0.0741 0.3709 0.1220 0.1442 0.1857 0.0064 
     VANTAGE 0.1899 0.0024 0.0236 0.3023 0.0152 0.2651 0.1470 0.0544 
       VERDI 0.0160 0.0159 0.0971 0.2020 0.2643 0.1862 0.1512 0.0674 
    VICTORIA 0.1925 0.1076 0.0214 0.1047 0.0952 0.0151 0.4486 0.0149 
     VIVALDI 0.2013 0.0129 0.0034 0.4009 0.1409 0.0106 0.1402 0.0897 
       WILJA 0.0923 0.0017 0.0159 0.4738 0.0019 0.1610 0.1768 0.0765 
     WINSTON 0.0833 0.1586 0.3751 0.0471 0.1703 0.0032 0.0027 0.1596 
      XD2-21 0.2779 0.1180 0.0630 0.1576 0.0804 0.1439 0.0037 0.1554 
  YUKON_GOLD 0.2604 0.2453 0.1297 0.0241 0.2246 0.0034 0.1054 0.0072 
       ZORBA 0.1846 0.0435 0.0085 0.2305 0.0038 0.1149 0.3153 0.0989 
