  00C133-020 0.1775 0.0764 0.7461 
 01C_071-002 0.4382 0.2394 0.3224 
 02M_012-001 0.0946 0.2856 0.6198 
 03M_016-002 0.0649 0.5405 0.3946 
 03M_034-002 0.0822 0.2827 0.6352 
 04C_055-004 0.2912 0.1929 0.5159 
 04C_126-005 0.3217 0.1471 0.5312 
 04M_034-013 0.1290 0.3856 0.4854 
 05M_002-001 0.5394 0.2426 0.2180 
 05M_004-003 0.5665 0.0620 0.3716 
 05M_012-004 0.4504 0.1447 0.4049 
 06C_127-002 0.3613 0.1242 0.5145 
 12288_AF_23 0.2998 0.0755 0.6247 
    12601AB1 0.0118 0.5339 0.4543 
   12636_A_2 0.0508 0.2991 0.6501 
  15119_AC_5 0.1487 0.2752 0.5760 
     1512C16 0.4385 0.3433 0.2181 
   15144_A_3 0.5654 0.0377 0.3970 
     1563C14 0.4203 0.5265 0.0532 
     2182EF7 0.4682 0.1256 0.4061 
     3681AD1 0.5992 0.1261 0.2747 
     5008AB6 0.5932 0.1537 0.2531 
    8204_A_4 0.4571 0.0592 0.4837 
       AGRIA 0.7216 0.1820 0.0963 
       AILSA 0.1133 0.2570 0.6297 
      ALMERA 0.6871 0.1589 0.1541 
       ALPHA 0.5476 0.3352 0.1171 
      ALWARA 0.6829 0.1053 0.2118 
      AMADRA 0.4907 0.2562 0.2531 
       AMOUR 0.2279 0.0839 0.6881 
        ANNA 0.3700 0.1360 0.4940 
   ANNABELLE 0.8015 0.1394 0.0591 
        ANYA 0.5706 0.2682 0.1612 
       ARGOS 0.4050 0.0229 0.5721 
     ARIELLE 0.6868 0.2081 0.1052 
      ARKULA 0.6744 0.2130 0.1127 
      ARMADA 0.5667 0.2313 0.2020 
   AVALANCHE 0.3007 0.1675 0.5318 
     BAILLIE 0.2858 0.1169 0.5973 
    BALMORAL 0.5412 0.0710 0.3879 
     BAMBINO 0.2293 0.0984 0.6723 
       BARNA 0.5362 0.0792 0.3846 
 BELLE_DE_FO 0.0810 0.9089 0.0100 
       BENOL 0.0756 0.2988 0.6256 
       BF_15 0.2359 0.7553 0.0088 
      BINTJE 0.4052 0.4423 0.1525 
 BIONICA_EX_ 0.4997 0.2115 0.2888 
 BLUE_DANUBE 0.6266 0.2452 0.1282 
      BONNIE 0.4590 0.1001 0.4409 
      BOUNTY 0.2639 0.0873 0.6488 
 BRITISH_QUE 0.3330 0.5422 0.1248 
     BRODICK 0.2080 0.0942 0.6978 
      BRODIE 0.3760 0.1490 0.4749 
      BUCHAN 0.3774 0.1100 0.5126 
      BURREN 0.5013 0.1237 0.3750 
     CABARET 0.0204 0.3923 0.5873 
      CAESAR 0.7822 0.0189 0.1989 
        CARA 0.3900 0.0472 0.5628 
 CARLINGFORD 0.4934 0.1257 0.3808 
  CASABLANCA 0.3979 0.0255 0.5766 
      CELINE 0.6003 0.1439 0.2558 
  CHALLENGER 0.4978 0.2629 0.2393 
   CHARLOTTE 0.5584 0.2030 0.2386 
     CHICAGO 0.2872 0.1977 0.5151 
   CHIEFTAIN 0.4903 0.2346 0.2751 
      CHOPIN 0.6870 0.1556 0.1573 
      CLARET 0.4572 0.0432 0.4996 
      CORINE 0.4308 0.1897 0.3795 
      COSMOS 0.6026 0.2047 0.1927 
     COURAGE 0.6020 0.1939 0.2041 
     COURLAN 0.5162 0.1890 0.2948 
 CRAIGS_ROYA 0.2958 0.1514 0.5528 
 CRAIGS_SNOW 0.2699 0.4459 0.2843 
     CRAMOND 0.2587 0.0916 0.6497 
 CRISPS_FOR_ 0.6113 0.1633 0.2253 
    CROMWELL 0.0274 0.3592 0.6134 
       D22/1 0.0573 0.3278 0.6149 
       D23/3 0.1253 0.4379 0.4368 
      D47-11 0.0086 0.3831 0.6083 
       D49/1 0.0126 0.3250 0.6624 
       DAISY 0.1971 0.3370 0.4659 
 DARK_RED_NO 0.5048 0.2570 0.2382 
     DARWINA 0.5841 0.2579 0.1580 
     DESIREE 0.6896 0.2060 0.1044 
       DITTA 0.6761 0.2601 0.0638 
 DR._MCINTOS 0.4700 0.1828 0.3472 
       DRAGA 0.5598 0.1013 0.3389 
 DUKE_OF_YOR 0.4493 0.5192 0.0315 
 DUNBAR_STAN 0.2118 0.4507 0.3376 
     DUNDROD 0.1498 0.2940 0.5562 
     ECLIPSE 0.2791 0.5576 0.1633 
        EDEN 0.0081 0.3314 0.6605 
 EDZELL_BLUE 0.4050 0.4253 0.1697 
   ELISABETH 0.6548 0.0777 0.2675 
     EMPEROR 0.4957 0.1638 0.3404 
         EOS 0.4824 0.1279 0.3897 
     EPICURE 0.3962 0.4878 0.1159 
  ERNTESTOLZ 0.5270 0.3542 0.1189 
      ESCORT 0.6598 0.0730 0.2671 
   ESMERALDA 0.5108 0.2363 0.2529 
      ESTIMA 0.5546 0.2353 0.2100 
 EVE_BALFOUR 0.2709 0.2678 0.4614 
   EXCALIBUR 0.2238 0.0101 0.7661 
     EXQUISA 0.7257 0.2317 0.0426 
    FESTIVAL 0.6861 0.0786 0.2353 
      FIANNA 0.6536 0.0940 0.2524 
   FIFTYFOLD 0.2158 0.6290 0.1552 
     FONTANE 0.5867 0.1701 0.2433 
   FORTYFOLD 0.3274 0.6597 0.0129 
 FRONTIER_RU 0.4312 0.3276 0.2412 
     G.81071 0.4364 0.1633 0.4003 
     G.88661 0.4800 0.0807 0.4393 
    G.886611 0.4778 0.0369 0.4853 
  G.8867Y%12 0.5902 0.0359 0.3739 
     G.88839 0.8843 0.0930 0.0227 
     G.88842 0.7671 0.0785 0.1544 
   GALACTICA 0.5483 0.2250 0.2267 
      GEMSON 0.3707 0.2304 0.3989 
  GL.76B/102 0.3666 0.4777 0.1557 
   GL.76B/94 0.3889 0.5916 0.0195 
  GL.77M/106 0.2794 0.2366 0.4840 
   GL.78/166 0.2444 0.7057 0.0498 
    GL.78/53 0.1104 0.6211 0.2686 
    GL.78/97 0.2143 0.6457 0.1400 
    GL.79/42 0.1966 0.6124 0.1910 
    GL.79/45 0.2124 0.6311 0.1565 
 GL.81_NT_25 0.0148 0.4950 0.4902 
   GLADIATOR 0.6336 0.0675 0.2990 
      GLAMIS 0.3056 0.1669 0.5275 
 GOLDEN_MILL 0.1551 0.1817 0.6633 
 GOLDEN_NUGG 0.6275 0.0576 0.3150 
 GOLDEN_WOND 0.2463 0.6582 0.0955 
     GRANOLA 0.6135 0.1737 0.2129 
    H1H3_101 0.0040 0.4659 0.5301 
      H1H3_3 0.1517 0.2950 0.5533 
 HARBOROUGH_ 0.0828 0.0995 0.8177 
   HARLEQUIN 0.5100 0.2394 0.2507 
      HERMES 0.6189 0.2139 0.1672 
 HIGHLAND_BU 0.0965 0.8814 0.0222 
  HOME_GUARD 0.2753 0.3350 0.3897 
     HORIZON 0.5316 0.3404 0.1281 
   INNOVATOR 0.5174 0.3355 0.1471 
 INTERNATION 0.0410 0.9494 0.0096 
 ISLE_OF_JUR 0.2163 0.2218 0.5619 
    JULIETTE 0.7699 0.1361 0.0940 
     KARLENA 0.4776 0.2869 0.2355 
 KERR'S_PINK 0.1906 0.5851 0.2243 
     KESTREL 0.2570 0.0288 0.7141 
       KIFLI 0.5690 0.2588 0.1722 
 KING_EDWARD 0.0681 0.8377 0.0942 
    KINGSTON 0.1463 0.2727 0.5810 
 KUFRI_CHAND 0.4390 0.3104 0.2506 
 KUFRI_JYOTI 0.5371 0.1833 0.2797 
      KURODA 0.7236 0.1282 0.1482 
 LADY_BALFOU 0.3225 0.1982 0.4793 
 LADY_CHRIST 0.5009 0.3874 0.1117 
 LADY_CLAIRE 0.6566 0.3296 0.0138 
     LADY_JO 0.5115 0.4430 0.0455 
 LADY_ROSETT 0.5374 0.2302 0.2324 
    LIBERTAS 0.5377 0.4166 0.0457 
       LINDA 0.6702 0.2886 0.0411 
      LINTON 0.5289 0.1654 0.3057 
 LINZER_DELI 0.6419 0.2732 0.0849 
   LIONHEART 0.6498 0.1584 0.1918 
   MADELEINE 0.6768 0.1661 0.1572 
   MADINGLEY 0.5938 0.1411 0.2651 
    MAJESTIC 0.4940 0.2083 0.2977 
     MARABEL 0.8156 0.0934 0.0910 
     MARFONA 0.5438 0.2859 0.1703 
     MARILYN 0.6964 0.1627 0.1408 
 MARIS_ANCHO 0.5314 0.2988 0.1698 
  MARIS_BARD 0.2772 0.2821 0.4407 
  MARIS_PEER 0.3246 0.2680 0.4074 
 MARIS_PIPER 0.0067 0.2733 0.7200 
     MARKIES 0.7145 0.2319 0.0536 
      MAXINE 0.2578 0.1511 0.5911 
      MEGARA 0.7123 0.1735 0.1141 
      MELODY 0.5706 0.2456 0.1838 
       MIDAS 0.2595 0.2658 0.4746 
       MILVA 0.6660 0.2684 0.0656 
        MIMI 0.3713 0.1812 0.4475 
        MIRA 0.6186 0.3292 0.0521 
       MOIRA 0.5716 0.2218 0.2066 
    MONTROSE 0.0170 0.3532 0.6298 
       MORAG 0.2911 0.2710 0.4379 
      MORENE 0.6960 0.2708 0.0332 
      MOZART 0.7754 0.0116 0.2130 
 MYATT'S_ASH 0.1886 0.8038 0.0076 
      NADINE 0.3225 0.0798 0.5977 
       NAVAN 0.0600 0.1755 0.7646 
 NDTX_4271_5 0.4248 0.1501 0.4251 
      NICOLA 0.7165 0.2746 0.0089 
     NOVELLA 0.6832 0.1034 0.2133 
     OLYMPUS 0.2578 0.2168 0.5254 
       OPERA 0.6301 0.0987 0.2712 
   ORCHESTRA 0.6328 0.1741 0.1931 
      ORIANA 0.7414 0.1843 0.0743 
     OTHELLO 0.3899 0.0313 0.5788 
     PALADIN 0.0108 0.3571 0.6321 
       PANDA 0.7186 0.1078 0.1736 
   PARAMOUNT 0.6113 0.0739 0.3148 
    PATRONES 0.5353 0.3246 0.1401 
 PENTLAND_AC 0.4131 0.2521 0.3348 
 PENTLAND_BE 0.2917 0.5266 0.1816 
 PENTLAND_CR 0.4679 0.1787 0.3534 
 PENTLAND_DE 0.3463 0.3225 0.3311 
 PENTLAND_IV 0.4171 0.1720 0.4110 
 PENTLAND_JA 0.4827 0.2215 0.2958 
 PENTLAND_MA 0.6411 0.1549 0.2040 
 PENTLAND_SQ 0.4041 0.2606 0.3354 
   PEPO_1978 0.6360 0.2271 0.1369 
     PICASSO 0.5552 0.0109 0.4339 
   PIMPERNEL 0.5995 0.2753 0.1252 
     PIONEER 0.6659 0.2595 0.0746 
       PIXIE 0.3603 0.0232 0.6165 
    PREMIERE 0.4990 0.3814 0.1196 
   PRODUCENT 0.5299 0.2303 0.2398 
     PROVOST 0.5047 0.2298 0.2655 
  R.P.LUSTRE 0.3226 0.3442 0.3332 
 RANGER_RUSS 0.5195 0.3950 0.0855 
       RATTE 0.2134 0.5660 0.2206 
      RECORD 0.5951 0.3874 0.0175 
   REMBRANDT 0.5596 0.2772 0.1632 
    RIO_ROJO 0.5255 0.1808 0.2937 
      ROBIJN 0.5955 0.3942 0.0103 
      ROCKET 0.0879 0.3011 0.6110 
   RODE_STAR 0.4942 0.4754 0.0304 
      ROMANO 0.6876 0.0556 0.2568 
       ROMEO 0.4496 0.2274 0.3230 
     ROOSTER 0.4656 0.1897 0.3447 
       ROYAL 0.4052 0.2342 0.3607 
 ROYAL_KIDNE 0.3088 0.5737 0.1175 
     RUBESSE 0.6255 0.1660 0.2084 
 RUSSET_BURB 0.4782 0.3126 0.2092 
 RUSSET_NORK 0.4506 0.2769 0.2725 
      SAFARI 0.7154 0.0587 0.2259 
     SANTANA 0.5545 0.2149 0.2307 
       SANTE 0.5711 0.1830 0.2459 
     SAPHIRE 0.6567 0.0905 0.2527 
  SARPO_MIRA 0.6134 0.2398 0.1468 
 SARPO_SHONA 0.6881 0.1752 0.1367 
       SASSY 0.4908 0.3437 0.1655 
     SATURNA 0.5891 0.3850 0.0260 
        SAVA 0.6358 0.1565 0.2077 
       SAXON 0.1150 0.2312 0.6538 
 SCARBOROUGH 0.0213 0.1797 0.7990 
 SEFTON_WOND 0.1318 0.5715 0.2967 
    SERAFINA 0.7042 0.1935 0.1023 
     SETANTA 0.3574 0.1074 0.5352 
 SHARPE'S_EX 0.1900 0.6914 0.1187 
     SHELAGH 0.3502 0.3197 0.3302 
    SHELFORD 0.5991 0.2754 0.1255 
     SHEPODY 0.4570 0.3274 0.2156 
      SLANEY 0.3639 0.0291 0.6070 
        SPEY 0.3772 0.0106 0.6122 
      SPUNTA 0.4665 0.2623 0.2713 
     STAMINA 0.1566 0.0271 0.8164 
    STEMSTER 0.3540 0.2901 0.3559 
 STORMONT_EN 0.4260 0.2909 0.2831 
    STIRLING 0.4837 0.0253 0.4910 
     SYLVANA 0.5758 0.1806 0.2436 
         TAY 0.2668 0.0449 0.6883 
      TIMATE 0.6729 0.1671 0.1600 
      TOLUCA 0.7775 0.1219 0.1005 
    TORRIDON 0.5751 0.1805 0.2444 
 ULSTER_SCEP 0.2675 0.2200 0.5125 
 UMATILLA_RU 0.1786 0.4870 0.3344 
 VALES_EMERA 0.4332 0.1829 0.3839 
 VALES_EVERE 0.2685 0.1667 0.5647 
 VALES_RUSSE 0.4222 0.3993 0.1785 
 VALES_SOVER 0.2960 0.0099 0.6942 
       VALOR 0.3003 0.0074 0.6923 
    VAN_GOGH 0.5986 0.2649 0.1365 
     VANTAGE 0.4823 0.4480 0.0696 
       VERDI 0.5605 0.2984 0.1411 
    VICTORIA 0.6691 0.1847 0.1462 
     VIVALDI 0.7871 0.1402 0.0727 
       WILJA 0.5712 0.3257 0.1031 
     WINSTON 0.2879 0.0296 0.6825 
      XD2-21 0.3864 0.2811 0.3325 
  YUKON_GOLD 0.5159 0.0823 0.4018 
       ZORBA 0.5965 0.2522 0.1513 
