  00C133-020 0.7403 0.0684 0.1914 
 01C_071-002 0.3185 0.2420 0.4396 
 02M_012-001 0.6205 0.2868 0.0927 
 03M_016-002 0.3985 0.5415 0.0600 
 03M_034-002 0.6347 0.2772 0.0880 
 04C_055-004 0.5112 0.1935 0.2953 
 04C_126-005 0.5237 0.1482 0.3282 
 04M_034-013 0.4857 0.3846 0.1297 
 05M_002-001 0.2121 0.2469 0.5410 
 05M_004-003 0.3607 0.0635 0.5758 
 05M_012-004 0.3984 0.1418 0.4598 
 06C_127-002 0.5069 0.1254 0.3677 
 12288_AF_23 0.6196 0.0702 0.3103 
    12601AB1 0.4550 0.5334 0.0116 
   12636_A_2 0.6477 0.2972 0.0551 
  15119_AC_5 0.5772 0.2716 0.1512 
     1512C16 0.2104 0.3481 0.4415 
   15144_A_3 0.3852 0.0409 0.5739 
     1563C14 0.0548 0.5363 0.4089 
     2182EF7 0.3955 0.1256 0.4790 
     3681AD1 0.2629 0.1318 0.6054 
     5008AB6 0.2468 0.1560 0.5972 
    8204_A_4 0.4731 0.0601 0.4669 
       AGRIA 0.0873 0.1860 0.7267 
       AILSA 0.6331 0.2544 0.1125 
      ALMERA 0.1437 0.1652 0.6911 
       ALPHA 0.1102 0.3445 0.5454 
      ALWARA 0.2081 0.1042 0.6877 
      AMADRA 0.2492 0.2597 0.4911 
       AMOUR 0.6827 0.0781 0.2392 
        ANNA 0.4829 0.1352 0.3819 
   ANNABELLE 0.0502 0.1453 0.8045 
        ANYA 0.1545 0.2742 0.5714 
       ARGOS 0.5630 0.0199 0.4172 
     ARIELLE 0.1013 0.2107 0.6880 
      ARKULA 0.1000 0.2207 0.6793 
      ARMADA 0.1981 0.2331 0.5688 
   AVALANCHE 0.5250 0.1675 0.3075 
     BAILLIE 0.5917 0.1140 0.2943 
    BALMORAL 0.3771 0.0710 0.5518 
     BAMBINO 0.6671 0.0991 0.2338 
       BARNA 0.3774 0.0797 0.5429 
 BELLE_DE_FO 0.0099 0.9248 0.0653 
       BENOL 0.6225 0.2985 0.0790 
       BF_15 0.0086 0.7690 0.2223 
      BINTJE 0.1524 0.4492 0.3983 
 BIONICA_EX_ 0.2813 0.2150 0.5037 
 BLUE_DANUBE 0.1225 0.2493 0.6282 
      BONNIE 0.4310 0.1014 0.4677 
      BOUNTY 0.6423 0.0865 0.2712 
 BRITISH_QUE 0.1250 0.5482 0.3268 
     BRODICK 0.6917 0.0895 0.2188 
      BRODIE 0.4695 0.1494 0.3812 
      BUCHAN 0.5065 0.1092 0.3842 
      BURREN 0.3662 0.1271 0.5067 
     CABARET 0.5885 0.3900 0.0215 
      CAESAR 0.1877 0.0191 0.7932 
        CARA 0.5531 0.0411 0.4058 
 CARLINGFORD 0.3730 0.1277 0.4993 
  CASABLANCA 0.5680 0.0234 0.4086 
      CELINE 0.2476 0.1487 0.6037 
  CHALLENGER 0.2366 0.2663 0.4971 
   CHARLOTTE 0.2325 0.2066 0.5609 
     CHICAGO 0.5109 0.1992 0.2899 
   CHIEFTAIN 0.2717 0.2390 0.4893 
      CHOPIN 0.1452 0.1610 0.6938 
      CLARET 0.4909 0.0399 0.4692 
      CORINE 0.3771 0.1895 0.4334 
      COSMOS 0.1877 0.2050 0.6073 
     COURAGE 0.1965 0.1991 0.6044 
     COURLAN 0.2886 0.1928 0.5186 
 CRAIGS_ROYA 0.5467 0.1469 0.3065 
 CRAIGS_SNOW 0.2859 0.4518 0.2623 
     CRAMOND 0.6403 0.0913 0.2684 
 CRISPS_FOR_ 0.2154 0.1706 0.6140 
    CROMWELL 0.6141 0.3575 0.0284 
       D22/1 0.6196 0.3283 0.0521 
       D23/3 0.4352 0.4413 0.1235 
      D47-11 0.6117 0.3805 0.0078 
       D49/1 0.6668 0.3207 0.0125 
       DAISY 0.4617 0.3379 0.2004 
 DARK_RED_NO 0.2330 0.2600 0.5069 
     DARWINA 0.1502 0.2622 0.5876 
     DESIREE 0.0981 0.2098 0.6921 
       DITTA 0.0561 0.2691 0.6748 
 DR._MCINTOS 0.3402 0.1860 0.4738 
       DRAGA 0.3320 0.0994 0.5687 
 DUKE_OF_YOR 0.0279 0.5285 0.4435 
 DUNBAR_STAN 0.3376 0.4519 0.2105 
     DUNDROD 0.5573 0.2947 0.1480 
     ECLIPSE 0.1675 0.5636 0.2689 
        EDEN 0.6647 0.3276 0.0076 
 EDZELL_BLUE 0.1697 0.4317 0.3986 
   ELISABETH 0.2578 0.0781 0.6641 
     EMPEROR 0.3344 0.1614 0.5042 
         EOS 0.3857 0.1269 0.4874 
     EPICURE 0.1197 0.4951 0.3853 
  ERNTESTOLZ 0.1130 0.3617 0.5254 
      ESCORT 0.2585 0.0743 0.6672 
   ESMERALDA 0.2432 0.2438 0.5130 
      ESTIMA 0.2006 0.2404 0.5590 
 EVE_BALFOUR 0.4574 0.2680 0.2745 
   EXCALIBUR 0.7518 0.0091 0.2391 
     EXQUISA 0.0360 0.2391 0.7249 
    FESTIVAL 0.2271 0.0787 0.6942 
      FIANNA 0.2426 0.0974 0.6600 
   FIFTYFOLD 0.1572 0.6387 0.2041 
     FONTANE 0.2360 0.1737 0.5902 
   FORTYFOLD 0.0133 0.6707 0.3160 
 FRONTIER_RU 0.2389 0.3305 0.4306 
     G.81071 0.3901 0.1676 0.4423 
     G.88661 0.4297 0.0832 0.4871 
    G.886611 0.4761 0.0353 0.4886 
  G.8867Y%12 0.3631 0.0373 0.5997 
     G.88839 0.0193 0.0962 0.8844 
     G.88842 0.1464 0.0813 0.7723 
   GALACTICA 0.2202 0.2294 0.5504 
      GEMSON 0.3956 0.2331 0.3713 
  GL.76B/102 0.1586 0.4820 0.3594 
   GL.76B/94 0.0178 0.6018 0.3805 
  GL.77M/106 0.4845 0.2328 0.2827 
   GL.78/166 0.0576 0.7159 0.2264 
    GL.78/53 0.2755 0.6275 0.0971 
    GL.78/97 0.1459 0.6524 0.2017 
    GL.79/42 0.1933 0.6192 0.1875 
    GL.79/45 0.1590 0.6345 0.2065 
 GL.81_NT_25 0.4944 0.4919 0.0137 
   GLADIATOR 0.2888 0.0718 0.6394 
      GLAMIS 0.5223 0.1674 0.3103 
 GOLDEN_MILL 0.6568 0.1800 0.1632 
 GOLDEN_NUGG 0.3053 0.0568 0.6379 
 GOLDEN_WOND 0.0984 0.6662 0.2353 
     GRANOLA 0.2061 0.1774 0.6165 
    H1H3_101 0.5371 0.4590 0.0039 
      H1H3_3 0.5565 0.2918 0.1517 
 HARBOROUGH_ 0.8118 0.0990 0.0892 
   HARLEQUIN 0.2444 0.2446 0.5111 
      HERMES 0.1612 0.2212 0.6175 
 HIGHLAND_BU 0.0215 0.8925 0.0860 
  HOME_GUARD 0.3855 0.3367 0.2778 
     HORIZON 0.1265 0.3451 0.5285 
   INNOVATOR 0.1433 0.3385 0.5182 
 INTERNATION 0.0097 0.9549 0.0354 
 ISLE_OF_JUR 0.5579 0.2218 0.2203 
    JULIETTE 0.0858 0.1419 0.7723 
     KARLENA 0.2308 0.2895 0.4798 
 KERR'S_PINK 0.2234 0.5916 0.1850 
     KESTREL 0.7032 0.0255 0.2713 
       KIFLI 0.1680 0.2606 0.5714 
 KING_EDWARD 0.1028 0.8456 0.0516 
    KINGSTON 0.5795 0.2747 0.1458 
 KUFRI_CHAND 0.2461 0.3172 0.4367 
 KUFRI_JYOTI 0.2755 0.1839 0.5406 
      KURODA 0.1398 0.1319 0.7283 
 LADY_BALFOU 0.4747 0.1958 0.3295 
 LADY_CHRIST 0.1111 0.3928 0.4961 
 LADY_CLAIRE 0.0129 0.3366 0.6505 
     LADY_JO 0.0425 0.4511 0.5064 
 LADY_ROSETT 0.2254 0.2334 0.5412 
    LIBERTAS 0.0430 0.4214 0.5356 
       LINDA 0.0348 0.2960 0.6692 
      LINTON 0.2996 0.1695 0.5309 
 LINZER_DELI 0.0829 0.2776 0.6395 
   LIONHEART 0.1825 0.1642 0.6533 
   MADELEINE 0.1490 0.1707 0.6802 
   MADINGLEY 0.2583 0.1436 0.5981 
    MAJESTIC 0.2896 0.2140 0.4964 
     MARABEL 0.0806 0.0984 0.8210 
     MARFONA 0.1618 0.2919 0.5463 
     MARILYN 0.1352 0.1672 0.6976 
 MARIS_ANCHO 0.1638 0.3049 0.5313 
  MARIS_BARD 0.4383 0.2810 0.2808 
  MARIS_PEER 0.4012 0.2705 0.3282 
 MARIS_PIPER 0.7220 0.2704 0.0076 
     MARKIES 0.0478 0.2366 0.7156 
      MAXINE 0.5847 0.1502 0.2651 
      MEGARA 0.1074 0.1786 0.7140 
      MELODY 0.1749 0.2494 0.5757 
       MIDAS 0.4702 0.2667 0.2631 
       MILVA 0.0618 0.2723 0.6659 
        MIMI 0.4432 0.1838 0.3730 
        MIRA 0.0454 0.3364 0.6182 
       MOIRA 0.2000 0.2246 0.5753 
    MONTROSE 0.6314 0.3512 0.0173 
       MORAG 0.4346 0.2711 0.2943 
      MORENE 0.0290 0.2788 0.6922 
      MOZART 0.2011 0.0143 0.7846 
 MYATT'S_ASH 0.0075 0.8183 0.1742 
      NADINE 0.5913 0.0742 0.3345 
       NAVAN 0.7648 0.1738 0.0614 
 NDTX_4271_5 0.4171 0.1545 0.4284 
      NICOLA 0.0078 0.2843 0.7079 
     NOVELLA 0.2005 0.1092 0.6903 
     OLYMPUS 0.5212 0.2151 0.2637 
       OPERA 0.2633 0.0998 0.6369 
   ORCHESTRA 0.1856 0.1765 0.6379 
      ORIANA 0.0715 0.1842 0.7443 
     OTHELLO 0.5674 0.0304 0.4021 
     PALADIN 0.6354 0.3534 0.0111 
       PANDA 0.1620 0.1151 0.7229 
   PARAMOUNT 0.3049 0.0817 0.6135 
    PATRONES 0.1327 0.3321 0.5353 
 PENTLAND_AC 0.3286 0.2578 0.4136 
 PENTLAND_BE 0.1831 0.5324 0.2845 
 PENTLAND_CR 0.3461 0.1804 0.4735 
 PENTLAND_DE 0.3261 0.3250 0.3489 
 PENTLAND_IV 0.4050 0.1755 0.4195 
 PENTLAND_JA 0.2897 0.2234 0.4869 
 PENTLAND_MA 0.1977 0.1576 0.6447 
 PENTLAND_SQ 0.3307 0.2641 0.4052 
   PEPO_1978 0.1307 0.2314 0.6379 
     PICASSO 0.4245 0.0108 0.5647 
   PIMPERNEL 0.1169 0.2827 0.6003 
     PIONEER 0.0697 0.2646 0.6657 
       PIXIE 0.6081 0.0234 0.3685 
    PREMIERE 0.1175 0.3858 0.4968 
   PRODUCENT 0.2366 0.2310 0.5324 
     PROVOST 0.2590 0.2328 0.5082 
  R.P.LUSTRE 0.3339 0.3475 0.3187 
 RANGER_RUSS 0.0781 0.4018 0.5201 
       RATTE 0.2258 0.5701 0.2041 
      RECORD 0.0175 0.3913 0.5913 
   REMBRANDT 0.1582 0.2812 0.5607 
    RIO_ROJO 0.2865 0.1854 0.5280 
      ROBIJN 0.0103 0.4005 0.5892 
      ROCKET 0.6121 0.2997 0.0882 
   RODE_STAR 0.0271 0.4843 0.4886 
      ROMANO 0.2429 0.0591 0.6981 
       ROMEO 0.3171 0.2286 0.4543 
     ROOSTER 0.3373 0.1918 0.4709 
       ROYAL 0.3590 0.2358 0.4051 
 ROYAL_KIDNE 0.1192 0.5792 0.3016 
     RUBESSE 0.1992 0.1698 0.6309 
 RUSSET_BURB 0.1999 0.3215 0.4786 
 RUSSET_NORK 0.2690 0.2808 0.4501 
      SAFARI 0.2198 0.0554 0.7247 
     SANTANA 0.2254 0.2178 0.5568 
       SANTE 0.2414 0.1836 0.5749 
     SAPHIRE 0.2412 0.0928 0.6659 
  SARPO_MIRA 0.1393 0.2465 0.6142 
 SARPO_SHONA 0.1324 0.1771 0.6905 
       SASSY 0.1629 0.3496 0.4875 
     SATURNA 0.0233 0.3923 0.5844 
        SAVA 0.1992 0.1607 0.6401 
       SAXON 0.6536 0.2291 0.1173 
 SCARBOROUGH 0.7997 0.1769 0.0234 
 SEFTON_WOND 0.2986 0.5749 0.1265 
    SERAFINA 0.0958 0.2011 0.7030 
     SETANTA 0.5258 0.1063 0.3679 
 SHARPE'S_EX 0.1220 0.7003 0.1777 
     SHELAGH 0.3239 0.3240 0.3521 
    SHELFORD 0.1192 0.2818 0.5990 
     SHEPODY 0.2060 0.3346 0.4594 
      SLANEY 0.5966 0.0276 0.3758 
        SPEY 0.6004 0.0095 0.3901 
      SPUNTA 0.2658 0.2656 0.4686 
     STAMINA 0.8102 0.0265 0.1633 
    STEMSTER 0.3541 0.2925 0.3534 
 STORMONT_EN 0.2818 0.2940 0.4242 
    STIRLING 0.4811 0.0266 0.4923 
     SYLVANA 0.2381 0.1814 0.5805 
         TAY 0.6782 0.0434 0.2784 
      TIMATE 0.1520 0.1724 0.6757 
      TOLUCA 0.0875 0.1239 0.7886 
    TORRIDON 0.2370 0.1838 0.5793 
 ULSTER_SCEP 0.5089 0.2215 0.2696 
 UMATILLA_RU 0.3375 0.4889 0.1735 
 VALES_EMERA 0.3782 0.1842 0.4376 
 VALES_EVERE 0.5579 0.1615 0.2806 
 VALES_RUSSE 0.1735 0.4063 0.4203 
 VALES_SOVER 0.6839 0.0086 0.3074 
       VALOR 0.6814 0.0074 0.3112 
    VAN_GOGH 0.1301 0.2692 0.6007 
     VANTAGE 0.0632 0.4576 0.4792 
       VERDI 0.1374 0.3048 0.5578 
    VICTORIA 0.1387 0.1896 0.6717 
     VIVALDI 0.0658 0.1430 0.7912 
       WILJA 0.0952 0.3347 0.5701 
     WINSTON 0.6713 0.0318 0.2969 
      XD2-21 0.3248 0.2823 0.3929 
  YUKON_GOLD 0.3921 0.0837 0.5242 
       ZORBA 0.1441 0.2552 0.6008 
