  00C133-020 0.7456 0.1773 0.0771 
 01C_071-002 0.3213 0.4398 0.2388 
 02M_012-001 0.6196 0.0963 0.2841 
 03M_016-002 0.3974 0.0615 0.5411 
 03M_034-002 0.6334 0.0815 0.2851 
 04C_055-004 0.5153 0.2931 0.1916 
 04C_126-005 0.5260 0.3240 0.1501 
 04M_034-013 0.4839 0.1318 0.3843 
 05M_002-001 0.2165 0.5416 0.2419 
 05M_004-003 0.3670 0.5693 0.0637 
 05M_012-004 0.4037 0.4576 0.1387 
 06C_127-002 0.5096 0.3683 0.1220 
 12288_AF_23 0.6236 0.3036 0.0728 
    12601AB1 0.4522 0.0125 0.5352 
   12636_A_2 0.6467 0.0527 0.3005 
  15119_AC_5 0.5774 0.1458 0.2768 
     1512C16 0.2136 0.4436 0.3428 
   15144_A_3 0.3908 0.5706 0.0385 
     1563C14 0.0500 0.4230 0.5270 
     2182EF7 0.4014 0.4745 0.1241 
     3681AD1 0.2709 0.6042 0.1250 
     5008AB6 0.2512 0.5970 0.1518 
    8204_A_4 0.4793 0.4616 0.0591 
       AGRIA 0.0926 0.7287 0.1787 
       AILSA 0.6309 0.1102 0.2588 
      ALMERA 0.1509 0.6884 0.1607 
       ALPHA 0.1146 0.5491 0.3363 
      ALWARA 0.2104 0.6861 0.1034 
      AMADRA 0.2495 0.4934 0.2571 
       AMOUR 0.6868 0.2329 0.0803 
        ANNA 0.4896 0.3770 0.1334 
   ANNABELLE 0.0581 0.8058 0.1361 
        ANYA 0.1593 0.5748 0.2658 
       ARGOS 0.5692 0.4095 0.0213 
     ARIELLE 0.1028 0.6927 0.2045 
      ARKULA 0.1104 0.6795 0.2101 
      ARMADA 0.2024 0.5689 0.2287 
   AVALANCHE 0.5283 0.3041 0.1676 
     BAILLIE 0.5928 0.2886 0.1186 
    BALMORAL 0.3825 0.5463 0.0712 
     BAMBINO 0.6717 0.2326 0.0957 
       BARNA 0.3837 0.5388 0.0775 
 BELLE_DE_FO 0.0087 0.0789 0.9124 
       BENOL 0.6239 0.0765 0.2997 
       BF_15 0.0086 0.2357 0.7556 
      BINTJE 0.1489 0.4088 0.4423 
 BIONICA_EX_ 0.2844 0.5053 0.2103 
 BLUE_DANUBE 0.1276 0.6275 0.2449 
      BONNIE 0.4365 0.4637 0.0999 
      BOUNTY 0.6478 0.2645 0.0877 
 BRITISH_QUE 0.1221 0.3343 0.5436 
     BRODICK 0.6970 0.2118 0.0913 
      BRODIE 0.4749 0.3793 0.1459 
      BUCHAN 0.5084 0.3833 0.1083 
      BURREN 0.3727 0.5066 0.1208 
     CABARET 0.5860 0.0224 0.3916 
      CAESAR 0.1958 0.7858 0.0184 
        CARA 0.5585 0.3980 0.0435 
 CARLINGFORD 0.3770 0.4976 0.1254 
  CASABLANCA 0.5735 0.4026 0.0239 
      CELINE 0.2536 0.6014 0.1450 
  CHALLENGER 0.2369 0.4997 0.2633 
   CHARLOTTE 0.2349 0.5637 0.2014 
     CHICAGO 0.5143 0.2860 0.1998 
   CHIEFTAIN 0.2744 0.4922 0.2335 
      CHOPIN 0.1496 0.6928 0.1576 
      CLARET 0.4955 0.4639 0.0407 
      CORINE 0.3784 0.4351 0.1865 
      COSMOS 0.1914 0.6095 0.1991 
     COURAGE 0.1992 0.6067 0.1941 
     COURLAN 0.2924 0.5218 0.1858 
 CRAIGS_ROYA 0.5496 0.3002 0.1502 
 CRAIGS_SNOW 0.2841 0.2717 0.4442 
     CRAMOND 0.6455 0.2606 0.0939 
 CRISPS_FOR_ 0.2211 0.6170 0.1619 
    CROMWELL 0.6123 0.0314 0.3562 
       D22/1 0.6151 0.0549 0.3300 
       D23/3 0.4352 0.1266 0.4382 
      D47-11 0.6092 0.0080 0.3828 
       D49/1 0.6607 0.0132 0.3261 
       DAISY 0.4634 0.1990 0.3376 
 DARK_RED_NO 0.2380 0.5072 0.2548 
     DARWINA 0.1575 0.5876 0.2548 
     DESIREE 0.1003 0.6974 0.2022 
       DITTA 0.0618 0.6798 0.2584 
 DR._MCINTOS 0.3450 0.4734 0.1816 
       DRAGA 0.3380 0.5662 0.0958 
 DUKE_OF_YOR 0.0308 0.4482 0.5211 
 DUNBAR_STAN 0.3367 0.2148 0.4486 
     DUNDROD 0.5537 0.1532 0.2931 
     ECLIPSE 0.1635 0.2792 0.5573 
        EDEN 0.6600 0.0089 0.3311 
 EDZELL_BLUE 0.1668 0.4062 0.4270 
   ELISABETH 0.2629 0.6607 0.0764 
     EMPEROR 0.3405 0.4992 0.1602 
         EOS 0.3894 0.4848 0.1258 
     EPICURE 0.1193 0.3937 0.4869 
  ERNTESTOLZ 0.1174 0.5289 0.3537 
      ESCORT 0.2627 0.6652 0.0720 
   ESMERALDA 0.2501 0.5146 0.2353 
      ESTIMA 0.2079 0.5595 0.2327 
 EVE_BALFOUR 0.4602 0.2723 0.2676 
   EXCALIBUR 0.7622 0.2281 0.0097 
     EXQUISA 0.0382 0.7308 0.2310 
    FESTIVAL 0.2343 0.6925 0.0733 
      FIANNA 0.2511 0.6589 0.0900 
   FIFTYFOLD 0.1540 0.2153 0.6307 
     FONTANE 0.2397 0.5921 0.1682 
   FORTYFOLD 0.0130 0.3257 0.6613 
 FRONTIER_RU 0.2416 0.4317 0.3267 
     G.81071 0.3938 0.4428 0.1634 
     G.88661 0.4355 0.4828 0.0817 
    G.886611 0.4821 0.4830 0.0349 
  G.8867Y%12 0.3697 0.5920 0.0383 
     G.88839 0.0224 0.8868 0.0908 
     G.88842 0.1510 0.7718 0.0771 
   GALACTICA 0.2247 0.5510 0.2242 
      GEMSON 0.3945 0.3771 0.2284 
  GL.76B/102 0.1551 0.3705 0.4744 
   GL.76B/94 0.0200 0.3890 0.5909 
  GL.77M/106 0.4839 0.2807 0.2354 
   GL.78/166 0.0537 0.2398 0.7065 
    GL.78/53 0.2718 0.1065 0.6217 
    GL.78/97 0.1417 0.2123 0.6461 
    GL.79/42 0.1909 0.1961 0.6130 
    GL.79/45 0.1561 0.2147 0.6293 
 GL.81_NT_25 0.4928 0.0131 0.4940 
   GLADIATOR 0.2958 0.6397 0.0645 
      GLAMIS 0.5237 0.3089 0.1673 
 GOLDEN_MILL 0.6583 0.1577 0.1840 
 GOLDEN_NUGG 0.3058 0.6312 0.0630 
 GOLDEN_WOND 0.0948 0.2481 0.6570 
     GRANOLA 0.2106 0.6179 0.1714 
    H1H3_101 0.5323 0.0039 0.4638 
      H1H3_3 0.5556 0.1488 0.2956 
 HARBOROUGH_ 0.8156 0.0817 0.1027 
   HARLEQUIN 0.2458 0.5168 0.2374 
      HERMES 0.1620 0.6250 0.2130 
 HIGHLAND_BU 0.0200 0.0976 0.8824 
  HOME_GUARD 0.3862 0.2786 0.3352 
     HORIZON 0.1273 0.5350 0.3378 
   INNOVATOR 0.1463 0.5204 0.3333 
 INTERNATION 0.0096 0.0429 0.9475 
 ISLE_OF_JUR 0.5598 0.2192 0.2210 
    JULIETTE 0.0890 0.7752 0.1357 
     KARLENA 0.2346 0.4810 0.2844 
 KERR'S_PINK 0.2215 0.1915 0.5870 
     KESTREL 0.7097 0.2617 0.0286 
       KIFLI 0.1661 0.5773 0.2566 
 KING_EDWARD 0.0972 0.0633 0.8395 
    KINGSTON 0.5799 0.1454 0.2747 
 KUFRI_CHAND 0.2482 0.4397 0.3120 
 KUFRI_JYOTI 0.2790 0.5399 0.1811 
      KURODA 0.1472 0.7264 0.1264 
 LADY_BALFOU 0.4772 0.3248 0.1980 
 LADY_CHRIST 0.1094 0.5041 0.3865 
 LADY_CLAIRE 0.0121 0.6578 0.3301 
     LADY_JO 0.0403 0.5144 0.4453 
 LADY_ROSETT 0.2316 0.5395 0.2289 
    LIBERTAS 0.0459 0.5386 0.4154 
       LINDA 0.0396 0.6741 0.2863 
      LINTON 0.3028 0.5297 0.1675 
 LINZER_DELI 0.0836 0.6466 0.2698 
   LIONHEART 0.1883 0.6554 0.1562 
   MADELEINE 0.1570 0.6811 0.1619 
   MADINGLEY 0.2631 0.5998 0.1371 
    MAJESTIC 0.2945 0.4945 0.2110 
     MARABEL 0.0863 0.8205 0.0931 
     MARFONA 0.1665 0.5474 0.2861 
     MARILYN 0.1389 0.7017 0.1594 
 MARIS_ANCHO 0.1688 0.5314 0.2998 
  MARIS_BARD 0.4413 0.2755 0.2833 
  MARIS_PEER 0.4013 0.3309 0.2678 
 MARIS_PIPER 0.7191 0.0065 0.2744 
     MARKIES 0.0560 0.7177 0.2264 
      MAXINE 0.5886 0.2590 0.1524 
      MEGARA 0.1128 0.7159 0.1713 
      MELODY 0.1792 0.5755 0.2453 
       MIDAS 0.4754 0.2598 0.2648 
       MILVA 0.0646 0.6690 0.2665 
        MIMI 0.4429 0.3733 0.1838 
        MIRA 0.0481 0.6223 0.3296 
       MOIRA 0.2028 0.5769 0.2204 
    MONTROSE 0.6267 0.0201 0.3532 
       MORAG 0.4370 0.2919 0.2711 
      MORENE 0.0326 0.6991 0.2682 
      MOZART 0.2075 0.7791 0.0133 
 MYATT'S_ASH 0.0076 0.1879 0.8045 
      NADINE 0.5954 0.3279 0.0767 
       NAVAN 0.7640 0.0599 0.1761 
 NDTX_4271_5 0.4215 0.4297 0.1487 
      NICOLA 0.0080 0.7201 0.2719 
     NOVELLA 0.2074 0.6911 0.1016 
     OLYMPUS 0.5217 0.2635 0.2148 
       OPERA 0.2698 0.6349 0.0954 
   ORCHESTRA 0.1899 0.6419 0.1682 
      ORIANA 0.0732 0.7449 0.1819 
     OTHELLO 0.5760 0.3937 0.0303 
     PALADIN 0.6333 0.0120 0.3548 
       PANDA 0.1691 0.7244 0.1065 
   PARAMOUNT 0.3093 0.6123 0.0785 
    PATRONES 0.1336 0.5399 0.3265 
 PENTLAND_AC 0.3298 0.4166 0.2535 
 PENTLAND_BE 0.1815 0.2926 0.5259 
 PENTLAND_CR 0.3484 0.4723 0.1793 
 PENTLAND_DE 0.3282 0.3485 0.3233 
 PENTLAND_IV 0.4082 0.4203 0.1714 
 PENTLAND_JA 0.2939 0.4855 0.2206 
 PENTLAND_MA 0.2034 0.6468 0.1498 
 PENTLAND_SQ 0.3329 0.4059 0.2612 
   PEPO_1978 0.1345 0.6407 0.2248 
     PICASSO 0.4314 0.5585 0.0101 
   PIMPERNEL 0.1231 0.6015 0.2755 
     PIONEER 0.0745 0.6702 0.2553 
       PIXIE 0.6133 0.3607 0.0260 
    PREMIERE 0.1199 0.5019 0.3782 
   PRODUCENT 0.2403 0.5312 0.2285 
     PROVOST 0.2626 0.5066 0.2307 
  R.P.LUSTRE 0.3338 0.3209 0.3453 
 RANGER_RUSS 0.0854 0.5207 0.3939 
       RATTE 0.2216 0.2128 0.5655 
      RECORD 0.0182 0.5971 0.3847 
   REMBRANDT 0.1610 0.5612 0.2778 
    RIO_ROJO 0.2912 0.5279 0.1809 
      ROBIJN 0.0109 0.5968 0.3923 
      ROCKET 0.6086 0.0889 0.3026 
   RODE_STAR 0.0279 0.4972 0.4749 
      ROMANO 0.2524 0.6932 0.0545 
       ROMEO 0.3184 0.4577 0.2239 
     ROOSTER 0.3383 0.4719 0.1897 
       ROYAL 0.3610 0.4066 0.2324 
 ROYAL_KIDNE 0.1195 0.3056 0.5750 
     RUBESSE 0.2051 0.6302 0.1646 
 RUSSET_BURB 0.2052 0.4808 0.3139 
 RUSSET_NORK 0.2705 0.4520 0.2776 
      SAFARI 0.2230 0.7188 0.0582 
     SANTANA 0.2278 0.5562 0.2159 
       SANTE 0.2414 0.5786 0.1800 
     SAPHIRE 0.2500 0.6613 0.0887 
  SARPO_MIRA 0.1444 0.6164 0.2391 
 SARPO_SHONA 0.1386 0.6926 0.1688 
       SASSY 0.1658 0.4924 0.3418 
     SATURNA 0.0248 0.5928 0.3823 
        SAVA 0.2030 0.6434 0.1536 
       SAXON 0.6527 0.1168 0.2305 
 SCARBOROUGH 0.7987 0.0220 0.1794 
 SEFTON_WOND 0.2957 0.1325 0.5719 
    SERAFINA 0.1035 0.7063 0.1902 
     SETANTA 0.5298 0.3609 0.1093 
 SHARPE'S_EX 0.1192 0.1899 0.6908 
     SHELAGH 0.3268 0.3544 0.3188 
    SHELFORD 0.1230 0.6027 0.2743 
     SHEPODY 0.2130 0.4586 0.3285 
      SLANEY 0.6038 0.3688 0.0274 
        SPEY 0.6082 0.3816 0.0102 
      SPUNTA 0.2686 0.4697 0.2617 
     STAMINA 0.8132 0.1591 0.0277 
    STEMSTER 0.3558 0.3568 0.2875 
 STORMONT_EN 0.2814 0.4296 0.2890 
    STIRLING 0.4882 0.4857 0.0261 
     SYLVANA 0.2405 0.5810 0.1784 
         TAY 0.6826 0.2705 0.0469 
      TIMATE 0.1563 0.6779 0.1659 
      TOLUCA 0.0929 0.7856 0.1216 
    TORRIDON 0.2423 0.5795 0.1782 
 ULSTER_SCEP 0.5114 0.2707 0.2179 
 UMATILLA_RU 0.3344 0.1780 0.4876 
 VALES_EMERA 0.3820 0.4368 0.1812 
 VALES_EVERE 0.5633 0.2733 0.1634 
 VALES_RUSSE 0.1759 0.4244 0.3997 
 VALES_SOVER 0.6913 0.2990 0.0097 
       VALOR 0.6900 0.3014 0.0085 
    VAN_GOGH 0.1335 0.6034 0.2631 
     VANTAGE 0.0656 0.4862 0.4482 
       VERDI 0.1390 0.5619 0.2991 
    VICTORIA 0.1440 0.6734 0.1826 
     VIVALDI 0.0688 0.7911 0.1401 
       WILJA 0.0982 0.5753 0.3265 
     WINSTON 0.6770 0.2922 0.0308 
      XD2-21 0.3272 0.3936 0.2792 
  YUKON_GOLD 0.3989 0.5189 0.0822 
       ZORBA 0.1508 0.6001 0.2491 
