  00C133-020 0.0213 0.0201 0.2542 0.0096 0.0124 0.2753 0.4072 
 01C_071-002 0.2019 0.1496 0.0304 0.1381 0.0393 0.2559 0.1847 
 02M_012-001 0.0217 0.1656 0.1753 0.0824 0.0041 0.0640 0.4870 
 03M_016-002 0.0060 0.3357 0.0118 0.0446 0.2222 0.0160 0.3637 
 03M_034-002 0.0600 0.1984 0.3002 0.0025 0.0071 0.0675 0.3644 
 04C_055-004 0.0372 0.0509 0.0866 0.2769 0.0653 0.0354 0.4477 
 04C_126-005 0.1241 0.1117 0.2422 0.0150 0.0140 0.2892 0.2038 
 04M_034-013 0.0389 0.2158 0.1151 0.0743 0.1398 0.0069 0.4091 
 05M_002-001 0.3009 0.1025 0.0598 0.1896 0.1599 0.0600 0.1273 
 05M_004-003 0.3541 0.0071 0.1765 0.0732 0.0866 0.1659 0.1367 
 05M_012-004 0.2541 0.0499 0.2825 0.0073 0.1860 0.1297 0.0905 
 06C_127-002 0.0076 0.0401 0.4128 0.2240 0.0799 0.0764 0.1591 
 12288_AF_23 0.0203 0.0076 0.1813 0.1306 0.1046 0.2033 0.3524 
    12601AB1 0.0039 0.4385 0.3344 0.0031 0.0021 0.0043 0.2135 
   12636_A_2 0.0053 0.1895 0.2880 0.0035 0.0499 0.1156 0.3481 
  15119_AC_5 0.0123 0.1852 0.0055 0.0020 0.0231 0.5140 0.2579 
     1512C16 0.0709 0.2328 0.1484 0.0882 0.3000 0.1535 0.0062 
   15144_A_3 0.0094 0.0460 0.0583 0.2399 0.0052 0.6310 0.0103 
     1563C14 0.1647 0.4356 0.0113 0.2283 0.0675 0.0780 0.0147 
     2182EF7 0.1172 0.0619 0.2950 0.0125 0.2621 0.2359 0.0155 
     3681AD1 0.3854 0.0716 0.1555 0.0206 0.0737 0.2560 0.0372 
     5008AB6 0.2797 0.1250 0.2663 0.1109 0.0078 0.2044 0.0060 
    8204_A_4 0.1087 0.0366 0.3986 0.0487 0.1266 0.2365 0.0443 
       AGRIA 0.4232 0.0313 0.0737 0.3204 0.1100 0.0041 0.0372 
       AILSA 0.0045 0.0903 0.2180 0.1738 0.0506 0.0089 0.4540 
      ALMERA 0.3854 0.0142 0.0120 0.2428 0.2306 0.0285 0.0866 
       ALPHA 0.3886 0.2276 0.0561 0.1201 0.1011 0.0600 0.0465 
      ALWARA 0.2619 0.0448 0.0291 0.2843 0.0264 0.3186 0.0349 
      AMADRA 0.2928 0.1590 0.1136 0.2235 0.0235 0.0158 0.1718 
       AMOUR 0.0149 0.0307 0.1608 0.0320 0.0214 0.4021 0.3382 
        ANNA 0.0172 0.1400 0.1570 0.0021 0.0428 0.6325 0.0084 
   ANNABELLE 0.4362 0.0288 0.0976 0.3413 0.0772 0.0100 0.0090 
        ANYA 0.0910 0.2125 0.1531 0.3836 0.0698 0.0776 0.0124 
       ARGOS 0.0651 0.0063 0.0255 0.0602 0.0864 0.5103 0.2461 
     ARIELLE 0.2934 0.0822 0.0059 0.3405 0.1361 0.1098 0.0321 
      ARKULA 0.4555 0.1267 0.1038 0.1192 0.0911 0.0950 0.0085 
      ARMADA 0.3765 0.1191 0.0417 0.1468 0.1188 0.0714 0.1258 
   AVALANCHE 0.2310 0.0099 0.0152 0.0216 0.1676 0.1035 0.4512 
     BAILLIE 0.1306 0.0090 0.0812 0.0920 0.0845 0.1431 0.4596 
    BALMORAL 0.2282 0.0251 0.0741 0.0056 0.2435 0.3981 0.0254 
     BAMBINO 0.0650 0.0167 0.1539 0.0770 0.0269 0.2185 0.4420 
       BARNA 0.0666 0.0610 0.1369 0.2224 0.0485 0.4071 0.0574 
 BELLE_DE_FO 0.0093 0.8205 0.0022 0.0083 0.0605 0.0962 0.0030 
       BENOL 0.0721 0.1750 0.3074 0.0055 0.0055 0.0039 0.4306 
       BF_15 0.1357 0.6917 0.0041 0.0738 0.0172 0.0739 0.0036 
      BINTJE 0.2035 0.3137 0.0269 0.0916 0.1911 0.1024 0.0707 
 BIONICA_EX_ 0.3173 0.1544 0.3005 0.0253 0.0742 0.0994 0.0289 
 BLUE_DANUBE 0.5217 0.1464 0.0046 0.0076 0.1473 0.1509 0.0214 
      BONNIE 0.2018 0.0259 0.2192 0.1249 0.0926 0.1614 0.1742 
      BOUNTY 0.1024 0.0204 0.1796 0.0371 0.0261 0.2452 0.3891 
 BRITISH_QUE 0.1332 0.3523 0.0022 0.0036 0.4322 0.0513 0.0251 
     BRODICK 0.0290 0.0303 0.5587 0.0660 0.0103 0.0079 0.2978 
      BRODIE 0.0049 0.1038 0.1959 0.0185 0.1851 0.4738 0.0179 
      BUCHAN 0.0034 0.0604 0.2088 0.1362 0.1186 0.4087 0.0638 
      BURREN 0.1128 0.1176 0.1212 0.1497 0.0129 0.4406 0.0452 
     CABARET 0.0090 0.2525 0.1318 0.0067 0.0689 0.0606 0.4705 
      CAESAR 0.3848 0.0029 0.1926 0.2629 0.0861 0.0611 0.0096 
        CARA 0.0128 0.0544 0.1659 0.0181 0.0133 0.6587 0.0768 
 CARLINGFORD 0.0479 0.0184 0.2322 0.1545 0.3215 0.1600 0.0653 
  CASABLANCA 0.2422 0.0026 0.1209 0.0029 0.1198 0.2332 0.2784 
      CELINE 0.4617 0.1023 0.1842 0.0123 0.0218 0.1821 0.0356 
  CHALLENGER 0.2791 0.0913 0.0960 0.1910 0.1785 0.0034 0.1607 
   CHARLOTTE 0.0224 0.1495 0.2857 0.5009 0.0051 0.0121 0.0242 
     CHICAGO 0.2018 0.0519 0.0930 0.1687 0.0053 0.0127 0.4666 
   CHIEFTAIN 0.0060 0.0841 0.2120 0.2645 0.3624 0.0607 0.0103 
      CHOPIN 0.4089 0.0252 0.1298 0.1680 0.2320 0.0207 0.0154 
      CLARET 0.0094 0.0374 0.0994 0.1345 0.0367 0.5997 0.0829 
      CORINE 0.2985 0.0846 0.1277 0.0043 0.1536 0.1809 0.1505 
      COSMOS 0.4545 0.0467 0.0482 0.0839 0.2258 0.0181 0.1228 
     COURAGE 0.3369 0.1123 0.1242 0.1291 0.1511 0.1171 0.0293 
     COURLAN 0.0370 0.0593 0.1221 0.3026 0.2545 0.1506 0.0740 
 CRAIGS_ROYA 0.0043 0.0608 0.1340 0.0605 0.2118 0.3564 0.1721 
 CRAIGS_SNOW 0.0161 0.2657 0.0075 0.1081 0.3242 0.1022 0.1761 
     CRAMOND 0.1634 0.0125 0.3775 0.0060 0.0660 0.0295 0.3450 
 CRISPS_FOR_ 0.2738 0.0580 0.1265 0.2750 0.1394 0.0564 0.0709 
    CROMWELL 0.0117 0.1954 0.0042 0.0613 0.0045 0.0895 0.6336 
       D22/1 0.0205 0.1418 0.0045 0.0075 0.1466 0.1304 0.5487 
       D23/3 0.0144 0.2712 0.0234 0.0844 0.1829 0.0403 0.3835 
      D47-11 0.0259 0.2180 0.0086 0.0051 0.0170 0.0190 0.7064 
       D49/1 0.0144 0.1380 0.0233 0.0603 0.0105 0.0026 0.7508 
       DAISY 0.1432 0.1985 0.1089 0.1058 0.0143 0.0077 0.4216 
 DARK_RED_NO 0.0190 0.0873 0.0902 0.2413 0.4087 0.1191 0.0345 
     DARWINA 0.4026 0.0970 0.0132 0.1566 0.1945 0.0166 0.1197 
     DESIREE 0.1533 0.1465 0.0152 0.3415 0.0576 0.2828 0.0031 
       DITTA 0.3027 0.1216 0.0102 0.3281 0.1901 0.0217 0.0255 
 DR._MCINTOS 0.0815 0.0347 0.2237 0.0322 0.5068 0.0847 0.0364 
       DRAGA 0.2864 0.0067 0.1274 0.0593 0.3262 0.0657 0.1283 
 DUKE_OF_YOR 0.2429 0.3425 0.0035 0.0052 0.3958 0.0065 0.0036 
 DUNBAR_STAN 0.0059 0.2294 0.0158 0.0523 0.4434 0.0842 0.1690 
     DUNDROD 0.0068 0.1331 0.0771 0.1721 0.0737 0.0889 0.4482 
     ECLIPSE 0.0037 0.3815 0.1051 0.1996 0.2939 0.0024 0.0139 
        EDEN 0.0070 0.1909 0.1975 0.0052 0.0082 0.0059 0.5854 
 EDZELL_BLUE 0.1852 0.3260 0.1019 0.0917 0.1267 0.1365 0.0320 
   ELISABETH 0.2616 0.0104 0.2440 0.3383 0.0573 0.0074 0.0811 
     EMPEROR 0.1096 0.0100 0.1743 0.2404 0.3084 0.0069 0.1503 
         EOS 0.1330 0.0133 0.2085 0.2741 0.1482 0.0174 0.2055 
     EPICURE 0.0308 0.3626 0.1296 0.1400 0.3181 0.0145 0.0045 
  ERNTESTOLZ 0.2576 0.2357 0.0505 0.1679 0.2057 0.0588 0.0238 
      ESCORT 0.3811 0.0162 0.2046 0.2402 0.0125 0.0480 0.0975 
   ESMERALDA 0.3105 0.1634 0.1805 0.1551 0.0181 0.0811 0.0913 
      ESTIMA 0.3114 0.0687 0.0741 0.1886 0.2269 0.0075 0.1228 
 EVE_BALFOUR 0.0250 0.2310 0.2443 0.0125 0.0687 0.3421 0.0765 
   EXCALIBUR 0.0340 0.0037 0.2763 0.0159 0.0034 0.3074 0.3593 
     EXQUISA 0.2864 0.1631 0.0331 0.3787 0.0062 0.1278 0.0047 
    FESTIVAL 0.4225 0.0081 0.1759 0.2400 0.0466 0.0129 0.0940 
      FIANNA 0.3577 0.0070 0.1093 0.0816 0.2356 0.1739 0.0349 
   FIFTYFOLD 0.0128 0.5314 0.0389 0.1450 0.1323 0.0812 0.0584 
     FONTANE 0.3551 0.0165 0.0615 0.2253 0.1592 0.0050 0.1774 
   FORTYFOLD 0.2375 0.5416 0.0061 0.0048 0.1873 0.0188 0.0040 
 FRONTIER_RU 0.0132 0.1226 0.0798 0.2581 0.4398 0.0079 0.0787 
     G.81071 0.1486 0.0824 0.2999 0.0488 0.2037 0.1310 0.0856 
     G.88661 0.1416 0.0042 0.2719 0.0942 0.3268 0.0096 0.1518 
    G.886611 0.0269 0.0040 0.3590 0.1794 0.2795 0.0163 0.1350 
  G.8867Y%12 0.0802 0.0043 0.2728 0.1787 0.3466 0.0988 0.0186 
     G.88839 0.4058 0.0168 0.1258 0.4388 0.0040 0.0051 0.0038 
     G.88842 0.4050 0.0099 0.1549 0.2105 0.1258 0.0851 0.0088 
   GALACTICA 0.3161 0.1514 0.0028 0.0095 0.1065 0.3991 0.0146 
      GEMSON 0.0145 0.1366 0.1402 0.0846 0.2742 0.2567 0.0931 
  GL.76B/102 0.1316 0.3188 0.0133 0.2354 0.1317 0.0068 0.1625 
   GL.76B/94 0.2708 0.5246 0.0048 0.0364 0.0156 0.1440 0.0038 
  GL.77M/106 0.0056 0.1904 0.3274 0.1436 0.0105 0.1978 0.1247 
   GL.78/166 0.1557 0.5788 0.0024 0.0275 0.1143 0.0594 0.0620 
    GL.78/53 0.0054 0.5220 0.1473 0.1628 0.0054 0.0087 0.1484 
    GL.78/97 0.0877 0.5623 0.0572 0.1336 0.0269 0.0284 0.1040 
    GL.79/42 0.0407 0.5343 0.1121 0.1824 0.0037 0.0062 0.1205 
    GL.79/45 0.0435 0.5672 0.1068 0.1472 0.0040 0.0849 0.0464 
 GL.81_NT_25 0.0441 0.3332 0.0035 0.0062 0.0093 0.0538 0.5499 
   GLADIATOR 0.1976 0.0055 0.1276 0.2750 0.1734 0.1478 0.0732 
      GLAMIS 0.0840 0.0156 0.0912 0.1850 0.1645 0.0424 0.4174 
 GOLDEN_MILL 0.0391 0.1118 0.5027 0.0097 0.0068 0.0478 0.2822 
 GOLDEN_NUGG 0.4539 0.0406 0.2820 0.0103 0.0083 0.1874 0.0175 
 GOLDEN_WOND 0.0786 0.5591 0.0615 0.1214 0.1213 0.0358 0.0223 
     GRANOLA 0.1499 0.1089 0.2522 0.4394 0.0061 0.0096 0.0340 
    H1H3_101 0.0035 0.2850 0.0022 0.0039 0.0094 0.0060 0.6900 
      H1H3_3 0.0749 0.1594 0.1942 0.0090 0.1573 0.0244 0.3808 
 HARBOROUGH_ 0.0130 0.0073 0.5042 0.0051 0.0087 0.0033 0.4584 
   HARLEQUIN 0.0266 0.1699 0.1837 0.4523 0.0127 0.0800 0.0748 
      HERMES 0.2289 0.0935 0.0036 0.3111 0.0516 0.2345 0.0769 
 HIGHLAND_BU 0.1109 0.7916 0.0750 0.0028 0.0104 0.0039 0.0053 
  HOME_GUARD 0.0165 0.2131 0.1945 0.0611 0.2695 0.1161 0.1292 
     HORIZON 0.4532 0.2336 0.0270 0.0572 0.0304 0.0948 0.1037 
   INNOVATOR 0.2997 0.1417 0.0120 0.0030 0.4691 0.0684 0.0061 
 INTERNATION 0.0503 0.8498 0.0035 0.0047 0.0757 0.0102 0.0058 
 ISLE_OF_JUR 0.0757 0.1196 0.1080 0.0912 0.0443 0.1459 0.4153 
    JULIETTE 0.2419 0.0567 0.1481 0.5284 0.0075 0.0097 0.0076 
     KARLENA 0.2386 0.1724 0.0041 0.0283 0.2490 0.2553 0.0524 
 KERR'S_PINK 0.0059 0.4225 0.0569 0.0482 0.3238 0.0702 0.0726 
     KESTREL 0.0035 0.0052 0.1563 0.1341 0.0180 0.3787 0.3043 
       KIFLI 0.1048 0.1849 0.1301 0.4863 0.0079 0.0088 0.0773 
 KING_EDWARD 0.0039 0.7065 0.0207 0.1141 0.1135 0.0035 0.0377 
    KINGSTON 0.1207 0.1827 0.2664 0.0089 0.0043 0.0414 0.3757 
 KUFRI_CHAND 0.1049 0.1445 0.0518 0.1247 0.3901 0.0736 0.1104 
 KUFRI_JYOTI 0.2409 0.1452 0.2654 0.0366 0.0542 0.2523 0.0053 
      KURODA 0.4578 0.0124 0.0108 0.1471 0.1833 0.1364 0.0522 
 LADY_BALFOU 0.0542 0.1443 0.1549 0.0155 0.1401 0.3446 0.1463 
 LADY_CHRIST 0.4314 0.2874 0.0874 0.0498 0.0593 0.0383 0.0465 
 LADY_CLAIRE 0.6976 0.2120 0.0026 0.0134 0.0425 0.0192 0.0127 
     LADY_JO 0.5711 0.2792 0.0024 0.0021 0.1089 0.0115 0.0249 
 LADY_ROSETT 0.3402 0.1307 0.1168 0.1040 0.1280 0.0765 0.1038 
    LIBERTAS 0.5325 0.2986 0.0030 0.0020 0.0064 0.1522 0.0054 
       LINDA 0.1333 0.2096 0.0521 0.5462 0.0095 0.0435 0.0058 
      LINTON 0.1558 0.0235 0.0072 0.2857 0.1781 0.1652 0.1845 
 LINZER_DELI 0.2225 0.1993 0.1399 0.3733 0.0399 0.0164 0.0087 
   LIONHEART 0.4717 0.0251 0.1233 0.0698 0.2002 0.0728 0.0372 
   MADELEINE 0.3728 0.0807 0.1722 0.3038 0.0115 0.0227 0.0362 
   MADINGLEY 0.1578 0.0297 0.0193 0.3668 0.0736 0.2086 0.1442 
    MAJESTIC 0.0733 0.0436 0.1878 0.0764 0.5102 0.0979 0.0108 
     MARABEL 0.4784 0.0087 0.0939 0.2842 0.1014 0.0235 0.0099 
     MARFONA 0.4616 0.1402 0.0199 0.0234 0.1714 0.0674 0.1161 
     MARILYN 0.2878 0.0977 0.1358 0.3117 0.0402 0.1178 0.0090 
 MARIS_ANCHO 0.2721 0.1710 0.0920 0.1641 0.2226 0.0229 0.0553 
  MARIS_BARD 0.2513 0.1006 0.0574 0.0014 0.2727 0.0685 0.2481 
  MARIS_PEER 0.0065 0.1253 0.0942 0.1103 0.3272 0.1862 0.1503 
 MARIS_PIPER 0.0134 0.1151 0.0125 0.0281 0.0070 0.0070 0.8168 
     MARKIES 0.4392 0.1223 0.0306 0.2898 0.0328 0.0694 0.0159 
      MAXINE 0.0066 0.0073 0.0873 0.1227 0.2675 0.1202 0.3884 
      MEGARA 0.4782 0.0834 0.0909 0.2582 0.0113 0.0317 0.0463 
      MELODY 0.3723 0.1614 0.0567 0.1610 0.0218 0.1545 0.0724 
       MIDAS 0.1533 0.1043 0.0177 0.2213 0.0039 0.0080 0.4915 
       MILVA 0.3551 0.1914 0.1264 0.2722 0.0244 0.0220 0.0085 
        MIMI 0.2974 0.1114 0.2086 0.0147 0.0054 0.1259 0.2365 
        MIRA 0.5985 0.2253 0.0092 0.0074 0.0739 0.0712 0.0145 
       MOIRA 0.2667 0.1278 0.1105 0.1856 0.1344 0.1391 0.0361 
    MONTROSE 0.0040 0.2425 0.3653 0.0051 0.0027 0.0058 0.3746 
       MORAG 0.0323 0.1937 0.3181 0.0071 0.1684 0.2114 0.0689 
      MORENE 0.5721 0.1671 0.0080 0.0075 0.1315 0.1105 0.0032 
      MOZART 0.3663 0.0027 0.2927 0.2942 0.0286 0.0077 0.0077 
 MYATT'S_ASH 0.1628 0.7136 0.0023 0.0074 0.0986 0.0110 0.0043 
      NADINE 0.0384 0.0060 0.2018 0.2070 0.0663 0.1053 0.3752 
       NAVAN 0.0169 0.0288 0.1040 0.0479 0.0913 0.0551 0.6559 
 NDTX_4271_5 0.0039 0.0113 0.2628 0.3192 0.2628 0.0102 0.1299 
      NICOLA 0.2921 0.1693 0.0054 0.4755 0.0449 0.0080 0.0048 
     NOVELLA 0.3846 0.0311 0.1403 0.1643 0.0973 0.1603 0.0221 
     OLYMPUS 0.0070 0.1258 0.3963 0.1002 0.1373 0.0486 0.1848 
       OPERA 0.3446 0.0127 0.1497 0.1969 0.0981 0.1140 0.0840 
   ORCHESTRA 0.3374 0.0750 0.1040 0.3227 0.0171 0.0312 0.1126 
      ORIANA 0.4016 0.0572 0.0067 0.1427 0.2098 0.1775 0.0045 
     OTHELLO 0.0034 0.0092 0.1480 0.1056 0.1062 0.5206 0.1070 
     PALADIN 0.0261 0.1926 0.0720 0.0051 0.0619 0.0066 0.6356 
       PANDA 0.2029 0.0221 0.0965 0.5296 0.0073 0.0607 0.0809 
   PARAMOUNT 0.1816 0.0740 0.1654 0.1234 0.0231 0.4270 0.0055 
    PATRONES 0.3085 0.1766 0.0126 0.1579 0.2111 0.0587 0.0745 
 PENTLAND_AC 0.1420 0.1372 0.1047 0.1255 0.1856 0.1695 0.1355 
 PENTLAND_BE 0.0858 0.4071 0.0067 0.0052 0.2906 0.1851 0.0194 
 PENTLAND_CR 0.3018 0.1059 0.3409 0.0033 0.1452 0.0852 0.0177 
 PENTLAND_DE 0.0232 0.2442 0.2888 0.0160 0.2474 0.1722 0.0083 
 PENTLAND_IV 0.0046 0.0584 0.2821 0.1691 0.3286 0.1297 0.0275 
 PENTLAND_JA 0.2119 0.0771 0.2007 0.0111 0.4219 0.0462 0.0311 
 PENTLAND_MA 0.3547 0.1011 0.1376 0.0294 0.1297 0.2407 0.0068 
 PENTLAND_SQ 0.1351 0.1949 0.3517 0.0152 0.2088 0.0822 0.0121 
   PEPO_1978 0.3109 0.1255 0.0540 0.3473 0.0413 0.0183 0.1028 
     PICASSO 0.2356 0.0027 0.0347 0.0516 0.0378 0.5008 0.1369 
   PIMPERNEL 0.4213 0.2141 0.0941 0.1202 0.0034 0.1309 0.0160 
     PIONEER 0.0995 0.1694 0.1801 0.5217 0.0167 0.0054 0.0072 
       PIXIE 0.0439 0.0060 0.3056 0.1310 0.0164 0.2404 0.2568 
    PREMIERE 0.5129 0.2384 0.0155 0.0027 0.1543 0.0155 0.0607 
   PRODUCENT 0.4118 0.0943 0.0955 0.1383 0.0635 0.0077 0.1890 
     PROVOST 0.1735 0.1370 0.1944 0.0586 0.2755 0.1511 0.0098 
  R.P.LUSTRE 0.0118 0.2214 0.1822 0.2348 0.1774 0.0293 0.1431 
 RANGER_RUSS 0.0777 0.1915 0.0024 0.0708 0.5327 0.1217 0.0031 
       RATTE 0.0120 0.4954 0.2216 0.1568 0.0330 0.0075 0.0737 
      RECORD 0.5765 0.2871 0.0036 0.0081 0.0080 0.1098 0.0067 
   REMBRANDT 0.4157 0.1242 0.0908 0.1070 0.1696 0.0090 0.0836 
    RIO_ROJO 0.0376 0.0510 0.1706 0.2313 0.3275 0.1509 0.0311 
      ROBIJN 0.5275 0.3061 0.0031 0.0564 0.0172 0.0851 0.0046 
      ROCKET 0.0183 0.1629 0.1641 0.0148 0.1245 0.0517 0.4637 
   RODE_STAR 0.3071 0.3964 0.0092 0.2252 0.0018 0.0467 0.0136 
      ROMANO 0.3373 0.0187 0.1638 0.1676 0.0084 0.2957 0.0085 
       ROMEO 0.0049 0.2016 0.2177 0.2470 0.0399 0.2807 0.0083 
     ROOSTER 0.1897 0.1429 0.3262 0.0217 0.1372 0.1724 0.0099 
       ROYAL 0.1566 0.0863 0.0119 0.3310 0.0060 0.0639 0.3442 
 ROYAL_KIDNE 0.0613 0.3813 0.0107 0.0032 0.5145 0.0253 0.0037 
     RUBESSE 0.2167 0.0755 0.1611 0.2735 0.1621 0.1003 0.0107 
 RUSSET_BURB 0.0757 0.1181 0.0752 0.1332 0.5399 0.0452 0.0127 
 RUSSET_NORK 0.0035 0.0319 0.1053 0.2715 0.5610 0.0076 0.0193 
      SAFARI 0.4972 0.0212 0.2297 0.0407 0.0482 0.1542 0.0087 
     SANTANA 0.3667 0.0786 0.0325 0.1123 0.1996 0.0739 0.1364 
       SANTE 0.4753 0.1169 0.2154 0.0500 0.0091 0.0432 0.0901 
     SAPHIRE 0.4473 0.0052 0.1782 0.0373 0.2644 0.0253 0.0423 
  SARPO_MIRA 0.1598 0.1678 0.0087 0.4191 0.0081 0.1769 0.0597 
 SARPO_SHONA 0.2655 0.0953 0.0316 0.3862 0.0084 0.1694 0.0437 
       SASSY 0.2681 0.2158 0.0494 0.1550 0.1481 0.0827 0.0809 
     SATURNA 0.4076 0.2681 0.0039 0.2573 0.0052 0.0119 0.0460 
        SAVA 0.2369 0.0282 0.0697 0.3690 0.1559 0.0221 0.1182 
       SAXON 0.0729 0.1241 0.2597 0.0151 0.0168 0.0355 0.4759 
 SCARBOROUGH 0.0048 0.0436 0.4096 0.0089 0.0041 0.0025 0.5266 
 SEFTON_WOND 0.0085 0.4120 0.1298 0.0050 0.3039 0.0490 0.0919 
    SERAFINA 0.2250 0.1375 0.1652 0.3684 0.0127 0.0876 0.0035 
     SETANTA 0.1100 0.0782 0.5082 0.0367 0.0487 0.1196 0.0985 
 SHARPE'S_EX 0.0408 0.5831 0.0120 0.1197 0.1074 0.0385 0.0986 
     SHELAGH 0.1541 0.2744 0.1369 0.0406 0.0189 0.2455 0.1296 
    SHELFORD 0.1476 0.1498 0.0024 0.3354 0.0773 0.2472 0.0403 
     SHEPODY 0.2253 0.1597 0.0058 0.0027 0.4205 0.1790 0.0069 
      SLANEY 0.0089 0.0060 0.1996 0.1339 0.0548 0.3693 0.2275 
        SPEY 0.0530 0.0038 0.2219 0.0656 0.0178 0.4218 0.2159 
      SPUNTA 0.0637 0.2085 0.1718 0.3085 0.0316 0.1525 0.0634 
     STAMINA 0.0261 0.0021 0.0408 0.0147 0.0704 0.2301 0.6159 
    STEMSTER 0.1822 0.1610 0.0127 0.1805 0.0223 0.1326 0.3087 
 STORMONT_EN 0.2723 0.1666 0.0295 0.0603 0.1276 0.1670 0.1767 
    STIRLING 0.1519 0.0095 0.3745 0.0133 0.1608 0.2332 0.0568 
     SYLVANA 0.2608 0.0356 0.0797 0.2005 0.2351 0.0919 0.0964 
         TAY 0.0236 0.0185 0.4947 0.0412 0.0173 0.1620 0.2428 
      TIMATE 0.3441 0.0419 0.0696 0.3664 0.0571 0.0060 0.1149 
      TOLUCA 0.3276 0.0309 0.0695 0.3144 0.0862 0.1672 0.0042 
    TORRIDON 0.3505 0.1153 0.1565 0.0486 0.0592 0.2455 0.0245 
 ULSTER_SCEP 0.1096 0.0380 0.1605 0.0064 0.3399 0.0622 0.2833 
 UMATILLA_RU 0.1462 0.3720 0.0711 0.0399 0.0366 0.0500 0.2842 
 VALES_EMERA 0.0171 0.1006 0.2715 0.3618 0.0469 0.0363 0.1659 
 VALES_EVERE 0.0151 0.1452 0.3482 0.0089 0.0506 0.3034 0.1285 
 VALES_RUSSE 0.0546 0.2148 0.0861 0.1593 0.4440 0.0195 0.0217 
 VALES_SOVER 0.0140 0.0031 0.0967 0.0133 0.0068 0.5680 0.2981 
       VALOR 0.0631 0.0032 0.2627 0.0068 0.0065 0.3872 0.2707 
    VAN_GOGH 0.4966 0.1574 0.1015 0.1104 0.0423 0.0101 0.0816 
     VANTAGE 0.3680 0.2787 0.0026 0.0099 0.2202 0.0972 0.0233 
       VERDI 0.2979 0.2024 0.0204 0.2704 0.0267 0.0798 0.1024 
    VICTORIA 0.4033 0.0342 0.0980 0.1623 0.2622 0.0168 0.0232 
     VIVALDI 0.4733 0.0234 0.0242 0.1048 0.2491 0.1217 0.0035 
       WILJA 0.5450 0.1736 0.0023 0.0023 0.1362 0.1222 0.0185 
     WINSTON 0.0070 0.0040 0.2024 0.1592 0.0662 0.1869 0.3744 
      XD2-21 0.0855 0.1772 0.1625 0.0468 0.2624 0.2066 0.0590 
  YUKON_GOLD 0.0596 0.0050 0.2729 0.2370 0.2951 0.0083 0.1222 
       ZORBA 0.4293 0.1502 0.0386 0.0085 0.2435 0.1192 0.0107 
