  00C133-020 0.3618 0.0168 0.0115 0.0978 0.5122 
 01C_071-002 0.2611 0.1561 0.3018 0.0737 0.2073 
 02M_012-001 0.0380 0.1406 0.0995 0.1038 0.6180 
 03M_016-002 0.0989 0.4411 0.0394 0.0467 0.3739 
 03M_034-002 0.2134 0.1847 0.0381 0.0339 0.5299 
 04C_055-004 0.0281 0.0662 0.1199 0.3009 0.4850 
 04C_126-005 0.3718 0.0932 0.1129 0.1142 0.3079 
 04M_034-013 0.0448 0.2676 0.0885 0.1222 0.4769 
 05M_002-001 0.1361 0.1389 0.3655 0.2160 0.1434 
 05M_004-003 0.2867 0.0097 0.3615 0.1438 0.1984 
 05M_012-004 0.3535 0.0931 0.2090 0.1536 0.1908 
 06C_127-002 0.1659 0.0389 0.0090 0.4609 0.3254 
 12288_AF_23 0.2634 0.0146 0.0312 0.2539 0.4368 
    12601AB1 0.0219 0.4369 0.0110 0.0547 0.4755 
   12636_A_2 0.2352 0.2159 0.0089 0.0478 0.4922 
  15119_AC_5 0.5377 0.1940 0.0252 0.0026 0.2404 
     1512C16 0.3384 0.3228 0.0925 0.2282 0.0181 
   15144_A_3 0.5704 0.0353 0.0855 0.2776 0.0312 
     1563C14 0.0382 0.4458 0.2706 0.2206 0.0248 
     2182EF7 0.5015 0.1303 0.0509 0.2292 0.0881 
     3681AD1 0.3732 0.0502 0.3743 0.1049 0.0974 
     5008AB6 0.2957 0.0918 0.2666 0.2849 0.0611 
    8204_A_4 0.4241 0.0431 0.0273 0.3256 0.1800 
       AGRIA 0.0077 0.0476 0.5174 0.3464 0.0809 
       AILSA 0.0246 0.1281 0.0064 0.2740 0.5669 
      ALMERA 0.1798 0.0636 0.4541 0.2434 0.0590 
       ALPHA 0.1247 0.2316 0.4218 0.1568 0.0650 
      ALWARA 0.2827 0.0354 0.3592 0.2825 0.0402 
      AMADRA 0.0260 0.1435 0.3322 0.2697 0.2286 
       AMOUR 0.4428 0.0370 0.0238 0.0822 0.4140 
        ANNA 0.7955 0.1607 0.0157 0.0071 0.0211 
   ANNABELLE 0.0597 0.0319 0.4665 0.4266 0.0153 
        ANYA 0.0628 0.2206 0.1703 0.4934 0.0530 
       ARGOS 0.5800 0.0102 0.1164 0.0535 0.2399 
     ARIELLE 0.1262 0.1175 0.4124 0.3180 0.0259 
      ARKULA 0.2008 0.1291 0.4440 0.2096 0.0164 
      ARMADA 0.1770 0.1355 0.3841 0.1899 0.1135 
   AVALANCHE 0.2218 0.0501 0.2724 0.0108 0.4450 
     BAILLIE 0.2103 0.0171 0.1733 0.1092 0.4901 
    BALMORAL 0.6283 0.0914 0.2354 0.0188 0.0262 
     BAMBINO 0.2796 0.0167 0.0795 0.1208 0.5034 
       BARNA 0.4187 0.0511 0.1013 0.3220 0.1069 
 BELLE_DE_FO 0.0613 0.8620 0.0655 0.0072 0.0040 
       BENOL 0.0505 0.1645 0.0962 0.0757 0.6132 
       BF_15 0.0292 0.6966 0.2186 0.0504 0.0052 
      BINTJE 0.1773 0.3693 0.2538 0.1242 0.0754 
 BIONICA_EX_ 0.2690 0.1373 0.2709 0.1852 0.1377 
 BLUE_DANUBE 0.2675 0.1478 0.5595 0.0074 0.0178 
      BONNIE 0.2777 0.0331 0.1743 0.2594 0.2555 
      BOUNTY 0.3233 0.0189 0.0914 0.1070 0.4593 
 BRITISH_QUE 0.2860 0.4980 0.2035 0.0054 0.0071 
     BRODICK 0.1168 0.0108 0.0091 0.3092 0.5541 
      BRODIE 0.6019 0.1477 0.0062 0.1621 0.0821 
      BUCHAN 0.4836 0.0888 0.0044 0.2859 0.1373 
      BURREN 0.4452 0.0985 0.1627 0.1965 0.0971 
     CABARET 0.1483 0.2963 0.0136 0.0158 0.5260 
      CAESAR 0.1586 0.0043 0.3867 0.4031 0.0473 
        CARA 0.6998 0.0476 0.0155 0.0891 0.1480 
 CARLINGFORD 0.4018 0.1077 0.0314 0.3497 0.1094 
  CASABLANCA 0.4406 0.0050 0.2309 0.0082 0.3152 
      CELINE 0.2965 0.0646 0.4145 0.1115 0.1128 
  CHALLENGER 0.0401 0.1563 0.3284 0.2654 0.2097 
   CHARLOTTE 0.0060 0.1078 0.0832 0.6584 0.1446 
     CHICAGO 0.0154 0.0338 0.2746 0.1467 0.5295 
   CHIEFTAIN 0.2715 0.2170 0.0103 0.4713 0.0299 
      CHOPIN 0.2113 0.0783 0.4013 0.2772 0.0320 
      CLARET 0.6165 0.0464 0.0216 0.1968 0.1187 
      CORINE 0.3602 0.1157 0.3258 0.0096 0.1887 
      COSMOS 0.1843 0.1025 0.4673 0.1193 0.1266 
     COURAGE 0.2241 0.1177 0.3491 0.2302 0.0788 
     COURLAN 0.2578 0.1452 0.1454 0.3448 0.1069 
 CRAIGS_ROYA 0.4788 0.1301 0.0060 0.1729 0.2122 
 CRAIGS_SNOW 0.2524 0.3952 0.0734 0.1226 0.1565 
     CRAMOND 0.2342 0.0161 0.1003 0.1529 0.4965 
 CRISPS_FOR_ 0.1311 0.0793 0.3054 0.3688 0.1154 
    CROMWELL 0.0195 0.1923 0.1121 0.0110 0.6651 
       D22/1 0.2177 0.2027 0.0570 0.0048 0.5178 
       D23/3 0.1181 0.3409 0.0676 0.0834 0.3899 
      D47-11 0.0148 0.2204 0.0615 0.0037 0.6996 
       D49/1 0.0043 0.1472 0.0575 0.0196 0.7715 
       DAISY 0.0122 0.1844 0.1975 0.1171 0.4887 
 DARK_RED_NO 0.3139 0.2432 0.0737 0.3375 0.0318 
     DARWINA 0.1421 0.1429 0.4541 0.1573 0.1036 
     DESIREE 0.2214 0.1493 0.2514 0.3729 0.0050 
       DITTA 0.0775 0.1644 0.4151 0.3245 0.0185 
 DR._MCINTOS 0.4816 0.1898 0.0251 0.2514 0.0521 
       DRAGA 0.3368 0.0432 0.3030 0.1590 0.1580 
 DUKE_OF_YOR 0.2251 0.4694 0.2899 0.0116 0.0041 
 DUNBAR_STAN 0.3042 0.4305 0.0149 0.1024 0.1480 
     DUNDROD 0.0958 0.1880 0.0271 0.1923 0.4968 
     ECLIPSE 0.0502 0.5194 0.0094 0.3588 0.0623 
        EDEN 0.0356 0.2142 0.0132 0.0270 0.7100 
 EDZELL_BLUE 0.1904 0.3531 0.2360 0.1445 0.0760 
   ELISABETH 0.0257 0.0113 0.2456 0.5486 0.1688 
     EMPEROR 0.1655 0.0969 0.1766 0.3629 0.1981 
         EOS 0.1077 0.0424 0.1377 0.4295 0.2827 
     EPICURE 0.1873 0.4580 0.0585 0.2856 0.0106 
  ERNTESTOLZ 0.1660 0.2821 0.3263 0.1925 0.0332 
      ESCORT 0.0778 0.0078 0.3880 0.3486 0.1778 
   ESMERALDA 0.1169 0.1371 0.3154 0.2607 0.1698 
      ESTIMA 0.1005 0.1290 0.3438 0.2707 0.1560 
 EVE_BALFOUR 0.4390 0.2403 0.0251 0.0996 0.1960 
   EXCALIBUR 0.3825 0.0036 0.0216 0.1004 0.4918 
     EXQUISA 0.0478 0.1344 0.3777 0.4303 0.0098 
    FESTIVAL 0.0659 0.0093 0.4025 0.3672 0.1551 
      FIANNA 0.3803 0.0410 0.3512 0.1790 0.0486 
   FIFTYFOLD 0.0921 0.5755 0.0741 0.1639 0.0945 
     FONTANE 0.0466 0.0505 0.4351 0.2584 0.2095 
   FORTYFOLD 0.1049 0.5760 0.3091 0.0055 0.0045 
 FRONTIER_RU 0.1893 0.2904 0.0829 0.3456 0.0917 
     G.81071 0.3474 0.1307 0.1019 0.2425 0.1774 
     G.88661 0.2903 0.0377 0.0814 0.3597 0.2309 
    G.886611 0.2645 0.0133 0.0089 0.4900 0.2233 
  G.8867Y%12 0.4054 0.0294 0.0364 0.4657 0.0631 
     G.88839 0.0057 0.0068 0.4623 0.5164 0.0088 
     G.88842 0.2411 0.0183 0.3878 0.3380 0.0148 
   GALACTICA 0.4492 0.1633 0.3738 0.0052 0.0085 
      GEMSON 0.4401 0.2205 0.0247 0.1927 0.1220 
  GL.76B/102 0.0138 0.3518 0.2653 0.1954 0.1737 
   GL.76B/94 0.1242 0.5031 0.3561 0.0106 0.0059 
  GL.77M/106 0.2297 0.1742 0.0098 0.2995 0.2868 
   GL.78/166 0.0712 0.5950 0.2788 0.0076 0.0473 
    GL.78/53 0.0073 0.5099 0.0339 0.1953 0.2535 
    GL.78/97 0.0156 0.5395 0.1849 0.1037 0.1563 
    GL.79/42 0.0034 0.4970 0.0943 0.2179 0.1875 
    GL.79/45 0.0180 0.5274 0.1091 0.2004 0.1451 
 GL.81_NT_25 0.0253 0.3223 0.1096 0.0030 0.5398 
   GLADIATOR 0.2305 0.0168 0.2539 0.3782 0.1207 
      GLAMIS 0.1406 0.0573 0.1292 0.2363 0.4366 
 GOLDEN_MILL 0.1734 0.0858 0.0222 0.1919 0.5266 
 GOLDEN_NUGG 0.3124 0.0156 0.3717 0.1683 0.1320 
 GOLDEN_WOND 0.0503 0.5905 0.1490 0.1544 0.0557 
     GRANOLA 0.0079 0.0682 0.2174 0.5632 0.1433 
    H1H3_101 0.0052 0.3057 0.0086 0.0025 0.6780 
      H1H3_3 0.1986 0.2095 0.0602 0.0780 0.4537 
 HARBOROUGH_ 0.0871 0.0091 0.0126 0.1646 0.7267 
   HARLEQUIN 0.0162 0.1517 0.1329 0.5323 0.1669 
      HERMES 0.1896 0.1252 0.3997 0.2148 0.0707 
 HIGHLAND_BU 0.0169 0.7838 0.1713 0.0054 0.0226 
  HOME_GUARD 0.2999 0.3081 0.0170 0.1887 0.1863 
     HORIZON 0.1263 0.2186 0.4756 0.0689 0.1105 
   INNOVATOR 0.3913 0.3013 0.2956 0.0066 0.0053 
 INTERNATION 0.0131 0.8598 0.1174 0.0036 0.0061 
 ISLE_OF_JUR 0.1971 0.1265 0.0876 0.1360 0.4528 
    JULIETTE 0.0068 0.0237 0.3602 0.5789 0.0303 
     KARLENA 0.3694 0.2439 0.3365 0.0116 0.0386 
 KERR'S_PINK 0.2339 0.5546 0.0202 0.1023 0.0889 
     KESTREL 0.3767 0.0075 0.0048 0.2302 0.3808 
       KIFLI 0.0047 0.1286 0.2467 0.4797 0.1402 
 KING_EDWARD 0.0050 0.7728 0.0129 0.1396 0.0698 
    KINGSTON 0.1257 0.1600 0.1072 0.0857 0.5213 
 KUFRI_CHAND 0.2928 0.2708 0.1539 0.1931 0.0894 
 KUFRI_JYOTI 0.3872 0.1444 0.1955 0.2228 0.0500 
      KURODA 0.2643 0.0296 0.5240 0.1439 0.0382 
 LADY_BALFOU 0.4697 0.1733 0.0371 0.1194 0.2005 
 LADY_CHRIST 0.0850 0.2719 0.4564 0.0807 0.1060 
 LADY_CLAIRE 0.0464 0.1770 0.7579 0.0058 0.0128 
     LADY_JO 0.0966 0.2772 0.6045 0.0028 0.0189 
 LADY_ROSETT 0.1490 0.1362 0.3542 0.2055 0.1550 
    LIBERTAS 0.1505 0.2647 0.5727 0.0027 0.0093 
       LINDA 0.0058 0.1859 0.2688 0.5309 0.0086 
      LINTON 0.2053 0.0858 0.2884 0.2374 0.1832 
 LINZER_DELI 0.0185 0.1799 0.3231 0.4394 0.0391 
   LIONHEART 0.2405 0.0717 0.4532 0.1637 0.0709 
   MADELEINE 0.0355 0.0478 0.3998 0.4118 0.1051 
   MADINGLEY 0.1557 0.0456 0.3113 0.3233 0.1641 
    MAJESTIC 0.4506 0.2194 0.0440 0.2655 0.0204 
     MARABEL 0.1188 0.0096 0.5007 0.3528 0.0182 
     MARFONA 0.1956 0.1769 0.4769 0.0347 0.1159 
     MARILYN 0.1505 0.0839 0.3497 0.3896 0.0264 
 MARIS_ANCHO 0.1587 0.2265 0.2941 0.2458 0.0749 
  MARIS_BARD 0.3567 0.1971 0.2098 0.0036 0.2329 
  MARIS_PEER 0.3789 0.2468 0.0182 0.1983 0.1578 
 MARIS_PIPER 0.0063 0.1121 0.0498 0.0052 0.8265 
     MARKIES 0.0378 0.1153 0.5152 0.3020 0.0297 
      MAXINE 0.2702 0.0877 0.0215 0.2095 0.4111 
      MEGARA 0.0318 0.0387 0.5363 0.3020 0.0911 
      MELODY 0.1524 0.1428 0.4263 0.1656 0.1129 
       MIDAS 0.0055 0.0837 0.2487 0.1503 0.5119 
       MILVA 0.0497 0.1697 0.4046 0.3510 0.0250 
        MIMI 0.1884 0.0698 0.2836 0.1035 0.3547 
        MIRA 0.1796 0.2064 0.5956 0.0078 0.0105 
       MOIRA 0.2419 0.1523 0.2918 0.2577 0.0562 
    MONTROSE 0.0268 0.2337 0.0096 0.1124 0.6175 
       MORAG 0.4168 0.2446 0.0132 0.1538 0.1716 
      MORENE 0.2333 0.1723 0.5783 0.0123 0.0037 
      MOZART 0.0681 0.0030 0.3382 0.4989 0.0918 
 MYATT'S_ASH 0.0180 0.7269 0.2460 0.0046 0.0044 
      NADINE 0.1505 0.0090 0.0501 0.3291 0.4612 
       NAVAN 0.1462 0.0501 0.0258 0.0863 0.6917 
 NDTX_4271_5 0.1162 0.0923 0.0058 0.5627 0.2230 
      NICOLA 0.0048 0.1581 0.4260 0.4075 0.0035 
     NOVELLA 0.2759 0.0325 0.3823 0.2633 0.0460 
     OLYMPUS 0.1795 0.1518 0.0066 0.3225 0.3395 
       OPERA 0.1877 0.0193 0.3725 0.2735 0.1470 
   ORCHESTRA 0.0219 0.0560 0.4074 0.3579 0.1568 
      ORIANA 0.2867 0.1052 0.4427 0.1608 0.0045 
     OTHELLO 0.5941 0.0259 0.0050 0.2192 0.1558 
     PALADIN 0.0308 0.2224 0.0549 0.0061 0.6859 
       PANDA 0.0160 0.0160 0.3235 0.5318 0.1127 
   PARAMOUNT 0.4886 0.0561 0.1929 0.2369 0.0255 
    PATRONES 0.1689 0.2301 0.3725 0.1637 0.0647 
 PENTLAND_AC 0.2808 0.2010 0.1409 0.2217 0.1557 
 PENTLAND_BE 0.3403 0.5042 0.1355 0.0077 0.0123 
 PENTLAND_CR 0.3651 0.1276 0.2385 0.1232 0.1456 
 PENTLAND_DE 0.3962 0.3120 0.0132 0.2212 0.0574 
 PENTLAND_IV 0.3533 0.1578 0.0040 0.3993 0.0857 
 PENTLAND_JA 0.3830 0.2056 0.1893 0.1493 0.0729 
 PENTLAND_MA 0.4194 0.1181 0.3390 0.1129 0.0105 
 PENTLAND_SQ 0.3375 0.2334 0.0901 0.2235 0.1154 
   PEPO_1978 0.0265 0.1111 0.4068 0.3377 0.1180 
     PICASSO 0.5551 0.0038 0.2501 0.0439 0.1471 
   PIMPERNEL 0.1023 0.1561 0.4951 0.1590 0.0875 
     PIONEER 0.0063 0.1464 0.2237 0.6045 0.0190 
       PIXIE 0.3106 0.0057 0.0260 0.2810 0.3767 
    PREMIERE 0.1811 0.2756 0.4886 0.0054 0.0494 
   PRODUCENT 0.0423 0.0927 0.4513 0.1756 0.2381 
     PROVOST 0.3807 0.2074 0.1605 0.2098 0.0415 
  R.P.LUSTRE 0.1106 0.2827 0.0228 0.3768 0.2071 
 RANGER_RUSS 0.3810 0.3773 0.1972 0.0416 0.0029 
       RATTE 0.0084 0.4830 0.0460 0.2666 0.1961 
      RECORD 0.1178 0.2481 0.6184 0.0068 0.0089 
   REMBRANDT 0.1000 0.1598 0.4568 0.1501 0.1333 
    RIO_ROJO 0.3063 0.1620 0.0937 0.3672 0.0708 
      ROBIJN 0.0929 0.2775 0.5961 0.0275 0.0060 
      ROCKET 0.1682 0.1995 0.0167 0.0895 0.5261 
   RODE_STAR 0.0050 0.3272 0.4403 0.1819 0.0456 
      ROMANO 0.3245 0.0127 0.3298 0.2789 0.0541 
       ROMEO 0.2940 0.2075 0.0192 0.4129 0.0663 
     ROOSTER 0.3627 0.1549 0.1524 0.2266 0.1034 
       ROYAL 0.0097 0.0772 0.2906 0.2586 0.3639 
 ROYAL_KIDNE 0.3314 0.5671 0.0827 0.0153 0.0035 
     RUBESSE 0.1965 0.1144 0.2431 0.4051 0.0409 
 RUSSET_BURB 0.3421 0.2986 0.1246 0.2212 0.0134 
 RUSSET_NORK 0.2487 0.2672 0.0079 0.4374 0.0388 
      SAFARI 0.3253 0.0113 0.4232 0.2024 0.0377 
     SANTANA 0.1896 0.1253 0.4162 0.1228 0.1461 
       SANTE 0.1157 0.0685 0.4415 0.1822 0.1921 
     SAPHIRE 0.2748 0.0256 0.4244 0.1764 0.0989 
  SARPO_MIRA 0.0364 0.1461 0.3295 0.3983 0.0896 
 SARPO_SHONA 0.0621 0.0611 0.4098 0.3825 0.0845 
       SASSY 0.1318 0.2496 0.3293 0.1886 0.1007 
     SATURNA 0.0063 0.2264 0.5349 0.1829 0.0495 
        SAVA 0.0567 0.0680 0.3096 0.4331 0.1326 
       SAXON 0.1485 0.1199 0.0338 0.1256 0.5722 
 SCARBOROUGH 0.0292 0.0408 0.0048 0.1663 0.7589 
 SEFTON_WOND 0.2416 0.5333 0.0114 0.0586 0.1551 
    SERAFINA 0.0740 0.1170 0.3050 0.4874 0.0166 
     SETANTA 0.2816 0.0530 0.0342 0.3159 0.3154 
 SHARPE'S_EX 0.0328 0.6100 0.1402 0.1109 0.1062 
     SHELAGH 0.2799 0.2541 0.1608 0.1186 0.1866 
    SHELFORD 0.1933 0.1942 0.3566 0.2262 0.0298 
     SHEPODY 0.4637 0.2954 0.2312 0.0044 0.0053 
      SLANEY 0.4313 0.0099 0.0124 0.2471 0.2992 
        SPEY 0.5002 0.0042 0.0274 0.1750 0.2932 
      SPUNTA 0.1346 0.2065 0.1221 0.4020 0.1348 
     STAMINA 0.3089 0.0044 0.0483 0.0175 0.6209 
    STEMSTER 0.0942 0.1604 0.2702 0.1488 0.3264 
 STORMONT_EN 0.2445 0.1957 0.2962 0.0793 0.1843 
    STIRLING 0.4874 0.0164 0.0528 0.2673 0.1761 
     SYLVANA 0.2361 0.1164 0.2792 0.2660 0.1022 
         TAY 0.2779 0.0074 0.0075 0.2721 0.4351 
      TIMATE 0.0086 0.0401 0.4263 0.3860 0.1390 
      TOLUCA 0.2018 0.0453 0.3713 0.3743 0.0073 
    TORRIDON 0.3464 0.1050 0.3435 0.1297 0.0754 
 ULSTER_SCEP 0.3644 0.1751 0.0618 0.0988 0.2999 
 UMATILLA_RU 0.0614 0.3589 0.1967 0.0403 0.3427 
 VALES_EMERA 0.0650 0.1025 0.0445 0.5184 0.2696 
 VALES_EVERE 0.4258 0.1294 0.0095 0.1549 0.2803 
 VALES_RUSSE 0.2380 0.3632 0.1271 0.2369 0.0348 
 VALES_SOVER 0.5977 0.0036 0.0275 0.0218 0.3494 
       VALOR 0.4868 0.0033 0.0295 0.0947 0.3857 
    VAN_GOGH 0.0707 0.1323 0.5123 0.1683 0.1164 
     VANTAGE 0.1961 0.3464 0.4407 0.0065 0.0104 
       VERDI 0.0532 0.1752 0.4278 0.2188 0.1250 
    VICTORIA 0.1765 0.1064 0.4255 0.2500 0.0417 
     VIVALDI 0.2974 0.0723 0.4515 0.1743 0.0044 
       WILJA 0.2404 0.1895 0.5591 0.0024 0.0086 
     WINSTON 0.2412 0.0060 0.0079 0.3008 0.4441 
      XD2-21 0.3779 0.2632 0.0565 0.2041 0.0984 
  YUKON_GOLD 0.1733 0.0276 0.0996 0.4597 0.2399 
       ZORBA 0.3340 0.1998 0.4330 0.0215 0.0117 
