  00C133-020 0.1041 0.0148 0.3642 0.0135 0.5033 
 01C_071-002 0.0798 0.1563 0.2610 0.3002 0.2027 
 02M_012-001 0.1052 0.1385 0.0379 0.1015 0.6168 
 03M_016-002 0.0409 0.4400 0.0989 0.0421 0.3781 
 03M_034-002 0.0305 0.1824 0.2131 0.0498 0.5241 
 04C_055-004 0.3083 0.0596 0.0303 0.1192 0.4826 
 04C_126-005 0.1160 0.0901 0.3742 0.1137 0.3060 
 04M_034-013 0.1229 0.2620 0.0524 0.0891 0.4736 
 05M_002-001 0.2141 0.1363 0.1405 0.3633 0.1458 
 05M_004-003 0.1472 0.0099 0.2901 0.3578 0.1950 
 05M_012-004 0.1530 0.0931 0.3574 0.2095 0.1869 
 06C_127-002 0.4675 0.0357 0.1653 0.0090 0.3225 
 12288_AF_23 0.2519 0.0174 0.2712 0.0328 0.4268 
    12601AB1 0.0568 0.4346 0.0212 0.0113 0.4761 
   12636_A_2 0.0478 0.2155 0.2355 0.0087 0.4925 
  15119_AC_5 0.0028 0.1953 0.5377 0.0251 0.2389 
     1512C16 0.2276 0.3245 0.3325 0.0990 0.0163 
   15144_A_3 0.2761 0.0363 0.5671 0.0907 0.0298 
     1563C14 0.2186 0.4430 0.0405 0.2712 0.0267 
     2182EF7 0.2343 0.1309 0.4955 0.0587 0.0806 
     3681AD1 0.1083 0.0526 0.3725 0.3687 0.0979 
     5008AB6 0.2862 0.0946 0.2947 0.2681 0.0564 
    8204_A_4 0.3338 0.0514 0.4211 0.0213 0.1724 
       AGRIA 0.3451 0.0420 0.0096 0.5196 0.0837 
       AILSA 0.2776 0.1238 0.0256 0.0074 0.5656 
      ALMERA 0.2470 0.0636 0.1819 0.4503 0.0572 
       ALPHA 0.1559 0.2304 0.1317 0.4156 0.0664 
      ALWARA 0.2796 0.0329 0.2785 0.3601 0.0490 
      AMADRA 0.2683 0.1405 0.0317 0.3318 0.2276 
       AMOUR 0.0816 0.0393 0.4472 0.0224 0.4094 
        ANNA 0.0070 0.1671 0.7946 0.0118 0.0194 
   ANNABELLE 0.4289 0.0313 0.0556 0.4686 0.0156 
        ANYA 0.4957 0.2206 0.0585 0.1774 0.0479 
       ARGOS 0.0502 0.0142 0.5820 0.1201 0.2335 
     ARIELLE 0.3173 0.1162 0.1283 0.4141 0.0242 
      ARKULA 0.2122 0.1294 0.2038 0.4388 0.0157 
      ARMADA 0.1935 0.1355 0.1765 0.3806 0.1139 
   AVALANCHE 0.0117 0.0417 0.2287 0.2730 0.4449 
     BAILLIE 0.1116 0.0139 0.2128 0.1755 0.4862 
    BALMORAL 0.0202 0.0946 0.6264 0.2343 0.0245 
     BAMBINO 0.1283 0.0152 0.2821 0.0776 0.4968 
       BARNA 0.3242 0.0544 0.4156 0.1013 0.1044 
 BELLE_DE_FO 0.0054 0.8589 0.0594 0.0722 0.0041 
       BENOL 0.0798 0.1564 0.0568 0.0979 0.6090 
       BF_15 0.0459 0.6949 0.0330 0.2206 0.0055 
      BINTJE 0.1231 0.3699 0.1784 0.2518 0.0768 
 BIONICA_EX_ 0.1854 0.1373 0.2672 0.2737 0.1364 
 BLUE_DANUBE 0.0080 0.1483 0.2722 0.5535 0.0181 
      BONNIE 0.2678 0.0325 0.2818 0.1699 0.2481 
      BOUNTY 0.1090 0.0210 0.3243 0.0930 0.4527 
 BRITISH_QUE 0.0058 0.4957 0.2817 0.2089 0.0079 
     BRODICK 0.3152 0.0111 0.1157 0.0097 0.5482 
      BRODIE 0.1662 0.1510 0.6009 0.0065 0.0755 
      BUCHAN 0.2881 0.0899 0.4836 0.0047 0.1337 
      BURREN 0.1982 0.1059 0.4452 0.1617 0.0890 
     CABARET 0.0195 0.2912 0.1526 0.0135 0.5232 
      CAESAR 0.4060 0.0039 0.1630 0.3800 0.0471 
        CARA 0.0964 0.0495 0.6961 0.0172 0.1408 
 CARLINGFORD 0.3578 0.1105 0.3985 0.0287 0.1045 
  CASABLANCA 0.0102 0.0050 0.4452 0.2267 0.3128 
      CELINE 0.1169 0.0688 0.2997 0.4046 0.1100 
  CHALLENGER 0.2644 0.1533 0.0423 0.3278 0.2122 
   CHARLOTTE 0.6576 0.1052 0.0067 0.0913 0.1392 
     CHICAGO 0.1539 0.0310 0.0156 0.2734 0.5261 
   CHIEFTAIN 0.4754 0.2178 0.2669 0.0129 0.0270 
      CHOPIN 0.2810 0.0799 0.2124 0.3950 0.0317 
      CLARET 0.2008 0.0463 0.6126 0.0280 0.1123 
      CORINE 0.0113 0.1179 0.3629 0.3206 0.1872 
      COSMOS 0.1214 0.1036 0.1928 0.4578 0.1245 
     COURAGE 0.2286 0.1226 0.2260 0.3474 0.0754 
     COURLAN 0.3477 0.1477 0.2584 0.1448 0.1014 
 CRAIGS_ROYA 0.1761 0.1335 0.4771 0.0054 0.2080 
 CRAIGS_SNOW 0.1217 0.3928 0.2468 0.0822 0.1565 
     CRAMOND 0.1630 0.0123 0.2352 0.0973 0.4922 
 CRISPS_FOR_ 0.3673 0.0797 0.1382 0.3066 0.1082 
    CROMWELL 0.0103 0.1843 0.0213 0.1155 0.6685 
       D22/1 0.0056 0.1955 0.2184 0.0653 0.5153 
       D23/3 0.0870 0.3398 0.1173 0.0665 0.3894 
      D47-11 0.0038 0.2123 0.0203 0.0631 0.7005 
       D49/1 0.0198 0.1376 0.0037 0.0637 0.7751 
       DAISY 0.1229 0.1781 0.0141 0.1986 0.4863 
 DARK_RED_NO 0.3452 0.2413 0.3092 0.0754 0.0289 
     DARWINA 0.1571 0.1382 0.1490 0.4519 0.1038 
     DESIREE 0.3698 0.1507 0.2181 0.2566 0.0047 
       DITTA 0.3228 0.1632 0.0779 0.4156 0.0205 
 DR._MCINTOS 0.2581 0.1917 0.4797 0.0249 0.0457 
       DRAGA 0.1638 0.0418 0.3356 0.3008 0.1581 
 DUKE_OF_YOR 0.0137 0.4709 0.2262 0.2851 0.0040 
 DUNBAR_STAN 0.1090 0.4286 0.3003 0.0113 0.1508 
     DUNDROD 0.1932 0.1826 0.0984 0.0322 0.4937 
     ECLIPSE 0.3641 0.5185 0.0459 0.0101 0.0614 
        EDEN 0.0307 0.2097 0.0387 0.0126 0.7082 
 EDZELL_BLUE 0.1407 0.3508 0.1920 0.2381 0.0784 
   ELISABETH 0.5555 0.0119 0.0273 0.2468 0.1585 
     EMPEROR 0.3667 0.0925 0.1727 0.1761 0.1919 
         EOS 0.4383 0.0386 0.1081 0.1369 0.2782 
     EPICURE 0.2893 0.4564 0.1773 0.0650 0.0121 
  ERNTESTOLZ 0.1899 0.2821 0.1701 0.3239 0.0340 
      ESCORT 0.3524 0.0080 0.0816 0.3859 0.1720 
   ESMERALDA 0.2620 0.1352 0.1221 0.3142 0.1664 
      ESTIMA 0.2730 0.1311 0.1053 0.3391 0.1516 
 EVE_BALFOUR 0.1008 0.2415 0.4378 0.0237 0.1963 
   EXCALIBUR 0.1073 0.0037 0.3899 0.0198 0.4793 
     EXQUISA 0.4228 0.1374 0.0499 0.3811 0.0087 
    FESTIVAL 0.3701 0.0079 0.0754 0.3991 0.1475 
      FIANNA 0.1868 0.0354 0.3806 0.3481 0.0491 
   FIFTYFOLD 0.1655 0.5729 0.0918 0.0767 0.0931 
     FONTANE 0.2583 0.0501 0.0518 0.4327 0.2071 
   FORTYFOLD 0.0056 0.5765 0.1080 0.3055 0.0045 
 FRONTIER_RU 0.3477 0.2878 0.1787 0.0891 0.0967 
     G.81071 0.2508 0.1264 0.3433 0.1072 0.1724 
     G.88661 0.3734 0.0307 0.2931 0.0771 0.2257 
    G.886611 0.5017 0.0123 0.2647 0.0079 0.2134 
  G.8867Y%12 0.4799 0.0267 0.4060 0.0330 0.0544 
     G.88839 0.5158 0.0078 0.0075 0.4614 0.0075 
     G.88842 0.3424 0.0195 0.2403 0.3851 0.0127 
   GALACTICA 0.0053 0.1650 0.4499 0.3702 0.0096 
      GEMSON 0.1979 0.2226 0.4396 0.0250 0.1149 
  GL.76B/102 0.1986 0.3499 0.0156 0.2604 0.1755 
   GL.76B/94 0.0103 0.5029 0.1261 0.3544 0.0063 
  GL.77M/106 0.3052 0.1732 0.2262 0.0124 0.2830 
   GL.78/166 0.0074 0.5907 0.0652 0.2789 0.0578 
    GL.78/53 0.2000 0.5083 0.0080 0.0311 0.2526 
    GL.78/97 0.1035 0.5356 0.0108 0.1912 0.1589 
    GL.79/42 0.2197 0.4928 0.0034 0.0960 0.1881 
    GL.79/45 0.1988 0.5272 0.0189 0.1085 0.1466 
 GL.81_NT_25 0.0031 0.3155 0.0259 0.1123 0.5432 
   GLADIATOR 0.3783 0.0167 0.2327 0.2560 0.1162 
      GLAMIS 0.2408 0.0537 0.1427 0.1288 0.4340 
 GOLDEN_MILL 0.1938 0.0833 0.1786 0.0255 0.5189 
 GOLDEN_NUGG 0.1770 0.0149 0.3160 0.3659 0.1262 
 GOLDEN_WOND 0.1498 0.5884 0.0462 0.1551 0.0605 
     GRANOLA 0.5644 0.0686 0.0082 0.2242 0.1346 
    H1H3_101 0.0029 0.2986 0.0052 0.0102 0.6831 
      H1H3_3 0.0743 0.2089 0.2041 0.0650 0.4477 
 HARBOROUGH_ 0.1707 0.0082 0.0935 0.0126 0.7149 
   HARLEQUIN 0.5313 0.1501 0.0171 0.1378 0.1637 
      HERMES 0.2131 0.1259 0.1920 0.4003 0.0686 
 HIGHLAND_BU 0.0055 0.7851 0.0195 0.1667 0.0233 
  HOME_GUARD 0.1917 0.3083 0.3036 0.0187 0.1778 
     HORIZON 0.0745 0.2172 0.1297 0.4700 0.1086 
   INNOVATOR 0.0080 0.3037 0.3907 0.2917 0.0060 
 INTERNATION 0.0036 0.8589 0.0134 0.1167 0.0073 
 ISLE_OF_JUR 0.1396 0.1234 0.1964 0.0926 0.4481 
    JULIETTE 0.5754 0.0239 0.0069 0.3641 0.0298 
     KARLENA 0.0116 0.2451 0.3716 0.3375 0.0341 
 KERR'S_PINK 0.1019 0.5551 0.2312 0.0178 0.0940 
     KESTREL 0.2350 0.0065 0.3820 0.0057 0.3708 
       KIFLI 0.4773 0.1222 0.0054 0.2539 0.1413 
 KING_EDWARD 0.1383 0.7699 0.0057 0.0139 0.0722 
    KINGSTON 0.0917 0.1532 0.1275 0.1094 0.5182 
 KUFRI_CHAND 0.1955 0.2689 0.2927 0.1561 0.0869 
 KUFRI_JYOTI 0.2246 0.1475 0.3843 0.1975 0.0461 
      KURODA 0.1416 0.0336 0.2665 0.5189 0.0394 
 LADY_BALFOU 0.1204 0.1754 0.4677 0.0441 0.1925 
 LADY_CHRIST 0.0785 0.2735 0.0969 0.4486 0.1025 
 LADY_CLAIRE 0.0054 0.1763 0.0538 0.7513 0.0131 
     LADY_JO 0.0027 0.2758 0.1015 0.5973 0.0227 
 LADY_ROSETT 0.2059 0.1374 0.1536 0.3505 0.1525 
    LIBERTAS 0.0025 0.2635 0.1574 0.5675 0.0091 
       LINDA 0.5262 0.1855 0.0045 0.2754 0.0084 
      LINTON 0.2406 0.0829 0.2053 0.2883 0.1830 
 LINZER_DELI 0.4358 0.1770 0.0213 0.3283 0.0376 
   LIONHEART 0.1661 0.0733 0.2464 0.4465 0.0677 
   MADELEINE 0.4126 0.0512 0.0371 0.3990 0.1001 
   MADINGLEY 0.3208 0.0426 0.1585 0.3171 0.1610 
    MAJESTIC 0.2709 0.2212 0.4423 0.0443 0.0213 
     MARABEL 0.3538 0.0124 0.1209 0.4972 0.0157 
     MARFONA 0.0320 0.1773 0.1998 0.4733 0.1176 
     MARILYN 0.3895 0.0839 0.1472 0.3502 0.0292 
 MARIS_ANCHO 0.2496 0.2247 0.1542 0.2961 0.0753 
  MARIS_BARD 0.0034 0.1962 0.3606 0.2093 0.2305 
  MARIS_PEER 0.2016 0.2465 0.3784 0.0196 0.1538 
 MARIS_PIPER 0.0059 0.1057 0.0067 0.0532 0.8285 
     MARKIES 0.2981 0.1111 0.0452 0.5129 0.0328 
      MAXINE 0.2110 0.0874 0.2762 0.0195 0.4059 
      MEGARA 0.2985 0.0411 0.0333 0.5328 0.0943 
      MELODY 0.1631 0.1430 0.1558 0.4231 0.1151 
       MIDAS 0.1533 0.0805 0.0061 0.2499 0.5102 
       MILVA 0.3536 0.1680 0.0519 0.4017 0.0248 
        MIMI 0.1114 0.0671 0.1930 0.2754 0.3531 
        MIRA 0.0074 0.2113 0.1821 0.5876 0.0117 
       MOIRA 0.2606 0.1525 0.2467 0.2926 0.0476 
    MONTROSE 0.1182 0.2292 0.0301 0.0095 0.6130 
       MORAG 0.1555 0.2486 0.4155 0.0130 0.1674 
      MORENE 0.0128 0.1748 0.2388 0.5694 0.0041 
      MOZART 0.5040 0.0032 0.0728 0.3394 0.0805 
 MYATT'S_ASH 0.0047 0.7272 0.0151 0.2483 0.0047 
      NADINE 0.3301 0.0089 0.1553 0.0553 0.4504 
       NAVAN 0.0919 0.0516 0.1480 0.0226 0.6858 
 NDTX_4271_5 0.5696 0.0906 0.1157 0.0055 0.2185 
      NICOLA 0.4036 0.1561 0.0053 0.4311 0.0039 
     NOVELLA 0.2655 0.0365 0.2745 0.3779 0.0456 
     OLYMPUS 0.3297 0.1471 0.1811 0.0074 0.3347 
       OPERA 0.2742 0.0160 0.1920 0.3716 0.1461 
   ORCHESTRA 0.3560 0.0525 0.0273 0.4065 0.1577 
      ORIANA 0.1495 0.1124 0.2899 0.4443 0.0040 
     OTHELLO 0.2253 0.0235 0.5924 0.0057 0.1531 
     PALADIN 0.0067 0.2152 0.0311 0.0636 0.6834 
       PANDA 0.5297 0.0135 0.0158 0.3304 0.1106 
   PARAMOUNT 0.2412 0.0586 0.4889 0.1925 0.0188 
    PATRONES 0.1613 0.2324 0.1747 0.3632 0.0684 
 PENTLAND_AC 0.2232 0.2016 0.2748 0.1479 0.1526 
 PENTLAND_BE 0.0098 0.5037 0.3374 0.1339 0.0151 
 PENTLAND_CR 0.1263 0.1302 0.3659 0.2354 0.1422 
 PENTLAND_DE 0.2223 0.3116 0.3873 0.0161 0.0627 
 PENTLAND_IV 0.4064 0.1622 0.3467 0.0045 0.0803 
 PENTLAND_JA 0.1542 0.2087 0.3842 0.1866 0.0662 
 PENTLAND_MA 0.1130 0.1239 0.4181 0.3360 0.0089 
 PENTLAND_SQ 0.2252 0.2337 0.3363 0.0966 0.1081 
   PEPO_1978 0.3405 0.1095 0.0321 0.4052 0.1127 
     PICASSO 0.0570 0.0044 0.5568 0.2434 0.1384 
   PIMPERNEL 0.1582 0.1541 0.1008 0.4934 0.0935 
     PIONEER 0.6033 0.1429 0.0058 0.2293 0.0187 
       PIXIE 0.2890 0.0057 0.3114 0.0258 0.3680 
    PREMIERE 0.0058 0.2760 0.1856 0.4805 0.0521 
   PRODUCENT 0.1776 0.0954 0.0490 0.4439 0.2341 
     PROVOST 0.2121 0.2122 0.3808 0.1610 0.0340 
  R.P.LUSTRE 0.3826 0.2817 0.1083 0.0203 0.2070 
 RANGER_RUSS 0.0434 0.3799 0.3745 0.1993 0.0029 
       RATTE 0.2701 0.4808 0.0080 0.0460 0.1951 
      RECORD 0.0076 0.2466 0.1216 0.6132 0.0110 
   REMBRANDT 0.1505 0.1593 0.1011 0.4546 0.1344 
    RIO_ROJO 0.3732 0.1607 0.3004 0.0943 0.0715 
      ROBIJN 0.0225 0.2782 0.0975 0.5942 0.0076 
      ROCKET 0.0945 0.1973 0.1652 0.0190 0.5239 
   RODE_STAR 0.1765 0.3239 0.0044 0.4418 0.0533 
      ROMANO 0.2819 0.0126 0.3284 0.3325 0.0446 
       ROMEO 0.4137 0.2090 0.2908 0.0212 0.0653 
     ROOSTER 0.2324 0.1564 0.3577 0.1534 0.1001 
       ROYAL 0.2607 0.0678 0.0123 0.2933 0.3659 
 ROYAL_KIDNE 0.0145 0.5710 0.3283 0.0822 0.0040 
     RUBESSE 0.4058 0.1092 0.1972 0.2419 0.0459 
 RUSSET_BURB 0.2251 0.3001 0.3353 0.1249 0.0146 
 RUSSET_NORK 0.4434 0.2667 0.2413 0.0092 0.0394 
      SAFARI 0.2062 0.0120 0.3268 0.4150 0.0400 
     SANTANA 0.1241 0.1250 0.1943 0.4113 0.1453 
       SANTE 0.1905 0.0650 0.1205 0.4314 0.1925 
     SAPHIRE 0.1774 0.0289 0.2782 0.4153 0.1001 
  SARPO_MIRA 0.3939 0.1428 0.0419 0.3359 0.0855 
 SARPO_SHONA 0.3792 0.0561 0.0622 0.4156 0.0870 
       SASSY 0.1859 0.2472 0.1315 0.3314 0.1040 
     SATURNA 0.1801 0.2251 0.0060 0.5365 0.0523 
        SAVA 0.4324 0.0662 0.0644 0.3101 0.1269 
       SAXON 0.1309 0.1139 0.1503 0.0383 0.5666 
 SCARBOROUGH 0.1733 0.0380 0.0294 0.0053 0.7540 
 SEFTON_WOND 0.0639 0.5339 0.2392 0.0122 0.1508 
    SERAFINA 0.4844 0.1210 0.0705 0.3079 0.0162 
     SETANTA 0.3183 0.0490 0.2812 0.0429 0.3086 
 SHARPE'S_EX 0.1078 0.6079 0.0351 0.1436 0.1056 
     SHELAGH 0.1218 0.2533 0.2801 0.1613 0.1835 
    SHELFORD 0.2217 0.1935 0.1931 0.3589 0.0327 
     SHEPODY 0.0040 0.3001 0.4621 0.2284 0.0055 
      SLANEY 0.2524 0.0107 0.4322 0.0128 0.2919 
        SPEY 0.1790 0.0049 0.4994 0.0299 0.2868 
      SPUNTA 0.4036 0.2069 0.1310 0.1278 0.1307 
     STAMINA 0.0190 0.0044 0.3079 0.0539 0.6147 
    STEMSTER 0.1474 0.1549 0.0994 0.2711 0.3273 
 STORMONT_EN 0.0789 0.1963 0.2479 0.2944 0.1826 
    STIRLING 0.2761 0.0168 0.4803 0.0596 0.1672 
     SYLVANA 0.2690 0.1178 0.2394 0.2781 0.0957 
         TAY 0.2806 0.0086 0.2773 0.0062 0.4273 
      TIMATE 0.3836 0.0432 0.0084 0.4277 0.1371 
      TOLUCA 0.3704 0.0467 0.2043 0.3717 0.0069 
    TORRIDON 0.1301 0.1086 0.3470 0.3364 0.0780 
 ULSTER_SCEP 0.1004 0.1741 0.3637 0.0669 0.2949 
 UMATILLA_RU 0.0379 0.3572 0.0700 0.1951 0.3398 
 VALES_EMERA 0.5217 0.1051 0.0706 0.0430 0.2595 
 VALES_EVERE 0.1584 0.1336 0.4258 0.0084 0.2737 
 VALES_RUSSE 0.2383 0.3642 0.2349 0.1306 0.0320 
 VALES_SOVER 0.0251 0.0037 0.5958 0.0306 0.3448 
       VALOR 0.0992 0.0036 0.4920 0.0278 0.3774 
    VAN_GOGH 0.1666 0.1359 0.0741 0.5063 0.1170 
     VANTAGE 0.0064 0.3440 0.1983 0.4376 0.0136 
       VERDI 0.2146 0.1749 0.0541 0.4292 0.1272 
    VICTORIA 0.2491 0.1073 0.1781 0.4243 0.0411 
     VIVALDI 0.1828 0.0702 0.2978 0.4452 0.0041 
       WILJA 0.0022 0.1893 0.2447 0.5527 0.0111 
     WINSTON 0.3039 0.0054 0.2494 0.0080 0.4333 
      XD2-21 0.2021 0.2597 0.3702 0.0716 0.0964 
  YUKON_GOLD 0.4658 0.0259 0.1693 0.1029 0.2361 
       ZORBA 0.0231 0.2042 0.3363 0.4262 0.0102 
