  00C133-020 0.0081 0.3813 0.0080 0.1641 0.2917 0.0145 0.0855 0.0367 0.0101 
 01C_071-002 0.1891 0.1527 0.0207 0.0610 0.1933 0.1020 0.0554 0.1153 0.1104 
 02M_012-001 0.1478 0.4123 0.0042 0.2088 0.0205 0.0432 0.0066 0.1460 0.0105 
 03M_016-002 0.0970 0.3127 0.2077 0.0217 0.0067 0.0149 0.0036 0.3122 0.0236 
 03M_034-002 0.0026 0.2874 0.0043 0.2307 0.0629 0.0027 0.2065 0.1999 0.0030 
 04C_055-004 0.0120 0.4266 0.0508 0.0268 0.0248 0.2679 0.0881 0.0892 0.0138 
 04C_126-005 0.0139 0.1837 0.0084 0.1786 0.2967 0.0180 0.1287 0.0982 0.0736 
 04M_034-013 0.0323 0.3616 0.1244 0.0896 0.0054 0.0547 0.0928 0.2280 0.0112 
 05M_002-001 0.0225 0.1202 0.1085 0.0316 0.0549 0.1668 0.0487 0.0857 0.3610 
 05M_004-003 0.0208 0.1389 0.0233 0.1141 0.1700 0.0456 0.1112 0.0042 0.3719 
 05M_012-004 0.0995 0.0923 0.1578 0.2271 0.1122 0.0082 0.1607 0.0127 0.1296 
 06C_127-002 0.0083 0.1418 0.1100 0.3622 0.0912 0.2337 0.0321 0.0125 0.0081 
 12288_AF_23 0.1097 0.3473 0.1120 0.1516 0.1364 0.0993 0.0339 0.0044 0.0054 
    12601AB1 0.0429 0.1178 0.0021 0.4047 0.0048 0.0027 0.0038 0.4156 0.0057 
   12636_A_2 0.0559 0.2856 0.0688 0.3071 0.0926 0.0032 0.0085 0.1731 0.0051 
  15119_AC_5 0.0828 0.2240 0.0184 0.0027 0.4809 0.0019 0.0216 0.1623 0.0053 
     1512C16 0.1183 0.0061 0.2927 0.1292 0.1238 0.0828 0.0479 0.1534 0.0459 
   15144_A_3 0.0225 0.0137 0.0055 0.0165 0.6338 0.2348 0.0034 0.0253 0.0444 
     1563C14 0.1957 0.0153 0.0783 0.0105 0.0312 0.2081 0.0221 0.3505 0.0882 
     2182EF7 0.0032 0.0150 0.2144 0.2158 0.2692 0.0177 0.0987 0.0274 0.1386 
     3681AD1 0.2243 0.0342 0.0358 0.1555 0.1934 0.0089 0.1136 0.0117 0.2226 
     5008AB6 0.1350 0.0034 0.0062 0.2315 0.1737 0.1375 0.1752 0.0580 0.0795 
    8204_A_4 0.0054 0.0426 0.1122 0.3099 0.2660 0.0924 0.0687 0.0127 0.0902 
       AGRIA 0.0044 0.0410 0.0255 0.0337 0.0032 0.2467 0.0055 0.0139 0.6262 
       AILSA 0.0131 0.4145 0.0668 0.1959 0.0089 0.1741 0.0041 0.1181 0.0046 
      ALMERA 0.0194 0.0918 0.1449 0.0040 0.0248 0.2465 0.2221 0.0142 0.2325 
       ALPHA 0.2979 0.0237 0.0693 0.0550 0.0047 0.1092 0.2815 0.1515 0.0072 
      ALWARA 0.2102 0.0316 0.0202 0.0186 0.2260 0.2637 0.2143 0.0093 0.0062 
      AMADRA 0.0904 0.1468 0.0105 0.0852 0.0076 0.2260 0.1655 0.1456 0.1224 
       AMOUR 0.0658 0.3190 0.0213 0.1241 0.3937 0.0259 0.0089 0.0237 0.0176 
        ANNA 0.0026 0.0076 0.0271 0.0394 0.6789 0.0021 0.0872 0.1303 0.0248 
   ANNABELLE 0.0028 0.0078 0.0135 0.0112 0.0090 0.3770 0.3170 0.0383 0.2235 
        ANYA 0.0628 0.0086 0.0821 0.1259 0.0724 0.3923 0.0274 0.1600 0.0684 
       ARGOS 0.0232 0.2505 0.0670 0.0046 0.4970 0.0501 0.0285 0.0051 0.0741 
     ARIELLE 0.0744 0.0452 0.0902 0.0028 0.0667 0.3124 0.1424 0.0554 0.2105 
      ARKULA 0.1704 0.0095 0.0456 0.0557 0.0371 0.1498 0.3766 0.0984 0.0568 
      ARMADA 0.0877 0.1292 0.0514 0.0074 0.0295 0.1750 0.3714 0.1251 0.0235 
   AVALANCHE 0.1111 0.4195 0.1129 0.0127 0.0486 0.0071 0.1521 0.0159 0.1202 
     BAILLIE 0.1339 0.4270 0.0709 0.0835 0.0961 0.0540 0.0722 0.0095 0.0531 
    BALMORAL 0.0944 0.0303 0.1806 0.0341 0.3727 0.0042 0.1501 0.0076 0.1260 
     BAMBINO 0.0168 0.4162 0.0170 0.0926 0.2204 0.0684 0.0986 0.0400 0.0302 
       BARNA 0.0773 0.0802 0.0493 0.0510 0.3625 0.2397 0.1098 0.0274 0.0028 
 BELLE_DE_FO 0.0737 0.0020 0.0734 0.0017 0.0678 0.0075 0.0067 0.7537 0.0135 
       BENOL 0.0033 0.3387 0.0033 0.3025 0.0049 0.0049 0.0094 0.1658 0.1671 
       BF_15 0.0543 0.0024 0.0154 0.0024 0.0626 0.0717 0.0554 0.6377 0.0980 
      BINTJE 0.0967 0.0690 0.1543 0.0146 0.0692 0.0834 0.1044 0.2711 0.1372 
 BIONICA_EX_ 0.0374 0.0191 0.0236 0.2442 0.1037 0.0374 0.2334 0.1190 0.1823 
 BLUE_DANUBE 0.2467 0.0155 0.0772 0.0067 0.0699 0.0059 0.3104 0.0799 0.1878 
      BONNIE 0.0069 0.1725 0.0586 0.1254 0.1747 0.1756 0.2367 0.0348 0.0149 
      BOUNTY 0.0157 0.3725 0.0164 0.1128 0.2665 0.0359 0.0481 0.0262 0.1059 
 BRITISH_QUE 0.0102 0.0232 0.3542 0.0015 0.0477 0.0033 0.0524 0.3167 0.1909 
     BRODICK 0.0115 0.2478 0.0139 0.5212 0.0098 0.0751 0.0853 0.0151 0.0202 
      BRODIE 0.0483 0.0434 0.1957 0.1341 0.4676 0.0276 0.0155 0.0600 0.0076 
      BUCHAN 0.0265 0.1003 0.1421 0.1327 0.4102 0.1523 0.0054 0.0269 0.0037 
      BURREN 0.0688 0.0443 0.0129 0.0786 0.4336 0.1445 0.0151 0.0834 0.1187 
     CABARET 0.0087 0.4135 0.0680 0.1091 0.0829 0.0063 0.0205 0.2781 0.0129 
      CAESAR 0.1086 0.0158 0.0453 0.1288 0.0322 0.2678 0.1921 0.0019 0.2076 
        CARA 0.0156 0.1005 0.0151 0.0739 0.6781 0.0397 0.0242 0.0382 0.0145 
 CARLINGFORD 0.0043 0.0924 0.2758 0.1201 0.1336 0.1821 0.1756 0.0112 0.0049 
  CASABLANCA 0.0043 0.2833 0.0557 0.0527 0.2431 0.0038 0.2407 0.0033 0.1129 
      CELINE 0.0557 0.0350 0.0085 0.1172 0.1483 0.0283 0.4172 0.0735 0.1164 
  CHALLENGER 0.0047 0.1511 0.1273 0.0591 0.0038 0.1813 0.1088 0.0919 0.2720 
   CHARLOTTE 0.0069 0.0337 0.0061 0.2177 0.0190 0.5067 0.0155 0.1257 0.0686 
     CHICAGO 0.0647 0.4194 0.0038 0.0657 0.0096 0.1578 0.1274 0.0824 0.0692 
   CHIEFTAIN 0.0195 0.0159 0.3474 0.1716 0.0619 0.2449 0.0040 0.0408 0.0939 
      CHOPIN 0.0261 0.0224 0.1660 0.0624 0.0153 0.2072 0.3309 0.0146 0.1552 
      CLARET 0.0472 0.1072 0.0400 0.0318 0.5893 0.1417 0.0165 0.0207 0.0056 
      CORINE 0.1915 0.1071 0.1054 0.1754 0.1150 0.0023 0.0325 0.0148 0.2560 
      COSMOS 0.1743 0.1175 0.1418 0.0206 0.0045 0.0870 0.3544 0.0321 0.0678 
     COURAGE 0.1853 0.0485 0.1367 0.0926 0.0389 0.1374 0.2927 0.0489 0.0189 
     COURLAN 0.1581 0.0694 0.2254 0.1279 0.0732 0.2218 0.0035 0.0101 0.1107 
 CRAIGS_ROYA 0.0506 0.1915 0.2190 0.0973 0.3380 0.0537 0.0048 0.0361 0.0090 
 CRAIGS_SNOW 0.0598 0.1688 0.2910 0.0081 0.0762 0.0732 0.0081 0.2362 0.0788 
     CRAMOND 0.0068 0.3074 0.0411 0.3234 0.0358 0.0071 0.2143 0.0175 0.0466 
 CRISPS_FOR_ 0.1045 0.0950 0.1074 0.0607 0.0275 0.2867 0.2185 0.0375 0.0623 
    CROMWELL 0.0650 0.5663 0.0047 0.0063 0.0547 0.0166 0.0040 0.2210 0.0613 
       D22/1 0.0383 0.5062 0.1203 0.0023 0.1028 0.0037 0.0225 0.1764 0.0275 
       D23/3 0.0593 0.3473 0.1677 0.0204 0.0343 0.0596 0.0045 0.2695 0.0374 
      D47-11 0.0984 0.6093 0.0083 0.0085 0.0065 0.0027 0.0134 0.2451 0.0079 
       D49/1 0.0041 0.6663 0.0057 0.0087 0.0021 0.0303 0.0795 0.2003 0.0029 
       DAISY 0.1160 0.3646 0.0076 0.1070 0.0054 0.0821 0.0717 0.1916 0.0539 
 DARK_RED_NO 0.0733 0.0583 0.3746 0.0485 0.1013 0.2447 0.0228 0.0460 0.0306 
     DARWINA 0.1871 0.1114 0.1219 0.0067 0.0048 0.1300 0.2134 0.0639 0.1609 
     DESIREE 0.2260 0.0033 0.0856 0.0086 0.1858 0.3293 0.0940 0.0637 0.0037 
       DITTA 0.0419 0.0275 0.1409 0.0031 0.0133 0.3001 0.0844 0.0870 0.3018 
 DR._MCINTOS 0.0091 0.0666 0.4275 0.1131 0.0571 0.0647 0.2445 0.0143 0.0031 
       DRAGA 0.1341 0.1198 0.2467 0.1274 0.0313 0.0252 0.1068 0.0032 0.2055 
 DUKE_OF_YOR 0.0119 0.0023 0.3155 0.0025 0.0044 0.0048 0.2035 0.3117 0.1435 
 DUNBAR_STAN 0.0048 0.1670 0.3964 0.0082 0.0983 0.0468 0.0267 0.2435 0.0084 
     DUNDROD 0.0903 0.4077 0.0734 0.0802 0.0539 0.1328 0.0035 0.1402 0.0180 
     ECLIPSE 0.0070 0.0177 0.2966 0.0629 0.0028 0.2400 0.0151 0.3558 0.0022 
        EDEN 0.0132 0.5067 0.0094 0.2095 0.0058 0.0039 0.0169 0.2308 0.0037 
 EDZELL_BLUE 0.1773 0.0153 0.1230 0.1187 0.0782 0.0644 0.0510 0.2499 0.1220 
   ELISABETH 0.0043 0.1245 0.0297 0.0907 0.0073 0.4034 0.3166 0.0102 0.0134 
     EMPEROR 0.0907 0.1502 0.2490 0.1347 0.0043 0.1721 0.0061 0.0037 0.1892 
         EOS 0.0204 0.2183 0.1258 0.1240 0.0148 0.3004 0.1633 0.0180 0.0150 
     EPICURE 0.0469 0.0036 0.2951 0.0828 0.0102 0.1606 0.0994 0.2969 0.0044 
  ERNTESTOLZ 0.0663 0.0165 0.1470 0.0372 0.0495 0.1466 0.1131 0.1947 0.2290 
      ESCORT 0.1212 0.0966 0.0053 0.1397 0.0173 0.2637 0.2560 0.0066 0.0935 
   ESMERALDA 0.1423 0.0960 0.0121 0.1176 0.0222 0.1728 0.3030 0.1272 0.0069 
      ESTIMA 0.0554 0.1116 0.1551 0.0438 0.0046 0.2132 0.3250 0.0707 0.0205 
 EVE_BALFOUR 0.0720 0.0376 0.0802 0.2303 0.3235 0.0112 0.0600 0.1795 0.0057 
   EXCALIBUR 0.0042 0.3625 0.0027 0.1615 0.3421 0.0189 0.0237 0.0037 0.0807 
     EXQUISA 0.0612 0.0036 0.0051 0.0064 0.1083 0.4048 0.1547 0.1368 0.1191 
    FESTIVAL 0.0165 0.1149 0.0087 0.0805 0.0112 0.2828 0.2983 0.0072 0.1799 
      FIANNA 0.0465 0.0414 0.1662 0.0508 0.1474 0.1022 0.2694 0.0065 0.1697 
   FIFTYFOLD 0.1171 0.0318 0.1547 0.0563 0.0411 0.1236 0.0051 0.4606 0.0097 
     FONTANE 0.0517 0.1805 0.0928 0.0294 0.0046 0.1666 0.0187 0.0079 0.4478 
   FORTYFOLD 0.1736 0.0019 0.1439 0.0117 0.0073 0.0030 0.0213 0.4471 0.1901 
 FRONTIER_RU 0.1009 0.0845 0.4033 0.0790 0.0050 0.2248 0.0060 0.0775 0.0190 
     G.81071 0.0055 0.0840 0.1621 0.2047 0.1320 0.0927 0.2416 0.0668 0.0105 
     G.88661 0.0043 0.1933 0.2436 0.1258 0.0130 0.1473 0.2548 0.0043 0.0137 
    G.886611 0.0015 0.1674 0.2057 0.1663 0.0195 0.2263 0.2071 0.0029 0.0034 
  G.8867Y%12 0.0015 0.0657 0.2617 0.0735 0.1075 0.2389 0.2421 0.0030 0.0062 
     G.88839 0.0146 0.0037 0.0033 0.0195 0.0042 0.5125 0.4098 0.0232 0.0092 
     G.88842 0.0156 0.0146 0.0608 0.0452 0.0894 0.2821 0.3983 0.0187 0.0754 
   GALACTICA 0.1687 0.0107 0.0724 0.0023 0.3443 0.0056 0.1257 0.0925 0.1779 
      GEMSON 0.0180 0.1102 0.2558 0.0898 0.2568 0.0806 0.0138 0.0951 0.0799 
  GL.76B/102 0.1551 0.1375 0.1064 0.0134 0.0041 0.2148 0.0430 0.2853 0.0404 
   GL.76B/94 0.1988 0.0021 0.0076 0.0066 0.0982 0.0302 0.1073 0.4546 0.0944 
  GL.77M/106 0.0352 0.0951 0.0129 0.3056 0.2147 0.1525 0.0069 0.1665 0.0105 
   GL.78/166 0.1489 0.0333 0.1004 0.0035 0.0447 0.0200 0.0278 0.5216 0.0999 
    GL.78/53 0.0406 0.1183 0.0067 0.1390 0.0117 0.1817 0.0038 0.4907 0.0076 
    GL.78/97 0.1169 0.0548 0.0208 0.0754 0.0232 0.1176 0.0103 0.5089 0.0721 
    GL.79/42 0.0784 0.0867 0.0034 0.0977 0.0057 0.2097 0.0115 0.4986 0.0083 
    GL.79/45 0.0170 0.0252 0.0046 0.0546 0.1053 0.2068 0.0399 0.5418 0.0048 
 GL.81_NT_25 0.0197 0.4604 0.0039 0.0029 0.0344 0.0026 0.0032 0.3442 0.1287 
   GLADIATOR 0.2099 0.0989 0.1456 0.0941 0.0792 0.2438 0.0280 0.0023 0.0982 
      GLAMIS 0.0169 0.4016 0.1437 0.0549 0.0249 0.1781 0.1071 0.0354 0.0375 
 GOLDEN_MILL 0.0104 0.2317 0.0061 0.4544 0.0814 0.0101 0.0881 0.0881 0.0299 
 GOLDEN_NUGG 0.0106 0.0284 0.0069 0.1708 0.1724 0.0368 0.3837 0.0154 0.1751 
 GOLDEN_WOND 0.1635 0.0107 0.1264 0.0580 0.0121 0.1090 0.0456 0.4683 0.0063 
     GRANOLA 0.0477 0.0329 0.0055 0.1974 0.0121 0.4510 0.0580 0.0881 0.1073 
    H1H3_101 0.0214 0.5992 0.0068 0.0027 0.0056 0.0027 0.0023 0.3478 0.0114 
      H1H3_3 0.0214 0.3372 0.1404 0.1709 0.0230 0.0074 0.0535 0.1452 0.1010 
 HARBOROUGH_ 0.0028 0.3964 0.0075 0.4850 0.0030 0.0037 0.0459 0.0083 0.0474 
   HARLEQUIN 0.0686 0.0617 0.0145 0.1561 0.0568 0.4044 0.0028 0.1189 0.1162 
      HERMES 0.2256 0.0772 0.0445 0.0035 0.1585 0.2408 0.0177 0.0517 0.1805 
 HIGHLAND_BU 0.0101 0.0025 0.0072 0.0631 0.0061 0.0032 0.1134 0.7564 0.0379 
  HOME_GUARD 0.0021 0.1347 0.2181 0.1146 0.1440 0.0645 0.0507 0.2058 0.0656 
     HORIZON 0.0909 0.0850 0.0117 0.0070 0.0524 0.0637 0.2631 0.2064 0.2198 
   INNOVATOR 0.0884 0.0060 0.3880 0.0171 0.0343 0.0029 0.1590 0.0912 0.2130 
 INTERNATION 0.0336 0.0024 0.0391 0.0025 0.0083 0.0031 0.0030 0.7845 0.1235 
 ISLE_OF_JUR 0.0047 0.3803 0.0211 0.0387 0.1473 0.0942 0.1305 0.1527 0.0305 
    JULIETTE 0.0021 0.0076 0.0028 0.0578 0.0098 0.4726 0.0045 0.0169 0.4257 
     KARLENA 0.2837 0.0293 0.2028 0.0221 0.1543 0.0054 0.0057 0.0816 0.2152 
 KERR'S_PINK 0.0223 0.0590 0.3096 0.0520 0.0920 0.0454 0.0116 0.3938 0.0141 
     KESTREL 0.0137 0.3441 0.0327 0.0645 0.3784 0.1525 0.0055 0.0056 0.0029 
       KIFLI 0.2160 0.0390 0.0071 0.1615 0.0052 0.4339 0.0187 0.1077 0.0110 
 KING_EDWARD 0.0064 0.0250 0.1261 0.0150 0.0030 0.1338 0.0078 0.6772 0.0058 
    KINGSTON 0.0074 0.3172 0.0032 0.2207 0.0755 0.0072 0.0583 0.1893 0.1212 
 KUFRI_CHAND 0.0227 0.1197 0.3300 0.0175 0.0667 0.1116 0.0402 0.1256 0.1661 
 KUFRI_JYOTI 0.0799 0.0051 0.0550 0.2080 0.2533 0.0606 0.0629 0.0766 0.1986 
      KURODA 0.1980 0.0543 0.1061 0.0086 0.0655 0.1026 0.1915 0.0035 0.2697 
 LADY_BALFOU 0.0405 0.1426 0.1347 0.1096 0.3529 0.0209 0.0269 0.1107 0.0612 
 LADY_CHRIST 0.1905 0.0215 0.0327 0.0935 0.0075 0.0444 0.2386 0.2231 0.1482 
 LADY_CLAIRE 0.0932 0.0037 0.0037 0.0016 0.0045 0.0041 0.1874 0.1423 0.5594 
     LADY_JO 0.1985 0.0098 0.0343 0.0022 0.0031 0.0016 0.2834 0.2218 0.2452 
 LADY_ROSETT 0.2378 0.1188 0.1109 0.0840 0.0136 0.0977 0.2591 0.0632 0.0148 
    LIBERTAS 0.3739 0.0032 0.0046 0.0049 0.0253 0.0017 0.2298 0.2019 0.1548 
       LINDA 0.0161 0.0044 0.0046 0.0122 0.0432 0.5234 0.0070 0.1814 0.2076 
      LINTON 0.1747 0.1869 0.1447 0.0100 0.0920 0.2011 0.0049 0.0078 0.1777 
 LINZER_DELI 0.2489 0.0051 0.0378 0.1408 0.0040 0.3347 0.0743 0.0906 0.0638 
   LIONHEART 0.0408 0.0471 0.1260 0.0631 0.0564 0.0871 0.2795 0.0213 0.2787 
   MADELEINE 0.0381 0.0395 0.0050 0.0757 0.0210 0.3351 0.2440 0.0728 0.1688 
   MADINGLEY 0.3213 0.1162 0.0746 0.0602 0.0894 0.2692 0.0049 0.0037 0.0604 
    MAJESTIC 0.0028 0.0136 0.4279 0.1143 0.1049 0.0969 0.1474 0.0214 0.0709 
     MARABEL 0.0306 0.0164 0.0447 0.0328 0.0175 0.3182 0.3364 0.0080 0.1954 
     MARFONA 0.1594 0.1153 0.1068 0.0092 0.0104 0.0146 0.3245 0.1067 0.1530 
     MARILYN 0.0419 0.0090 0.0269 0.0830 0.1091 0.3182 0.1122 0.0597 0.2399 
 MARIS_ANCHO 0.0624 0.0536 0.1697 0.0471 0.0144 0.1867 0.2640 0.1524 0.0498 
  MARIS_BARD 0.0068 0.2190 0.1899 0.0194 0.0733 0.0014 0.2600 0.1255 0.1047 
  MARIS_PEER 0.0082 0.1593 0.2862 0.0470 0.1940 0.0983 0.0056 0.1070 0.0944 
 MARIS_PIPER 0.0106 0.7221 0.0035 0.0112 0.0055 0.0063 0.0059 0.1805 0.0544 
     MARKIES 0.1543 0.0192 0.0149 0.0125 0.0236 0.2579 0.1102 0.0648 0.3425 
      MAXINE 0.0203 0.3949 0.2573 0.0440 0.1137 0.1155 0.0192 0.0137 0.0215 
      MEGARA 0.0664 0.0523 0.0046 0.0376 0.0180 0.2455 0.1333 0.0445 0.3978 
      MELODY 0.1725 0.0569 0.0105 0.0581 0.1058 0.1433 0.1559 0.1155 0.1815 
       MIDAS 0.1096 0.4456 0.0027 0.0096 0.0045 0.1966 0.0368 0.1276 0.0668 
       MILVA 0.0393 0.0072 0.0126 0.0687 0.0157 0.3001 0.2075 0.1655 0.1835 
        MIMI 0.0517 0.2103 0.0045 0.1650 0.0981 0.0369 0.2900 0.1074 0.0361 
        MIRA 0.0672 0.0065 0.0160 0.0042 0.0360 0.0079 0.4020 0.2064 0.2539 
       MOIRA 0.0652 0.0390 0.1057 0.0499 0.1309 0.2143 0.2008 0.1000 0.0943 
    MONTROSE 0.0530 0.2876 0.0024 0.4041 0.0068 0.0041 0.0032 0.2333 0.0055 
       MORAG 0.0047 0.0435 0.1661 0.2555 0.2297 0.0110 0.1120 0.1615 0.0160 
      MORENE 0.1731 0.0026 0.0572 0.0046 0.0487 0.0085 0.3478 0.1294 0.2280 
      MOZART 0.0277 0.0130 0.0118 0.2024 0.0065 0.3400 0.2491 0.0019 0.1476 
 MYATT'S_ASH 0.0720 0.0022 0.0506 0.0020 0.0134 0.0047 0.0163 0.6552 0.1836 
      NADINE 0.0615 0.3749 0.0772 0.1518 0.0737 0.1957 0.0422 0.0063 0.0167 
       NAVAN 0.0028 0.6148 0.0514 0.0296 0.0385 0.0455 0.1207 0.0920 0.0049 
 NDTX_4271_5 0.0169 0.1572 0.2653 0.1880 0.0078 0.3483 0.0080 0.0058 0.0028 
      NICOLA 0.0507 0.0033 0.0272 0.0028 0.0057 0.4415 0.0477 0.1286 0.2924 
     NOVELLA 0.0488 0.0387 0.0349 0.0615 0.1310 0.1932 0.3392 0.0272 0.1255 
     OLYMPUS 0.0659 0.1522 0.1431 0.3797 0.0466 0.1053 0.0055 0.0883 0.0135 
       OPERA 0.0532 0.0818 0.0545 0.1146 0.1018 0.1802 0.1273 0.0078 0.2788 
   ORCHESTRA 0.0199 0.1062 0.0066 0.0462 0.0287 0.3205 0.1796 0.0806 0.2117 
      ORIANA 0.1244 0.0029 0.1553 0.0038 0.1189 0.1451 0.2697 0.0210 0.1590 
     OTHELLO 0.0476 0.1412 0.1167 0.0730 0.5046 0.1041 0.0030 0.0047 0.0050 
     PALADIN 0.0703 0.5552 0.0267 0.0779 0.0045 0.0026 0.0060 0.2093 0.0475 
       PANDA 0.1345 0.0817 0.0054 0.0713 0.0308 0.4845 0.0174 0.0075 0.1669 
   PARAMOUNT 0.1429 0.0075 0.0328 0.0983 0.3657 0.1459 0.1847 0.0173 0.0050 
    PATRONES 0.1251 0.0724 0.1550 0.0057 0.0251 0.1441 0.1740 0.1465 0.1520 
 PENTLAND_AC 0.0549 0.1411 0.1793 0.0594 0.1470 0.1251 0.1068 0.1029 0.0836 
 PENTLAND_BE 0.0516 0.0140 0.2590 0.0036 0.1567 0.0050 0.1479 0.3543 0.0080 
 PENTLAND_CR 0.0056 0.0119 0.0943 0.2712 0.1177 0.0037 0.1905 0.0768 0.2284 
 PENTLAND_DE 0.0613 0.0048 0.2514 0.2539 0.1363 0.0288 0.0920 0.1678 0.0036 
 PENTLAND_IV 0.0025 0.0526 0.3194 0.1786 0.1492 0.1991 0.0644 0.0302 0.0041 
 PENTLAND_JA 0.0758 0.0252 0.3634 0.1683 0.0483 0.0080 0.1014 0.0217 0.1879 
 PENTLAND_MA 0.1422 0.0050 0.0914 0.1082 0.1965 0.0525 0.2089 0.0294 0.1659 
 PENTLAND_SQ 0.0041 0.0067 0.1832 0.2875 0.1145 0.0175 0.0943 0.1387 0.1534 
   PEPO_1978 0.0509 0.0949 0.0185 0.0116 0.0165 0.3566 0.1817 0.1175 0.1518 
     PICASSO 0.0467 0.1528 0.0105 0.0042 0.4694 0.0510 0.1975 0.0027 0.0651 
   PIMPERNEL 0.2666 0.0092 0.0029 0.1103 0.0462 0.1160 0.1873 0.1335 0.1280 
     PIONEER 0.0023 0.0042 0.0051 0.0883 0.0042 0.4672 0.0027 0.1235 0.3024 
       PIXIE 0.0708 0.2676 0.0238 0.2030 0.2337 0.1208 0.0700 0.0032 0.0071 
    PREMIERE 0.0287 0.0402 0.0505 0.0047 0.0126 0.0042 0.4335 0.2595 0.1662 
   PRODUCENT 0.1864 0.1729 0.0189 0.0830 0.0031 0.1077 0.1919 0.0464 0.1898 
     PROVOST 0.1276 0.0085 0.2559 0.1796 0.1198 0.0598 0.0878 0.0583 0.1027 
  R.P.LUSTRE 0.0061 0.1360 0.1848 0.1272 0.0262 0.2510 0.0650 0.1978 0.0059 
 RANGER_RUSS 0.1834 0.0026 0.4850 0.0026 0.0612 0.0149 0.0086 0.1126 0.1291 
       RATTE 0.1645 0.0127 0.0418 0.2630 0.0037 0.1219 0.0031 0.3838 0.0057 
      RECORD 0.3378 0.0045 0.0038 0.0032 0.0074 0.0050 0.3106 0.1952 0.1324 
   REMBRANDT 0.0505 0.0790 0.0994 0.0820 0.0062 0.0563 0.0229 0.0826 0.5211 
    RIO_ROJO 0.1789 0.0457 0.3041 0.1624 0.0658 0.2031 0.0266 0.0067 0.0068 
      ROBIJN 0.3356 0.0026 0.0081 0.0059 0.0081 0.0507 0.2876 0.2060 0.0954 
      ROCKET 0.0674 0.4138 0.1031 0.1270 0.0200 0.0117 0.0954 0.1587 0.0030 
   RODE_STAR 0.3212 0.0052 0.0013 0.0241 0.0046 0.2180 0.1263 0.2940 0.0053 
      ROMANO 0.2050 0.0096 0.0052 0.1189 0.1868 0.1713 0.2913 0.0056 0.0063 
       ROMEO 0.0649 0.0073 0.0801 0.1708 0.2679 0.2542 0.0103 0.1409 0.0036 
     ROOSTER 0.0346 0.0069 0.1207 0.2779 0.1683 0.0437 0.1778 0.0819 0.0882 
       ROYAL 0.1738 0.3118 0.0043 0.0201 0.0207 0.2805 0.0100 0.0777 0.1013 
 ROYAL_KIDNE 0.0064 0.0029 0.4620 0.0054 0.0280 0.0027 0.0466 0.3260 0.1199 
     RUBESSE 0.0287 0.0165 0.1325 0.1148 0.0919 0.2669 0.1135 0.0422 0.1930 
 RUSSET_BURB 0.1234 0.0157 0.4929 0.0732 0.0135 0.1209 0.0749 0.0597 0.0258 
 RUSSET_NORK 0.0526 0.0456 0.5281 0.0814 0.0045 0.2676 0.0036 0.0122 0.0044 
      SAFARI 0.0677 0.0101 0.0104 0.1316 0.1310 0.0928 0.3835 0.0075 0.1654 
     SANTANA 0.2233 0.1305 0.1491 0.0453 0.0121 0.0706 0.1690 0.0267 0.1735 
       SANTE 0.0935 0.0780 0.0045 0.1561 0.0180 0.0796 0.3599 0.0853 0.1251 
     SAPHIRE 0.1256 0.0565 0.1717 0.1318 0.0101 0.0217 0.2117 0.0024 0.2685 
  SARPO_MIRA 0.3015 0.0657 0.0133 0.0274 0.0776 0.3739 0.0358 0.0952 0.0096 
 SARPO_SHONA 0.2862 0.0427 0.0076 0.0651 0.0657 0.3468 0.1152 0.0297 0.0410 
       SASSY 0.2145 0.0691 0.1343 0.0655 0.0157 0.1388 0.0953 0.1466 0.1202 
     SATURNA 0.2633 0.0196 0.0033 0.0050 0.0036 0.2415 0.1313 0.1954 0.1371 
        SAVA 0.0305 0.1343 0.1250 0.0170 0.0123 0.3612 0.1097 0.0211 0.1889 
       SAXON 0.0020 0.4207 0.0067 0.1637 0.0726 0.0196 0.1258 0.1580 0.0310 
 SCARBOROUGH 0.0024 0.4590 0.0049 0.3922 0.0031 0.0111 0.0440 0.0804 0.0028 
 SEFTON_WOND 0.0049 0.0881 0.2841 0.1012 0.0685 0.0058 0.0338 0.3899 0.0237 
    SERAFINA 0.1377 0.0034 0.0175 0.1263 0.0492 0.3828 0.1475 0.0771 0.0585 
     SETANTA 0.0681 0.0626 0.0553 0.4773 0.1063 0.0542 0.1314 0.0197 0.0251 
 SHARPE'S_EX 0.0951 0.0758 0.1027 0.0080 0.0205 0.1007 0.0055 0.5285 0.0632 
     SHELAGH 0.1287 0.1079 0.0134 0.1251 0.2275 0.0423 0.0288 0.2221 0.1042 
    SHELFORD 0.3113 0.0270 0.0718 0.0043 0.1501 0.2397 0.0038 0.0750 0.1171 
     SHEPODY 0.1526 0.0053 0.3562 0.0088 0.1223 0.0019 0.0909 0.0983 0.1636 
      SLANEY 0.0042 0.2484 0.0417 0.0985 0.3911 0.1485 0.0107 0.0078 0.0491 
        SPEY 0.0099 0.2270 0.0090 0.1369 0.4278 0.0684 0.0290 0.0028 0.0892 
      SPUNTA 0.1155 0.0532 0.0437 0.1506 0.1265 0.3065 0.0193 0.1595 0.0252 
     STAMINA 0.0677 0.5955 0.0555 0.0343 0.1796 0.0068 0.0230 0.0022 0.0353 
    STEMSTER 0.1642 0.2794 0.0236 0.0184 0.0591 0.1495 0.0970 0.1334 0.0755 
 STORMONT_EN 0.1947 0.1721 0.1019 0.0205 0.0938 0.0563 0.2124 0.1320 0.0164 
    STIRLING 0.0049 0.0511 0.1152 0.2799 0.2672 0.0191 0.0993 0.0076 0.1557 
     SYLVANA 0.0595 0.1119 0.1840 0.0157 0.0698 0.2168 0.2272 0.0364 0.0786 
         TAY 0.0059 0.2019 0.0158 0.4252 0.1751 0.0638 0.0957 0.0100 0.0066 
      TIMATE 0.1238 0.1064 0.0214 0.0438 0.0035 0.3479 0.1728 0.0280 0.1524 
      TOLUCA 0.0255 0.0042 0.0446 0.0162 0.1656 0.3458 0.2183 0.0299 0.1500 
    TORRIDON 0.1131 0.0208 0.0270 0.1184 0.2247 0.0565 0.1508 0.0538 0.2349 
 ULSTER_SCEP 0.0029 0.2756 0.2668 0.0785 0.0698 0.0075 0.2156 0.0499 0.0335 
 UMATILLA_RU 0.0207 0.2303 0.0322 0.0687 0.0475 0.0486 0.1148 0.3802 0.0570 
 VALES_EMERA 0.0074 0.1605 0.0514 0.1956 0.0572 0.3784 0.0276 0.0979 0.0240 
 VALES_EVERE 0.0029 0.1064 0.0541 0.2876 0.3384 0.0194 0.0239 0.1186 0.0485 
 VALES_RUSSE 0.1539 0.0074 0.4030 0.1133 0.0047 0.0987 0.0060 0.1225 0.0906 
 VALES_SOVER 0.0310 0.2915 0.0046 0.0444 0.5501 0.0107 0.0614 0.0031 0.0033 
       VALOR 0.0288 0.2834 0.0053 0.1675 0.3986 0.0089 0.0744 0.0026 0.0306 
    VAN_GOGH 0.1015 0.0705 0.0131 0.0550 0.0056 0.1243 0.2925 0.1313 0.2062 
     VANTAGE 0.3533 0.0148 0.1799 0.0036 0.0073 0.0036 0.1461 0.1872 0.1041 
       VERDI 0.1360 0.0855 0.0160 0.0228 0.0353 0.2535 0.1746 0.1739 0.1022 
    VICTORIA 0.0045 0.0269 0.1820 0.0480 0.0238 0.1448 0.0858 0.0140 0.4700 
     VIVALDI 0.0451 0.0035 0.1564 0.0045 0.0871 0.1566 0.4057 0.0172 0.1239 
       WILJA 0.1961 0.0126 0.0649 0.0018 0.0395 0.0017 0.3645 0.1348 0.1842 
     WINSTON 0.0292 0.3879 0.0821 0.1244 0.1557 0.1695 0.0454 0.0029 0.0029 
      XD2-21 0.0699 0.0694 0.2478 0.1035 0.1616 0.0684 0.1466 0.1284 0.0044 
  YUKON_GOLD 0.0536 0.1209 0.2596 0.2434 0.0049 0.2236 0.0205 0.0032 0.0703 
       ZORBA 0.0238 0.0084 0.1654 0.0171 0.1151 0.0101 0.2095 0.1207 0.3299 
