  00C133-020 0.3529 0.0279 0.5923 0.0269 
 01C_071-002 0.2940 0.2708 0.2353 0.1999 
 02M_012-001 0.0265 0.1362 0.6386 0.1987 
 03M_016-002 0.1246 0.0154 0.3704 0.4895 
 03M_034-002 0.1907 0.0276 0.5690 0.2126 
 04C_055-004 0.0534 0.3183 0.5178 0.1105 
 04C_126-005 0.3849 0.1275 0.3825 0.1051 
 04M_034-013 0.0655 0.1188 0.4911 0.3246 
 05M_002-001 0.2061 0.4203 0.1718 0.2018 
 05M_004-003 0.3442 0.3781 0.2458 0.0319 
 05M_012-004 0.4263 0.1988 0.2497 0.1252 
 06C_127-002 0.2189 0.2803 0.4398 0.0611 
 12288_AF_23 0.3122 0.1492 0.5081 0.0305 
    12601AB1 0.0144 0.0125 0.4953 0.4778 
   12636_A_2 0.2133 0.0112 0.5460 0.2295 
  15119_AC_5 0.4978 0.0047 0.2967 0.2008 
     1512C16 0.4304 0.1406 0.0872 0.3418 
   15144_A_3 0.6015 0.2139 0.1566 0.0280 
     1563C14 0.1127 0.3264 0.0449 0.5160 
     2182EF7 0.5829 0.0979 0.1948 0.1243 
     3681AD1 0.4622 0.2994 0.1212 0.1172 
     5008AB6 0.3475 0.3933 0.1400 0.1191 
    8204_A_4 0.4888 0.1688 0.3043 0.0380 
       AGRIA 0.0522 0.7068 0.1073 0.1337 
       AILSA 0.0474 0.1495 0.6352 0.1679 
      ALMERA 0.2699 0.5241 0.0831 0.1229 
       ALPHA 0.2266 0.3985 0.0623 0.3126 
      ALWARA 0.3553 0.4716 0.0988 0.0743 
      AMADRA 0.0698 0.4682 0.2497 0.2122 
       AMOUR 0.4277 0.0283 0.4997 0.0443 
        ANNA 0.7742 0.0052 0.1099 0.1106 
   ANNABELLE 0.1504 0.7210 0.0432 0.0855 
        ANYA 0.1326 0.4953 0.1292 0.2429 
       ARGOS 0.5939 0.0694 0.3208 0.0159 
     ARIELLE 0.2221 0.5538 0.0494 0.1747 
      ARKULA 0.3065 0.4659 0.0295 0.1981 
      ARMADA 0.2621 0.4110 0.1334 0.1936 
   AVALANCHE 0.2690 0.1662 0.4468 0.1179 
     BAILLIE 0.2280 0.1979 0.5257 0.0484 
    BALMORAL 0.6967 0.0984 0.1104 0.0946 
     BAMBINO 0.2886 0.1094 0.5652 0.0368 
       BARNA 0.4732 0.2545 0.2128 0.0594 
 BELLE_DE_FO 0.0870 0.0072 0.0041 0.9017 
       BENOL 0.0390 0.1171 0.6317 0.2122 
       BF_15 0.0841 0.1456 0.0066 0.7637 
      BINTJE 0.2584 0.2162 0.0935 0.4318 
 BIONICA_EX_ 0.3316 0.2985 0.1869 0.1829 
 BLUE_DANUBE 0.3563 0.3747 0.0338 0.2351 
      BONNIE 0.3296 0.2852 0.3215 0.0637 
      BOUNTY 0.3279 0.1143 0.5185 0.0393 
 BRITISH_QUE 0.4055 0.0208 0.0115 0.5622 
     BRODICK 0.1245 0.2031 0.6535 0.0189 
      BRODIE 0.6570 0.0107 0.2059 0.1264 
      BUCHAN 0.5562 0.0528 0.2951 0.0958 
      BURREN 0.4814 0.2179 0.1873 0.1134 
     CABARET 0.1159 0.0086 0.5510 0.3244 
      CAESAR 0.2519 0.6279 0.1108 0.0094 
        CARA 0.6953 0.0123 0.2597 0.0328 
 CARLINGFORD 0.4913 0.1868 0.2129 0.1090 
  CASABLANCA 0.4916 0.1283 0.3680 0.0121 
      CELINE 0.3744 0.3664 0.1341 0.1251 
  CHALLENGER 0.1174 0.4378 0.2239 0.2209 
   CHARLOTTE 0.0193 0.6015 0.2466 0.1325 
     CHICAGO 0.0181 0.3389 0.5377 0.1053 
   CHIEFTAIN 0.3918 0.2330 0.1489 0.2263 
      CHOPIN 0.3083 0.4983 0.0658 0.1276 
      CLARET 0.6472 0.0759 0.2421 0.0349 
      CORINE 0.4082 0.1841 0.2378 0.1699 
      COSMOS 0.2959 0.4080 0.1149 0.1812 
     COURAGE 0.3193 0.3922 0.1147 0.1739 
     COURLAN 0.3302 0.3185 0.1833 0.1680 
 CRAIGS_ROYA 0.5315 0.0109 0.3259 0.1316 
 CRAIGS_SNOW 0.3222 0.0466 0.1970 0.4343 
     CRAMOND 0.2545 0.1577 0.5562 0.0317 
 CRISPS_FOR_ 0.2143 0.4934 0.1628 0.1296 
    CROMWELL 0.0153 0.0593 0.6602 0.2651 
       D22/1 0.2056 0.0097 0.5334 0.2513 
       D23/3 0.1533 0.0435 0.4036 0.3996 
      D47-11 0.0128 0.0108 0.6670 0.3094 
       D49/1 0.0043 0.0396 0.7455 0.2106 
       DAISY 0.0252 0.2316 0.4887 0.2546 
 DARK_RED_NO 0.4219 0.2209 0.1087 0.2485 
     DARWINA 0.2361 0.4341 0.1040 0.2259 
     DESIREE 0.3382 0.4561 0.0142 0.1915 
       DITTA 0.1788 0.5543 0.0322 0.2348 
 DR._MCINTOS 0.5985 0.0669 0.1518 0.1828 
       DRAGA 0.4338 0.2901 0.1956 0.0805 
 DUKE_OF_YOR 0.3452 0.1216 0.0046 0.5286 
 DUNBAR_STAN 0.3575 0.0122 0.2006 0.4297 
     DUNDROD 0.1114 0.1248 0.5369 0.2268 
     ECLIPSE 0.1365 0.1653 0.1459 0.5523 
        EDEN 0.0186 0.0118 0.7189 0.2508 
 EDZELL_BLUE 0.2673 0.2166 0.1031 0.4130 
   ELISABETH 0.1204 0.6119 0.2374 0.0303 
     EMPEROR 0.2512 0.3581 0.2632 0.1274 
         EOS 0.1936 0.3914 0.3353 0.0797 
     EPICURE 0.2845 0.1724 0.0580 0.4850 
  ERNTESTOLZ 0.2520 0.3495 0.0578 0.3407 
      ESCORT 0.1582 0.5934 0.2173 0.0311 
   ESMERALDA 0.1894 0.4125 0.1997 0.1985 
      ESTIMA 0.1986 0.4343 0.1654 0.2017 
 EVE_BALFOUR 0.4562 0.0216 0.2786 0.2436 
   EXCALIBUR 0.3389 0.0651 0.5913 0.0047 
     EXQUISA 0.1351 0.6447 0.0261 0.1941 
    FESTIVAL 0.1462 0.6242 0.2012 0.0285 
      FIANNA 0.4828 0.3500 0.0927 0.0745 
   FIFTYFOLD 0.1355 0.1035 0.1398 0.6212 
     FONTANE 0.1227 0.5323 0.2181 0.1269 
   FORTYFOLD 0.2153 0.1102 0.0053 0.6691 
 FRONTIER_RU 0.2753 0.2449 0.1677 0.3120 
     G.81071 0.4173 0.1906 0.2477 0.1444 
     G.88661 0.3976 0.2462 0.3004 0.0557 
    G.886611 0.3856 0.2576 0.3387 0.0181 
  G.8867Y%12 0.5223 0.2645 0.1862 0.0271 
     G.88839 0.0420 0.8888 0.0274 0.0418 
     G.88842 0.3435 0.5581 0.0464 0.0520 
   GALACTICA 0.5390 0.1892 0.0301 0.2417 
      GEMSON 0.5153 0.0387 0.2178 0.2282 
  GL.76B/102 0.0506 0.3382 0.1772 0.4341 
   GL.76B/94 0.1884 0.2166 0.0095 0.5855 
  GL.77M/106 0.2585 0.1531 0.3936 0.1948 
   GL.78/166 0.1251 0.1246 0.0540 0.6963 
    GL.78/53 0.0121 0.1248 0.2909 0.5722 
    GL.78/97 0.0317 0.1876 0.1611 0.6196 
    GL.79/42 0.0064 0.2101 0.2123 0.5713 
    GL.79/45 0.0411 0.1835 0.1770 0.5985 
 GL.81_NT_25 0.0359 0.0128 0.5239 0.4274 
   GLADIATOR 0.3214 0.4460 0.1940 0.0387 
      GLAMIS 0.1807 0.2370 0.4816 0.1006 
 GOLDEN_MILL 0.1689 0.1151 0.6056 0.1104 
 GOLDEN_NUGG 0.3916 0.3863 0.1762 0.0458 
 GOLDEN_WOND 0.1075 0.1543 0.0878 0.6504 
     GRANOLA 0.0263 0.6375 0.2183 0.1179 
    H1H3_101 0.0047 0.0039 0.6224 0.3691 
      H1H3_3 0.2274 0.0458 0.4822 0.2447 
 HARBOROUGH_ 0.0679 0.1159 0.7964 0.0199 
   HARLEQUIN 0.0534 0.5148 0.2411 0.1906 
      HERMES 0.2509 0.4672 0.1014 0.1806 
 HIGHLAND_BU 0.0676 0.0264 0.0255 0.8805 
  HOME_GUARD 0.3572 0.0464 0.2709 0.3256 
     HORIZON 0.2011 0.3952 0.0943 0.3094 
   INNOVATOR 0.5391 0.0869 0.0099 0.3641 
 INTERNATION 0.0349 0.0099 0.0075 0.9478 
 ISLE_OF_JUR 0.2068 0.1329 0.5012 0.1591 
    JULIETTE 0.0246 0.8006 0.1068 0.0679 
     KARLENA 0.4488 0.1766 0.0828 0.2917 
 KERR'S_PINK 0.2724 0.0127 0.1426 0.5723 
     KESTREL 0.4212 0.0421 0.5247 0.0120 
       KIFLI 0.0083 0.6086 0.1996 0.1834 
 KING_EDWARD 0.0112 0.0419 0.1237 0.8232 
    KINGSTON 0.1110 0.1264 0.5544 0.2082 
 KUFRI_CHAND 0.3844 0.1696 0.1409 0.3051 
 KUFRI_JYOTI 0.4617 0.2344 0.1311 0.1728 
      KURODA 0.3654 0.4870 0.0411 0.1065 
 LADY_BALFOU 0.5110 0.0268 0.2809 0.1814 
 LADY_CHRIST 0.1776 0.3756 0.0801 0.3667 
 LADY_CLAIRE 0.1145 0.5854 0.0121 0.2880 
     LADY_JO 0.2210 0.3302 0.0206 0.4281 
 LADY_ROSETT 0.2424 0.3792 0.1759 0.2025 
    LIBERTAS 0.2805 0.3051 0.0127 0.4016 
       LINDA 0.0231 0.6794 0.0418 0.2557 
      LINTON 0.2704 0.3737 0.2218 0.1342 
 LINZER_DELI 0.0787 0.6023 0.0779 0.2412 
   LIONHEART 0.3460 0.4282 0.0854 0.1404 
   MADELEINE 0.1013 0.6431 0.1402 0.1153 
   MADINGLEY 0.2161 0.4843 0.2083 0.0913 
    MAJESTIC 0.5575 0.1201 0.1122 0.2102 
     MARABEL 0.2088 0.7009 0.0454 0.0449 
     MARFONA 0.3308 0.3188 0.0747 0.2757 
     MARILYN 0.2212 0.5680 0.0808 0.1300 
 MARIS_ANCHO 0.2428 0.3694 0.1111 0.2767 
  MARIS_BARD 0.4464 0.0184 0.2678 0.2674 
  MARIS_PEER 0.4629 0.0369 0.2407 0.2595 
 MARIS_PIPER 0.0068 0.0131 0.7961 0.1839 
     MARKIES 0.1285 0.6349 0.0459 0.1907 
      MAXINE 0.3241 0.0920 0.4767 0.1073 
      MEGARA 0.1040 0.6663 0.1056 0.1241 
      MELODY 0.2236 0.4332 0.1290 0.2141 
       MIDAS 0.0079 0.3247 0.5057 0.1617 
       MILVA 0.1190 0.5995 0.0501 0.2313 
        MIMI 0.2180 0.2682 0.3768 0.1370 
        MIRA 0.2462 0.4385 0.0179 0.2974 
       MOIRA 0.3159 0.3829 0.1073 0.1939 
    MONTROSE 0.0222 0.0355 0.6657 0.2766 
       MORAG 0.4675 0.0194 0.2643 0.2488 
      MORENE 0.3293 0.4138 0.0065 0.2503 
      MOZART 0.1517 0.6926 0.1502 0.0055 
 MYATT'S_ASH 0.0820 0.0899 0.0064 0.8217 
      NADINE 0.1764 0.2679 0.5325 0.0232 
       NAVAN 0.1461 0.0334 0.7284 0.0920 
 NDTX_4271_5 0.2473 0.2918 0.3397 0.1212 
      NICOLA 0.0311 0.7186 0.0088 0.2415 
     NOVELLA 0.3521 0.4643 0.1007 0.0828 
     OLYMPUS 0.2501 0.1337 0.4418 0.1744 
       OPERA 0.2609 0.4918 0.1913 0.0561 
   ORCHESTRA 0.0727 0.6187 0.1912 0.1175 
      ORIANA 0.4015 0.4332 0.0085 0.1568 
     OTHELLO 0.6472 0.0258 0.3051 0.0219 
     PALADIN 0.0324 0.0121 0.6667 0.2888 
       PANDA 0.0472 0.7316 0.1730 0.0481 
   PARAMOUNT 0.5607 0.2539 0.1068 0.0786 
    PATRONES 0.2620 0.3580 0.0760 0.3040 
 PENTLAND_AC 0.3419 0.2072 0.2225 0.2284 
 PENTLAND_BE 0.4147 0.0134 0.0304 0.5414 
 PENTLAND_CR 0.4359 0.1980 0.1991 0.1669 
 PENTLAND_DE 0.4712 0.0474 0.1709 0.3105 
 PENTLAND_IV 0.4614 0.1341 0.2425 0.1621 
 PENTLAND_JA 0.4958 0.1479 0.1265 0.2298 
 PENTLAND_MA 0.5095 0.2997 0.0380 0.1528 
 PENTLAND_SQ 0.4070 0.1492 0.1960 0.2479 
   PEPO_1978 0.0733 0.6150 0.1421 0.1696 
     PICASSO 0.6133 0.1849 0.1942 0.0075 
   PIMPERNEL 0.1775 0.4886 0.0851 0.2488 
     PIONEER 0.0235 0.6831 0.0917 0.2017 
       PIXIE 0.3335 0.1920 0.4656 0.0090 
    PREMIERE 0.2817 0.3021 0.0487 0.3675 
   PRODUCENT 0.1081 0.4824 0.2275 0.1819 
     PROVOST 0.4672 0.1929 0.1125 0.2273 
  R.P.LUSTRE 0.1635 0.2296 0.2969 0.3100 
 RANGER_RUSS 0.5308 0.0488 0.0044 0.4160 
       RATTE 0.0247 0.2018 0.2389 0.5346 
      RECORD 0.2255 0.4019 0.0070 0.3656 
   REMBRANDT 0.1905 0.4360 0.1275 0.2460 
    RIO_ROJO 0.4144 0.2519 0.1622 0.1716 
      ROBIJN 0.1514 0.4759 0.0073 0.3653 
      ROCKET 0.1819 0.0237 0.5550 0.2394 
   RODE_STAR 0.0097 0.5135 0.0484 0.4284 
      ROMANO 0.4057 0.4492 0.1170 0.0281 
       ROMEO 0.3485 0.2470 0.1956 0.2089 
     ROOSTER 0.4281 0.2141 0.1842 0.1736 
       ROYAL 0.0181 0.4512 0.3843 0.1464 
 ROYAL_KIDNE 0.4124 0.0073 0.0053 0.5750 
     RUBESSE 0.2904 0.4533 0.1140 0.1423 
 RUSSET_BURB 0.4524 0.1647 0.0674 0.3155 
 RUSSET_NORK 0.3766 0.1917 0.1658 0.2659 
      SAFARI 0.4304 0.4452 0.0833 0.0410 
     SANTANA 0.2783 0.3801 0.1472 0.1944 
       SANTE 0.1890 0.4652 0.1984 0.1473 
     SAPHIRE 0.3829 0.4145 0.1254 0.0772 
  SARPO_MIRA 0.1019 0.5683 0.1241 0.2057 
 SARPO_SHONA 0.1334 0.6253 0.1200 0.1213 
       SASSY 0.2236 0.3410 0.1148 0.3206 
     SATURNA 0.0152 0.6008 0.0468 0.3372 
        SAVA 0.1401 0.5685 0.1763 0.1151 
       SAXON 0.1421 0.0847 0.6165 0.1567 
 SCARBOROUGH 0.0261 0.0666 0.8278 0.0794 
 SEFTON_WOND 0.2642 0.0065 0.1870 0.5422 
    SERAFINA 0.1645 0.6131 0.0620 0.1604 
     SETANTA 0.3110 0.2146 0.4143 0.0601 
 SHARPE'S_EX 0.0873 0.1123 0.1177 0.6827 
     SHELAGH 0.3359 0.1327 0.2261 0.3052 
    SHELFORD 0.2649 0.4283 0.0556 0.2512 
     SHEPODY 0.6037 0.0188 0.0097 0.3679 
      SLANEY 0.4658 0.1077 0.4140 0.0125 
        SPEY 0.5194 0.0773 0.3980 0.0053 
      SPUNTA 0.1816 0.3765 0.2112 0.2306 
     STAMINA 0.2901 0.0255 0.6772 0.0073 
    STEMSTER 0.1327 0.3026 0.3420 0.2227 
 STORMONT_EN 0.3336 0.2115 0.1881 0.2668 
    STIRLING 0.5723 0.1319 0.2764 0.0194 
     SYLVANA 0.3205 0.3837 0.1420 0.1538 
         TAY 0.2999 0.1341 0.5529 0.0131 
      TIMATE 0.0333 0.6800 0.1771 0.1097 
      TOLUCA 0.2999 0.5898 0.0231 0.0872 
    TORRIDON 0.4250 0.3066 0.1033 0.1651 
 ULSTER_SCEP 0.4206 0.0348 0.3534 0.1912 
 UMATILLA_RU 0.0871 0.1363 0.3419 0.4346 
 VALES_EMERA 0.1145 0.4120 0.3531 0.1204 
 VALES_EVERE 0.4536 0.0244 0.3879 0.1340 
 VALES_RUSSE 0.3353 0.1811 0.0922 0.3913 
 VALES_SOVER 0.5634 0.0107 0.4212 0.0047 
       VALOR 0.4789 0.0445 0.4721 0.0045 
    VAN_GOGH 0.1520 0.5139 0.1105 0.2235 
     VANTAGE 0.3023 0.2358 0.0165 0.4454 
       VERDI 0.1044 0.5142 0.1362 0.2452 
    VICTORIA 0.2791 0.4890 0.0683 0.1636 
     VIVALDI 0.4171 0.4648 0.0065 0.1116 
       WILJA 0.3964 0.2721 0.0130 0.3185 
     WINSTON 0.2867 0.1546 0.5490 0.0097 
      XD2-21 0.4585 0.0935 0.1737 0.2744 
  YUKON_GOLD 0.2702 0.3701 0.3135 0.0462 
       ZORBA 0.4238 0.2962 0.0278 0.2522 
