  00C133-020 0.3572 0.0245 0.5917 0.0266 
 01C_071-002 0.2951 0.2026 0.2329 0.2694 
 02M_012-001 0.0263 0.1971 0.6369 0.1397 
 03M_016-002 0.1234 0.4919 0.3687 0.0159 
 03M_034-002 0.1941 0.2118 0.5671 0.0270 
 04C_055-004 0.0498 0.1068 0.5209 0.3225 
 04C_126-005 0.3891 0.1070 0.3816 0.1223 
 04M_034-013 0.0633 0.3215 0.4920 0.1232 
 05M_002-001 0.2061 0.1995 0.1709 0.4236 
 05M_004-003 0.3418 0.0272 0.2466 0.3845 
 05M_012-004 0.4267 0.1247 0.2470 0.2016 
 06C_127-002 0.2196 0.0656 0.4341 0.2807 
 12288_AF_23 0.3075 0.0311 0.5063 0.1551 
    12601AB1 0.0167 0.4770 0.4956 0.0106 
   12636_A_2 0.2121 0.2328 0.5457 0.0094 
  15119_AC_5 0.5010 0.2041 0.2905 0.0045 
     1512C16 0.4271 0.3416 0.0822 0.1490 
   15144_A_3 0.6052 0.0323 0.1518 0.2106 
     1563C14 0.1078 0.5152 0.0404 0.3366 
     2182EF7 0.5828 0.1264 0.1885 0.1022 
     3681AD1 0.4633 0.1148 0.1179 0.3040 
     5008AB6 0.3490 0.1209 0.1365 0.3935 
    8204_A_4 0.4837 0.0415 0.2993 0.1755 
       AGRIA 0.0447 0.1332 0.1087 0.7134 
       AILSA 0.0449 0.1683 0.6370 0.1498 
      ALMERA 0.2637 0.1210 0.0823 0.5329 
       ALPHA 0.2232 0.3130 0.0593 0.4045 
      ALWARA 0.3502 0.0749 0.0982 0.4767 
      AMADRA 0.0705 0.2099 0.2483 0.4713 
       AMOUR 0.4288 0.0475 0.4946 0.0291 
        ANNA 0.7780 0.1159 0.1009 0.0052 
   ANNABELLE 0.1475 0.0860 0.0380 0.7286 
        ANYA 0.1309 0.2433 0.1252 0.5005 
       ARGOS 0.5956 0.0189 0.3173 0.0683 
     ARIELLE 0.2168 0.1763 0.0498 0.5571 
      ARKULA 0.3035 0.1980 0.0265 0.4720 
      ARMADA 0.2598 0.1969 0.1316 0.4118 
   AVALANCHE 0.2684 0.1161 0.4468 0.1687 
     BAILLIE 0.2267 0.0531 0.5242 0.1961 
    BALMORAL 0.6997 0.0985 0.1004 0.1013 
     BAMBINO 0.2867 0.0364 0.5617 0.1152 
       BARNA 0.4733 0.0591 0.2097 0.2579 
 BELLE_DE_FO 0.0810 0.9072 0.0042 0.0076 
       BENOL 0.0416 0.2126 0.6302 0.1156 
       BF_15 0.0802 0.7658 0.0058 0.1482 
      BINTJE 0.2591 0.4356 0.0889 0.2164 
 BIONICA_EX_ 0.3333 0.1822 0.1826 0.3018 
 BLUE_DANUBE 0.3492 0.2310 0.0359 0.3839 
      BONNIE 0.3295 0.0587 0.3196 0.2922 
      BOUNTY 0.3316 0.0366 0.5170 0.1148 
 BRITISH_QUE 0.4042 0.5637 0.0110 0.0211 
     BRODICK 0.1225 0.0205 0.6518 0.2052 
      BRODIE 0.6612 0.1253 0.2025 0.0109 
      BUCHAN 0.5564 0.0933 0.2913 0.0589 
      BURREN 0.4849 0.1143 0.1835 0.2173 
     CABARET 0.1164 0.3259 0.5490 0.0087 
      CAESAR 0.2484 0.0090 0.1105 0.6321 
        CARA 0.6996 0.0330 0.2543 0.0132 
 CARLINGFORD 0.4872 0.1125 0.2114 0.1888 
  CASABLANCA 0.4921 0.0110 0.3681 0.1287 
      CELINE 0.3741 0.1228 0.1300 0.3731 
  CHALLENGER 0.1118 0.2209 0.2242 0.4431 
   CHARLOTTE 0.0190 0.1299 0.2480 0.6031 
     CHICAGO 0.0187 0.1013 0.5365 0.3435 
   CHIEFTAIN 0.3871 0.2274 0.1420 0.2435 
      CHOPIN 0.3034 0.1273 0.0667 0.5027 
      CLARET 0.6556 0.0366 0.2392 0.0686 
      CORINE 0.4109 0.1706 0.2329 0.1856 
      COSMOS 0.2954 0.1771 0.1135 0.4139 
     COURAGE 0.3180 0.1723 0.1088 0.4009 
     COURLAN 0.3262 0.1678 0.1823 0.3236 
 CRAIGS_ROYA 0.5305 0.1318 0.3230 0.0147 
 CRAIGS_SNOW 0.3197 0.4360 0.1903 0.0540 
     CRAMOND 0.2615 0.0276 0.5561 0.1548 
 CRISPS_FOR_ 0.2106 0.1308 0.1601 0.4985 
    CROMWELL 0.0149 0.2591 0.6601 0.0659 
       D22/1 0.2073 0.2518 0.5308 0.0101 
       D23/3 0.1477 0.3985 0.4033 0.0505 
      D47-11 0.0142 0.3100 0.6667 0.0091 
       D49/1 0.0042 0.2118 0.7463 0.0377 
       DAISY 0.0210 0.2545 0.4910 0.2335 
 DARK_RED_NO 0.4184 0.2524 0.1050 0.2242 
     DARWINA 0.2315 0.2246 0.1028 0.4411 
     DESIREE 0.3338 0.1897 0.0166 0.4599 
       DITTA 0.1716 0.2332 0.0333 0.5619 
 DR._MCINTOS 0.5909 0.1847 0.1441 0.0803 
       DRAGA 0.4348 0.0802 0.1912 0.2937 
 DUKE_OF_YOR 0.3386 0.5237 0.0047 0.1329 
 DUNBAR_STAN 0.3567 0.4336 0.1962 0.0135 
     DUNDROD 0.1087 0.2293 0.5380 0.1241 
     ECLIPSE 0.1283 0.5525 0.1458 0.1734 
        EDEN 0.0174 0.2515 0.7205 0.0106 
 EDZELL_BLUE 0.2687 0.4141 0.0964 0.2208 
   ELISABETH 0.1176 0.0302 0.2382 0.6140 
     EMPEROR 0.2454 0.1289 0.2589 0.3669 
         EOS 0.1874 0.0771 0.3353 0.4002 
     EPICURE 0.2799 0.4860 0.0578 0.1763 
  ERNTESTOLZ 0.2478 0.3426 0.0545 0.3551 
      ESCORT 0.1538 0.0291 0.2169 0.6001 
   ESMERALDA 0.1832 0.1982 0.2012 0.4174 
      ESTIMA 0.1905 0.1977 0.1682 0.4436 
 EVE_BALFOUR 0.4610 0.2450 0.2759 0.0181 
   EXCALIBUR 0.3464 0.0054 0.5913 0.0569 
     EXQUISA 0.1296 0.1974 0.0243 0.6488 
    FESTIVAL 0.1372 0.0291 0.2023 0.6314 
      FIANNA 0.4802 0.0805 0.0870 0.3523 
   FIFTYFOLD 0.1359 0.6228 0.1350 0.1063 
     FONTANE 0.1131 0.1285 0.2184 0.5400 
   FORTYFOLD 0.2054 0.6704 0.0054 0.1188 
 FRONTIER_RU 0.2689 0.3103 0.1661 0.2547 
     G.81071 0.4201 0.1438 0.2455 0.1906 
     G.88661 0.3953 0.0514 0.2983 0.2550 
    G.886611 0.3792 0.0174 0.3387 0.2647 
  G.8867Y%12 0.5184 0.0277 0.1820 0.2718 
     G.88839 0.0393 0.0383 0.0303 0.8921 
     G.88842 0.3374 0.0513 0.0503 0.5609 
   GALACTICA 0.5389 0.2415 0.0284 0.1912 
      GEMSON 0.5110 0.2302 0.2131 0.0457 
  GL.76B/102 0.0403 0.4299 0.1805 0.3493 
   GL.76B/94 0.1823 0.5852 0.0094 0.2232 
  GL.77M/106 0.2590 0.1928 0.3923 0.1559 
   GL.78/166 0.1262 0.6986 0.0480 0.1271 
    GL.78/53 0.0089 0.5723 0.2899 0.1289 
    GL.78/97 0.0295 0.6224 0.1578 0.1904 
    GL.79/42 0.0065 0.5684 0.2094 0.2157 
    GL.79/45 0.0391 0.6002 0.1743 0.1865 
 GL.81_NT_25 0.0366 0.4310 0.5204 0.0121 
   GLADIATOR 0.3167 0.0391 0.1934 0.4508 
      GLAMIS 0.1780 0.0983 0.4818 0.2420 
 GOLDEN_MILL 0.1679 0.1103 0.6039 0.1179 
 GOLDEN_NUGG 0.3900 0.0395 0.1770 0.3934 
 GOLDEN_WOND 0.1026 0.6550 0.0860 0.1564 
     GRANOLA 0.0238 0.1171 0.2165 0.6426 
    H1H3_101 0.0050 0.3710 0.6206 0.0034 
      H1H3_3 0.2222 0.2456 0.4840 0.0482 
 HARBOROUGH_ 0.0691 0.0182 0.7954 0.1173 
   HARLEQUIN 0.0502 0.1888 0.2407 0.5202 
      HERMES 0.2461 0.1802 0.1000 0.4737 
 HIGHLAND_BU 0.0643 0.8836 0.0239 0.0281 
  HOME_GUARD 0.3558 0.3260 0.2694 0.0488 
     HORIZON 0.1947 0.3108 0.0928 0.4017 
   INNOVATOR 0.5326 0.3638 0.0088 0.0947 
 INTERNATION 0.0294 0.9520 0.0069 0.0116 
 ISLE_OF_JUR 0.2067 0.1609 0.5027 0.1297 
    JULIETTE 0.0246 0.0697 0.1080 0.7977 
     KARLENA 0.4542 0.2985 0.0690 0.1783 
 KERR'S_PINK 0.2700 0.5745 0.1407 0.0148 
     KESTREL 0.4245 0.0121 0.5238 0.0396 
       KIFLI 0.0102 0.1787 0.1966 0.6145 
 KING_EDWARD 0.0102 0.8238 0.1231 0.0428 
    KINGSTON 0.1112 0.2060 0.5519 0.1309 
 KUFRI_CHAND 0.3786 0.3052 0.1367 0.1794 
 KUFRI_JYOTI 0.4616 0.1746 0.1227 0.2410 
      KURODA 0.3633 0.1059 0.0390 0.4917 
 LADY_BALFOU 0.5092 0.1832 0.2739 0.0337 
 LADY_CHRIST 0.1741 0.3670 0.0780 0.3809 
 LADY_CLAIRE 0.1083 0.2884 0.0128 0.5905 
     LADY_JO 0.2143 0.4253 0.0221 0.3383 
 LADY_ROSETT 0.2419 0.2025 0.1726 0.3830 
    LIBERTAS 0.2780 0.4035 0.0091 0.3095 
       LINDA 0.0224 0.2515 0.0449 0.6812 
      LINTON 0.2655 0.1355 0.2188 0.3802 
 LINZER_DELI 0.0679 0.2395 0.0814 0.6112 
   LIONHEART 0.3426 0.1404 0.0825 0.4345 
   MADELEINE 0.0970 0.1146 0.1428 0.6457 
   MADINGLEY 0.2141 0.0949 0.2058 0.4852 
    MAJESTIC 0.5521 0.2141 0.1068 0.1271 
     MARABEL 0.2035 0.0424 0.0480 0.7062 
     MARFONA 0.3283 0.2753 0.0701 0.3263 
     MARILYN 0.2208 0.1278 0.0816 0.5697 
 MARIS_ANCHO 0.2339 0.2774 0.1104 0.3783 
  MARIS_BARD 0.4437 0.2665 0.2637 0.0261 
  MARIS_PEER 0.4622 0.2626 0.2380 0.0372 
 MARIS_PIPER 0.0064 0.1813 0.7971 0.0152 
     MARKIES 0.1221 0.1889 0.0479 0.6411 
      MAXINE 0.3194 0.1126 0.4757 0.0924 
      MEGARA 0.1021 0.1207 0.1042 0.6730 
      MELODY 0.2204 0.2118 0.1283 0.4395 
       MIDAS 0.0085 0.1587 0.5082 0.3246 
       MILVA 0.1135 0.2290 0.0548 0.6026 
        MIMI 0.2107 0.1336 0.3790 0.2767 
        MIRA 0.2439 0.2965 0.0174 0.4421 
       MOIRA 0.3125 0.1934 0.1055 0.3886 
    MONTROSE 0.0179 0.2755 0.6656 0.0410 
       MORAG 0.4673 0.2502 0.2609 0.0216 
      MORENE 0.3255 0.2498 0.0060 0.4187 
      MOZART 0.1488 0.0055 0.1526 0.6931 
 MYATT'S_ASH 0.0784 0.8208 0.0060 0.0948 
      NADINE 0.1707 0.0168 0.5332 0.2792 
       NAVAN 0.1431 0.0866 0.7280 0.0423 
 NDTX_4271_5 0.2443 0.1198 0.3400 0.2959 
      NICOLA 0.0242 0.2419 0.0079 0.7260 
     NOVELLA 0.3535 0.0772 0.0993 0.4700 
     OLYMPUS 0.2506 0.1789 0.4373 0.1332 
       OPERA 0.2576 0.0603 0.1848 0.4973 
   ORCHESTRA 0.0708 0.1178 0.1917 0.6198 
      ORIANA 0.3966 0.1542 0.0079 0.4412 
     OTHELLO 0.6488 0.0198 0.3004 0.0310 
     PALADIN 0.0289 0.2905 0.6667 0.0139 
       PANDA 0.0372 0.0438 0.1798 0.7391 
   PARAMOUNT 0.5623 0.0756 0.1055 0.2567 
    PATRONES 0.2555 0.3047 0.0744 0.3653 
 PENTLAND_AC 0.3402 0.2275 0.2192 0.2131 
 PENTLAND_BE 0.4122 0.5446 0.0268 0.0164 
 PENTLAND_CR 0.4376 0.1612 0.1922 0.2091 
 PENTLAND_DE 0.4700 0.3135 0.1693 0.0472 
 PENTLAND_IV 0.4619 0.1625 0.2382 0.1374 
 PENTLAND_JA 0.4936 0.2325 0.1232 0.1507 
 PENTLAND_MA 0.5120 0.1539 0.0286 0.3055 
 PENTLAND_SQ 0.4083 0.2466 0.1895 0.1556 
   PEPO_1978 0.0737 0.1687 0.1388 0.6188 
     PICASSO 0.6156 0.0072 0.1907 0.1865 
   PIMPERNEL 0.1747 0.2464 0.0880 0.4909 
     PIONEER 0.0193 0.1968 0.0962 0.6877 
       PIXIE 0.3336 0.0100 0.4620 0.1944 
    PREMIERE 0.2813 0.3722 0.0418 0.3048 
   PRODUCENT 0.1050 0.1795 0.2278 0.4878 
     PROVOST 0.4648 0.2284 0.1056 0.2012 
  R.P.LUSTRE 0.1611 0.3116 0.2949 0.2323 
 RANGER_RUSS 0.5196 0.4174 0.0042 0.0588 
       RATTE 0.0206 0.5361 0.2377 0.2056 
      RECORD 0.2222 0.3654 0.0074 0.4050 
   REMBRANDT 0.1829 0.2468 0.1280 0.4422 
    RIO_ROJO 0.4071 0.1710 0.1619 0.2600 
      ROBIJN 0.1522 0.3643 0.0066 0.4769 
      ROCKET 0.1823 0.2399 0.5531 0.0247 
   RODE_STAR 0.0126 0.4265 0.0500 0.5108 
      ROMANO 0.4077 0.0335 0.1151 0.4437 
       ROMEO 0.3485 0.2083 0.1913 0.2520 
     ROOSTER 0.4254 0.1735 0.1808 0.2203 
       ROYAL 0.0155 0.1459 0.3865 0.4521 
 ROYAL_KIDNE 0.4098 0.5780 0.0050 0.0073 
     RUBESSE 0.2831 0.1430 0.1131 0.4608 
 RUSSET_BURB 0.4507 0.3165 0.0617 0.1710 
 RUSSET_NORK 0.3685 0.2674 0.1608 0.2032 
      SAFARI 0.4287 0.0386 0.0809 0.4517 
     SANTANA 0.2728 0.1941 0.1458 0.3874 
       SANTE 0.1856 0.1475 0.1968 0.4701 
     SAPHIRE 0.3795 0.0755 0.1197 0.4252 
  SARPO_MIRA 0.0976 0.2071 0.1223 0.5731 
 SARPO_SHONA 0.1293 0.1232 0.1177 0.6299 
       SASSY 0.2177 0.3208 0.1157 0.3458 
     SATURNA 0.0131 0.3338 0.0477 0.6054 
        SAVA 0.1310 0.1140 0.1804 0.5746 
       SAXON 0.1431 0.1524 0.6153 0.0892 
 SCARBOROUGH 0.0247 0.0828 0.8261 0.0665 
 SEFTON_WOND 0.2623 0.5445 0.1859 0.0073 
    SERAFINA 0.1632 0.1595 0.0595 0.6178 
     SETANTA 0.3115 0.0611 0.4136 0.2139 
 SHARPE'S_EX 0.0835 0.6826 0.1152 0.1187 
     SHELAGH 0.3389 0.3073 0.2216 0.1322 
    SHELFORD 0.2567 0.2516 0.0579 0.4339 
     SHEPODY 0.6005 0.3701 0.0103 0.0191 
      SLANEY 0.4676 0.0136 0.4103 0.1085 
        SPEY 0.5190 0.0056 0.3932 0.0823 
      SPUNTA 0.1810 0.2314 0.2111 0.3764 
     STAMINA 0.2912 0.0077 0.6751 0.0260 
    STEMSTER 0.1312 0.2241 0.3412 0.3035 
 STORMONT_EN 0.3252 0.2684 0.1900 0.2164 
    STIRLING 0.5688 0.0208 0.2695 0.1408 
     SYLVANA 0.3168 0.1510 0.1464 0.3859 
         TAY 0.3038 0.0126 0.5507 0.1328 
      TIMATE 0.0286 0.1094 0.1753 0.6867 
      TOLUCA 0.2968 0.0916 0.0208 0.5908 
    TORRIDON 0.4253 0.1672 0.1004 0.3071 
 ULSTER_SCEP 0.4188 0.1916 0.3528 0.0367 
 UMATILLA_RU 0.0844 0.4358 0.3424 0.1374 
 VALES_EMERA 0.1140 0.1226 0.3530 0.4104 
 VALES_EVERE 0.4600 0.1319 0.3866 0.0215 
 VALES_RUSSE 0.3287 0.3936 0.0879 0.1898 
 VALES_SOVER 0.5678 0.0050 0.4166 0.0106 
       VALOR 0.4847 0.0044 0.4704 0.0405 
    VAN_GOGH 0.1443 0.2221 0.1142 0.5195 
     VANTAGE 0.2987 0.4461 0.0147 0.2404 
       VERDI 0.1012 0.2427 0.1379 0.5181 
    VICTORIA 0.2746 0.1626 0.0656 0.4973 
     VIVALDI 0.4151 0.1088 0.0070 0.4692 
       WILJA 0.3927 0.3177 0.0120 0.2776 
     WINSTON 0.2866 0.0102 0.5480 0.1552 
      XD2-21 0.4544 0.2731 0.1730 0.0995 
  YUKON_GOLD 0.2643 0.0474 0.3112 0.3771 
       ZORBA 0.4186 0.2522 0.0245 0.3046 
