  00C133-020 0.1803 0.7445 0.0752 
 01C_071-002 0.4366 0.3260 0.2375 
 02M_012-001 0.0938 0.6199 0.2863 
 03M_016-002 0.0668 0.3930 0.5401 
 03M_034-002 0.0855 0.6314 0.2832 
 04C_055-004 0.2920 0.5167 0.1914 
 04C_126-005 0.3200 0.5311 0.1489 
 04M_034-013 0.1339 0.4834 0.3827 
 05M_002-001 0.5352 0.2225 0.2422 
 05M_004-003 0.5648 0.3722 0.0630 
 05M_012-004 0.4526 0.4066 0.1408 
 06C_127-002 0.3643 0.5116 0.1241 
 12288_AF_23 0.2998 0.6272 0.0731 
    12601AB1 0.0122 0.4523 0.5355 
   12636_A_2 0.0566 0.6456 0.2978 
  15119_AC_5 0.1517 0.5756 0.2727 
     1512C16 0.4397 0.2189 0.3414 
   15144_A_3 0.5670 0.3999 0.0332 
     1563C14 0.4173 0.0573 0.5254 
     2182EF7 0.4687 0.4060 0.1253 
     3681AD1 0.5960 0.2791 0.1249 
     5008AB6 0.5904 0.2579 0.1517 
    8204_A_4 0.4547 0.4831 0.0622 
       AGRIA 0.7201 0.1012 0.1787 
       AILSA 0.1114 0.6298 0.2587 
      ALMERA 0.6861 0.1567 0.1572 
       ALPHA 0.5469 0.1166 0.3365 
      ALWARA 0.6796 0.2179 0.1025 
      AMADRA 0.4893 0.2540 0.2568 
       AMOUR 0.2284 0.6876 0.0841 
        ANNA 0.3706 0.4919 0.1375 
   ANNABELLE 0.7981 0.0643 0.1376 
        ANYA 0.5698 0.1639 0.2663 
       ARGOS 0.4045 0.5751 0.0205 
     ARIELLE 0.6875 0.1082 0.2043 
      ARKULA 0.6758 0.1130 0.2112 
      ARMADA 0.5664 0.2058 0.2278 
   AVALANCHE 0.3000 0.5306 0.1694 
     BAILLIE 0.2836 0.5975 0.1190 
    BALMORAL 0.5399 0.3908 0.0693 
     BAMBINO 0.2285 0.6722 0.0994 
       BARNA 0.5360 0.3870 0.0770 
 BELLE_DE_FO 0.0844 0.0093 0.9063 
       BENOL 0.0784 0.6236 0.2979 
       BF_15 0.2388 0.0081 0.7531 
      BINTJE 0.4019 0.1586 0.4395 
 BIONICA_EX_ 0.4981 0.2912 0.2107 
 BLUE_DANUBE 0.6208 0.1343 0.2449 
      BONNIE 0.4605 0.4414 0.0981 
      BOUNTY 0.2652 0.6487 0.0861 
 BRITISH_QUE 0.3318 0.1253 0.5429 
     BRODICK 0.2132 0.6990 0.0878 
      BRODIE 0.3744 0.4792 0.1465 
      BUCHAN 0.3761 0.5129 0.1110 
      BURREN 0.5022 0.3767 0.1211 
     CABARET 0.0213 0.5846 0.3942 
      CAESAR 0.7800 0.2012 0.0188 
        CARA 0.3927 0.5630 0.0443 
 CARLINGFORD 0.4917 0.3847 0.1236 
  CASABLANCA 0.3988 0.5786 0.0226 
      CELINE 0.5932 0.2617 0.1451 
  CHALLENGER 0.4966 0.2416 0.2619 
   CHARLOTTE 0.5597 0.2412 0.1991 
     CHICAGO 0.2848 0.5160 0.1991 
   CHIEFTAIN 0.4878 0.2806 0.2316 
      CHOPIN 0.6898 0.1577 0.1526 
      CLARET 0.4541 0.5002 0.0457 
      CORINE 0.4279 0.3823 0.1898 
      COSMOS 0.6024 0.1986 0.1990 
     COURAGE 0.6013 0.2027 0.1960 
     COURLAN 0.5166 0.2975 0.1859 
 CRAIGS_ROYA 0.2990 0.5529 0.1481 
 CRAIGS_SNOW 0.2669 0.2876 0.4455 
     CRAMOND 0.2607 0.6473 0.0920 
 CRISPS_FOR_ 0.6097 0.2290 0.1613 
    CROMWELL 0.0276 0.6129 0.3594 
       D22/1 0.0543 0.6176 0.3281 
       D23/3 0.1262 0.4357 0.4381 
      D47-11 0.0094 0.6077 0.3829 
       D49/1 0.0114 0.6627 0.3259 
       DAISY 0.1971 0.4664 0.3365 
 DARK_RED_NO 0.5039 0.2429 0.2532 
     DARWINA 0.5822 0.1606 0.2572 
     DESIREE 0.6865 0.1106 0.2029 
       DITTA 0.6757 0.0659 0.2585 
 DR._MCINTOS 0.4689 0.3496 0.1815 
       DRAGA 0.5589 0.3415 0.0996 
 DUKE_OF_YOR 0.4472 0.0343 0.5185 
 DUNBAR_STAN 0.2125 0.3395 0.4479 
     DUNDROD 0.1510 0.5550 0.2940 
     ECLIPSE 0.2802 0.1633 0.5565 
        EDEN 0.0084 0.6613 0.3303 
 EDZELL_BLUE 0.4013 0.1724 0.4263 
   ELISABETH 0.6551 0.2683 0.0767 
     EMPEROR 0.4958 0.3454 0.1588 
         EOS 0.4778 0.3940 0.1282 
     EPICURE 0.3925 0.1230 0.4845 
  ERNTESTOLZ 0.5242 0.1238 0.3519 
      ESCORT 0.6556 0.2737 0.0707 
   ESMERALDA 0.5120 0.2525 0.2355 
      ESTIMA 0.5554 0.2110 0.2336 
 EVE_BALFOUR 0.2710 0.4610 0.2681 
   EXCALIBUR 0.2267 0.7640 0.0093 
     EXQUISA 0.7267 0.0416 0.2317 
    FESTIVAL 0.6875 0.2401 0.0723 
      FIANNA 0.6525 0.2540 0.0935 
   FIFTYFOLD 0.2146 0.1568 0.6286 
     FONTANE 0.5859 0.2448 0.1693 
   FORTYFOLD 0.3275 0.0135 0.6591 
 FRONTIER_RU 0.4276 0.2471 0.3253 
     G.81071 0.4361 0.4007 0.1631 
     G.88661 0.4776 0.4422 0.0801 
    G.886611 0.4783 0.4895 0.0322 
  G.8867Y%12 0.5873 0.3756 0.0371 
     G.88839 0.8853 0.0221 0.0925 
     G.88842 0.7660 0.1578 0.0763 
   GALACTICA 0.5458 0.2279 0.2264 
      GEMSON 0.3697 0.3998 0.2306 
  GL.76B/102 0.3671 0.1594 0.4735 
   GL.76B/94 0.3873 0.0216 0.5910 
  GL.77M/106 0.2777 0.4883 0.2339 
   GL.78/166 0.2387 0.0555 0.7058 
    GL.78/53 0.1075 0.2714 0.6211 
    GL.78/97 0.2139 0.1410 0.6451 
    GL.79/42 0.1946 0.1943 0.6112 
    GL.79/45 0.2164 0.1568 0.6268 
 GL.81_NT_25 0.0157 0.4912 0.4931 
   GLADIATOR 0.6343 0.2990 0.0667 
      GLAMIS 0.3026 0.5279 0.1695 
 GOLDEN_MILL 0.1582 0.6591 0.1827 
 GOLDEN_NUGG 0.6217 0.3158 0.0625 
 GOLDEN_WOND 0.2484 0.0968 0.6548 
     GRANOLA 0.6164 0.2143 0.1693 
    H1H3_101 0.0041 0.5293 0.4666 
      H1H3_3 0.1481 0.5559 0.2960 
 HARBOROUGH_ 0.0831 0.8153 0.1016 
   HARLEQUIN 0.5085 0.2539 0.2376 
      HERMES 0.6186 0.1678 0.2136 
 HIGHLAND_BU 0.0992 0.0192 0.8816 
  HOME_GUARD 0.2746 0.3897 0.3358 
     HORIZON 0.5276 0.1330 0.3395 
   INNOVATOR 0.5162 0.1496 0.3341 
 INTERNATION 0.0400 0.0103 0.9498 
 ISLE_OF_JUR 0.2150 0.5613 0.2237 
    JULIETTE 0.7686 0.0984 0.1330 
     KARLENA 0.4788 0.2361 0.2851 
 KERR'S_PINK 0.1909 0.2234 0.5857 
     KESTREL 0.2607 0.7134 0.0259 
       KIFLI 0.5715 0.1758 0.2527 
 KING_EDWARD 0.0692 0.0948 0.8361 
    KINGSTON 0.1447 0.5813 0.2740 
 KUFRI_CHAND 0.4356 0.2533 0.3111 
 KUFRI_JYOTI 0.5372 0.2826 0.1803 
      KURODA 0.7211 0.1554 0.1235 
 LADY_BALFOU 0.3212 0.4812 0.1976 
 LADY_CHRIST 0.4993 0.1159 0.3847 
 LADY_CLAIRE 0.6586 0.0128 0.3285 
     LADY_JO 0.5102 0.0462 0.4437 
 LADY_ROSETT 0.5349 0.2355 0.2295 
    LIBERTAS 0.5359 0.0485 0.4155 
       LINDA 0.6708 0.0437 0.2856 
      LINTON 0.5228 0.3091 0.1682 
 LINZER_DELI 0.6380 0.0923 0.2696 
   LIONHEART 0.6493 0.1929 0.1578 
   MADELEINE 0.6764 0.1611 0.1625 
   MADINGLEY 0.5932 0.2685 0.1383 
    MAJESTIC 0.4927 0.2997 0.2075 
     MARABEL 0.8161 0.0938 0.0901 
     MARFONA 0.5427 0.1720 0.2853 
     MARILYN 0.6935 0.1492 0.1573 
 MARIS_ANCHO 0.5286 0.1749 0.2965 
  MARIS_BARD 0.2727 0.4436 0.2837 
  MARIS_PEER 0.3248 0.4077 0.2675 
 MARIS_PIPER 0.0077 0.7180 0.2743 
     MARKIES 0.7117 0.0607 0.2276 
      MAXINE 0.2592 0.5899 0.1509 
      MEGARA 0.7112 0.1171 0.1717 
      MELODY 0.5703 0.1855 0.2442 
       MIDAS 0.2588 0.4743 0.2668 
       MILVA 0.6659 0.0674 0.2667 
        MIMI 0.3725 0.4449 0.1827 
        MIRA 0.6164 0.0555 0.3281 
       MOIRA 0.5720 0.2096 0.2184 
    MONTROSE 0.0165 0.6301 0.3534 
       MORAG 0.2883 0.4403 0.2714 
      MORENE 0.6914 0.0382 0.2704 
      MOZART 0.7734 0.2148 0.0118 
 MYATT'S_ASH 0.1899 0.0071 0.8030 
      NADINE 0.3261 0.5999 0.0740 
       NAVAN 0.0584 0.7637 0.1779 
 NDTX_4271_5 0.4248 0.4247 0.1505 
      NICOLA 0.7210 0.0079 0.2712 
     NOVELLA 0.6847 0.2157 0.0995 
     OLYMPUS 0.2609 0.5250 0.2140 
       OPERA 0.6283 0.2735 0.0982 
   ORCHESTRA 0.6339 0.1956 0.1705 
      ORIANA 0.7406 0.0778 0.1816 
     OTHELLO 0.3884 0.5804 0.0313 
     PALADIN 0.0125 0.6322 0.3553 
       PANDA 0.7180 0.1761 0.1060 
   PARAMOUNT 0.6057 0.3172 0.0770 
    PATRONES 0.5342 0.1421 0.3237 
 PENTLAND_AC 0.4116 0.3359 0.2525 
 PENTLAND_BE 0.2915 0.1822 0.5262 
 PENTLAND_CR 0.4663 0.3561 0.1776 
 PENTLAND_DE 0.3483 0.3320 0.3197 
 PENTLAND_IV 0.4154 0.4105 0.1741 
 PENTLAND_JA 0.4797 0.2992 0.2211 
 PENTLAND_MA 0.6382 0.2110 0.1508 
 PENTLAND_SQ 0.4051 0.3365 0.2585 
   PEPO_1978 0.6371 0.1388 0.2240 
     PICASSO 0.5512 0.4389 0.0099 
   PIMPERNEL 0.5943 0.1301 0.2756 
     PIONEER 0.6661 0.0785 0.2554 
       PIXIE 0.3585 0.6173 0.0242 
    PREMIERE 0.4970 0.1248 0.3781 
   PRODUCENT 0.5291 0.2436 0.2274 
     PROVOST 0.5025 0.2704 0.2271 
  R.P.LUSTRE 0.3208 0.3360 0.3432 
 RANGER_RUSS 0.5164 0.0919 0.3918 
       RATTE 0.2140 0.2221 0.5638 
      RECORD 0.5946 0.0207 0.3847 
   REMBRANDT 0.5574 0.1679 0.2747 
    RIO_ROJO 0.5208 0.2981 0.1811 
      ROBIJN 0.5963 0.0111 0.3926 
      ROCKET 0.0916 0.6093 0.2991 
   RODE_STAR 0.4975 0.0283 0.4742 
      ROMANO 0.6886 0.2575 0.0539 
       ROMEO 0.4490 0.3267 0.2244 
     ROOSTER 0.4681 0.3452 0.1867 
       ROYAL 0.4047 0.3639 0.2315 
 ROYAL_KIDNE 0.3072 0.1217 0.5710 
     RUBESSE 0.6262 0.2097 0.1641 
 RUSSET_BURB 0.4779 0.2084 0.3136 
 RUSSET_NORK 0.4476 0.2779 0.2745 
      SAFARI 0.7134 0.2299 0.0567 
     SANTANA 0.5495 0.2337 0.2168 
       SANTE 0.5698 0.2495 0.1806 
     SAPHIRE 0.6537 0.2541 0.0921 
  SARPO_MIRA 0.6125 0.1491 0.2383 
 SARPO_SHONA 0.6856 0.1452 0.1692 
       SASSY 0.4869 0.1706 0.3425 
     SATURNA 0.5907 0.0254 0.3839 
        SAVA 0.6357 0.2111 0.1532 
       SAXON 0.1134 0.6544 0.2322 
 SCARBOROUGH 0.0202 0.8002 0.1796 
 SEFTON_WOND 0.1326 0.2972 0.5702 
    SERAFINA 0.7006 0.1086 0.1907 
     SETANTA 0.3608 0.5354 0.1039 
 SHARPE'S_EX 0.1890 0.1194 0.6916 
     SHELAGH 0.3497 0.3293 0.3210 
    SHELFORD 0.5945 0.1320 0.2735 
     SHEPODY 0.4578 0.2133 0.3289 
      SLANEY 0.3622 0.6070 0.0307 
        SPEY 0.3776 0.6131 0.0093 
      SPUNTA 0.4668 0.2737 0.2594 
     STAMINA 0.1571 0.8143 0.0286 
    STEMSTER 0.3585 0.3563 0.2852 
 STORMONT_EN 0.4241 0.2889 0.2869 
    STIRLING 0.4827 0.4926 0.0247 
     SYLVANA 0.5753 0.2450 0.1797 
         TAY 0.2694 0.6852 0.0455 
      TIMATE 0.6710 0.1619 0.1671 
      TOLUCA 0.7826 0.1001 0.1173 
    TORRIDON 0.5735 0.2513 0.1752 
 ULSTER_SCEP 0.2665 0.5131 0.2204 
 UMATILLA_RU 0.1783 0.3351 0.4866 
 VALES_EMERA 0.4338 0.3861 0.1801 
 VALES_EVERE 0.2708 0.5652 0.1639 
 VALES_RUSSE 0.4236 0.1782 0.3982 
 VALES_SOVER 0.2949 0.6950 0.0101 
       VALOR 0.3001 0.6921 0.0079 
    VAN_GOGH 0.5999 0.1365 0.2636 
     VANTAGE 0.4800 0.0756 0.4444 
       VERDI 0.5605 0.1435 0.2960 
    VICTORIA 0.6664 0.1493 0.1843 
     VIVALDI 0.7829 0.0803 0.1368 
       WILJA 0.5720 0.1023 0.3257 
     WINSTON 0.2894 0.6794 0.0312 
      XD2-21 0.3911 0.3290 0.2799 
  YUKON_GOLD 0.5188 0.4040 0.0772 
       ZORBA 0.5964 0.1577 0.2459 
