  00C133-020 0.0691 0.1917 0.7392 
 01C_071-002 0.2428 0.4382 0.3191 
 02M_012-001 0.2843 0.0950 0.6207 
 03M_016-002 0.5435 0.0567 0.3998 
 03M_034-002 0.2807 0.0830 0.6363 
 04C_055-004 0.1922 0.2947 0.5131 
 04C_126-005 0.1461 0.3275 0.5264 
 04M_034-013 0.3818 0.1308 0.4874 
 05M_002-001 0.2469 0.5427 0.2104 
 05M_004-003 0.0666 0.5733 0.3601 
 05M_012-004 0.1384 0.4599 0.4016 
 06C_127-002 0.1224 0.3720 0.5056 
 12288_AF_23 0.0713 0.3107 0.6180 
    12601AB1 0.5301 0.0115 0.4584 
   12636_A_2 0.2948 0.0545 0.6506 
  15119_AC_5 0.2699 0.1575 0.5726 
     1512C16 0.3476 0.4399 0.2125 
   15144_A_3 0.0379 0.5761 0.3860 
     1563C14 0.5355 0.4120 0.0525 
     2182EF7 0.1238 0.4799 0.3963 
     3681AD1 0.1304 0.6042 0.2654 
     5008AB6 0.1559 0.5968 0.2473 
    8204_A_4 0.0574 0.4670 0.4756 
       AGRIA 0.1869 0.7241 0.0890 
       AILSA 0.2529 0.1148 0.6323 
      ALMERA 0.1651 0.6906 0.1443 
       ALPHA 0.3419 0.5459 0.1122 
      ALWARA 0.1061 0.6891 0.2048 
      AMADRA 0.2605 0.4908 0.2486 
       AMOUR 0.0774 0.2389 0.6837 
        ANNA 0.1327 0.3806 0.4867 
   ANNABELLE 0.1439 0.8020 0.0541 
        ANYA 0.2728 0.5728 0.1543 
       ARGOS 0.0186 0.4187 0.5628 
     ARIELLE 0.2132 0.6925 0.0943 
      ARKULA 0.2207 0.6774 0.1020 
      ARMADA 0.2355 0.5704 0.1941 
   AVALANCHE 0.1672 0.3076 0.5252 
     BAILLIE 0.1163 0.2914 0.5923 
    BALMORAL 0.0730 0.5502 0.3768 
     BAMBINO 0.0930 0.2379 0.6691 
       BARNA 0.0763 0.5467 0.3770 
 BELLE_DE_FO 0.9220 0.0690 0.0090 
       BENOL 0.2947 0.0764 0.6289 
       BF_15 0.7678 0.2232 0.0090 
      BINTJE 0.4470 0.4011 0.1519 
 BIONICA_EX_ 0.2131 0.5017 0.2852 
 BLUE_DANUBE 0.2518 0.6241 0.1241 
      BONNIE 0.0989 0.4691 0.4321 
      BOUNTY 0.0783 0.2769 0.6447 
 BRITISH_QUE 0.5486 0.3259 0.1255 
     BRODICK 0.0866 0.2185 0.6949 
      BRODIE 0.1460 0.3837 0.4704 
      BUCHAN 0.1091 0.3848 0.5061 
      BURREN 0.1219 0.5122 0.3658 
     CABARET 0.3876 0.0219 0.5905 
      CAESAR 0.0179 0.7935 0.1886 
        CARA 0.0414 0.4062 0.5524 
 CARLINGFORD 0.1263 0.5009 0.3729 
  CASABLANCA 0.0222 0.4082 0.5696 
      CELINE 0.1466 0.6028 0.2505 
  CHALLENGER 0.2684 0.4955 0.2361 
   CHARLOTTE 0.2067 0.5607 0.2326 
     CHICAGO 0.2002 0.2873 0.5125 
   CHIEFTAIN 0.2388 0.4928 0.2684 
      CHOPIN 0.1606 0.6943 0.1451 
      CLARET 0.0411 0.4696 0.4892 
      CORINE 0.1881 0.4368 0.3751 
      COSMOS 0.2048 0.6053 0.1900 
     COURAGE 0.1990 0.6062 0.1949 
     COURLAN 0.1924 0.5198 0.2878 
 CRAIGS_ROYA 0.1473 0.3076 0.5452 
 CRAIGS_SNOW 0.4476 0.2672 0.2852 
     CRAMOND 0.0908 0.2656 0.6436 
 CRISPS_FOR_ 0.1674 0.6135 0.2192 
    CROMWELL 0.3538 0.0282 0.6180 
       D22/1 0.3259 0.0541 0.6200 
       D23/3 0.4375 0.1242 0.4383 
      D47-11 0.3780 0.0082 0.6138 
       D49/1 0.3207 0.0114 0.6679 
       DAISY 0.3368 0.1978 0.4655 
 DARK_RED_NO 0.2602 0.5047 0.2351 
     DARWINA 0.2621 0.5848 0.1531 
     DESIREE 0.2118 0.6936 0.0946 
       DITTA 0.2645 0.6735 0.0620 
 DR._MCINTOS 0.1822 0.4777 0.3402 
       DRAGA 0.1016 0.5662 0.3322 
 DUKE_OF_YOR 0.5270 0.4417 0.0313 
 DUNBAR_STAN 0.4495 0.2093 0.3412 
     DUNDROD 0.2903 0.1540 0.5557 
     ECLIPSE 0.5628 0.2724 0.1648 
        EDEN 0.3256 0.0082 0.6662 
 EDZELL_BLUE 0.4309 0.4001 0.1690 
   ELISABETH 0.0800 0.6646 0.2554 
     EMPEROR 0.1613 0.5030 0.3357 
         EOS 0.1258 0.4906 0.3836 
     EPICURE 0.4934 0.3870 0.1195 
  ERNTESTOLZ 0.3609 0.5244 0.1147 
      ESCORT 0.0770 0.6656 0.2574 
   ESMERALDA 0.2407 0.5148 0.2445 
      ESTIMA 0.2381 0.5567 0.2052 
 EVE_BALFOUR 0.2652 0.2740 0.4608 
   EXCALIBUR 0.0092 0.2374 0.7535 
     EXQUISA 0.2435 0.7250 0.0315 
    FESTIVAL 0.0753 0.6946 0.2301 
      FIANNA 0.0971 0.6601 0.2429 
   FIFTYFOLD 0.6342 0.2089 0.1569 
     FONTANE 0.1748 0.5905 0.2347 
   FORTYFOLD 0.6684 0.3170 0.0145 
 FRONTIER_RU 0.3302 0.4316 0.2382 
     G.81071 0.1637 0.4433 0.3930 
     G.88661 0.0807 0.4893 0.4300 
    G.886611 0.0369 0.4863 0.4769 
  G.8867Y%12 0.0383 0.5999 0.3618 
     G.88839 0.0994 0.8821 0.0186 
     G.88842 0.0830 0.7716 0.1454 
   GALACTICA 0.2295 0.5492 0.2212 
      GEMSON 0.2296 0.3759 0.3945 
  GL.76B/102 0.4829 0.3586 0.1585 
   GL.76B/94 0.6010 0.3794 0.0196 
  GL.77M/106 0.2321 0.2850 0.4829 
   GL.78/166 0.7148 0.2314 0.0538 
    GL.78/53 0.6254 0.1000 0.2746 
    GL.78/97 0.6517 0.2031 0.1452 
    GL.79/42 0.6188 0.1864 0.1949 
    GL.79/45 0.6338 0.2057 0.1605 
 GL.81_NT_25 0.4899 0.0148 0.4953 
   GLADIATOR 0.0713 0.6423 0.2864 
      GLAMIS 0.1662 0.3129 0.5209 
 GOLDEN_MILL 0.1795 0.1593 0.6611 
 GOLDEN_NUGG 0.0571 0.6357 0.3072 
 GOLDEN_WOND 0.6663 0.2354 0.0982 
     GRANOLA 0.1775 0.6178 0.2047 
    H1H3_101 0.4574 0.0041 0.5385 
      H1H3_3 0.2920 0.1511 0.5569 
 HARBOROUGH_ 0.0945 0.0893 0.8161 
   HARLEQUIN 0.2428 0.5143 0.2429 
      HERMES 0.2210 0.6203 0.1587 
 HIGHLAND_BU 0.8898 0.0828 0.0274 
  HOME_GUARD 0.3352 0.2783 0.3866 
     HORIZON 0.3460 0.5294 0.1246 
   INNOVATOR 0.3394 0.5142 0.1464 
 INTERNATION 0.9568 0.0327 0.0105 
 ISLE_OF_JUR 0.2189 0.2219 0.5592 
    JULIETTE 0.1418 0.7743 0.0839 
     KARLENA 0.2909 0.4772 0.2319 
 KERR'S_PINK 0.5904 0.1835 0.2262 
     KESTREL 0.0244 0.2712 0.7044 
       KIFLI 0.2615 0.5706 0.1679 
 KING_EDWARD 0.8455 0.0508 0.1036 
    KINGSTON 0.2714 0.1484 0.5803 
 KUFRI_CHAND 0.3152 0.4380 0.2467 
 KUFRI_JYOTI 0.1826 0.5401 0.2772 
      KURODA 0.1310 0.7281 0.1409 
 LADY_BALFOU 0.1971 0.3285 0.4745 
 LADY_CHRIST 0.3914 0.4972 0.1115 
 LADY_CLAIRE 0.3346 0.6518 0.0136 
     LADY_JO 0.4506 0.5059 0.0435 
 LADY_ROSETT 0.2354 0.5371 0.2275 
    LIBERTAS 0.4231 0.5313 0.0456 
       LINDA 0.2954 0.6683 0.0363 
      LINTON 0.1692 0.5311 0.2997 
 LINZER_DELI 0.2778 0.6421 0.0802 
   LIONHEART 0.1648 0.6542 0.1811 
   MADELEINE 0.1711 0.6818 0.1471 
   MADINGLEY 0.1446 0.5995 0.2559 
    MAJESTIC 0.2137 0.4951 0.2912 
     MARABEL 0.0986 0.8189 0.0825 
     MARFONA 0.2947 0.5448 0.1605 
     MARILYN 0.1666 0.7009 0.1325 
 MARIS_ANCHO 0.3028 0.5286 0.1686 
  MARIS_BARD 0.2801 0.2785 0.4414 
  MARIS_PEER 0.2680 0.3295 0.4025 
 MARIS_PIPER 0.2663 0.0068 0.7268 
     MARKIES 0.2381 0.7140 0.0480 
      MAXINE 0.1458 0.2687 0.5855 
      MEGARA 0.1784 0.7140 0.1076 
      MELODY 0.2518 0.5709 0.1773 
       MIDAS 0.2652 0.2614 0.4734 
       MILVA 0.2709 0.6608 0.0683 
        MIMI 0.1793 0.3784 0.4423 
        MIRA 0.3381 0.6155 0.0464 
       MOIRA 0.2252 0.5741 0.2006 
    MONTROSE 0.3468 0.0179 0.6353 
       MORAG 0.2697 0.2921 0.4382 
      MORENE 0.2779 0.6905 0.0316 
      MOZART 0.0135 0.7874 0.1991 
 MYATT'S_ASH 0.8174 0.1755 0.0071 
      NADINE 0.0702 0.3388 0.5910 
       NAVAN 0.1714 0.0636 0.7650 
 NDTX_4271_5 0.1498 0.4329 0.4172 
      NICOLA 0.2820 0.7098 0.0082 
     NOVELLA 0.1100 0.6914 0.1987 
     OLYMPUS 0.2135 0.2658 0.5207 
       OPERA 0.1012 0.6359 0.2629 
   ORCHESTRA 0.1724 0.6400 0.1876 
      ORIANA 0.1890 0.7442 0.0667 
     OTHELLO 0.0297 0.4002 0.5701 
     PALADIN 0.3510 0.0109 0.6381 
       PANDA 0.1159 0.7210 0.1631 
   PARAMOUNT 0.0800 0.6168 0.3032 
    PATRONES 0.3297 0.5349 0.1354 
 PENTLAND_AC 0.2533 0.4175 0.3291 
 PENTLAND_BE 0.5313 0.2833 0.1854 
 PENTLAND_CR 0.1800 0.4730 0.3470 
 PENTLAND_DE 0.3242 0.3495 0.3263 
 PENTLAND_IV 0.1735 0.4219 0.4046 
 PENTLAND_JA 0.2234 0.4861 0.2905 
 PENTLAND_MA 0.1555 0.6442 0.2003 
 PENTLAND_SQ 0.2607 0.4061 0.3332 
   PEPO_1978 0.2312 0.6363 0.1325 
     PICASSO 0.0107 0.5672 0.4221 
   PIMPERNEL 0.2818 0.5993 0.1189 
     PIONEER 0.2665 0.6646 0.0690 
       PIXIE 0.0224 0.3696 0.6079 
    PREMIERE 0.3853 0.4953 0.1194 
   PRODUCENT 0.2315 0.5318 0.2366 
     PROVOST 0.2319 0.5075 0.2606 
  R.P.LUSTRE 0.3473 0.3214 0.3314 
 RANGER_RUSS 0.4004 0.5153 0.0843 
       RATTE 0.5690 0.2048 0.2262 
      RECORD 0.3962 0.5866 0.0171 
   REMBRANDT 0.2814 0.5589 0.1597 
    RIO_ROJO 0.1825 0.5294 0.2881 
      ROBIJN 0.4034 0.5872 0.0095 
      ROCKET 0.2973 0.0908 0.6119 
   RODE_STAR 0.4844 0.4905 0.0251 
      ROMANO 0.0585 0.6966 0.2449 
       ROMEO 0.2302 0.4534 0.3164 
     ROOSTER 0.1918 0.4709 0.3374 
       ROYAL 0.2349 0.4043 0.3607 
 ROYAL_KIDNE 0.5807 0.2979 0.1214 
     RUBESSE 0.1682 0.6326 0.1992 
 RUSSET_BURB 0.3211 0.4772 0.2017 
 RUSSET_NORK 0.2794 0.4517 0.2688 
      SAFARI 0.0593 0.7235 0.2173 
     SANTANA 0.2204 0.5543 0.2253 
       SANTE 0.1840 0.5757 0.2404 
     SAPHIRE 0.0968 0.6607 0.2425 
  SARPO_MIRA 0.2474 0.6165 0.1360 
 SARPO_SHONA 0.1790 0.6914 0.1296 
       SASSY 0.3500 0.4876 0.1624 
     SATURNA 0.3941 0.5845 0.0214 
        SAVA 0.1611 0.6441 0.1948 
       SAXON 0.2251 0.1195 0.6554 
 SCARBOROUGH 0.1735 0.0222 0.8043 
 SEFTON_WOND 0.5732 0.1253 0.3015 
    SERAFINA 0.1988 0.7050 0.0962 
     SETANTA 0.1051 0.3661 0.5288 
 SHARPE'S_EX 0.6980 0.1802 0.1218 
     SHELAGH 0.3213 0.3521 0.3266 
    SHELFORD 0.2813 0.5969 0.1218 
     SHEPODY 0.3350 0.4571 0.2079 
      SLANEY 0.0229 0.3804 0.5967 
        SPEY 0.0090 0.3895 0.6015 
      SPUNTA 0.2632 0.4701 0.2667 
     STAMINA 0.0255 0.1649 0.8096 
    STEMSTER 0.2896 0.3568 0.3536 
 STORMONT_EN 0.2906 0.4258 0.2835 
    STIRLING 0.0244 0.4933 0.4823 
     SYLVANA 0.1821 0.5801 0.2378 
         TAY 0.0430 0.2775 0.6795 
      TIMATE 0.1760 0.6746 0.1494 
      TOLUCA 0.1271 0.7868 0.0861 
    TORRIDON 0.1844 0.5791 0.2365 
 ULSTER_SCEP 0.2187 0.2710 0.5104 
 UMATILLA_RU 0.4878 0.1719 0.3404 
 VALES_EMERA 0.1815 0.4391 0.3794 
 VALES_EVERE 0.1606 0.2810 0.5584 
 VALES_RUSSE 0.4048 0.4185 0.1767 
 VALES_SOVER 0.0087 0.3062 0.6851 
       VALOR 0.0078 0.3119 0.6802 
    VAN_GOGH 0.2694 0.6007 0.1299 
     VANTAGE 0.4579 0.4757 0.0664 
       VERDI 0.3050 0.5585 0.1365 
    VICTORIA 0.1886 0.6738 0.1376 
     VIVALDI 0.1483 0.7882 0.0635 
       WILJA 0.3328 0.5715 0.0957 
     WINSTON 0.0273 0.2984 0.6743 
      XD2-21 0.2825 0.3922 0.3253 
  YUKON_GOLD 0.0819 0.5250 0.3932 
       ZORBA 0.2535 0.6004 0.1461 
