  00C133-020 0.2572 0.2353 0.0697 0.0240 0.0078 0.3843 0.0088 0.0129 
 01C_071-002 0.2495 0.0258 0.0955 0.1422 0.1619 0.1765 0.1271 0.0216 
 02M_012-001 0.0610 0.1729 0.0169 0.1800 0.0244 0.4530 0.0880 0.0038 
 03M_016-002 0.0162 0.0122 0.0036 0.3323 0.0476 0.3418 0.0352 0.2111 
 03M_034-002 0.0391 0.2675 0.1596 0.1953 0.0025 0.3255 0.0040 0.0066 
 04C_055-004 0.0330 0.0680 0.0442 0.0543 0.0186 0.4350 0.2843 0.0626 
 04C_126-005 0.2745 0.2265 0.1085 0.1068 0.0702 0.1891 0.0159 0.0086 
 04M_034-013 0.0053 0.1033 0.0458 0.2148 0.0160 0.3842 0.0937 0.1369 
 05M_002-001 0.0595 0.0710 0.0471 0.0724 0.3759 0.1299 0.1300 0.1142 
 05M_004-003 0.1601 0.1780 0.1310 0.0064 0.3570 0.1284 0.0160 0.0230 
 05M_012-004 0.1105 0.2693 0.2255 0.0405 0.0942 0.0827 0.0125 0.1648 
 06C_127-002 0.0815 0.3880 0.0072 0.0267 0.0141 0.1526 0.2344 0.0956 
 12288_AF_23 0.1773 0.1605 0.0625 0.0062 0.0052 0.3429 0.1353 0.1101 
    12601AB1 0.0044 0.3504 0.0040 0.4533 0.0063 0.1762 0.0032 0.0022 
   12636_A_2 0.1061 0.2846 0.0123 0.1949 0.0049 0.3232 0.0046 0.0694 
  15119_AC_5 0.4983 0.0043 0.0438 0.1875 0.0072 0.2393 0.0019 0.0178 
     1512C16 0.1341 0.1393 0.0683 0.2043 0.0555 0.0066 0.0925 0.2994 
   15144_A_3 0.6215 0.0488 0.0035 0.0309 0.0715 0.0118 0.2078 0.0044 
     1563C14 0.0611 0.0084 0.0997 0.4127 0.0994 0.0146 0.2288 0.0753 
     2182EF7 0.2401 0.2835 0.0327 0.0407 0.1498 0.0147 0.0075 0.2311 
     3681AD1 0.2374 0.1527 0.2460 0.0598 0.2266 0.0328 0.0169 0.0278 
     5008AB6 0.1874 0.2484 0.1992 0.1105 0.1152 0.0046 0.1283 0.0065 
    8204_A_4 0.2392 0.3787 0.0472 0.0296 0.0842 0.0396 0.0619 0.1196 
       AGRIA 0.0034 0.0882 0.0106 0.0083 0.6352 0.0456 0.1833 0.0254 
       AILSA 0.0075 0.2127 0.0037 0.1016 0.0058 0.4335 0.1738 0.0613 
      ALMERA 0.0276 0.0096 0.2169 0.0094 0.2660 0.0909 0.2046 0.1750 
       ALPHA 0.0228 0.0318 0.4280 0.2168 0.0072 0.0252 0.1713 0.0969 
      ALWARA 0.2812 0.0137 0.2806 0.0318 0.0104 0.0356 0.3210 0.0256 
      AMADRA 0.0105 0.1006 0.2220 0.1514 0.1162 0.1563 0.2264 0.0168 
       AMOUR 0.3982 0.1558 0.0115 0.0376 0.0231 0.3216 0.0322 0.0200 
        ANNA 0.6301 0.1460 0.0215 0.1340 0.0254 0.0067 0.0017 0.0347 
   ANNABELLE 0.0086 0.0759 0.2649 0.0144 0.2627 0.0094 0.3232 0.0410 
        ANYA 0.0703 0.1376 0.0242 0.1820 0.0960 0.0126 0.3879 0.0894 
       ARGOS 0.4977 0.0205 0.0306 0.0055 0.0888 0.2452 0.0357 0.0760 
     ARIELLE 0.0914 0.0047 0.1559 0.0498 0.2467 0.0433 0.2973 0.1108 
      ARKULA 0.0569 0.0730 0.4530 0.1120 0.0613 0.0085 0.1608 0.0745 
      ARMADA 0.0305 0.0174 0.4086 0.1098 0.0178 0.1292 0.1851 0.1016 
   AVALANCHE 0.0847 0.0133 0.1939 0.0105 0.1162 0.4314 0.0162 0.1338 
     BAILLIE 0.1288 0.0786 0.1113 0.0124 0.0664 0.4398 0.0883 0.0744 
    BALMORAL 0.3769 0.0691 0.1694 0.0131 0.1359 0.0257 0.0050 0.2050 
     BAMBINO 0.2098 0.1393 0.0817 0.0266 0.0336 0.4220 0.0615 0.0256 
       BARNA 0.3704 0.0983 0.1322 0.0355 0.0030 0.0579 0.2498 0.0528 
 BELLE_DE_FO 0.0737 0.0019 0.0080 0.7911 0.0292 0.0021 0.0077 0.0864 
       BENOL 0.0040 0.3012 0.0052 0.1664 0.1440 0.3730 0.0029 0.0033 
       BF_15 0.0523 0.0036 0.0759 0.6598 0.1186 0.0034 0.0612 0.0251 
      BINTJE 0.0795 0.0215 0.1452 0.2937 0.1347 0.0671 0.0871 0.1713 
 BIONICA_EX_ 0.0842 0.2877 0.2398 0.1443 0.1683 0.0194 0.0236 0.0326 
 BLUE_DANUBE 0.1195 0.0049 0.4236 0.1399 0.1847 0.0175 0.0099 0.1000 
      BONNIE 0.1438 0.1876 0.2314 0.0188 0.0097 0.1675 0.1557 0.0854 
      BOUNTY 0.2426 0.1694 0.0727 0.0207 0.0850 0.3700 0.0226 0.0170 
 BRITISH_QUE 0.0380 0.0022 0.0360 0.3178 0.1912 0.0227 0.0027 0.3894 
     BRODICK 0.0089 0.5409 0.0312 0.0288 0.0206 0.2753 0.0832 0.0111 
      BRODIE 0.4535 0.1867 0.0152 0.0901 0.0057 0.0208 0.0245 0.2036 
      BUCHAN 0.3959 0.1950 0.0050 0.0412 0.0045 0.0769 0.1374 0.1441 
      BURREN 0.4381 0.1129 0.0186 0.1071 0.1376 0.0412 0.1320 0.0125 
     CABARET 0.0564 0.1324 0.0133 0.2658 0.0083 0.4397 0.0054 0.0786 
      CAESAR 0.0396 0.1792 0.2543 0.0020 0.2069 0.0128 0.2490 0.0563 
        CARA 0.6489 0.1522 0.0235 0.0527 0.0133 0.0717 0.0247 0.0131 
 CARLINGFORD 0.1283 0.2021 0.1021 0.0136 0.0077 0.0758 0.1612 0.3093 
  CASABLANCA 0.2269 0.1171 0.2179 0.0027 0.0810 0.2679 0.0028 0.0837 
      CELINE 0.1390 0.1584 0.4588 0.0894 0.0878 0.0310 0.0211 0.0144 
  CHALLENGER 0.0037 0.0942 0.1139 0.0728 0.2515 0.1581 0.1589 0.1468 
   CHARLOTTE 0.0106 0.2579 0.0059 0.1136 0.1168 0.0315 0.4582 0.0055 
     CHICAGO 0.0126 0.0840 0.1461 0.0615 0.0819 0.4422 0.1673 0.0045 
   CHIEFTAIN 0.0581 0.2055 0.0040 0.0607 0.0810 0.0105 0.2295 0.3508 
      CHOPIN 0.0139 0.1107 0.3084 0.0178 0.1594 0.0127 0.1849 0.1921 
      CLARET 0.5840 0.0823 0.0177 0.0280 0.0081 0.0912 0.1395 0.0492 
      CORINE 0.1710 0.1363 0.1228 0.0719 0.2657 0.1304 0.0027 0.0992 
      COSMOS 0.0087 0.0209 0.4511 0.0330 0.0683 0.1183 0.1146 0.1850 
     COURAGE 0.0760 0.0949 0.3569 0.0891 0.0167 0.0416 0.1747 0.1502 
     COURLAN 0.1291 0.1205 0.0102 0.0272 0.1671 0.0788 0.2374 0.2295 
 CRAIGS_ROYA 0.3492 0.1261 0.0045 0.0536 0.0081 0.1764 0.0612 0.2209 
 CRAIGS_SNOW 0.0853 0.0085 0.0070 0.2437 0.0831 0.1727 0.0884 0.3114 
     CRAMOND 0.0252 0.3636 0.1800 0.0149 0.0355 0.3231 0.0074 0.0503 
 CRISPS_FOR_ 0.0231 0.1079 0.2723 0.0437 0.0478 0.0773 0.2937 0.1342 
    CROMWELL 0.0810 0.0046 0.0059 0.2005 0.0717 0.5976 0.0346 0.0041 
       D22/1 0.1142 0.0037 0.0264 0.1523 0.0359 0.5228 0.0046 0.1402 
       D23/3 0.0359 0.0234 0.0075 0.2726 0.0403 0.3648 0.0711 0.1844 
      D47-11 0.0143 0.0082 0.0493 0.2398 0.0126 0.6593 0.0048 0.0117 
       D49/1 0.0028 0.0124 0.0348 0.1510 0.0035 0.7106 0.0765 0.0084 
       DAISY 0.0074 0.1015 0.1247 0.2039 0.0540 0.3925 0.1048 0.0113 
 DARK_RED_NO 0.1131 0.0821 0.0111 0.0600 0.0735 0.0410 0.2324 0.3869 
     DARWINA 0.0107 0.0107 0.3215 0.0813 0.1660 0.1122 0.1458 0.1518 
     DESIREE 0.2324 0.0071 0.1789 0.1098 0.0052 0.0031 0.3821 0.0814 
       DITTA 0.0142 0.0100 0.0968 0.0821 0.3380 0.0333 0.2626 0.1630 
 DR._MCINTOS 0.0398 0.1930 0.1781 0.0130 0.0036 0.0378 0.0526 0.4822 
       DRAGA 0.0564 0.1335 0.1782 0.0048 0.2166 0.1201 0.0270 0.2634 
 DUKE_OF_YOR 0.0042 0.0036 0.1591 0.3129 0.1553 0.0029 0.0036 0.3584 
 DUNBAR_STAN 0.0762 0.0176 0.0107 0.2175 0.0095 0.1717 0.0559 0.4408 
     DUNDROD 0.0819 0.0780 0.0055 0.1355 0.0401 0.4299 0.1497 0.0793 
     ECLIPSE 0.0020 0.0818 0.0056 0.3500 0.0023 0.0147 0.2331 0.3106 
        EDEN 0.0048 0.1993 0.0130 0.2146 0.0036 0.5466 0.0062 0.0120 
 EDZELL_BLUE 0.1164 0.0937 0.1186 0.3066 0.1229 0.0247 0.0926 0.1245 
   ELISABETH 0.0060 0.1944 0.2706 0.0069 0.0154 0.0936 0.3639 0.0491 
     EMPEROR 0.0062 0.1706 0.0091 0.0050 0.2313 0.1492 0.1718 0.2567 
         EOS 0.0108 0.1786 0.1514 0.0120 0.0105 0.2043 0.2938 0.1386 
     EPICURE 0.0080 0.0948 0.0858 0.3226 0.0040 0.0038 0.1691 0.3119 
  ERNTESTOLZ 0.0595 0.0564 0.1008 0.2099 0.2560 0.0224 0.1312 0.1639 
      ESCORT 0.0284 0.1731 0.3315 0.0103 0.0823 0.0947 0.2714 0.0081 
   ESMERALDA 0.0379 0.1451 0.3628 0.1509 0.0077 0.0855 0.1910 0.0191 
      ESTIMA 0.0044 0.0533 0.3338 0.0489 0.0161 0.1206 0.2236 0.1995 
 EVE_BALFOUR 0.3324 0.2325 0.0363 0.2257 0.0069 0.0611 0.0213 0.0838 
   EXCALIBUR 0.2987 0.2655 0.0149 0.0031 0.0708 0.3363 0.0080 0.0028 
     EXQUISA 0.1220 0.0191 0.1557 0.1330 0.1643 0.0045 0.3957 0.0058 
    FESTIVAL 0.0069 0.1466 0.3239 0.0066 0.1568 0.0882 0.2505 0.0205 
      FIANNA 0.1546 0.0991 0.2709 0.0063 0.1655 0.0322 0.0824 0.1890 
   FIFTYFOLD 0.0695 0.0306 0.0115 0.5093 0.0161 0.0519 0.1579 0.1533 
     FONTANE 0.0056 0.0649 0.0735 0.0094 0.4312 0.1815 0.1371 0.0968 
   FORTYFOLD 0.0134 0.0063 0.1161 0.5171 0.1834 0.0024 0.0045 0.1567 
 FRONTIER_RU 0.0063 0.0704 0.0080 0.1011 0.0358 0.0930 0.2576 0.4277 
     G.81071 0.1064 0.2790 0.1884 0.0752 0.0143 0.0771 0.0722 0.1875 
     G.88661 0.0073 0.2431 0.1996 0.0042 0.0147 0.1478 0.0976 0.2858 
    G.886611 0.0102 0.3140 0.1095 0.0029 0.0043 0.1316 0.1735 0.2540 
  G.8867Y%12 0.0846 0.2335 0.1376 0.0029 0.0119 0.0314 0.1762 0.3219 
     G.88839 0.0043 0.0881 0.3543 0.0147 0.0272 0.0036 0.5044 0.0035 
     G.88842 0.0634 0.1249 0.3568 0.0091 0.1083 0.0074 0.2318 0.0982 
   GALACTICA 0.3803 0.0027 0.1842 0.1361 0.1988 0.0118 0.0074 0.0787 
      GEMSON 0.2429 0.1361 0.0096 0.1092 0.0863 0.0976 0.0499 0.2686 
  GL.76B/102 0.0063 0.0103 0.0588 0.3084 0.1093 0.1568 0.2366 0.1134 
   GL.76B/94 0.1267 0.0041 0.1622 0.5102 0.1248 0.0026 0.0604 0.0091 
  GL.77M/106 0.1999 0.3195 0.0049 0.1898 0.0112 0.1140 0.1486 0.0120 
   GL.78/166 0.0623 0.0025 0.0513 0.5762 0.1225 0.0539 0.0370 0.0943 
    GL.78/53 0.0114 0.1396 0.0034 0.5217 0.0088 0.1293 0.1799 0.0059 
    GL.78/97 0.0350 0.0477 0.0225 0.5598 0.0792 0.0848 0.1487 0.0224 
    GL.79/42 0.0057 0.0961 0.0317 0.5298 0.0080 0.1024 0.2219 0.0045 
    GL.79/45 0.0833 0.0851 0.0265 0.5601 0.0056 0.0324 0.2018 0.0052 
 GL.81_NT_25 0.0330 0.0037 0.0060 0.3303 0.1211 0.4991 0.0026 0.0042 
   GLADIATOR 0.1263 0.1075 0.1434 0.0045 0.1030 0.0910 0.2767 0.1477 
      GLAMIS 0.0338 0.0799 0.0912 0.0143 0.0414 0.4078 0.1701 0.1616 
 GOLDEN_MILL 0.0541 0.4901 0.0286 0.1167 0.0360 0.2587 0.0106 0.0052 
 GOLDEN_NUGG 0.1499 0.2494 0.3963 0.0324 0.1294 0.0227 0.0128 0.0070 
 GOLDEN_WOND 0.0152 0.0393 0.1130 0.5293 0.0068 0.0144 0.1449 0.1372 
     GRANOLA 0.0106 0.2329 0.0364 0.0884 0.1559 0.0400 0.4301 0.0057 
    H1H3_101 0.0062 0.0026 0.0032 0.3085 0.0202 0.6487 0.0028 0.0079 
      H1H3_3 0.0214 0.1904 0.0523 0.1487 0.0782 0.3521 0.0073 0.1496 
 HARBOROUGH_ 0.0031 0.4982 0.0095 0.0096 0.0461 0.4233 0.0043 0.0059 
   HARLEQUIN 0.0715 0.1612 0.0035 0.1366 0.1629 0.0687 0.3832 0.0123 
      HERMES 0.2267 0.0028 0.0658 0.0754 0.2480 0.0801 0.2647 0.0367 
 HIGHLAND_BU 0.0032 0.0741 0.0944 0.7879 0.0202 0.0038 0.0028 0.0135 
  HOME_GUARD 0.1070 0.1913 0.0222 0.1984 0.0590 0.1243 0.0383 0.2594 
     HORIZON 0.0643 0.0165 0.3311 0.2217 0.2034 0.0898 0.0579 0.0153 
   INNOVATOR 0.0510 0.0173 0.1879 0.1170 0.2036 0.0057 0.0031 0.4144 
 INTERNATION 0.0058 0.0031 0.0057 0.8177 0.1292 0.0033 0.0030 0.0322 
 ISLE_OF_JUR 0.1468 0.0960 0.0713 0.1235 0.0543 0.3949 0.0733 0.0400 
    JULIETTE 0.0059 0.1216 0.0032 0.0104 0.4775 0.0060 0.3729 0.0025 
     KARLENA 0.2488 0.0040 0.0694 0.1563 0.2561 0.0489 0.0101 0.2064 
 KERR'S_PINK 0.0655 0.0581 0.0074 0.4112 0.0111 0.0637 0.0543 0.3286 
     KESTREL 0.3701 0.1314 0.0051 0.0050 0.0026 0.3099 0.1460 0.0299 
       KIFLI 0.0120 0.1186 0.0448 0.1832 0.0479 0.0817 0.5033 0.0086 
 KING_EDWARD 0.0024 0.0112 0.0048 0.6838 0.0037 0.0279 0.1334 0.1328 
    KINGSTON 0.0448 0.2602 0.0504 0.1897 0.1078 0.3373 0.0064 0.0034 
 KUFRI_CHAND 0.0669 0.0540 0.0271 0.1219 0.1797 0.1142 0.0847 0.3516 
 KUFRI_JYOTI 0.2484 0.2532 0.0930 0.1289 0.1940 0.0041 0.0434 0.0349 
      KURODA 0.1114 0.0120 0.2846 0.0065 0.2891 0.0494 0.1192 0.1278 
 LADY_BALFOU 0.3403 0.1450 0.0302 0.1359 0.0558 0.1413 0.0146 0.1370 
 LADY_CHRIST 0.0135 0.0777 0.3572 0.2788 0.1203 0.0317 0.0809 0.0399 
 LADY_CLAIRE 0.0069 0.0020 0.2835 0.1513 0.5426 0.0067 0.0029 0.0040 
     LADY_JO 0.0054 0.0022 0.4449 0.2730 0.2068 0.0117 0.0023 0.0536 
 LADY_ROSETT 0.0314 0.0859 0.3747 0.1185 0.0093 0.1021 0.1553 0.1228 
    LIBERTAS 0.1037 0.0023 0.4780 0.2951 0.1070 0.0048 0.0032 0.0058 
       LINDA 0.0451 0.0317 0.0037 0.1623 0.2768 0.0044 0.4705 0.0055 
      LINTON 0.1604 0.0087 0.0150 0.0149 0.2241 0.1905 0.2331 0.1533 
 LINZER_DELI 0.0094 0.1182 0.1550 0.1668 0.1182 0.0072 0.3790 0.0461 
   LIONHEART 0.0523 0.1198 0.3278 0.0219 0.2443 0.0282 0.0611 0.1445 
   MADELEINE 0.0129 0.1497 0.2640 0.0609 0.1705 0.0308 0.3041 0.0070 
   MADINGLEY 0.2043 0.0162 0.0334 0.0154 0.1761 0.1472 0.3436 0.0639 
    MAJESTIC 0.0868 0.1774 0.0742 0.0198 0.0752 0.0129 0.0722 0.4815 
     MARABEL 0.0162 0.0697 0.3459 0.0050 0.2208 0.0097 0.2732 0.0596 
     MARFONA 0.0307 0.0139 0.4196 0.1326 0.1233 0.1034 0.0348 0.1416 
     MARILYN 0.1082 0.1229 0.1226 0.0523 0.2686 0.0103 0.2838 0.0313 
 MARIS_ANCHO 0.0142 0.0646 0.2565 0.1477 0.0522 0.0573 0.1958 0.2117 
  MARIS_BARD 0.0457 0.0555 0.2698 0.1014 0.0564 0.2322 0.0017 0.2373 
  MARIS_PEER 0.1778 0.0952 0.0033 0.1032 0.1104 0.1490 0.0589 0.3021 
 MARIS_PIPER 0.0057 0.0148 0.0090 0.1302 0.0594 0.7676 0.0088 0.0045 
     MARKIES 0.0504 0.0264 0.2119 0.0875 0.3440 0.0181 0.2496 0.0120 
      MAXINE 0.1134 0.0841 0.0111 0.0087 0.0223 0.3872 0.1115 0.2618 
      MEGARA 0.0238 0.0838 0.1969 0.0478 0.3881 0.0435 0.2113 0.0047 
      MELODY 0.1320 0.0470 0.2327 0.1500 0.2041 0.0652 0.1553 0.0136 
       MIDAS 0.0067 0.0148 0.0883 0.1149 0.0957 0.4675 0.2091 0.0031 
       MILVA 0.0179 0.1127 0.2062 0.1683 0.2098 0.0060 0.2627 0.0164 
        MIMI 0.0993 0.1895 0.3265 0.1220 0.0142 0.2139 0.0292 0.0054 
        MIRA 0.0420 0.0076 0.4581 0.2098 0.2327 0.0088 0.0066 0.0345 
       MOIRA 0.1261 0.0930 0.1979 0.1083 0.1251 0.0356 0.1888 0.1251 
    MONTROSE 0.0052 0.3699 0.0033 0.2641 0.0090 0.3390 0.0071 0.0024 
       MORAG 0.1980 0.3115 0.0544 0.1846 0.0104 0.0530 0.0081 0.1800 
      MORENE 0.0705 0.0069 0.4685 0.1537 0.2069 0.0033 0.0099 0.0804 
      MOZART 0.0061 0.2655 0.2648 0.0020 0.1326 0.0068 0.3109 0.0113 
 MYATT'S_ASH 0.0080 0.0020 0.0309 0.6977 0.1897 0.0028 0.0041 0.0649 
      NADINE 0.0927 0.1838 0.0568 0.0057 0.0171 0.3692 0.2034 0.0713 
       NAVAN 0.0432 0.0780 0.0756 0.0425 0.0043 0.6334 0.0450 0.0782 
 NDTX_4271_5 0.0076 0.2318 0.0062 0.0069 0.0028 0.1436 0.3392 0.2620 
      NICOLA 0.0067 0.0043 0.0582 0.1200 0.3551 0.0050 0.4080 0.0427 
     NOVELLA 0.1288 0.1154 0.3486 0.0216 0.1224 0.0217 0.1688 0.0726 
     OLYMPUS 0.0446 0.3881 0.0088 0.1222 0.0201 0.1732 0.1022 0.1408 
       OPERA 0.1051 0.1462 0.1732 0.0069 0.2563 0.0795 0.1712 0.0616 
   ORCHESTRA 0.0217 0.0915 0.1869 0.0572 0.2276 0.1126 0.2934 0.0090 
      ORIANA 0.1510 0.0064 0.2824 0.0311 0.2044 0.0040 0.1429 0.1777 
     OTHELLO 0.5121 0.1374 0.0039 0.0074 0.0046 0.1119 0.1017 0.1210 
     PALADIN 0.0047 0.0760 0.0235 0.2048 0.0499 0.5956 0.0035 0.0421 
       PANDA 0.0592 0.0841 0.0437 0.0092 0.2292 0.0865 0.4809 0.0073 
   PARAMOUNT 0.3779 0.1349 0.2346 0.0527 0.0046 0.0041 0.1630 0.0283 
    PATRONES 0.0382 0.0128 0.2243 0.1602 0.1633 0.0727 0.1438 0.1846 
 PENTLAND_AC 0.1435 0.0905 0.1216 0.1171 0.0705 0.1366 0.1219 0.1983 
 PENTLAND_BE 0.1578 0.0049 0.1205 0.3832 0.0151 0.0190 0.0058 0.2937 
 PENTLAND_CR 0.0846 0.3300 0.1720 0.0972 0.2035 0.0104 0.0024 0.0999 
 PENTLAND_DE 0.1415 0.2655 0.0728 0.2137 0.0053 0.0069 0.0331 0.2612 
 PENTLAND_IV 0.1271 0.2593 0.0098 0.0399 0.0047 0.0347 0.1769 0.3476 
 PENTLAND_JA 0.0406 0.1959 0.1112 0.0541 0.1886 0.0247 0.0081 0.3769 
 PENTLAND_MA 0.2165 0.1269 0.2439 0.0814 0.2104 0.0045 0.0235 0.0928 
 PENTLAND_SQ 0.0785 0.3382 0.0509 0.1737 0.1495 0.0089 0.0095 0.1909 
   PEPO_1978 0.0196 0.0368 0.1538 0.1077 0.2055 0.1048 0.3463 0.0256 
     PICASSO 0.4857 0.0198 0.2135 0.0032 0.0637 0.1414 0.0547 0.0181 
   PIMPERNEL 0.1032 0.0715 0.3425 0.2000 0.1041 0.0112 0.1641 0.0034 
     PIONEER 0.0032 0.1385 0.0021 0.1045 0.3767 0.0038 0.3658 0.0054 
       PIXIE 0.2166 0.2770 0.0961 0.0048 0.0071 0.2465 0.1300 0.0218 
    PREMIERE 0.0073 0.0113 0.4557 0.2408 0.1274 0.0455 0.0040 0.1081 
   PRODUCENT 0.0048 0.0832 0.3111 0.0904 0.1806 0.1771 0.1294 0.0234 
     PROVOST 0.1445 0.1825 0.0981 0.1197 0.1263 0.0094 0.0626 0.2569 
  R.P.LUSTRE 0.0235 0.1581 0.0161 0.2009 0.0069 0.1444 0.2434 0.2066 
 RANGER_RUSS 0.1068 0.0025 0.0196 0.1531 0.1708 0.0032 0.0425 0.5015 
       RATTE 0.0067 0.2145 0.0076 0.4841 0.0083 0.0538 0.1844 0.0406 
      RECORD 0.0464 0.0027 0.5466 0.2752 0.0982 0.0049 0.0189 0.0071 
   REMBRANDT 0.0078 0.1090 0.0939 0.0978 0.4886 0.0858 0.0238 0.0934 
    RIO_ROJO 0.1278 0.1560 0.0750 0.0290 0.0154 0.0395 0.2450 0.3123 
      ROBIJN 0.0386 0.0029 0.4342 0.2834 0.1083 0.0034 0.1188 0.0103 
      ROCKET 0.0328 0.1381 0.0953 0.1591 0.0024 0.4313 0.0272 0.1138 
   RODE_STAR 0.0161 0.0053 0.2930 0.3816 0.0067 0.0092 0.2865 0.0017 
      ROMANO 0.2338 0.1306 0.3800 0.0121 0.0088 0.0095 0.2158 0.0094 
       ROMEO 0.2698 0.1973 0.0077 0.1807 0.0040 0.0055 0.2624 0.0727 
     ROOSTER 0.1596 0.3072 0.1560 0.1273 0.0827 0.0067 0.0366 0.1238 
       ROYAL 0.0655 0.0119 0.0374 0.0889 0.1486 0.3312 0.3117 0.0048 
 ROYAL_KIDNE 0.0167 0.0095 0.0246 0.3460 0.1003 0.0027 0.0023 0.4978 
     RUBESSE 0.0880 0.1562 0.1250 0.0508 0.1859 0.0132 0.2372 0.1437 
 RUSSET_BURB 0.0289 0.0648 0.0950 0.0916 0.0343 0.0154 0.1443 0.5256 
 RUSSET_NORK 0.0063 0.1042 0.0032 0.0172 0.0096 0.0346 0.2717 0.5533 
      SAFARI 0.1124 0.2000 0.4455 0.0152 0.1368 0.0076 0.0606 0.0219 
     SANTANA 0.0405 0.0255 0.2825 0.0675 0.1706 0.1367 0.1142 0.1626 
       SANTE 0.0237 0.1889 0.4427 0.1078 0.0826 0.0704 0.0778 0.0061 
     SAPHIRE 0.0162 0.1707 0.2991 0.0037 0.2541 0.0402 0.0189 0.1971 
  SARPO_MIRA 0.1529 0.0065 0.1445 0.1548 0.0175 0.0649 0.4468 0.0120 
 SARPO_SHONA 0.1440 0.0172 0.2188 0.0857 0.0601 0.0483 0.4190 0.0069 
       SASSY 0.0551 0.0406 0.1951 0.1989 0.1197 0.0785 0.1729 0.1392 
     SATURNA 0.0079 0.0030 0.2747 0.2479 0.1449 0.0324 0.2848 0.0043 
        SAVA 0.0169 0.0541 0.1002 0.0173 0.2076 0.1261 0.3380 0.1398 
       SAXON 0.0381 0.2450 0.0767 0.1381 0.0371 0.4418 0.0103 0.0130 
 SCARBOROUGH 0.0022 0.4015 0.0085 0.0680 0.0030 0.4967 0.0145 0.0056 
 SEFTON_WOND 0.0364 0.1336 0.0108 0.4024 0.0131 0.0876 0.0038 0.3123 
    SERAFINA 0.0760 0.1388 0.1747 0.1115 0.0877 0.0037 0.3927 0.0151 
     SETANTA 0.1099 0.4828 0.1041 0.0714 0.0262 0.0824 0.0767 0.0465 
 SHARPE'S_EX 0.0244 0.0123 0.0141 0.5597 0.0865 0.0845 0.1025 0.1159 
     SHELAGH 0.2357 0.1283 0.0932 0.2679 0.1026 0.1167 0.0411 0.0145 
    SHELFORD 0.2387 0.0026 0.0194 0.1278 0.2013 0.0399 0.3049 0.0653 
     SHEPODY 0.1582 0.0073 0.1552 0.1414 0.1583 0.0069 0.0020 0.3706 
      SLANEY 0.3685 0.1828 0.0071 0.0067 0.0600 0.2270 0.1061 0.0418 
        SPEY 0.4102 0.2114 0.0281 0.0033 0.0874 0.2119 0.0341 0.0136 
      SPUNTA 0.1455 0.1563 0.0331 0.1892 0.0450 0.0667 0.3151 0.0491 
     STAMINA 0.2121 0.0440 0.0316 0.0022 0.0402 0.5992 0.0072 0.0636 
    STEMSTER 0.1048 0.0095 0.1492 0.1492 0.0784 0.2968 0.1876 0.0247 
 STORMONT_EN 0.1280 0.0141 0.3089 0.1625 0.0087 0.1669 0.0902 0.1206 
    STIRLING 0.2372 0.3564 0.0597 0.0075 0.1529 0.0498 0.0110 0.1255 
     SYLVANA 0.0723 0.0611 0.2300 0.0296 0.0848 0.0967 0.2107 0.2149 
         TAY 0.1628 0.4666 0.0356 0.0172 0.0068 0.2227 0.0710 0.0172 
      TIMATE 0.0048 0.0487 0.2318 0.0269 0.1719 0.1187 0.3616 0.0357 
      TOLUCA 0.1616 0.0525 0.1862 0.0171 0.1929 0.0044 0.3148 0.0706 
    TORRIDON 0.2310 0.1557 0.1934 0.0990 0.2408 0.0192 0.0358 0.0251 
 ULSTER_SCEP 0.0389 0.1469 0.1621 0.0326 0.0186 0.2746 0.0072 0.3190 
 UMATILLA_RU 0.0415 0.0571 0.1124 0.3787 0.0374 0.2659 0.0614 0.0458 
 VALES_EMERA 0.0343 0.2493 0.0118 0.0818 0.0517 0.1650 0.3457 0.0604 
 VALES_EVERE 0.3002 0.3342 0.0131 0.1425 0.0301 0.1179 0.0104 0.0516 
 VALES_RUSSE 0.0098 0.0893 0.0095 0.1793 0.1454 0.0189 0.1372 0.4107 
 VALES_SOVER 0.5564 0.0835 0.0473 0.0034 0.0042 0.2872 0.0136 0.0045 
       VALOR 0.3726 0.2460 0.0961 0.0028 0.0140 0.2575 0.0063 0.0047 
    VAN_GOGH 0.0053 0.0771 0.3744 0.1430 0.1869 0.0742 0.1207 0.0183 
     VANTAGE 0.0529 0.0024 0.3321 0.2670 0.1145 0.0200 0.0165 0.1945 
       VERDI 0.0742 0.0138 0.2056 0.1866 0.1398 0.0952 0.2732 0.0117 
    VICTORIA 0.0185 0.1067 0.0982 0.0161 0.4524 0.0263 0.0917 0.1901 
     VIVALDI 0.0946 0.0141 0.3840 0.0102 0.1545 0.0036 0.1324 0.2066 
       WILJA 0.0754 0.0017 0.4936 0.1637 0.1495 0.0143 0.0018 0.0999 
     WINSTON 0.1599 0.1778 0.0337 0.0029 0.0030 0.3678 0.1711 0.0838 
      XD2-21 0.1577 0.1359 0.1531 0.1525 0.0035 0.0517 0.0753 0.2703 
  YUKON_GOLD 0.0076 0.2542 0.0335 0.0033 0.0840 0.1255 0.2241 0.2678 
       ZORBA 0.1027 0.0399 0.2230 0.1211 0.3165 0.0106 0.0049 0.1813 
