  00C133-020 0.2543 0.4032 0.0236 0.2726 0.0103 0.0249 0.0111 
 01C_071-002 0.0291 0.1842 0.1994 0.2533 0.1408 0.1461 0.0470 
 02M_012-001 0.1706 0.4837 0.0238 0.0619 0.0859 0.1699 0.0042 
 03M_016-002 0.0094 0.3617 0.0047 0.0172 0.0494 0.3320 0.2255 
 03M_034-002 0.2999 0.3621 0.0593 0.0683 0.0028 0.1993 0.0082 
 04C_055-004 0.0880 0.4440 0.0328 0.0420 0.2794 0.0614 0.0524 
 04C_126-005 0.2407 0.2073 0.1199 0.2890 0.0152 0.1157 0.0122 
 04M_034-013 0.1110 0.4080 0.0331 0.0071 0.0843 0.2175 0.1390 
 05M_002-001 0.0593 0.1299 0.3014 0.0579 0.1908 0.1020 0.1587 
 05M_004-003 0.1769 0.1385 0.3555 0.1639 0.0738 0.0080 0.0834 
 05M_012-004 0.2814 0.0931 0.2573 0.1262 0.0089 0.0456 0.1874 
 06C_127-002 0.4134 0.1612 0.0080 0.0710 0.2248 0.0414 0.0803 
 12288_AF_23 0.1835 0.3551 0.0205 0.2024 0.1272 0.0071 0.1042 
    12601AB1 0.3310 0.2126 0.0039 0.0050 0.0032 0.4419 0.0025 
   12636_A_2 0.2866 0.3510 0.0074 0.1065 0.0038 0.1901 0.0547 
  15119_AC_5 0.0055 0.2575 0.0130 0.5127 0.0023 0.1846 0.0244 
     1512C16 0.1475 0.0070 0.0781 0.1465 0.0896 0.2277 0.3036 
   15144_A_3 0.0638 0.0102 0.0079 0.6319 0.2394 0.0417 0.0051 
     1563C14 0.0114 0.0175 0.1572 0.0703 0.2320 0.4327 0.0789 
     2182EF7 0.2928 0.0180 0.1252 0.2356 0.0115 0.0557 0.2611 
     3681AD1 0.1540 0.0395 0.3833 0.2523 0.0210 0.0733 0.0766 
     5008AB6 0.2638 0.0057 0.2762 0.2051 0.1110 0.1298 0.0084 
    8204_A_4 0.4017 0.0462 0.1137 0.2333 0.0452 0.0360 0.1240 
       AGRIA 0.0746 0.0369 0.4185 0.0037 0.3244 0.0303 0.1116 
       AILSA 0.2167 0.4564 0.0038 0.0082 0.1729 0.0940 0.0480 
      ALMERA 0.0131 0.0907 0.3814 0.0332 0.2434 0.0134 0.2248 
       ALPHA 0.0601 0.0404 0.3829 0.0607 0.1247 0.2278 0.1035 
      ALWARA 0.0252 0.0367 0.2513 0.3179 0.2886 0.0505 0.0299 
      AMADRA 0.1148 0.1680 0.2889 0.0177 0.2253 0.1614 0.0240 
       AMOUR 0.1603 0.3360 0.0164 0.4016 0.0332 0.0312 0.0213 
        ANNA 0.1610 0.0095 0.0179 0.6290 0.0022 0.1377 0.0428 
   ANNABELLE 0.1010 0.0083 0.4327 0.0110 0.3457 0.0257 0.0756 
        ANYA 0.1554 0.0096 0.0862 0.0756 0.3848 0.2092 0.0792 
       ARGOS 0.0280 0.2470 0.0657 0.5083 0.0578 0.0063 0.0869 
     ARIELLE 0.0065 0.0295 0.2873 0.1098 0.3399 0.0835 0.1435 
      ARKULA 0.1047 0.0079 0.4548 0.0914 0.1201 0.1301 0.0910 
      ARMADA 0.0452 0.1256 0.3775 0.0631 0.1481 0.1204 0.1202 
   AVALANCHE 0.0121 0.4504 0.2358 0.1005 0.0229 0.0105 0.1677 
     BAILLIE 0.0818 0.4580 0.1302 0.1401 0.0940 0.0088 0.0872 
    BALMORAL 0.0727 0.0288 0.2273 0.3958 0.0059 0.0211 0.2484 
     BAMBINO 0.1550 0.4393 0.0692 0.2175 0.0755 0.0195 0.0240 
       BARNA 0.1409 0.0536 0.0665 0.4082 0.2204 0.0599 0.0505 
 BELLE_DE_FO 0.0017 0.0028 0.0084 0.0882 0.0080 0.8133 0.0776 
       BENOL 0.3045 0.4271 0.0667 0.0042 0.0072 0.1842 0.0062 
       BF_15 0.0035 0.0030 0.1261 0.0708 0.0776 0.6876 0.0315 
      BINTJE 0.0254 0.0716 0.2006 0.0968 0.0975 0.3134 0.1947 
 BIONICA_EX_ 0.3005 0.0311 0.3184 0.0972 0.0233 0.1593 0.0702 
 BLUE_DANUBE 0.0054 0.0261 0.5178 0.1513 0.0081 0.1463 0.1450 
      BONNIE 0.2203 0.1725 0.2050 0.1595 0.1235 0.0283 0.0909 
      BOUNTY 0.1821 0.3860 0.1070 0.2450 0.0382 0.0170 0.0247 
 BRITISH_QUE 0.0022 0.0251 0.1357 0.0530 0.0039 0.3450 0.4351 
     BRODICK 0.5529 0.2976 0.0365 0.0092 0.0614 0.0308 0.0115 
      BRODIE 0.1961 0.0186 0.0054 0.4661 0.0221 0.0965 0.1953 
      BUCHAN 0.2100 0.0691 0.0032 0.4041 0.1305 0.0583 0.1248 
      BURREN 0.1211 0.0461 0.1058 0.4409 0.1498 0.1176 0.0186 
     CABARET 0.1303 0.4691 0.0084 0.0607 0.0059 0.2535 0.0722 
      CAESAR 0.1934 0.0118 0.3811 0.0583 0.2688 0.0028 0.0838 
        CARA 0.1679 0.0731 0.0153 0.6555 0.0147 0.0572 0.0165 
 CARLINGFORD 0.2360 0.0694 0.0464 0.1593 0.1493 0.0202 0.3194 
  CASABLANCA 0.1226 0.2788 0.2433 0.2337 0.0032 0.0024 0.1161 
      CELINE 0.1860 0.0379 0.4586 0.1802 0.0125 0.1015 0.0233 
  CHALLENGER 0.0934 0.1606 0.2800 0.0037 0.1914 0.0969 0.1740 
   CHARLOTTE 0.2870 0.0259 0.0154 0.0127 0.5045 0.1488 0.0057 
     CHICAGO 0.0876 0.4646 0.2017 0.0131 0.1729 0.0551 0.0049 
   CHIEFTAIN 0.2167 0.0097 0.0062 0.0559 0.2610 0.0840 0.3665 
      CHOPIN 0.1287 0.0177 0.4077 0.0222 0.1716 0.0233 0.2288 
      CLARET 0.1008 0.0798 0.0088 0.5973 0.1314 0.0335 0.0482 
      CORINE 0.1261 0.1568 0.2973 0.1766 0.0044 0.0827 0.1560 
      COSMOS 0.0450 0.1264 0.4574 0.0195 0.0846 0.0410 0.2260 
     COURAGE 0.1263 0.0334 0.3359 0.1118 0.1300 0.1071 0.1554 
     COURLAN 0.1217 0.0763 0.0433 0.1477 0.2986 0.0518 0.2605 
 CRAIGS_ROYA 0.1400 0.1736 0.0036 0.3542 0.0533 0.0586 0.2166 
 CRAIGS_SNOW 0.0105 0.1748 0.0172 0.0994 0.1079 0.2619 0.3284 
     CRAMOND 0.3787 0.3474 0.1675 0.0292 0.0060 0.0116 0.0596 
 CRISPS_FOR_ 0.1303 0.0781 0.2736 0.0488 0.2781 0.0487 0.1425 
    CROMWELL 0.0040 0.6283 0.0150 0.0908 0.0584 0.1983 0.0053 
       D22/1 0.0036 0.5458 0.0264 0.1294 0.0055 0.1432 0.1461 
       D23/3 0.0198 0.3833 0.0165 0.0370 0.0862 0.2695 0.1877 
      D47-11 0.0071 0.7033 0.0282 0.0156 0.0061 0.2206 0.0192 
       D49/1 0.0194 0.7477 0.0151 0.0032 0.0654 0.1388 0.0104 
       DAISY 0.1060 0.4184 0.1405 0.0091 0.1109 0.1996 0.0154 
 DARK_RED_NO 0.0899 0.0317 0.0201 0.1207 0.2436 0.0789 0.4152 
     DARWINA 0.0144 0.1203 0.3986 0.0181 0.1572 0.0976 0.1938 
     DESIREE 0.0144 0.0029 0.1467 0.2808 0.3441 0.1438 0.0672 
       DITTA 0.0095 0.0256 0.2998 0.0190 0.3290 0.1235 0.1935 
 DR._MCINTOS 0.2284 0.0403 0.0820 0.0802 0.0341 0.0280 0.5070 
       DRAGA 0.1262 0.1310 0.2908 0.0657 0.0561 0.0058 0.3244 
 DUKE_OF_YOR 0.0038 0.0028 0.2458 0.0061 0.0046 0.3367 0.4002 
 DUNBAR_STAN 0.0195 0.1686 0.0064 0.0818 0.0546 0.2187 0.4504 
     DUNDROD 0.0739 0.4482 0.0060 0.0851 0.1759 0.1333 0.0777 
     ECLIPSE 0.1118 0.0129 0.0031 0.0024 0.1934 0.3772 0.2992 
        EDEN 0.1982 0.5821 0.0061 0.0058 0.0050 0.1932 0.0096 
 EDZELL_BLUE 0.1048 0.0245 0.1825 0.1342 0.0939 0.3260 0.1341 
   ELISABETH 0.2476 0.0845 0.2564 0.0075 0.3420 0.0089 0.0529 
     EMPEROR 0.1742 0.1505 0.1119 0.0064 0.2400 0.0069 0.3101 
         EOS 0.2095 0.2052 0.1296 0.0185 0.2749 0.0150 0.1473 
     EPICURE 0.1333 0.0048 0.0369 0.0144 0.1342 0.3574 0.3191 
  ERNTESTOLZ 0.0522 0.0301 0.2516 0.0549 0.1696 0.2326 0.2091 
      ESCORT 0.2059 0.0956 0.3782 0.0490 0.2431 0.0168 0.0114 
   ESMERALDA 0.1807 0.0913 0.3057 0.0838 0.1559 0.1655 0.0171 
      ESTIMA 0.0746 0.1244 0.3107 0.0085 0.1889 0.0707 0.2221 
 EVE_BALFOUR 0.2415 0.0808 0.0193 0.3380 0.0113 0.2303 0.0787 
   EXCALIBUR 0.2812 0.3620 0.0304 0.3027 0.0165 0.0036 0.0035 
     EXQUISA 0.0346 0.0038 0.2740 0.1311 0.3844 0.1662 0.0059 
    FESTIVAL 0.1757 0.0960 0.4180 0.0131 0.2473 0.0077 0.0421 
      FIANNA 0.1081 0.0335 0.3599 0.1741 0.0840 0.0089 0.2315 
   FIFTYFOLD 0.0402 0.0543 0.0114 0.0788 0.1448 0.5307 0.1398 
     FONTANE 0.0587 0.1792 0.3564 0.0056 0.2269 0.0139 0.1592 
   FORTYFOLD 0.0064 0.0037 0.2344 0.0189 0.0050 0.5390 0.1925 
 FRONTIER_RU 0.0784 0.0873 0.0119 0.0081 0.2560 0.1153 0.4429 
     G.81071 0.3021 0.0904 0.1505 0.1264 0.0499 0.0803 0.2004 
     G.88661 0.2796 0.1511 0.1477 0.0107 0.0869 0.0046 0.3192 
    G.886611 0.3658 0.1343 0.0360 0.0160 0.1717 0.0034 0.2729 
  G.8867Y%12 0.2796 0.0198 0.0920 0.0930 0.1718 0.0048 0.3389 
     G.88839 0.1235 0.0045 0.3957 0.0065 0.4502 0.0148 0.0048 
     G.88842 0.1548 0.0083 0.3972 0.0893 0.2139 0.0136 0.1229 
   GALACTICA 0.0029 0.0131 0.3119 0.3971 0.0110 0.1522 0.1117 
      GEMSON 0.1473 0.0955 0.0152 0.2547 0.0775 0.1292 0.2808 
  GL.76B/102 0.0132 0.1638 0.1262 0.0074 0.2375 0.3197 0.1321 
   GL.76B/94 0.0060 0.0035 0.2634 0.1474 0.0357 0.5263 0.0177 
  GL.77M/106 0.3266 0.1272 0.0052 0.1939 0.1435 0.1907 0.0129 
   GL.78/166 0.0026 0.0652 0.1457 0.0624 0.0333 0.5777 0.1132 
    GL.78/53 0.1477 0.1461 0.0045 0.0096 0.1616 0.5239 0.0066 
    GL.78/97 0.0529 0.1013 0.0895 0.0308 0.1348 0.5645 0.0263 
    GL.79/42 0.1116 0.1167 0.0399 0.0062 0.1855 0.5368 0.0034 
    GL.79/45 0.1067 0.0417 0.0375 0.0868 0.1496 0.5731 0.0046 
 GL.81_NT_25 0.0036 0.5425 0.0472 0.0569 0.0058 0.3345 0.0095 
   GLADIATOR 0.1249 0.0815 0.1943 0.1451 0.2772 0.0067 0.1702 
      GLAMIS 0.0940 0.4165 0.0932 0.0384 0.1815 0.0153 0.1609 
 GOLDEN_MILL 0.4980 0.2859 0.0396 0.0495 0.0114 0.1097 0.0059 
 GOLDEN_NUGG 0.2826 0.0196 0.4520 0.1833 0.0122 0.0419 0.0084 
 GOLDEN_WOND 0.0652 0.0202 0.0775 0.0291 0.1224 0.5535 0.1322 
     GRANOLA 0.2546 0.0329 0.1403 0.0102 0.4440 0.1117 0.0063 
    H1H3_101 0.0026 0.6855 0.0042 0.0062 0.0034 0.2885 0.0097 
      H1H3_3 0.1956 0.3765 0.0795 0.0278 0.0099 0.1538 0.1568 
 HARBOROUGH_ 0.5005 0.4573 0.0195 0.0029 0.0044 0.0080 0.0075 
   HARLEQUIN 0.1836 0.0753 0.0200 0.0825 0.4554 0.1713 0.0119 
      HERMES 0.0033 0.0740 0.2181 0.2342 0.3161 0.0922 0.0620 
 HIGHLAND_BU 0.0715 0.0044 0.1118 0.0034 0.0024 0.7923 0.0142 
  HOME_GUARD 0.2008 0.1260 0.0229 0.1123 0.0544 0.2064 0.2772 
     HORIZON 0.0252 0.0984 0.4518 0.0958 0.0619 0.2365 0.0304 
   INNOVATOR 0.0141 0.0068 0.2984 0.0687 0.0032 0.1370 0.4719 
 INTERNATION 0.0036 0.0049 0.0448 0.0085 0.0051 0.8476 0.0856 
 ISLE_OF_JUR 0.1122 0.4134 0.0806 0.1415 0.0859 0.1214 0.0451 
    JULIETTE 0.1474 0.0090 0.2349 0.0112 0.5344 0.0574 0.0056 
     KARLENA 0.0039 0.0565 0.2342 0.2512 0.0307 0.1686 0.2548 
 KERR'S_PINK 0.0604 0.0702 0.0062 0.0682 0.0458 0.4158 0.3334 
     KESTREL 0.1585 0.3072 0.0036 0.3775 0.1298 0.0050 0.0183 
       KIFLI 0.1277 0.0767 0.0947 0.0115 0.4973 0.1841 0.0081 
 KING_EDWARD 0.0228 0.0364 0.0041 0.0027 0.1121 0.7010 0.1209 
    KINGSTON 0.2644 0.3707 0.1218 0.0439 0.0089 0.1862 0.0041 
 KUFRI_CHAND 0.0493 0.1081 0.1147 0.0736 0.1237 0.1392 0.3914 
 KUFRI_JYOTI 0.2665 0.0057 0.2358 0.2493 0.0399 0.1472 0.0557 
      KURODA 0.0126 0.0497 0.4565 0.1341 0.1471 0.0139 0.1859 
 LADY_BALFOU 0.1579 0.1469 0.0566 0.3438 0.0131 0.1417 0.1400 
 LADY_CHRIST 0.0888 0.0437 0.4295 0.0349 0.0502 0.2904 0.0623 
 LADY_CLAIRE 0.0032 0.0122 0.6947 0.0190 0.0167 0.2132 0.0411 
     LADY_JO 0.0029 0.0256 0.5683 0.0101 0.0019 0.2800 0.1111 
 LADY_ROSETT 0.1165 0.1077 0.3412 0.0692 0.1035 0.1320 0.1300 
    LIBERTAS 0.0027 0.0046 0.5270 0.1540 0.0023 0.3035 0.0059 
       LINDA 0.0509 0.0053 0.1245 0.0530 0.5452 0.2114 0.0096 
      LINTON 0.0093 0.1879 0.1518 0.1642 0.2847 0.0206 0.1815 
 LINZER_DELI 0.1378 0.0079 0.2127 0.0204 0.3791 0.1996 0.0426 
   LIONHEART 0.1256 0.0362 0.4745 0.0684 0.0662 0.0322 0.1969 
   MADELEINE 0.1756 0.0287 0.3667 0.0285 0.3069 0.0843 0.0093 
   MADINGLEY 0.0165 0.1452 0.1462 0.2117 0.3732 0.0306 0.0766 
    MAJESTIC 0.1928 0.0119 0.0805 0.0928 0.0711 0.0395 0.5115 
     MARABEL 0.0989 0.0105 0.4746 0.0221 0.2872 0.0086 0.0982 
     MARFONA 0.0213 0.1146 0.4615 0.0679 0.0224 0.1391 0.1732 
     MARILYN 0.1359 0.0099 0.2834 0.1162 0.3158 0.0894 0.0494 
 MARIS_ANCHO 0.0891 0.0587 0.2744 0.0204 0.1656 0.1658 0.2261 
  MARIS_BARD 0.0567 0.2459 0.2550 0.0729 0.0015 0.0988 0.2691 
  MARIS_PEER 0.0981 0.1512 0.0074 0.1837 0.1070 0.1198 0.3328 
 MARIS_PIPER 0.0125 0.8123 0.0166 0.0072 0.0279 0.1174 0.0061 
     MARKIES 0.0322 0.0164 0.4285 0.0736 0.2919 0.1269 0.0304 
      MAXINE 0.0913 0.3876 0.0081 0.1193 0.1186 0.0067 0.2684 
      MEGARA 0.0881 0.0487 0.4687 0.0351 0.2645 0.0817 0.0131 
      MELODY 0.0595 0.0704 0.3633 0.1568 0.1629 0.1653 0.0219 
       MIDAS 0.0158 0.4880 0.1498 0.0091 0.2241 0.1092 0.0041 
       MILVA 0.1252 0.0086 0.3479 0.0239 0.2721 0.1920 0.0303 
        MIMI 0.2108 0.2308 0.2985 0.1237 0.0105 0.1198 0.0059 
        MIRA 0.0111 0.0114 0.5949 0.0674 0.0078 0.2281 0.0793 
       MOIRA 0.1112 0.0353 0.2600 0.1389 0.1900 0.1271 0.1376 
    MONTROSE 0.3617 0.3738 0.0041 0.0059 0.0051 0.2469 0.0025 
       MORAG 0.3206 0.0698 0.0320 0.2068 0.0060 0.1910 0.1737 
      MORENE 0.0067 0.0032 0.5719 0.1111 0.0082 0.1701 0.1288 
      MOZART 0.2909 0.0081 0.3618 0.0075 0.3018 0.0021 0.0278 
 MYATT'S_ASH 0.0021 0.0038 0.1547 0.0118 0.0097 0.7113 0.1066 
      NADINE 0.2067 0.3759 0.0371 0.1043 0.2068 0.0064 0.0628 
       NAVAN 0.1057 0.6555 0.0201 0.0522 0.0476 0.0332 0.0856 
 NDTX_4271_5 0.2671 0.1306 0.0041 0.0092 0.3178 0.0098 0.2614 
      NICOLA 0.0050 0.0045 0.2780 0.0103 0.4770 0.1680 0.0574 
     NOVELLA 0.1434 0.0219 0.3816 0.1580 0.1652 0.0325 0.0975 
     OLYMPUS 0.3968 0.1888 0.0098 0.0423 0.1017 0.1270 0.1335 
       OPERA 0.1514 0.0835 0.3439 0.1120 0.1982 0.0162 0.0949 
   ORCHESTRA 0.1019 0.1153 0.3334 0.0322 0.3268 0.0723 0.0182 
      ORIANA 0.0079 0.0045 0.3957 0.1775 0.1445 0.0589 0.2111 
     OTHELLO 0.1495 0.1049 0.0032 0.5167 0.1040 0.0069 0.1147 
     PALADIN 0.0695 0.6357 0.0304 0.0060 0.0057 0.1936 0.0590 
       PANDA 0.0971 0.0808 0.1889 0.0705 0.5359 0.0187 0.0081 
   PARAMOUNT 0.1682 0.0062 0.1787 0.4242 0.1212 0.0716 0.0300 
    PATRONES 0.0125 0.0748 0.3075 0.0525 0.1630 0.1740 0.2157 
 PENTLAND_AC 0.1101 0.1360 0.1450 0.1674 0.1236 0.1350 0.1828 
 PENTLAND_BE 0.0058 0.0195 0.0911 0.1804 0.0051 0.4022 0.2958 
 PENTLAND_CR 0.3427 0.0231 0.3021 0.0806 0.0034 0.1054 0.1426 
 PENTLAND_DE 0.2899 0.0081 0.0231 0.1637 0.0208 0.2389 0.2554 
 PENTLAND_IV 0.2889 0.0265 0.0043 0.1280 0.1604 0.0599 0.3320 
 PENTLAND_JA 0.2001 0.0253 0.2138 0.0506 0.0139 0.0754 0.4209 
 PENTLAND_MA 0.1403 0.0050 0.3489 0.2419 0.0349 0.1011 0.1278 
 PENTLAND_SQ 0.3537 0.0109 0.1405 0.0795 0.0136 0.1932 0.2085 
   PEPO_1978 0.0597 0.1014 0.3009 0.0199 0.3510 0.1258 0.0414 
     PICASSO 0.0339 0.1393 0.2339 0.5000 0.0492 0.0034 0.0403 
   PIMPERNEL 0.0879 0.0160 0.4198 0.1297 0.1269 0.2155 0.0043 
     PIONEER 0.1807 0.0055 0.0971 0.0048 0.5252 0.1731 0.0134 
       PIXIE 0.3090 0.2560 0.0460 0.2361 0.1289 0.0058 0.0182 
    PREMIERE 0.0150 0.0648 0.5136 0.0162 0.0031 0.2376 0.1497 
   PRODUCENT 0.0954 0.1884 0.4070 0.0083 0.1395 0.1000 0.0614 
     PROVOST 0.1976 0.0111 0.1718 0.1488 0.0556 0.1369 0.2781 
  R.P.LUSTRE 0.1855 0.1388 0.0135 0.0277 0.2330 0.2224 0.1791 
 RANGER_RUSS 0.0021 0.0030 0.0766 0.1189 0.0784 0.1808 0.5401 
       RATTE 0.2203 0.0712 0.0103 0.0073 0.1600 0.4950 0.0358 
      RECORD 0.0037 0.0063 0.5736 0.1087 0.0094 0.2898 0.0085 
   REMBRANDT 0.0886 0.0910 0.4112 0.0092 0.1051 0.1233 0.1715 
    RIO_ROJO 0.1707 0.0365 0.0400 0.1498 0.2256 0.0493 0.3280 
      ROBIJN 0.0035 0.0042 0.5129 0.0828 0.0676 0.3065 0.0224 
      ROCKET 0.1655 0.4588 0.0197 0.0572 0.0142 0.1632 0.1213 
   RODE_STAR 0.0089 0.0129 0.2952 0.0503 0.2320 0.3989 0.0017 
      ROMANO 0.1635 0.0111 0.3326 0.2943 0.1694 0.0204 0.0087 
       ROMEO 0.2187 0.0069 0.0062 0.2770 0.2456 0.2003 0.0454 
     ROOSTER 0.3261 0.0110 0.1904 0.1676 0.0239 0.1445 0.1365 
       ROYAL 0.0116 0.3384 0.1424 0.0727 0.3350 0.0947 0.0052 
 ROYAL_KIDNE 0.0101 0.0035 0.0704 0.0202 0.0029 0.3720 0.5208 
     RUBESSE 0.1663 0.0111 0.2161 0.0987 0.2727 0.0740 0.1611 
 RUSSET_BURB 0.0747 0.0153 0.0804 0.0426 0.1322 0.1100 0.5448 
 RUSSET_NORK 0.1070 0.0248 0.0033 0.0072 0.2714 0.0200 0.5663 
      SAFARI 0.2324 0.0074 0.4942 0.1527 0.0447 0.0200 0.0487 
     SANTANA 0.0307 0.1408 0.3655 0.0685 0.1158 0.0763 0.2025 
       SANTE 0.2166 0.0822 0.4723 0.0498 0.0486 0.1192 0.0111 
     SAPHIRE 0.1766 0.0425 0.4528 0.0243 0.0386 0.0052 0.2601 
  SARPO_MIRA 0.0076 0.0626 0.1509 0.1762 0.4263 0.1677 0.0087 
 SARPO_SHONA 0.0306 0.0470 0.2582 0.1663 0.3924 0.0953 0.0102 
       SASSY 0.0509 0.0806 0.2688 0.0801 0.1571 0.2136 0.1489 
     SATURNA 0.0037 0.0442 0.3948 0.0156 0.2626 0.2735 0.0056 
        SAVA 0.0669 0.1168 0.2337 0.0255 0.3731 0.0281 0.1558 
       SAXON 0.2589 0.4702 0.0749 0.0403 0.0122 0.1271 0.0164 
 SCARBOROUGH 0.4056 0.5254 0.0043 0.0024 0.0078 0.0499 0.0045 
 SEFTON_WOND 0.1312 0.0920 0.0107 0.0436 0.0049 0.4052 0.3125 
    SERAFINA 0.1635 0.0039 0.2146 0.0920 0.3739 0.1389 0.0133 
     SETANTA 0.5045 0.1037 0.1101 0.1142 0.0441 0.0821 0.0413 
 SHARPE'S_EX 0.0137 0.0957 0.0458 0.0299 0.1187 0.5787 0.1174 
     SHELAGH 0.1369 0.1269 0.1505 0.2472 0.0431 0.2732 0.0221 
    SHELFORD 0.0024 0.0363 0.1406 0.2484 0.3383 0.1520 0.0820 
     SHEPODY 0.0066 0.0069 0.2261 0.1761 0.0025 0.1590 0.4229 
      SLANEY 0.2009 0.2282 0.0095 0.3679 0.1322 0.0066 0.0547 
        SPEY 0.2235 0.2155 0.0565 0.4189 0.0646 0.0034 0.0177 
      SPUNTA 0.1749 0.0602 0.0521 0.1539 0.3115 0.2133 0.0341 
     STAMINA 0.0486 0.6130 0.0257 0.2265 0.0140 0.0024 0.0696 
    STEMSTER 0.0129 0.3075 0.1777 0.1303 0.1837 0.1601 0.0278 
 STORMONT_EN 0.0314 0.1786 0.2703 0.1656 0.0558 0.1707 0.1276 
    STIRLING 0.3801 0.0587 0.1542 0.2276 0.0137 0.0103 0.1555 
     SYLVANA 0.0796 0.0965 0.2581 0.0918 0.1984 0.0377 0.2379 
         TAY 0.4916 0.2416 0.0268 0.1590 0.0418 0.0198 0.0194 
      TIMATE 0.0724 0.1097 0.3404 0.0066 0.3698 0.0403 0.0609 
      TOLUCA 0.0698 0.0051 0.3215 0.1687 0.3170 0.0329 0.0849 
    TORRIDON 0.1598 0.0231 0.3421 0.2456 0.0459 0.1194 0.0640 
 ULSTER_SCEP 0.1651 0.2794 0.1201 0.0603 0.0068 0.0347 0.3334 
 UMATILLA_RU 0.0712 0.2863 0.1511 0.0473 0.0318 0.3752 0.0371 
 VALES_EMERA 0.2737 0.1619 0.0192 0.0335 0.3601 0.1009 0.0508 
 VALES_EVERE 0.3473 0.1297 0.0153 0.2996 0.0106 0.1415 0.0560 
 VALES_RUSSE 0.0880 0.0287 0.0467 0.0186 0.1629 0.2086 0.4465 
 VALES_SOVER 0.0906 0.3026 0.0194 0.5670 0.0110 0.0035 0.0060 
       VALOR 0.2645 0.2688 0.0667 0.3850 0.0061 0.0030 0.0058 
    VAN_GOGH 0.1022 0.0837 0.4936 0.0104 0.1103 0.1604 0.0395 
     VANTAGE 0.0027 0.0231 0.3640 0.0982 0.0114 0.2767 0.2239 
       VERDI 0.0201 0.1027 0.2928 0.0815 0.2755 0.2037 0.0238 
    VICTORIA 0.0978 0.0251 0.4037 0.0227 0.1618 0.0296 0.2594 
     VIVALDI 0.0231 0.0034 0.4734 0.1237 0.1076 0.0196 0.2493 
       WILJA 0.0022 0.0147 0.5443 0.1221 0.0022 0.1776 0.1370 
     WINSTON 0.2101 0.3735 0.0074 0.1846 0.1585 0.0032 0.0627 
      XD2-21 0.1675 0.0601 0.0886 0.1964 0.0471 0.1728 0.2675 
  YUKON_GOLD 0.2704 0.1254 0.0600 0.0065 0.2389 0.0041 0.2946 
       ZORBA 0.0392 0.0124 0.4275 0.1214 0.0083 0.1491 0.2421 
