  00C133-020 0.0849 0.0321 0.3551 0.0174 0.4885 0.0220 
 01C_071-002 0.1027 0.1744 0.2437 0.0466 0.1788 0.2539 
 02M_012-001 0.1035 0.2035 0.0803 0.0045 0.5493 0.0589 
 03M_016-002 0.0194 0.3891 0.0170 0.2209 0.3416 0.0121 
 03M_034-002 0.0196 0.2289 0.2071 0.0162 0.4891 0.0391 
 04C_055-004 0.2764 0.1000 0.0208 0.0526 0.4611 0.0890 
 04C_126-005 0.1073 0.1195 0.3754 0.0182 0.2782 0.1014 
 04M_034-013 0.0876 0.2520 0.0105 0.1428 0.4465 0.0605 
 05M_002-001 0.2032 0.1130 0.0568 0.1628 0.1389 0.3253 
 05M_004-003 0.1232 0.0079 0.2079 0.0971 0.2075 0.3564 
 05M_012-004 0.1076 0.0377 0.2281 0.2059 0.2061 0.2145 
 06C_127-002 0.4202 0.0262 0.1477 0.0865 0.3146 0.0049 
 12288_AF_23 0.2060 0.0104 0.1960 0.1168 0.4337 0.0371 
    12601AB1 0.0378 0.4838 0.0902 0.0037 0.3786 0.0059 
   12636_A_2 0.0269 0.2148 0.2154 0.0721 0.4617 0.0091 
  15119_AC_5 0.0020 0.2191 0.5370 0.0202 0.2018 0.0199 
     1512C16 0.1969 0.2261 0.1882 0.3142 0.0178 0.0569 
   15144_A_3 0.2866 0.0466 0.6212 0.0053 0.0129 0.0275 
     1563C14 0.2297 0.4512 0.0343 0.0724 0.0123 0.2000 
     2182EF7 0.1814 0.0383 0.3495 0.2773 0.1078 0.0458 
     3681AD1 0.1034 0.0602 0.3141 0.0764 0.0897 0.3563 
     5008AB6 0.2971 0.1137 0.3226 0.0093 0.0328 0.2246 
    8204_A_4 0.2851 0.0149 0.3528 0.1312 0.1901 0.0260 
       AGRIA 0.3132 0.0294 0.0033 0.1115 0.0773 0.4653 
       AILSA 0.2468 0.1298 0.0142 0.0578 0.5452 0.0062 
      ALMERA 0.2332 0.0224 0.0227 0.2304 0.0759 0.4154 
       ALPHA 0.1498 0.2332 0.0609 0.1112 0.0630 0.3819 
      ALWARA 0.2959 0.0589 0.2897 0.0233 0.0292 0.3029 
      AMADRA 0.2629 0.1730 0.0156 0.0328 0.2149 0.3008 
       AMOUR 0.0711 0.0500 0.4315 0.0293 0.3928 0.0255 
        ANNA 0.0059 0.1377 0.7507 0.0729 0.0177 0.0152 
   ANNABELLE 0.4228 0.0282 0.0197 0.0918 0.0145 0.4230 
        ANYA 0.4959 0.2155 0.0638 0.0751 0.0366 0.1132 
       ARGOS 0.0466 0.0088 0.4970 0.0958 0.2337 0.1181 
     ARIELLE 0.3149 0.0978 0.0554 0.1397 0.0277 0.3645 
      ARKULA 0.2062 0.1255 0.1317 0.1064 0.0151 0.4152 
      ARMADA 0.1755 0.1312 0.0830 0.1342 0.1162 0.3600 
   AVALANCHE 0.0072 0.0220 0.0769 0.1810 0.4416 0.2712 
     BAILLIE 0.0985 0.0215 0.1321 0.0980 0.4797 0.1701 
    BALMORAL 0.0090 0.0235 0.4516 0.2607 0.0341 0.2211 
     BAMBINO 0.1121 0.0303 0.2410 0.0383 0.4918 0.0865 
       BARNA 0.3113 0.0477 0.4020 0.0543 0.1005 0.0842 
 BELLE_DE_FO 0.0072 0.8403 0.0663 0.0728 0.0024 0.0110 
       BENOL 0.0753 0.2151 0.0465 0.0086 0.5699 0.0846 
       BF_15 0.0693 0.7049 0.0562 0.0242 0.0035 0.1418 
      BINTJE 0.1060 0.3280 0.0902 0.1966 0.0717 0.2074 
 BIONICA_EX_ 0.1766 0.1423 0.2054 0.0911 0.1348 0.2497 
 BLUE_DANUBE 0.0067 0.1502 0.1605 0.1533 0.0149 0.5144 
      BONNIE 0.2360 0.0208 0.2181 0.1023 0.2536 0.1693 
      BOUNTY 0.0980 0.0268 0.2883 0.0344 0.4435 0.1090 
 BRITISH_QUE 0.0037 0.3719 0.0385 0.4379 0.0080 0.1400 
     BRODICK 0.2897 0.0173 0.1164 0.0192 0.5463 0.0110 
      BRODIE 0.1299 0.0747 0.5136 0.1904 0.0856 0.0058 
      BUCHAN 0.2555 0.0431 0.4404 0.1192 0.1385 0.0032 
      BURREN 0.2011 0.1127 0.4560 0.0211 0.0786 0.1303 
     CABARET 0.0111 0.2951 0.1078 0.0795 0.4953 0.0111 
      CAESAR 0.3695 0.0026 0.0789 0.1006 0.0722 0.3763 
        CARA 0.0927 0.0426 0.7086 0.0149 0.1270 0.0143 
 CARLINGFORD 0.2980 0.0179 0.1993 0.3215 0.1411 0.0222 
  CASABLANCA 0.0050 0.0034 0.2793 0.1382 0.3283 0.2458 
      CELINE 0.1162 0.0901 0.2675 0.0295 0.1023 0.3943 
  CHALLENGER 0.2200 0.1000 0.0044 0.1892 0.1963 0.2901 
   CHARLOTTE 0.6579 0.1455 0.0159 0.0065 0.1324 0.0419 
     CHICAGO 0.1493 0.0936 0.0120 0.0069 0.4926 0.2456 
   CHIEFTAIN 0.4012 0.0825 0.0880 0.3716 0.0505 0.0061 
      CHOPIN 0.2456 0.0270 0.0450 0.2489 0.0517 0.3818 
      CLARET 0.1918 0.0385 0.6097 0.0390 0.1021 0.0190 
      CORINE 0.0092 0.0893 0.2370 0.1717 0.1870 0.3058 
      COSMOS 0.0884 0.0524 0.0235 0.2373 0.1457 0.4527 
     COURAGE 0.2092 0.1038 0.1422 0.1547 0.0755 0.3148 
     COURLAN 0.3237 0.0649 0.1203 0.2614 0.1210 0.1087 
 CRAIGS_ROYA 0.1297 0.0571 0.3592 0.2238 0.2254 0.0048 
 CRAIGS_SNOW 0.0880 0.2940 0.0720 0.3337 0.1643 0.0480 
     CRAMOND 0.1218 0.0162 0.1559 0.0925 0.4953 0.1182 
 CRISPS_FOR_ 0.3399 0.0515 0.0441 0.1541 0.1262 0.2842 
    CROMWELL 0.0119 0.2656 0.0460 0.0054 0.5962 0.0749 
       D22/1 0.0034 0.1915 0.0977 0.1529 0.5024 0.0522 
       D23/3 0.0624 0.3116 0.0278 0.1875 0.3703 0.0403 
      D47-11 0.0035 0.2775 0.0111 0.0134 0.6498 0.0447 
       D49/1 0.0164 0.2010 0.0026 0.0096 0.7328 0.0377 
       DAISY 0.1185 0.2319 0.0101 0.0178 0.4561 0.1656 
 DARK_RED_NO 0.2946 0.1042 0.1024 0.4069 0.0580 0.0338 
     DARWINA 0.1410 0.1144 0.0187 0.1957 0.1114 0.4187 
     DESIREE 0.3813 0.1417 0.2289 0.0562 0.0035 0.1884 
       DITTA 0.3029 0.1310 0.0087 0.1883 0.0162 0.3529 
 DR._MCINTOS 0.1805 0.0262 0.1491 0.5155 0.1075 0.0212 
       DRAGA 0.0985 0.0063 0.0847 0.3409 0.1809 0.2886 
 DUKE_OF_YOR 0.0058 0.3460 0.0074 0.4155 0.0033 0.2219 
 DUNBAR_STAN 0.0414 0.2559 0.0722 0.4533 0.1669 0.0103 
     DUNDROD 0.1755 0.1901 0.0765 0.0779 0.4642 0.0157 
     ECLIPSE 0.2824 0.3901 0.0033 0.2895 0.0317 0.0031 
        EDEN 0.0223 0.2515 0.0259 0.0271 0.6634 0.0097 
 EDZELL_BLUE 0.1420 0.3270 0.1518 0.1362 0.0605 0.1824 
   ELISABETH 0.5044 0.0102 0.0126 0.0733 0.1733 0.2262 
     EMPEROR 0.2919 0.0120 0.0077 0.3216 0.2194 0.1473 
         EOS 0.3769 0.0214 0.0207 0.1572 0.2927 0.1312 
     EPICURE 0.2467 0.3659 0.0302 0.3312 0.0093 0.0168 
  ERNTESTOLZ 0.1803 0.2400 0.0593 0.2142 0.0332 0.2730 
      ESCORT 0.3426 0.0169 0.0727 0.0121 0.1818 0.3739 
   ESMERALDA 0.2549 0.1634 0.1076 0.0257 0.1605 0.2879 
      ESTIMA 0.2318 0.0752 0.0093 0.2289 0.1480 0.3067 
 EVE_BALFOUR 0.0996 0.2243 0.4251 0.0727 0.1660 0.0122 
   EXCALIBUR 0.0981 0.0048 0.3961 0.0042 0.4656 0.0313 
     EXQUISA 0.4335 0.1667 0.1042 0.0062 0.0044 0.2850 
    FESTIVAL 0.3437 0.0082 0.0303 0.0557 0.1669 0.3952 
      FIANNA 0.1466 0.0095 0.2111 0.2414 0.0608 0.3305 
   FIFTYFOLD 0.1675 0.5512 0.0662 0.1352 0.0622 0.0178 
     FONTANE 0.2133 0.0177 0.0045 0.1636 0.2052 0.3957 
   FORTYFOLD 0.0054 0.5468 0.0238 0.1888 0.0028 0.2324 
 FRONTIER_RU 0.2845 0.1398 0.0060 0.4327 0.1106 0.0264 
     G.81071 0.2091 0.0702 0.2121 0.2168 0.1951 0.0966 
     G.88661 0.2535 0.0045 0.0383 0.3455 0.2676 0.0907 
    G.886611 0.3888 0.0031 0.0559 0.2787 0.2653 0.0082 
  G.8867Y%12 0.3676 0.0039 0.1428 0.3513 0.1059 0.0284 
     G.88839 0.5635 0.0206 0.0072 0.0054 0.0069 0.3964 
     G.88842 0.3313 0.0125 0.1395 0.1382 0.0189 0.3596 
   GALACTICA 0.0051 0.1513 0.3870 0.1103 0.0056 0.3408 
      GEMSON 0.1559 0.1320 0.2828 0.2803 0.1343 0.0148 
  GL.76B/102 0.1940 0.3589 0.0054 0.1178 0.1423 0.1815 
   GL.76B/94 0.0224 0.5378 0.1478 0.0174 0.0028 0.2720 
  GL.77M/106 0.2871 0.1851 0.2651 0.0108 0.2470 0.0048 
   GL.78/166 0.0094 0.6143 0.0428 0.1125 0.0238 0.1972 
    GL.78/53 0.2099 0.5484 0.0148 0.0082 0.2103 0.0084 
    GL.78/97 0.1440 0.5823 0.0264 0.0206 0.1136 0.1131 
    GL.79/42 0.2467 0.5513 0.0065 0.0037 0.1514 0.0404 
    GL.79/45 0.2162 0.5820 0.0974 0.0057 0.0688 0.0299 
 GL.81_NT_25 0.0030 0.3835 0.0281 0.0098 0.4900 0.0855 
   GLADIATOR 0.3333 0.0076 0.1224 0.1734 0.1325 0.2309 
      GLAMIS 0.2042 0.0376 0.0299 0.1672 0.4386 0.1224 
 GOLDEN_MILL 0.1748 0.1146 0.1956 0.0101 0.4866 0.0182 
 GOLDEN_NUGG 0.1662 0.0202 0.3067 0.0158 0.1197 0.3714 
 GOLDEN_WOND 0.1500 0.5614 0.0307 0.1326 0.0385 0.0867 
     GRANOLA 0.5617 0.1078 0.0176 0.0072 0.1313 0.1744 
    H1H3_101 0.0021 0.3593 0.0044 0.0092 0.6182 0.0068 
      H1H3_3 0.0360 0.1794 0.0866 0.1805 0.4484 0.0691 
 HARBOROUGH_ 0.1449 0.0170 0.0587 0.0299 0.7229 0.0266 
   HARLEQUIN 0.5409 0.1776 0.0452 0.0154 0.1464 0.0745 
      HERMES 0.2341 0.1332 0.1612 0.0734 0.0551 0.3430 
 HIGHLAND_BU 0.0060 0.8097 0.0189 0.0522 0.0110 0.1022 
  HOME_GUARD 0.1492 0.2056 0.1495 0.2815 0.2027 0.0116 
     HORIZON 0.0820 0.2499 0.1072 0.0386 0.0899 0.4324 
   INNOVATOR 0.0044 0.1390 0.0996 0.4803 0.0065 0.2702 
 INTERNATION 0.0035 0.8609 0.0099 0.0777 0.0041 0.0439 
 ISLE_OF_JUR 0.1195 0.1454 0.1579 0.0605 0.4374 0.0792 
    JULIETTE 0.6007 0.0540 0.0082 0.0066 0.0286 0.3020 
     KARLENA 0.0076 0.1845 0.2332 0.2608 0.0262 0.2876 
 KERR'S_PINK 0.0691 0.4327 0.0762 0.3265 0.0889 0.0066 
     KESTREL 0.2075 0.0072 0.3780 0.0220 0.3797 0.0055 
       KIFLI 0.5048 0.1827 0.0080 0.0087 0.1189 0.1769 
 KING_EDWARD 0.1292 0.7213 0.0026 0.1089 0.0339 0.0042 
    KINGSTON 0.0783 0.2044 0.1456 0.0062 0.4732 0.0923 
 KUFRI_CHAND 0.1478 0.1560 0.0680 0.3912 0.1141 0.1230 
 KUFRI_JYOTI 0.2131 0.1344 0.3639 0.0766 0.0380 0.1739 
      KURODA 0.1325 0.0158 0.1251 0.1966 0.0460 0.4840 
 LADY_BALFOU 0.0942 0.1421 0.3923 0.1506 0.1868 0.0340 
 LADY_CHRIST 0.0878 0.2892 0.0600 0.0717 0.0817 0.4095 
 LADY_CLAIRE 0.0057 0.2184 0.0189 0.0434 0.0070 0.7066 
     LADY_JO 0.0024 0.2858 0.0165 0.1280 0.0126 0.5547 
 LADY_ROSETT 0.1764 0.1307 0.0802 0.1383 0.1502 0.3242 
    LIBERTAS 0.0024 0.3038 0.1634 0.0079 0.0043 0.5183 
       LINDA 0.5595 0.2199 0.0104 0.0069 0.0054 0.1979 
      LINTON 0.2255 0.0462 0.0939 0.1856 0.1905 0.2583 
 LINZER_DELI 0.4527 0.2033 0.0144 0.0453 0.0294 0.2550 
   LIONHEART 0.1268 0.0277 0.1086 0.2140 0.0827 0.4401 
   MADELEINE 0.4047 0.0809 0.0382 0.0142 0.0967 0.3653 
   MADINGLEY 0.3309 0.0478 0.1349 0.0857 0.1478 0.2529 
    MAJESTIC 0.2033 0.0346 0.1540 0.5254 0.0513 0.0314 
     MARABEL 0.3505 0.0108 0.0259 0.1132 0.0266 0.4730 
     MARFONA 0.0187 0.1466 0.0647 0.1868 0.1237 0.4595 
     MARILYN 0.3902 0.0912 0.1341 0.0548 0.0268 0.3030 
 MARIS_ANCHO 0.2219 0.1751 0.0284 0.2331 0.0826 0.2589 
  MARIS_BARD 0.0026 0.1121 0.1394 0.2914 0.2514 0.2031 
  MARIS_PEER 0.1486 0.1392 0.1884 0.3382 0.1756 0.0101 
 MARIS_PIPER 0.0040 0.1722 0.0056 0.0056 0.7727 0.0400 
     MARKIES 0.2999 0.1305 0.0410 0.0430 0.0232 0.4625 
      MAXINE 0.1559 0.0180 0.1027 0.2849 0.4246 0.0139 
      MEGARA 0.3019 0.0845 0.0286 0.0153 0.0810 0.4887 
      MELODY 0.1780 0.1689 0.1576 0.0264 0.0873 0.3817 
       MIDAS 0.1608 0.1525 0.0056 0.0052 0.4682 0.2077 
       MILVA 0.3573 0.1967 0.0432 0.0301 0.0194 0.3533 
        MIMI 0.0904 0.1235 0.1979 0.0078 0.3185 0.2619 
        MIRA 0.0090 0.2288 0.1145 0.0879 0.0080 0.5518 
       MOIRA 0.2523 0.1267 0.1682 0.1372 0.0612 0.2545 
    MONTROSE 0.0978 0.2810 0.0713 0.0038 0.5406 0.0055 
       MORAG 0.1345 0.1791 0.3267 0.1825 0.1661 0.0111 
      MORENE 0.0122 0.1643 0.1411 0.1385 0.0029 0.5409 
      MOZART 0.4675 0.0022 0.0202 0.0554 0.1151 0.3396 
 MYATT'S_ASH 0.0056 0.7268 0.0114 0.0914 0.0030 0.1618 
      NADINE 0.2899 0.0114 0.1079 0.0773 0.4564 0.0572 
       NAVAN 0.0563 0.0699 0.0654 0.0962 0.6831 0.0292 
 NDTX_4271_5 0.4782 0.0098 0.0098 0.2632 0.2352 0.0037 
      NICOLA 0.4319 0.1727 0.0042 0.0355 0.0034 0.3522 
     NOVELLA 0.2555 0.0297 0.2046 0.1081 0.0477 0.3543 
     OLYMPUS 0.2821 0.1109 0.1303 0.1405 0.3308 0.0055 
       OPERA 0.2516 0.0137 0.1238 0.1046 0.1515 0.3547 
   ORCHESTRA 0.3580 0.0845 0.0279 0.0182 0.1472 0.3641 
      ORIANA 0.1567 0.0659 0.1716 0.2068 0.0036 0.3954 
     OTHELLO 0.1869 0.0065 0.5265 0.1155 0.1605 0.0040 
     PALADIN 0.0046 0.2384 0.0093 0.0657 0.6405 0.0415 
       PANDA 0.5555 0.0333 0.0215 0.0080 0.1107 0.2710 
   PARAMOUNT 0.2411 0.0594 0.4751 0.0376 0.0185 0.1682 
    PATRONES 0.1494 0.1907 0.0387 0.2212 0.0756 0.3244 
 PENTLAND_AC 0.1983 0.1451 0.1855 0.1889 0.1586 0.1236 
 PENTLAND_BE 0.0067 0.4159 0.1892 0.2929 0.0111 0.0842 
 PENTLAND_CR 0.1012 0.0895 0.2356 0.1813 0.1573 0.2351 
 PENTLAND_DE 0.1892 0.2203 0.2565 0.2597 0.0654 0.0089 
 PENTLAND_IV 0.3382 0.0374 0.1748 0.3264 0.1195 0.0037 
 PENTLAND_JA 0.0948 0.0703 0.1107 0.4402 0.1099 0.1741 
 PENTLAND_MA 0.1341 0.0899 0.3281 0.1355 0.0072 0.3052 
 PENTLAND_SQ 0.1952 0.1682 0.2042 0.2292 0.1268 0.0764 
   PEPO_1978 0.3512 0.1441 0.0146 0.0413 0.1022 0.3466 
     PICASSO 0.0411 0.0032 0.4930 0.0448 0.1515 0.2664 
   PIMPERNEL 0.1691 0.2123 0.1485 0.0045 0.0399 0.4257 
     PIONEER 0.6178 0.1737 0.0059 0.0154 0.0207 0.1664 
       PIXIE 0.2583 0.0056 0.2899 0.0220 0.3824 0.0418 
    PREMIERE 0.0046 0.2473 0.0558 0.1768 0.0515 0.4641 
   PRODUCENT 0.1589 0.1090 0.0095 0.0739 0.2287 0.4200 
     PROVOST 0.1816 0.1283 0.2085 0.2894 0.0505 0.1416 
  R.P.LUSTRE 0.3380 0.2284 0.0298 0.1877 0.2072 0.0089 
 RANGER_RUSS 0.0201 0.2073 0.0883 0.5352 0.0029 0.1462 
       RATTE 0.2754 0.5012 0.0139 0.0400 0.1575 0.0120 
      RECORD 0.0069 0.2951 0.1187 0.0112 0.0054 0.5627 
   REMBRANDT 0.1252 0.1258 0.0143 0.1800 0.1311 0.4236 
    RIO_ROJO 0.3228 0.0499 0.1454 0.3259 0.0980 0.0580 
      ROBIJN 0.0409 0.3198 0.0869 0.0215 0.0039 0.5271 
      ROCKET 0.0648 0.1957 0.0868 0.1277 0.5102 0.0147 
   RODE_STAR 0.2211 0.4120 0.0206 0.0018 0.0102 0.3343 
      ROMANO 0.2840 0.0163 0.3367 0.0119 0.0372 0.3139 
       ROMEO 0.3948 0.1907 0.3063 0.0549 0.0465 0.0068 
     ROOSTER 0.2037 0.1176 0.2845 0.1523 0.1065 0.1354 
       ROYAL 0.2761 0.1305 0.0172 0.0065 0.3295 0.2402 
 ROYAL_KIDNE 0.0046 0.3820 0.0466 0.5255 0.0033 0.0381 
     RUBESSE 0.3759 0.0689 0.1242 0.1723 0.0461 0.2125 
 RUSSET_BURB 0.1708 0.1210 0.0398 0.5476 0.0327 0.0881 
 RUSSET_NORK 0.3315 0.0370 0.0044 0.5558 0.0674 0.0039 
      SAFARI 0.1995 0.0112 0.2508 0.0639 0.0527 0.4220 
     SANTANA 0.1023 0.0861 0.0567 0.2085 0.1577 0.3887 
       SANTE 0.1695 0.1049 0.1156 0.0138 0.1756 0.4206 
     SAPHIRE 0.1127 0.0048 0.0637 0.2760 0.1294 0.4133 
  SARPO_MIRA 0.4093 0.1830 0.0979 0.0083 0.0470 0.2546 
 SARPO_SHONA 0.3880 0.1073 0.1138 0.0088 0.0460 0.3361 
       SASSY 0.1798 0.2308 0.0722 0.1496 0.0880 0.2797 
     SATURNA 0.2189 0.2941 0.0077 0.0053 0.0217 0.4523 
        SAVA 0.4052 0.0353 0.0099 0.1473 0.1321 0.2702 
       SAXON 0.1079 0.1524 0.1275 0.0252 0.5483 0.0387 
 SCARBOROUGH 0.1443 0.0814 0.0265 0.0107 0.7325 0.0046 
 SEFTON_WOND 0.0230 0.4168 0.0779 0.3177 0.1577 0.0069 
    SERAFINA 0.4916 0.1397 0.1031 0.0158 0.0097 0.2401 
     SETANTA 0.2851 0.0476 0.2586 0.0693 0.3046 0.0347 
 SHARPE'S_EX 0.1137 0.6013 0.0187 0.1151 0.0804 0.0708 
     SHELAGH 0.1214 0.2785 0.2926 0.0166 0.1593 0.1316 
    SHELFORD 0.2436 0.1914 0.1658 0.0994 0.0143 0.2855 
     SHEPODY 0.0032 0.1593 0.1904 0.4321 0.0065 0.2085 
      SLANEY 0.2300 0.0099 0.3946 0.0590 0.2959 0.0107 
        SPEY 0.1682 0.0035 0.4743 0.0221 0.2924 0.0396 
      SPUNTA 0.3990 0.2111 0.1477 0.0325 0.1265 0.0832 
     STAMINA 0.0111 0.0045 0.2084 0.0879 0.6220 0.0661 
    STEMSTER 0.1620 0.1988 0.0968 0.0249 0.2904 0.2271 
 STORMONT_EN 0.0648 0.1836 0.1627 0.1382 0.1779 0.2728 
    STIRLING 0.2050 0.0070 0.3510 0.1706 0.1954 0.0710 
     SYLVANA 0.2387 0.0543 0.0882 0.2384 0.1170 0.2634 
         TAY 0.2558 0.0107 0.2742 0.0212 0.4299 0.0082 
      TIMATE 0.3699 0.0563 0.0043 0.0503 0.1336 0.3856 
      TOLUCA 0.3738 0.0448 0.1634 0.0849 0.0055 0.3276 
    TORRIDON 0.1345 0.1102 0.3036 0.0669 0.0670 0.3177 
 ULSTER_SCEP 0.0451 0.0609 0.1348 0.3545 0.3319 0.0728 
 UMATILLA_RU 0.0401 0.3988 0.0629 0.0415 0.3006 0.1560 
 VALES_EMERA 0.4931 0.1082 0.0523 0.0606 0.2613 0.0246 
 VALES_EVERE 0.1396 0.1242 0.3997 0.0577 0.2703 0.0084 
 VALES_RUSSE 0.1904 0.2239 0.0172 0.4458 0.0527 0.0700 
 VALES_SOVER 0.0182 0.0038 0.5899 0.0078 0.3353 0.0448 
       VALOR 0.0786 0.0034 0.4618 0.0096 0.3830 0.0636 
    VAN_GOGH 0.1619 0.1601 0.0256 0.0627 0.1126 0.4772 
     VANTAGE 0.0049 0.2971 0.0676 0.2300 0.0094 0.3910 
       VERDI 0.2411 0.2225 0.0600 0.0244 0.0944 0.3576 
    VICTORIA 0.2054 0.0287 0.0256 0.2713 0.0629 0.4060 
     VIVALDI 0.1543 0.0200 0.1400 0.2507 0.0037 0.4314 
       WILJA 0.0021 0.1821 0.1317 0.1416 0.0069 0.5356 
     WINSTON 0.2711 0.0046 0.1908 0.0695 0.4564 0.0076 
      XD2-21 0.1623 0.1696 0.2412 0.2707 0.1076 0.0486 
  YUKON_GOLD 0.3628 0.0044 0.0096 0.3022 0.2497 0.0714 
       ZORBA 0.0149 0.1467 0.1674 0.2561 0.0126 0.4023 
