  00C133-020 0.3593 0.0858 0.0154 0.0358 0.4913 0.0123 
 01C_071-002 0.2414 0.1057 0.2503 0.1765 0.1769 0.0492 
 02M_012-001 0.0822 0.1020 0.0552 0.2092 0.5461 0.0052 
 03M_016-002 0.0135 0.0186 0.0116 0.3896 0.3421 0.2247 
 03M_034-002 0.2123 0.0187 0.0343 0.2338 0.4886 0.0123 
 04C_055-004 0.0214 0.2767 0.0896 0.1042 0.4618 0.0464 
 04C_126-005 0.3769 0.1054 0.0979 0.1203 0.2798 0.0198 
 04M_034-013 0.0092 0.0870 0.0580 0.2547 0.4475 0.1435 
 05M_002-001 0.0533 0.1991 0.3259 0.1175 0.1427 0.1615 
 05M_004-003 0.2066 0.1277 0.3560 0.0086 0.2076 0.0935 
 05M_012-004 0.2277 0.1052 0.2108 0.0418 0.2092 0.2054 
 06C_127-002 0.1535 0.4070 0.0062 0.0300 0.3186 0.0847 
 12288_AF_23 0.1948 0.2007 0.0405 0.0086 0.4411 0.1143 
    12601AB1 0.0903 0.0382 0.0056 0.4885 0.3741 0.0033 
   12636_A_2 0.2073 0.0257 0.0082 0.2167 0.4626 0.0795 
  15119_AC_5 0.5335 0.0026 0.0249 0.2181 0.1998 0.0210 
     1512C16 0.1826 0.1955 0.0617 0.2181 0.0212 0.3209 
   15144_A_3 0.6245 0.2895 0.0196 0.0461 0.0139 0.0064 
     1563C14 0.0359 0.2288 0.1942 0.4493 0.0127 0.0791 
     2182EF7 0.3509 0.1748 0.0491 0.0339 0.1123 0.2789 
     3681AD1 0.3151 0.0986 0.3571 0.0555 0.0943 0.0794 
     5008AB6 0.3236 0.2895 0.2237 0.1138 0.0378 0.0116 
    8204_A_4 0.3570 0.2760 0.0215 0.0158 0.1952 0.1345 
       AGRIA 0.0036 0.3147 0.4623 0.0280 0.0806 0.1108 
       AILSA 0.0133 0.2456 0.0052 0.1316 0.5454 0.0589 
      ALMERA 0.0255 0.2342 0.4162 0.0220 0.0796 0.2225 
       ALPHA 0.0581 0.1489 0.3803 0.2317 0.0661 0.1149 
      ALWARA 0.2870 0.2983 0.2990 0.0481 0.0405 0.0270 
      AMADRA 0.0186 0.2643 0.2986 0.1727 0.2153 0.0304 
       AMOUR 0.4319 0.0698 0.0258 0.0502 0.3950 0.0273 
        ANNA 0.7510 0.0052 0.0141 0.1376 0.0195 0.0727 
   ANNABELLE 0.0205 0.4211 0.4208 0.0335 0.0164 0.0876 
        ANYA 0.0628 0.4936 0.1068 0.2121 0.0401 0.0847 
       ARGOS 0.4959 0.0404 0.1196 0.0078 0.2385 0.0978 
     ARIELLE 0.0554 0.3144 0.3593 0.0993 0.0325 0.1391 
      ARKULA 0.1319 0.2056 0.4134 0.1251 0.0165 0.1075 
      ARMADA 0.0888 0.1703 0.3607 0.1359 0.1189 0.1254 
   AVALANCHE 0.0749 0.0070 0.2745 0.0242 0.4437 0.1757 
     BAILLIE 0.1304 0.0982 0.1705 0.0250 0.4794 0.0966 
    BALMORAL 0.4507 0.0108 0.2185 0.0204 0.0403 0.2593 
     BAMBINO 0.2418 0.1044 0.0868 0.0432 0.4910 0.0329 
       BARNA 0.4048 0.3079 0.0803 0.0491 0.0989 0.0590 
 BELLE_DE_FO 0.0630 0.0071 0.0095 0.8346 0.0026 0.0832 
       BENOL 0.0487 0.0664 0.0846 0.2221 0.5681 0.0102 
       BF_15 0.0496 0.0725 0.1331 0.7015 0.0034 0.0399 
      BINTJE 0.0908 0.1077 0.2051 0.3277 0.0668 0.2019 
 BIONICA_EX_ 0.2061 0.1743 0.2505 0.1422 0.1321 0.0949 
 BLUE_DANUBE 0.1618 0.0072 0.5160 0.1492 0.0133 0.1525 
      BONNIE 0.2204 0.2284 0.1748 0.0258 0.2549 0.0957 
      BOUNTY 0.2889 0.0954 0.1096 0.0294 0.4442 0.0325 
 BRITISH_QUE 0.0368 0.0033 0.1451 0.3650 0.0088 0.4411 
     BRODICK 0.1194 0.2825 0.0127 0.0200 0.5501 0.0154 
      BRODIE 0.5090 0.1230 0.0047 0.0742 0.0929 0.1962 
      BUCHAN 0.4373 0.2511 0.0035 0.0477 0.1434 0.1169 
      BURREN 0.4576 0.2024 0.1293 0.1081 0.0810 0.0216 
     CABARET 0.1001 0.0114 0.0102 0.2998 0.4966 0.0819 
      CAESAR 0.0834 0.3681 0.3741 0.0030 0.0716 0.0997 
        CARA 0.7083 0.0953 0.0158 0.0394 0.1241 0.0172 
 CARLINGFORD 0.2040 0.2895 0.0215 0.0175 0.1450 0.3224 
  CASABLANCA 0.2792 0.0049 0.2487 0.0030 0.3313 0.1330 
      CELINE 0.2717 0.1071 0.3973 0.0916 0.0992 0.0332 
  CHALLENGER 0.0046 0.2198 0.2903 0.0962 0.2011 0.1880 
   CHARLOTTE 0.0158 0.6531 0.0403 0.1445 0.1399 0.0064 
     CHICAGO 0.0155 0.1468 0.2431 0.1011 0.4882 0.0053 
   CHIEFTAIN 0.0827 0.3951 0.0071 0.0738 0.0624 0.3789 
      CHOPIN 0.0561 0.2443 0.3798 0.0248 0.0523 0.2427 
      CLARET 0.6105 0.1929 0.0146 0.0309 0.1029 0.0484 
      CORINE 0.2354 0.0080 0.3046 0.0956 0.1863 0.1701 
      COSMOS 0.0283 0.0864 0.4509 0.0594 0.1437 0.2313 
     COURAGE 0.1423 0.2061 0.3158 0.0974 0.0771 0.1613 
     COURLAN 0.1179 0.3214 0.1099 0.0615 0.1269 0.2625 
 CRAIGS_ROYA 0.3573 0.1256 0.0046 0.0531 0.2317 0.2277 
 CRAIGS_SNOW 0.0610 0.0867 0.0452 0.2941 0.1705 0.3424 
     CRAMOND 0.1568 0.1197 0.1226 0.0192 0.4987 0.0830 
 CRISPS_FOR_ 0.0494 0.3342 0.2828 0.0511 0.1305 0.1520 
    CROMWELL 0.0409 0.0114 0.0775 0.2730 0.5919 0.0053 
       D22/1 0.0983 0.0034 0.0487 0.1953 0.5037 0.1507 
       D23/3 0.0275 0.0618 0.0412 0.3135 0.3709 0.1851 
      D47-11 0.0097 0.0031 0.0447 0.2859 0.6448 0.0118 
       D49/1 0.0027 0.0123 0.0421 0.2052 0.7281 0.0097 
       DAISY 0.0108 0.1120 0.1708 0.2377 0.4526 0.0161 
 DARK_RED_NO 0.1010 0.2916 0.0366 0.0926 0.0679 0.4103 
     DARWINA 0.0160 0.1403 0.4184 0.1175 0.1145 0.1933 
     DESIREE 0.2294 0.3804 0.1837 0.1369 0.0034 0.0663 
       DITTA 0.0112 0.3027 0.3482 0.1299 0.0193 0.1888 
 DR._MCINTOS 0.1519 0.1730 0.0216 0.0209 0.1121 0.5205 
       DRAGA 0.0809 0.0994 0.2910 0.0063 0.1859 0.3366 
 DUKE_OF_YOR 0.0092 0.0059 0.2239 0.3387 0.0029 0.4194 
 DUNBAR_STAN 0.0689 0.0426 0.0082 0.2494 0.1731 0.4579 
     DUNDROD 0.0736 0.1678 0.0152 0.1948 0.4636 0.0849 
     ECLIPSE 0.0035 0.2765 0.0035 0.3804 0.0365 0.2997 
        EDEN 0.0231 0.0219 0.0095 0.2585 0.6623 0.0248 
 EDZELL_BLUE 0.1476 0.1430 0.1835 0.3252 0.0599 0.1408 
   ELISABETH 0.0151 0.4982 0.2289 0.0100 0.1824 0.0653 
     EMPEROR 0.0081 0.2892 0.1485 0.0121 0.2263 0.3158 
         EOS 0.0221 0.3730 0.1324 0.0210 0.2992 0.1524 
     EPICURE 0.0272 0.2426 0.0217 0.3602 0.0125 0.3358 
  ERNTESTOLZ 0.0511 0.1820 0.2737 0.2392 0.0382 0.2158 
      ESCORT 0.0799 0.3398 0.3705 0.0161 0.1830 0.0108 
   ESMERALDA 0.1097 0.2484 0.2908 0.1623 0.1609 0.0279 
      ESTIMA 0.0089 0.2254 0.3140 0.0700 0.1543 0.2273 
 EVE_BALFOUR 0.4260 0.0931 0.0129 0.2197 0.1679 0.0804 
   EXCALIBUR 0.3973 0.0926 0.0353 0.0048 0.4661 0.0040 
     EXQUISA 0.1086 0.4303 0.2807 0.1695 0.0047 0.0062 
    FESTIVAL 0.0320 0.3431 0.3925 0.0105 0.1692 0.0526 
      FIANNA 0.2124 0.1450 0.3293 0.0090 0.0612 0.2430 
   FIFTYFOLD 0.0548 0.1628 0.0190 0.5481 0.0676 0.1478 
     FONTANE 0.0048 0.2089 0.3991 0.0237 0.2074 0.1560 
   FORTYFOLD 0.0209 0.0055 0.2303 0.5441 0.0030 0.1961 
 FRONTIER_RU 0.0054 0.2772 0.0301 0.1274 0.1192 0.4407 
     G.81071 0.2157 0.2021 0.1020 0.0651 0.1963 0.2188 
     G.88661 0.0401 0.2411 0.1017 0.0053 0.2749 0.3369 
    G.886611 0.0643 0.3756 0.0108 0.0032 0.2741 0.2721 
  G.8867Y%12 0.1469 0.3509 0.0294 0.0041 0.1201 0.3485 
     G.88839 0.0065 0.5662 0.3933 0.0221 0.0066 0.0053 
     G.88842 0.1488 0.3293 0.3575 0.0125 0.0173 0.1346 
   GALACTICA 0.3875 0.0053 0.3351 0.1519 0.0057 0.1145 
      GEMSON 0.2791 0.1504 0.0148 0.1286 0.1423 0.2848 
  GL.76B/102 0.0061 0.1976 0.1825 0.3575 0.1410 0.1153 
   GL.76B/94 0.1473 0.0230 0.2682 0.5363 0.0033 0.0219 
  GL.77M/106 0.2665 0.2823 0.0057 0.1838 0.2487 0.0130 
   GL.78/166 0.0400 0.0102 0.1959 0.6128 0.0212 0.1198 
    GL.78/53 0.0157 0.2089 0.0080 0.5508 0.2088 0.0077 
    GL.78/97 0.0246 0.1466 0.1082 0.5855 0.1080 0.0270 
    GL.79/42 0.0079 0.2465 0.0398 0.5537 0.1477 0.0045 
    GL.79/45 0.1025 0.2143 0.0316 0.5819 0.0650 0.0047 
 GL.81_NT_25 0.0292 0.0032 0.0839 0.3908 0.4850 0.0080 
   GLADIATOR 0.1243 0.3282 0.2300 0.0066 0.1381 0.1728 
      GLAMIS 0.0303 0.1970 0.1263 0.0469 0.4415 0.1579 
 GOLDEN_MILL 0.1965 0.1660 0.0188 0.1207 0.4881 0.0099 
 GOLDEN_NUGG 0.3079 0.1598 0.3730 0.0202 0.1245 0.0145 
 GOLDEN_WOND 0.0281 0.1488 0.0849 0.5612 0.0397 0.1373 
     GRANOLA 0.0187 0.5581 0.1722 0.1118 0.1323 0.0069 
    H1H3_101 0.0046 0.0021 0.0058 0.3660 0.6128 0.0087 
      H1H3_3 0.0744 0.0353 0.0782 0.1806 0.4533 0.1783 
 HARBOROUGH_ 0.0521 0.1411 0.0301 0.0219 0.7280 0.0268 
   HARLEQUIN 0.0432 0.5405 0.0745 0.1766 0.1514 0.0139 
      HERMES 0.1615 0.2381 0.3373 0.1321 0.0551 0.0760 
 HIGHLAND_BU 0.0208 0.0068 0.0997 0.8104 0.0128 0.0495 
  HOME_GUARD 0.1491 0.1434 0.0112 0.2024 0.2092 0.2847 
     HORIZON 0.1139 0.0818 0.4328 0.2509 0.0836 0.0371 
   INNOVATOR 0.0978 0.0048 0.2746 0.1296 0.0074 0.4859 
 INTERNATION 0.0080 0.0037 0.0427 0.8571 0.0040 0.0845 
 ISLE_OF_JUR 0.1669 0.1092 0.0845 0.1519 0.4335 0.0539 
    JULIETTE 0.0077 0.5993 0.2944 0.0571 0.0356 0.0059 
     KARLENA 0.2295 0.0084 0.2878 0.1823 0.0268 0.2652 
 KERR'S_PINK 0.0685 0.0656 0.0067 0.4275 0.0963 0.3354 
     KESTREL 0.3759 0.2035 0.0049 0.0066 0.3847 0.0244 
       KIFLI 0.0067 0.5131 0.1656 0.1886 0.1181 0.0079 
 KING_EDWARD 0.0029 0.1259 0.0043 0.7173 0.0351 0.1145 
    KINGSTON 0.1502 0.0631 0.0969 0.2125 0.4718 0.0054 
 KUFRI_CHAND 0.0675 0.1431 0.1250 0.1495 0.1179 0.3970 
 KUFRI_JYOTI 0.3682 0.2076 0.1720 0.1293 0.0418 0.0810 
      KURODA 0.1262 0.1342 0.4833 0.0139 0.0451 0.1972 
 LADY_BALFOU 0.3947 0.0858 0.0332 0.1399 0.1955 0.1508 
 LADY_CHRIST 0.0607 0.0886 0.4085 0.2894 0.0843 0.0685 
 LADY_CLAIRE 0.0194 0.0063 0.7025 0.2188 0.0076 0.0455 
     LADY_JO 0.0145 0.0020 0.5546 0.2903 0.0130 0.1256 
 LADY_ROSETT 0.0820 0.1723 0.3284 0.1290 0.1518 0.1365 
    LIBERTAS 0.1621 0.0024 0.5151 0.3080 0.0041 0.0084 
       LINDA 0.0114 0.5632 0.1928 0.2198 0.0051 0.0078 
      LINTON 0.0942 0.2313 0.2555 0.0375 0.1951 0.1864 
 LINZER_DELI 0.0149 0.4518 0.2496 0.2002 0.0335 0.0501 
   LIONHEART 0.1028 0.1263 0.4429 0.0259 0.0883 0.2138 
   MADELEINE 0.0440 0.3995 0.3624 0.0849 0.0960 0.0132 
   MADINGLEY 0.1327 0.3337 0.2520 0.0509 0.1501 0.0806 
    MAJESTIC 0.1510 0.1939 0.0382 0.0321 0.0604 0.5245 
     MARABEL 0.0310 0.3497 0.4743 0.0113 0.0241 0.1096 
     MARFONA 0.0699 0.0196 0.4574 0.1451 0.1218 0.1861 
     MARILYN 0.1358 0.3878 0.3014 0.0878 0.0328 0.0544 
 MARIS_ANCHO 0.0316 0.2180 0.2584 0.1721 0.0853 0.2345 
  MARIS_BARD 0.1401 0.0021 0.2078 0.1110 0.2546 0.2844 
  MARIS_PEER 0.1851 0.1498 0.0096 0.1374 0.1794 0.3388 
 MARIS_PIPER 0.0047 0.0041 0.0377 0.1808 0.7667 0.0059 
     MARKIES 0.0407 0.3044 0.4589 0.1337 0.0213 0.0410 
      MAXINE 0.0952 0.1507 0.0214 0.0143 0.4313 0.2871 
      MEGARA 0.0353 0.2990 0.4882 0.0820 0.0834 0.0122 
      MELODY 0.1614 0.1766 0.3796 0.1717 0.0874 0.0233 
       MIDAS 0.0055 0.1616 0.2056 0.1585 0.4646 0.0042 
       MILVA 0.0410 0.3545 0.3496 0.1999 0.0193 0.0357 
        MIMI 0.1960 0.0874 0.2657 0.1258 0.3178 0.0073 
        MIRA 0.1179 0.0079 0.5469 0.2306 0.0085 0.0882 
       MOIRA 0.1730 0.2476 0.2559 0.1281 0.0602 0.1353 
    MONTROSE 0.0726 0.0934 0.0046 0.2861 0.5398 0.0036 
       MORAG 0.3272 0.1261 0.0095 0.1781 0.1706 0.1884 
      MORENE 0.1380 0.0106 0.5423 0.1630 0.0032 0.1430 
      MOZART 0.0277 0.4659 0.3409 0.0027 0.1206 0.0422 
 MYATT'S_ASH 0.0094 0.0052 0.1549 0.7246 0.0032 0.1028 
      NADINE 0.1079 0.2861 0.0607 0.0103 0.4637 0.0714 
       NAVAN 0.0704 0.0462 0.0340 0.0829 0.6780 0.0886 
 NDTX_4271_5 0.0093 0.4710 0.0039 0.0094 0.2448 0.2616 
      NICOLA 0.0048 0.4397 0.3479 0.1730 0.0034 0.0313 
     NOVELLA 0.2026 0.2501 0.3525 0.0314 0.0533 0.1102 
     OLYMPUS 0.1294 0.2738 0.0061 0.1101 0.3359 0.1447 
       OPERA 0.1238 0.2511 0.3556 0.0128 0.1518 0.1048 
   ORCHESTRA 0.0259 0.3577 0.3610 0.0877 0.1476 0.0201 
      ORIANA 0.1723 0.1533 0.3907 0.0713 0.0035 0.2089 
     OTHELLO 0.5236 0.1813 0.0045 0.0078 0.1641 0.1187 
     PALADIN 0.0084 0.0041 0.0495 0.2443 0.6368 0.0569 
       PANDA 0.0217 0.5607 0.2647 0.0309 0.1133 0.0087 
   PARAMOUNT 0.4808 0.2422 0.1651 0.0538 0.0154 0.0427 
    PATRONES 0.0317 0.1487 0.3277 0.1870 0.0792 0.2256 
 PENTLAND_AC 0.1859 0.1912 0.1277 0.1409 0.1630 0.1914 
 PENTLAND_BE 0.1867 0.0053 0.0781 0.4139 0.0134 0.3026 
 PENTLAND_CR 0.2359 0.0919 0.2376 0.0904 0.1605 0.1838 
 PENTLAND_DE 0.2573 0.1791 0.0079 0.2189 0.0717 0.2651 
 PENTLAND_IV 0.1771 0.3328 0.0037 0.0289 0.1275 0.3300 
 PENTLAND_JA 0.1136 0.0863 0.1744 0.0668 0.1159 0.4429 
 PENTLAND_MA 0.3301 0.1282 0.3046 0.0926 0.0092 0.1353 
 PENTLAND_SQ 0.2029 0.1928 0.0743 0.1663 0.1287 0.2350 
   PEPO_1978 0.0145 0.3525 0.3441 0.1447 0.1024 0.0418 
     PICASSO 0.4964 0.0429 0.2628 0.0038 0.1520 0.0421 
   PIMPERNEL 0.1514 0.1717 0.4227 0.2140 0.0353 0.0049 
     PIONEER 0.0065 0.6187 0.1598 0.1754 0.0245 0.0151 
       PIXIE 0.2897 0.2532 0.0422 0.0072 0.3865 0.0214 
    PREMIERE 0.0588 0.0046 0.4652 0.2462 0.0472 0.1780 
   PRODUCENT 0.0104 0.1588 0.4218 0.1117 0.2286 0.0687 
     PROVOST 0.2082 0.1782 0.1400 0.1222 0.0607 0.2906 
  R.P.LUSTRE 0.0282 0.3301 0.0105 0.2306 0.2129 0.1877 
 RANGER_RUSS 0.0848 0.0158 0.1494 0.1995 0.0031 0.5474 
       RATTE 0.0132 0.2760 0.0100 0.4975 0.1573 0.0460 
      RECORD 0.1175 0.0071 0.5611 0.2976 0.0054 0.0113 
   REMBRANDT 0.0107 0.1239 0.4214 0.1276 0.1364 0.1800 
    RIO_ROJO 0.1443 0.3179 0.0622 0.0402 0.1055 0.3300 
      ROBIJN 0.0880 0.0416 0.5226 0.3197 0.0030 0.0251 
      ROCKET 0.0854 0.0611 0.0155 0.1985 0.5101 0.1294 
   RODE_STAR 0.0211 0.2264 0.3247 0.4154 0.0106 0.0018 
      ROMANO 0.3397 0.2842 0.3113 0.0181 0.0340 0.0127 
       ROMEO 0.3077 0.3927 0.0064 0.1857 0.0457 0.0619 
     ROOSTER 0.2900 0.1977 0.1332 0.1178 0.1073 0.1541 
       ROYAL 0.0197 0.2795 0.2308 0.1358 0.3285 0.0058 
 ROYAL_KIDNE 0.0399 0.0048 0.0438 0.3733 0.0034 0.5347 
     RUBESSE 0.1224 0.3736 0.2138 0.0625 0.0527 0.1749 
 RUSSET_BURB 0.0379 0.1639 0.0946 0.1113 0.0431 0.5492 
 RUSSET_NORK 0.0049 0.3250 0.0040 0.0282 0.0780 0.5599 
      SAFARI 0.2529 0.1926 0.4216 0.0132 0.0538 0.0658 
     SANTANA 0.0497 0.1011 0.3944 0.0861 0.1606 0.2082 
       SANTE 0.1172 0.1648 0.4210 0.1063 0.1788 0.0119 
     SAPHIRE 0.0615 0.1068 0.4161 0.0048 0.1373 0.2734 
  SARPO_MIRA 0.0961 0.4112 0.2495 0.1820 0.0504 0.0108 
 SARPO_SHONA 0.1143 0.3924 0.3295 0.1069 0.0489 0.0080 
       SASSY 0.0732 0.1767 0.2824 0.2277 0.0899 0.1501 
     SATURNA 0.0079 0.2201 0.4468 0.2986 0.0215 0.0051 
        SAVA 0.0102 0.4043 0.2680 0.0351 0.1340 0.1484 
       SAXON 0.1290 0.0968 0.0464 0.1583 0.5461 0.0234 
 SCARBOROUGH 0.0214 0.1408 0.0055 0.0881 0.7330 0.0112 
 SEFTON_WOND 0.0722 0.0212 0.0067 0.4121 0.1636 0.3243 
    SERAFINA 0.1130 0.4879 0.2333 0.1371 0.0098 0.0190 
     SETANTA 0.2605 0.2775 0.0340 0.0541 0.3090 0.0649 
 SHARPE'S_EX 0.0163 0.1113 0.0689 0.5987 0.0843 0.1206 
     SHELAGH 0.2923 0.1151 0.1320 0.2766 0.1585 0.0254 
    SHELFORD 0.1654 0.2501 0.2809 0.1861 0.0148 0.1027 
     SHEPODY 0.1910 0.0025 0.2100 0.1535 0.0071 0.4360 
      SLANEY 0.3972 0.2272 0.0097 0.0072 0.3037 0.0550 
        SPEY 0.4693 0.1619 0.0483 0.0032 0.2966 0.0207 
      SPUNTA 0.1463 0.3930 0.0835 0.2084 0.1282 0.0406 
     STAMINA 0.2043 0.0113 0.0716 0.0038 0.6258 0.0832 
    STEMSTER 0.1064 0.1598 0.2234 0.2007 0.2885 0.0212 
 STORMONT_EN 0.1618 0.0605 0.2727 0.1841 0.1806 0.1403 
    STIRLING 0.3540 0.1882 0.0771 0.0072 0.1989 0.1746 
     SYLVANA 0.0925 0.2389 0.2619 0.0470 0.1184 0.2414 
         TAY 0.2761 0.2482 0.0099 0.0104 0.4354 0.0201 
      TIMATE 0.0047 0.3740 0.3836 0.0529 0.1367 0.0483 
      TOLUCA 0.1672 0.3753 0.3242 0.0375 0.0056 0.0902 
    TORRIDON 0.3049 0.1354 0.3144 0.1085 0.0647 0.0720 
 ULSTER_SCEP 0.1311 0.0383 0.0790 0.0627 0.3345 0.3544 
 UMATILLA_RU 0.0616 0.0372 0.1544 0.4048 0.2971 0.0449 
 VALES_EMERA 0.0554 0.4901 0.0279 0.1091 0.2674 0.0502 
 VALES_EVERE 0.3969 0.1324 0.0088 0.1251 0.2732 0.0636 
 VALES_RUSSE 0.0149 0.1873 0.0724 0.2170 0.0590 0.4495 
 VALES_SOVER 0.5916 0.0195 0.0414 0.0046 0.3348 0.0079 
       VALOR 0.4625 0.0731 0.0641 0.0031 0.3860 0.0112 
    VAN_GOGH 0.0267 0.1627 0.4750 0.1639 0.1117 0.0601 
     VANTAGE 0.0664 0.0062 0.3875 0.2962 0.0090 0.2346 
       VERDI 0.0607 0.2413 0.3543 0.2256 0.0952 0.0229 
    VICTORIA 0.0251 0.2044 0.4067 0.0248 0.0618 0.2772 
     VIVALDI 0.1450 0.1529 0.4297 0.0141 0.0043 0.2540 
       WILJA 0.1297 0.0019 0.5348 0.1831 0.0070 0.1436 
     WINSTON 0.1938 0.2685 0.0096 0.0048 0.4599 0.0634 
      XD2-21 0.2409 0.1570 0.0446 0.1682 0.1136 0.2756 
  YUKON_GOLD 0.0124 0.3541 0.0699 0.0039 0.2567 0.3030 
       ZORBA 0.1700 0.0170 0.4015 0.1443 0.0123 0.2548 
