  00C133-020 0.3675 0.2197 0.1846 0.0274 0.0116 0.1492 0.0293 0.0058 0.0050 
 01C_071-002 0.1351 0.2533 0.0648 0.1352 0.0754 0.0093 0.1093 0.0440 0.1737 
 02M_012-001 0.3883 0.0817 0.2220 0.1938 0.0473 0.0025 0.0280 0.0041 0.0323 
 03M_016-002 0.3131 0.0209 0.0168 0.3490 0.0203 0.0134 0.0039 0.1860 0.0766 
 03M_034-002 0.2917 0.0504 0.2700 0.2101 0.0053 0.0465 0.1179 0.0060 0.0020 
 04C_055-004 0.4264 0.0191 0.0273 0.0880 0.2834 0.0874 0.0184 0.0195 0.0306 
 04C_126-005 0.1731 0.2313 0.1896 0.0909 0.0202 0.1708 0.0702 0.0056 0.0483 
 04M_034-013 0.3581 0.0077 0.1075 0.2360 0.0967 0.0112 0.0398 0.1234 0.0197 
 05M_002-001 0.1245 0.0286 0.0516 0.0640 0.1098 0.1527 0.0550 0.0709 0.3431 
 05M_004-003 0.1237 0.1202 0.1617 0.0040 0.0077 0.1184 0.1619 0.0181 0.2842 
 05M_012-004 0.0797 0.0863 0.2391 0.0237 0.0247 0.1257 0.2459 0.1506 0.0244 
 06C_127-002 0.1361 0.0184 0.3438 0.0166 0.2431 0.1803 0.0042 0.0448 0.0129 
 12288_AF_23 0.3548 0.1505 0.1125 0.0059 0.1735 0.0885 0.0330 0.0767 0.0046 
    12601AB1 0.0990 0.0057 0.4276 0.4483 0.0029 0.0038 0.0054 0.0029 0.0045 
   12636_A_2 0.2779 0.0707 0.3026 0.1915 0.0040 0.0822 0.0114 0.0570 0.0026 
  15119_AC_5 0.2218 0.5046 0.0040 0.1889 0.0021 0.0153 0.0227 0.0346 0.0059 
     1512C16 0.0063 0.0962 0.0902 0.1829 0.1222 0.1841 0.0448 0.2352 0.0380 
   15144_A_3 0.0091 0.5375 0.0150 0.0115 0.1829 0.1532 0.0028 0.0023 0.0857 
     1563C14 0.0113 0.0411 0.0060 0.3968 0.2154 0.0424 0.1228 0.0614 0.1028 
     2182EF7 0.0129 0.1568 0.2146 0.0153 0.0194 0.3339 0.0101 0.1378 0.0993 
     3681AD1 0.0202 0.2228 0.1545 0.0374 0.0096 0.0773 0.2691 0.0436 0.1656 
     5008AB6 0.0034 0.1371 0.1833 0.0606 0.1461 0.2379 0.1140 0.0033 0.1144 
    8204_A_4 0.0391 0.1779 0.2999 0.0128 0.1131 0.2541 0.0257 0.0525 0.0249 
       AGRIA 0.0602 0.0028 0.0958 0.0060 0.1392 0.0298 0.0640 0.0259 0.5762 
       AILSA 0.4091 0.0072 0.2026 0.1233 0.1774 0.0118 0.0030 0.0555 0.0102 
      ALMERA 0.0966 0.0117 0.0037 0.0056 0.1819 0.1650 0.1708 0.1008 0.2639 
       ALPHA 0.0179 0.0216 0.0280 0.2019 0.1777 0.0047 0.4327 0.1118 0.0037 
      ALWARA 0.0273 0.2431 0.0128 0.0287 0.3137 0.0879 0.2426 0.0157 0.0281 
      AMADRA 0.1367 0.0120 0.1093 0.1554 0.2265 0.0061 0.2499 0.0179 0.0862 
       AMOUR 0.3009 0.4090 0.1471 0.0358 0.0351 0.0166 0.0123 0.0217 0.0215 
        ANNA 0.0069 0.5760 0.0902 0.0998 0.0019 0.1880 0.0080 0.0187 0.0106 
   ANNABELLE 0.0089 0.0037 0.0240 0.0087 0.3288 0.1856 0.1865 0.0056 0.2482 
        ANYA 0.0102 0.0283 0.1141 0.1701 0.3895 0.1284 0.0129 0.0379 0.1086 
       ARGOS 0.2474 0.4241 0.0056 0.0051 0.0208 0.1891 0.0109 0.0159 0.0811 
     ARIELLE 0.0541 0.0815 0.0029 0.0429 0.2739 0.0542 0.1433 0.0849 0.2624 
      ARKULA 0.0104 0.0342 0.0163 0.1030 0.1939 0.1748 0.3846 0.0469 0.0359 
      ARMADA 0.1232 0.0153 0.0057 0.1185 0.2046 0.1414 0.3409 0.0394 0.0110 
   AVALANCHE 0.4111 0.0895 0.0219 0.0157 0.0076 0.0088 0.2106 0.1367 0.0981 
     BAILLIE 0.4220 0.1166 0.0701 0.0162 0.0742 0.0752 0.1008 0.0447 0.0802 
    BALMORAL 0.0208 0.3632 0.0512 0.0090 0.0045 0.1043 0.1644 0.1852 0.0974 
     BAMBINO 0.4099 0.1896 0.1111 0.0382 0.0684 0.0791 0.0706 0.0082 0.0249 
       BARNA 0.0765 0.3647 0.0572 0.0282 0.2867 0.0263 0.1023 0.0551 0.0030 
 BELLE_DE_FO 0.0016 0.0609 0.0015 0.7550 0.0042 0.0287 0.0039 0.0793 0.0649 
       BENOL 0.3205 0.0028 0.3223 0.1629 0.0021 0.0568 0.0062 0.0025 0.1239 
       BF_15 0.0021 0.0525 0.0031 0.6298 0.0364 0.0524 0.0474 0.0207 0.1555 
      BINTJE 0.0737 0.0356 0.0087 0.2811 0.0911 0.1508 0.1328 0.1208 0.1054 
 BIONICA_EX_ 0.0124 0.0288 0.2597 0.1183 0.0287 0.2073 0.2263 0.0166 0.1019 
 BLUE_DANUBE 0.0113 0.1002 0.0059 0.1253 0.0086 0.1087 0.4182 0.0833 0.1386 
      BONNIE 0.1621 0.1214 0.1520 0.0188 0.1846 0.1194 0.1941 0.0431 0.0046 
      BOUNTY 0.3559 0.1863 0.1375 0.0196 0.0204 0.1518 0.0755 0.0067 0.0464 
 BRITISH_QUE 0.0184 0.0086 0.0013 0.2995 0.0019 0.2397 0.0105 0.2593 0.1608 
     BRODICK 0.2234 0.0130 0.5663 0.0138 0.0952 0.0108 0.0413 0.0234 0.0128 
      BRODIE 0.0299 0.4203 0.1380 0.0666 0.0473 0.1288 0.0066 0.1581 0.0044 
      BUCHAN 0.1023 0.3665 0.1265 0.0296 0.1606 0.0919 0.0032 0.1149 0.0045 
      BURREN 0.0374 0.4159 0.1039 0.0911 0.1194 0.0651 0.0256 0.0132 0.1284 
     CABARET 0.4082 0.0158 0.0897 0.2719 0.0041 0.1776 0.0068 0.0212 0.0048 
      CAESAR 0.0091 0.0325 0.1677 0.0016 0.2557 0.0074 0.2989 0.0865 0.1406 
        CARA 0.0880 0.6283 0.1049 0.0323 0.0316 0.0838 0.0128 0.0098 0.0085 
 CARLINGFORD 0.1042 0.0665 0.0891 0.0068 0.2138 0.2885 0.0152 0.2062 0.0095 
  CASABLANCA 0.2573 0.2119 0.1245 0.0023 0.0023 0.0453 0.2376 0.0875 0.0312 
      CELINE 0.0298 0.0519 0.0738 0.0600 0.0739 0.3391 0.3411 0.0055 0.0250 
  CHALLENGER 0.1535 0.0027 0.0873 0.0748 0.1574 0.0795 0.1421 0.0988 0.2041 
   CHARLOTTE 0.0359 0.0087 0.2120 0.0930 0.4525 0.0133 0.0038 0.0046 0.1763 
     CHICAGO 0.4018 0.0125 0.1105 0.0792 0.1300 0.0039 0.1649 0.0046 0.0926 
   CHIEFTAIN 0.0134 0.0335 0.1582 0.0409 0.2639 0.1197 0.0048 0.2972 0.0685 
      CHOPIN 0.0152 0.0075 0.0725 0.0115 0.2104 0.1452 0.2702 0.1437 0.1239 
      CLARET 0.1014 0.5437 0.0422 0.0180 0.1475 0.1027 0.0085 0.0255 0.0106 
      CORINE 0.0969 0.1479 0.1667 0.0444 0.0024 0.0569 0.1589 0.1131 0.2127 
      COSMOS 0.1081 0.0101 0.0354 0.0345 0.1100 0.0090 0.4513 0.1930 0.0486 
     COURAGE 0.0375 0.0398 0.0576 0.0755 0.2051 0.1532 0.3118 0.1128 0.0067 
     COURLAN 0.0743 0.1352 0.1210 0.0134 0.2005 0.0036 0.0122 0.2479 0.1920 
 CRAIGS_ROYA 0.1906 0.3207 0.0700 0.0499 0.0884 0.1095 0.0033 0.1615 0.0062 
 CRAIGS_SNOW 0.1696 0.0707 0.0057 0.2499 0.0791 0.0938 0.0068 0.2387 0.0857 
     CRAMOND 0.2870 0.0086 0.3311 0.0115 0.0090 0.1827 0.1342 0.0264 0.0095 
 CRISPS_FOR_ 0.0864 0.0220 0.0824 0.0315 0.3091 0.0314 0.2785 0.1349 0.0239 
    CROMWELL 0.5554 0.0750 0.0045 0.2342 0.0128 0.0143 0.0059 0.0025 0.0954 
       D22/1 0.4991 0.0732 0.0020 0.1774 0.0029 0.1293 0.0090 0.0732 0.0340 
       D23/3 0.3461 0.0143 0.0079 0.2812 0.0568 0.1445 0.0066 0.1013 0.0412 
      D47-11 0.6080 0.0153 0.0097 0.2819 0.0031 0.0091 0.0453 0.0070 0.0206 
       D49/1 0.6681 0.0023 0.0131 0.2048 0.0690 0.0096 0.0244 0.0043 0.0043 
       DAISY 0.3572 0.0069 0.1183 0.2138 0.0902 0.0048 0.1376 0.0097 0.0615 
 DARK_RED_NO 0.0519 0.1103 0.0407 0.0398 0.2329 0.0809 0.0082 0.3346 0.1008 
     DARWINA 0.1108 0.0083 0.0062 0.0760 0.1383 0.0636 0.3258 0.1294 0.1415 
     DESIREE 0.0029 0.1904 0.0034 0.1015 0.3987 0.0878 0.1480 0.0588 0.0085 
       DITTA 0.0440 0.0083 0.0040 0.0648 0.2355 0.1295 0.0845 0.0919 0.3374 
 DR._MCINTOS 0.0736 0.0079 0.0653 0.0091 0.1159 0.3241 0.0544 0.3466 0.0031 
       DRAGA 0.1182 0.0474 0.1388 0.0032 0.0189 0.0243 0.2123 0.2550 0.1819 
 DUKE_OF_YOR 0.0019 0.0032 0.0021 0.2895 0.0038 0.1454 0.1227 0.2870 0.1445 
 DUNBAR_STAN 0.1716 0.0494 0.0075 0.2152 0.0515 0.1188 0.0076 0.3696 0.0087 
     DUNDROD 0.4013 0.0923 0.0738 0.1496 0.1323 0.0061 0.0048 0.0759 0.0639 
     ECLIPSE 0.0208 0.0022 0.0403 0.3552 0.2874 0.0130 0.0034 0.2748 0.0028 
        EDEN 0.4955 0.0062 0.2255 0.2359 0.0061 0.0055 0.0116 0.0101 0.0037 
 EDZELL_BLUE 0.0182 0.0863 0.0875 0.2822 0.0856 0.1149 0.1212 0.1014 0.1027 
   ELISABETH 0.1168 0.0028 0.0571 0.0049 0.4190 0.2330 0.1460 0.0054 0.0150 
     EMPEROR 0.1672 0.0060 0.1432 0.0042 0.1644 0.0087 0.0239 0.2504 0.2321 
         EOS 0.2119 0.0111 0.1381 0.0126 0.3305 0.0223 0.1437 0.1221 0.0077 
     EPICURE 0.0047 0.0075 0.0398 0.3122 0.2300 0.1155 0.0365 0.2506 0.0032 
  ERNTESTOLZ 0.0276 0.0304 0.0508 0.1844 0.1089 0.0870 0.1086 0.1464 0.2559 
      ESCORT 0.0950 0.0257 0.1630 0.0115 0.2852 0.0219 0.3434 0.0057 0.0487 
   ESMERALDA 0.0965 0.0389 0.0914 0.1378 0.2243 0.0830 0.2962 0.0216 0.0103 
      ESTIMA 0.1200 0.0043 0.0320 0.0575 0.2450 0.0786 0.2949 0.1506 0.0171 
 EVE_BALFOUR 0.0292 0.3213 0.2532 0.2022 0.0171 0.0431 0.0358 0.0926 0.0054 
   EXCALIBUR 0.3525 0.2868 0.2183 0.0036 0.0103 0.0660 0.0147 0.0023 0.0455 
     EXQUISA 0.0039 0.1090 0.0055 0.1141 0.4026 0.0657 0.1104 0.0033 0.1855 
    FESTIVAL 0.0921 0.0042 0.1032 0.0061 0.2751 0.1060 0.3069 0.0092 0.0973 
      FIANNA 0.0323 0.1240 0.0575 0.0041 0.1001 0.1835 0.2417 0.1386 0.1182 
   FIFTYFOLD 0.0345 0.0699 0.0332 0.4982 0.1606 0.0389 0.0101 0.1332 0.0214 
     FONTANE 0.1859 0.0043 0.0654 0.0070 0.1019 0.0380 0.1416 0.0809 0.3750 
   FORTYFOLD 0.0021 0.0127 0.0095 0.4864 0.0036 0.0099 0.1510 0.1612 0.1636 
 FRONTIER_RU 0.0942 0.0082 0.0726 0.0893 0.2518 0.0071 0.0180 0.3966 0.0623 
     G.81071 0.0754 0.0722 0.2141 0.0538 0.1048 0.1983 0.1247 0.1461 0.0106 
     G.88661 0.1919 0.0055 0.1193 0.0030 0.1733 0.1536 0.1247 0.2212 0.0076 
    G.886611 0.1773 0.0049 0.1539 0.0025 0.2611 0.2240 0.0164 0.1575 0.0024 
  G.8867Y%12 0.0922 0.0296 0.0613 0.0025 0.2670 0.3159 0.0250 0.1983 0.0082 
     G.88839 0.0033 0.0023 0.0097 0.0100 0.5018 0.2008 0.1892 0.0019 0.0809 
     G.88842 0.0105 0.0385 0.0418 0.0068 0.2636 0.2269 0.2398 0.0497 0.1225 
   GALACTICA 0.0102 0.3830 0.0024 0.1138 0.0038 0.0248 0.2051 0.0800 0.1769 
      GEMSON 0.1196 0.1554 0.0542 0.0937 0.0695 0.2705 0.0052 0.1675 0.0643 
  GL.76B/102 0.1398 0.0089 0.0097 0.3016 0.2105 0.0041 0.0466 0.1233 0.1554 
   GL.76B/94 0.0018 0.1504 0.0058 0.4872 0.0347 0.0055 0.1732 0.0164 0.1250 
  GL.77M/106 0.0788 0.1880 0.3258 0.1754 0.1443 0.0457 0.0046 0.0154 0.0220 
   GL.78/166 0.0253 0.0548 0.0027 0.5665 0.0146 0.0642 0.0569 0.0746 0.1405 
    GL.78/53 0.1021 0.0211 0.1522 0.5140 0.1735 0.0023 0.0038 0.0151 0.0157 
    GL.78/97 0.0453 0.0383 0.0819 0.5434 0.1188 0.0043 0.0411 0.0345 0.0924 
    GL.79/42 0.0824 0.0065 0.0818 0.5199 0.2434 0.0080 0.0478 0.0042 0.0059 
    GL.79/45 0.0223 0.0837 0.0450 0.5469 0.2361 0.0409 0.0174 0.0036 0.0043 
 GL.81_NT_25 0.4562 0.0253 0.0040 0.3502 0.0019 0.0402 0.0066 0.0030 0.1126 
   GLADIATOR 0.0920 0.1171 0.0955 0.0032 0.2714 0.0034 0.1872 0.1608 0.0694 
      GLAMIS 0.4089 0.0106 0.0195 0.0297 0.1853 0.1885 0.0226 0.0740 0.0609 
 GOLDEN_MILL 0.2151 0.0390 0.4698 0.0883 0.0105 0.1242 0.0224 0.0051 0.0256 
 GOLDEN_NUGG 0.0192 0.0134 0.1108 0.0062 0.0588 0.5101 0.2477 0.0024 0.0314 
 GOLDEN_WOND 0.0084 0.0158 0.0405 0.4963 0.1417 0.0027 0.1231 0.1672 0.0043 
     GRANOLA 0.0441 0.0131 0.2019 0.0734 0.4244 0.0190 0.0307 0.0045 0.1890 
    H1H3_101 0.5904 0.0062 0.0029 0.3446 0.0019 0.0028 0.0020 0.0046 0.0446 
      H1H3_3 0.3295 0.0066 0.1490 0.1587 0.0074 0.2095 0.0240 0.0783 0.0369 
 HARBOROUGH_ 0.3728 0.0029 0.5451 0.0073 0.0032 0.0044 0.0226 0.0140 0.0277 
   HARLEQUIN 0.0663 0.0609 0.1521 0.1178 0.3560 0.0200 0.0033 0.0106 0.2129 
      HERMES 0.0704 0.2187 0.0044 0.0603 0.1906 0.0034 0.1096 0.0746 0.2680 
 HIGHLAND_BU 0.0025 0.0025 0.0465 0.7489 0.0023 0.1250 0.0473 0.0052 0.0198 
  HOME_GUARD 0.1422 0.0623 0.1301 0.1847 0.0641 0.1770 0.0129 0.1979 0.0290 
     HORIZON 0.0804 0.0232 0.0053 0.2055 0.0634 0.1727 0.2996 0.0072 0.1428 
   INNOVATOR 0.0042 0.0454 0.0198 0.0920 0.0029 0.0956 0.2156 0.3828 0.1417 
 INTERNATION 0.0024 0.0075 0.0027 0.7875 0.0021 0.0068 0.0055 0.0482 0.1374 
 ISLE_OF_JUR 0.3757 0.1193 0.0474 0.1267 0.0931 0.1422 0.0246 0.0150 0.0561 
    JULIETTE 0.0087 0.0038 0.0763 0.0047 0.3247 0.0865 0.0026 0.0015 0.4913 
     KARLENA 0.0227 0.2456 0.0175 0.1229 0.0037 0.0033 0.1210 0.2301 0.2332 
 KERR'S_PINK 0.0578 0.0408 0.0512 0.3943 0.0549 0.1120 0.0059 0.2724 0.0109 
     KESTREL 0.3367 0.3656 0.0641 0.0054 0.1794 0.0192 0.0045 0.0224 0.0028 
       KIFLI 0.0533 0.0096 0.1410 0.1572 0.4638 0.0029 0.0397 0.0141 0.1182 
 KING_EDWARD 0.0155 0.0027 0.0128 0.6796 0.1521 0.0041 0.0041 0.1250 0.0040 
    KINGSTON 0.3051 0.0225 0.2481 0.1887 0.0063 0.1005 0.0611 0.0029 0.0648 
 KUFRI_CHAND 0.1278 0.0259 0.0126 0.1094 0.0946 0.1772 0.0117 0.2726 0.1682 
 KUFRI_JYOTI 0.0034 0.2122 0.1990 0.0980 0.0766 0.1883 0.0858 0.0160 0.1207 
      KURODA 0.0554 0.1070 0.0093 0.0044 0.0946 0.0422 0.3174 0.1247 0.2450 
 LADY_BALFOU 0.1377 0.3075 0.1033 0.1286 0.0379 0.1576 0.0163 0.0845 0.0266 
 LADY_CHRIST 0.0174 0.0156 0.0950 0.2601 0.0832 0.0116 0.3963 0.0694 0.0514 
 LADY_CLAIRE 0.0050 0.0065 0.0033 0.1356 0.0019 0.0299 0.3494 0.0049 0.4636 
     LADY_JO 0.0089 0.0056 0.0037 0.2624 0.0017 0.0259 0.4899 0.0669 0.1349 
 LADY_ROSETT 0.1038 0.0274 0.0478 0.1077 0.1858 0.0592 0.3569 0.1075 0.0040 
    LIBERTAS 0.0028 0.1236 0.0037 0.2891 0.0038 0.0053 0.5475 0.0075 0.0167 
       LINDA 0.0048 0.0501 0.0219 0.1477 0.4303 0.0052 0.0042 0.0052 0.3306 
      LINTON 0.1822 0.1544 0.0161 0.0123 0.1787 0.0035 0.0694 0.1616 0.2220 
 LINZER_DELI 0.0072 0.0066 0.0968 0.1491 0.3744 0.0420 0.1380 0.0388 0.1471 
   LIONHEART 0.0330 0.0366 0.1118 0.0145 0.0729 0.0818 0.3491 0.1304 0.1699 
   MADELEINE 0.0387 0.0126 0.0991 0.0504 0.3259 0.0675 0.2482 0.0048 0.1527 
   MADINGLEY 0.1186 0.1995 0.0392 0.0091 0.2686 0.0021 0.0521 0.0990 0.2119 
    MAJESTIC 0.0217 0.0233 0.1032 0.0147 0.1194 0.2904 0.0272 0.3620 0.0381 
     MARABEL 0.0138 0.0160 0.0345 0.0043 0.2858 0.0753 0.2943 0.0515 0.2244 
     MARFONA 0.1032 0.0293 0.0091 0.1259 0.0382 0.0486 0.4404 0.1411 0.0642 
     MARILYN 0.0080 0.1036 0.1032 0.0362 0.2760 0.0680 0.1112 0.0209 0.2728 
 MARIS_ANCHO 0.0540 0.0079 0.0324 0.1495 0.2186 0.1270 0.2051 0.1589 0.0467 
  MARIS_BARD 0.2163 0.0191 0.0281 0.1061 0.0015 0.2130 0.2339 0.1683 0.0137 
  MARIS_PEER 0.1660 0.1045 0.0269 0.0943 0.0652 0.2419 0.0026 0.2009 0.0977 
 MARIS_PIPER 0.7164 0.0052 0.0176 0.1731 0.0042 0.0072 0.0059 0.0023 0.0681 
     MARKIES 0.0198 0.0530 0.0304 0.0730 0.2306 0.0079 0.2615 0.0224 0.3014 
      MAXINE 0.3982 0.0731 0.0295 0.0085 0.1288 0.1484 0.0055 0.1884 0.0198 
      MEGARA 0.0506 0.0168 0.0745 0.0361 0.1993 0.0418 0.2437 0.0035 0.3337 
      MELODY 0.0540 0.1271 0.0541 0.1335 0.1379 0.0574 0.2428 0.0112 0.1820 
       MIDAS 0.4389 0.0074 0.0188 0.1395 0.1713 0.0033 0.1063 0.0027 0.1120 
       MILVA 0.0062 0.0162 0.0755 0.1516 0.2773 0.0718 0.1775 0.0116 0.2124 
        MIMI 0.1963 0.0233 0.1308 0.0985 0.0693 0.2122 0.2615 0.0031 0.0050 
        MIRA 0.0050 0.0091 0.0033 0.1817 0.0080 0.2324 0.3858 0.0072 0.1675 
       MOIRA 0.0496 0.0889 0.0304 0.0954 0.1964 0.2232 0.1351 0.0571 0.1240 
    MONTROSE 0.2679 0.0116 0.4322 0.2639 0.0051 0.0029 0.0044 0.0033 0.0087 
       MORAG 0.0535 0.0930 0.2161 0.1489 0.0180 0.3749 0.0078 0.0837 0.0041 
      MORENE 0.0024 0.0531 0.0049 0.1298 0.0097 0.0973 0.4736 0.0863 0.1430 
      MOZART 0.0063 0.0047 0.2496 0.0017 0.3392 0.0074 0.2952 0.0178 0.0782 
 MYATT'S_ASH 0.0017 0.0072 0.0022 0.6666 0.0030 0.0366 0.0429 0.0592 0.1807 
      NADINE 0.3788 0.0763 0.1240 0.0073 0.2305 0.1014 0.0337 0.0328 0.0151 
       NAVAN 0.6197 0.0237 0.0214 0.0811 0.0756 0.1344 0.0153 0.0242 0.0046 
 NDTX_4271_5 0.1642 0.0063 0.1582 0.0057 0.3900 0.0482 0.0042 0.2206 0.0027 
      NICOLA 0.0041 0.0076 0.0036 0.1132 0.3657 0.0323 0.0591 0.0208 0.3934 
     NOVELLA 0.0406 0.0734 0.0348 0.0158 0.1943 0.2399 0.2755 0.0287 0.0972 
     OLYMPUS 0.1427 0.0225 0.3657 0.1018 0.1245 0.1021 0.0063 0.1225 0.0120 
       OPERA 0.0693 0.0932 0.1638 0.0059 0.1545 0.0176 0.2245 0.0693 0.2020 
   ORCHESTRA 0.1079 0.0117 0.0653 0.0452 0.2724 0.1045 0.1663 0.0049 0.2218 
      ORIANA 0.0037 0.1047 0.0028 0.0221 0.1355 0.1899 0.2271 0.1144 0.1998 
     OTHELLO 0.1372 0.4916 0.0861 0.0046 0.1123 0.0631 0.0036 0.0963 0.0050 
     PALADIN 0.5467 0.0047 0.1026 0.2248 0.0027 0.0039 0.0299 0.0498 0.0348 
       PANDA 0.0982 0.0473 0.0672 0.0079 0.4412 0.0155 0.0487 0.0045 0.2695 
   PARAMOUNT 0.0059 0.3543 0.0845 0.0344 0.1969 0.1065 0.1888 0.0249 0.0037 
    PATRONES 0.0715 0.0245 0.0112 0.1569 0.1266 0.0859 0.2392 0.1399 0.1444 
 PENTLAND_AC 0.1466 0.0470 0.0138 0.1103 0.1609 0.3727 0.0491 0.0635 0.0360 
 PENTLAND_BE 0.0158 0.1010 0.0023 0.3709 0.0050 0.2397 0.0508 0.1943 0.0203 
 PENTLAND_CR 0.0071 0.0193 0.3009 0.0591 0.0031 0.2533 0.1692 0.0669 0.1211 
 PENTLAND_DE 0.0057 0.0806 0.2080 0.1820 0.0712 0.2506 0.0121 0.1855 0.0044 
 PENTLAND_IV 0.0597 0.0256 0.1410 0.0226 0.2119 0.3225 0.0028 0.2099 0.0040 
 PENTLAND_JA 0.0197 0.0223 0.1667 0.0302 0.0133 0.2024 0.1056 0.3012 0.1387 
 PENTLAND_MA 0.0057 0.1526 0.0371 0.0504 0.0370 0.3335 0.1562 0.0358 0.1918 
 PENTLAND_SQ 0.0059 0.0140 0.2831 0.1335 0.0164 0.3106 0.0212 0.1151 0.1003 
   PEPO_1978 0.1041 0.0153 0.0213 0.1044 0.3221 0.0761 0.1146 0.0088 0.2332 
     PICASSO 0.1474 0.4921 0.0176 0.0027 0.0436 0.0103 0.2206 0.0296 0.0362 
   PIMPERNEL 0.0067 0.1100 0.0902 0.1881 0.1479 0.0065 0.3828 0.0030 0.0650 
     PIONEER 0.0056 0.0032 0.1072 0.0861 0.3365 0.0238 0.0018 0.0042 0.4315 
       PIXIE 0.2485 0.2224 0.2282 0.0038 0.1525 0.0075 0.0977 0.0364 0.0030 
    PREMIERE 0.0231 0.0042 0.0088 0.2373 0.0038 0.1609 0.4357 0.0719 0.0542 
   PRODUCENT 0.1680 0.0046 0.0886 0.0755 0.1264 0.0155 0.3439 0.0430 0.1346 
     PROVOST 0.0088 0.1153 0.1423 0.0946 0.0908 0.1822 0.0594 0.2011 0.1055 
  R.P.LUSTRE 0.1453 0.0071 0.0833 0.1979 0.2681 0.1806 0.0042 0.1058 0.0078 
 RANGER_RUSS 0.0032 0.1171 0.0020 0.1352 0.0212 0.0418 0.0284 0.4532 0.1979 
       RATTE 0.0138 0.0064 0.2503 0.4493 0.1856 0.0024 0.0080 0.0734 0.0107 
      RECORD 0.0030 0.0707 0.0028 0.2755 0.0152 0.0056 0.5947 0.0107 0.0217 
   REMBRANDT 0.0762 0.0050 0.1176 0.0734 0.0122 0.0614 0.1686 0.0878 0.3978 
    RIO_ROJO 0.0385 0.1277 0.1327 0.0225 0.2672 0.0101 0.0815 0.3081 0.0117 
      ROBIJN 0.0025 0.0523 0.0033 0.2699 0.1064 0.0110 0.4417 0.0170 0.0959 
      ROCKET 0.4120 0.0327 0.1103 0.1782 0.0659 0.0674 0.0469 0.0846 0.0020 
   RODE_STAR 0.0042 0.0244 0.0066 0.3703 0.2820 0.0020 0.3028 0.0013 0.0064 
      ROMANO 0.0085 0.2077 0.0830 0.0073 0.2531 0.1139 0.3136 0.0073 0.0055 
       ROMEO 0.0068 0.2095 0.1504 0.1580 0.2785 0.1495 0.0066 0.0364 0.0044 
     ROOSTER 0.0054 0.0836 0.2713 0.0910 0.0538 0.2498 0.1228 0.0833 0.0391 
       ROYAL 0.3054 0.0736 0.0235 0.0972 0.2531 0.0028 0.0665 0.0042 0.1737 
 ROYAL_KIDNE 0.0027 0.0057 0.0041 0.3232 0.0031 0.1728 0.0228 0.4052 0.0604 
     RUBESSE 0.0172 0.0432 0.1181 0.0342 0.2535 0.1481 0.1173 0.1087 0.1596 
 RUSSET_BURB 0.0198 0.0371 0.0476 0.0751 0.1681 0.0522 0.0824 0.4762 0.0416 
 RUSSET_NORK 0.0654 0.0088 0.0678 0.0152 0.2966 0.0145 0.0030 0.4980 0.0309 
      SAFARI 0.0083 0.0519 0.1215 0.0068 0.1039 0.2506 0.3863 0.0058 0.0648 
     SANTANA 0.1043 0.0458 0.0699 0.0474 0.0823 0.0031 0.3347 0.1944 0.1180 
       SANTE 0.0610 0.0077 0.1439 0.0913 0.1160 0.1510 0.4122 0.0041 0.0127 
     SAPHIRE 0.0302 0.0145 0.1791 0.0027 0.0193 0.0157 0.3591 0.2098 0.1696 
  SARPO_MIRA 0.0624 0.1347 0.0064 0.1492 0.4231 0.0048 0.1486 0.0129 0.0579 
 SARPO_SHONA 0.0553 0.1195 0.0112 0.0762 0.4034 0.0260 0.2179 0.0075 0.0830 
       SASSY 0.0641 0.0484 0.0391 0.1919 0.1759 0.0605 0.2137 0.1190 0.0874 
     SATURNA 0.0191 0.0104 0.0053 0.2490 0.2576 0.0033 0.3172 0.0035 0.1347 
        SAVA 0.1444 0.0060 0.0087 0.0145 0.3330 0.1695 0.0518 0.0634 0.2088 
       SAXON 0.4154 0.0106 0.1870 0.1427 0.0173 0.1741 0.0280 0.0041 0.0208 
 SCARBOROUGH 0.4457 0.0024 0.4303 0.0812 0.0172 0.0076 0.0075 0.0059 0.0022 
 SEFTON_WOND 0.0811 0.0134 0.1037 0.3797 0.0071 0.1487 0.0076 0.2513 0.0073 
    SERAFINA 0.0033 0.0717 0.1077 0.0940 0.4091 0.0551 0.1437 0.0123 0.1031 
     SETANTA 0.0346 0.0989 0.4962 0.0307 0.0934 0.0542 0.1112 0.0719 0.0089 
 SHARPE'S_EX 0.0829 0.0290 0.0077 0.5433 0.0940 0.0067 0.0175 0.1124 0.1065 
     SHELAGH 0.0983 0.2118 0.1136 0.2502 0.0489 0.1016 0.1007 0.0085 0.0664 
    SHELFORD 0.0214 0.2313 0.0027 0.1064 0.2271 0.0020 0.0622 0.1160 0.2309 
     SHEPODY 0.0065 0.1640 0.0098 0.1069 0.0022 0.0066 0.1976 0.3935 0.1129 
      SLANEY 0.2371 0.3176 0.1148 0.0063 0.1152 0.1533 0.0035 0.0131 0.0391 
        SPEY 0.2179 0.3413 0.1321 0.0024 0.0505 0.2005 0.0138 0.0038 0.0376 
      SPUNTA 0.0443 0.1355 0.1611 0.1684 0.3091 0.0062 0.0423 0.0667 0.0664 
     STAMINA 0.5930 0.1782 0.0165 0.0026 0.0073 0.1077 0.0273 0.0312 0.0362 
    STEMSTER 0.2764 0.0933 0.0086 0.1640 0.1805 0.0363 0.1333 0.0156 0.0920 
 STORMONT_EN 0.1571 0.1251 0.0091 0.1683 0.1055 0.0603 0.2862 0.0824 0.0059 
    STIRLING 0.0520 0.1955 0.2894 0.0050 0.0171 0.2327 0.0331 0.0715 0.1036 
     SYLVANA 0.1082 0.0746 0.0317 0.0221 0.2260 0.0609 0.2073 0.1849 0.0843 
         TAY 0.1744 0.1403 0.4697 0.0091 0.0910 0.0768 0.0218 0.0132 0.0036 
      TIMATE 0.1108 0.0039 0.0534 0.0232 0.3376 0.0045 0.2478 0.0444 0.1745 
      TOLUCA 0.0038 0.1417 0.0323 0.0120 0.3110 0.1042 0.1498 0.0437 0.2014 
    TORRIDON 0.0200 0.2250 0.1419 0.0733 0.0333 0.0852 0.2027 0.0195 0.1992 
 ULSTER_SCEP 0.2809 0.0065 0.0386 0.0452 0.0198 0.3590 0.0662 0.1760 0.0077 
 UMATILLA_RU 0.2245 0.0279 0.0639 0.3822 0.0617 0.1111 0.0786 0.0116 0.0385 
 VALES_EMERA 0.1659 0.0232 0.2014 0.0793 0.3553 0.0482 0.0076 0.0408 0.0782 
 VALES_EVERE 0.0947 0.2694 0.3203 0.1153 0.0143 0.1206 0.0169 0.0372 0.0114 
 VALES_RUSSE 0.0137 0.0192 0.1067 0.1631 0.1242 0.0081 0.0164 0.3986 0.1499 
 VALES_SOVER 0.2673 0.5681 0.0985 0.0032 0.0087 0.0037 0.0397 0.0067 0.0041 
       VALOR 0.2607 0.3521 0.2047 0.0024 0.0067 0.0623 0.1012 0.0052 0.0047 
    VAN_GOGH 0.0643 0.0050 0.0609 0.1356 0.1297 0.0911 0.3644 0.0070 0.1420 
     VANTAGE 0.0116 0.0677 0.0032 0.2571 0.0117 0.0090 0.3674 0.1926 0.0796 
       VERDI 0.0874 0.0685 0.0255 0.1798 0.2349 0.0173 0.1818 0.0138 0.1912 
    VICTORIA 0.0286 0.0086 0.0951 0.0108 0.0769 0.1305 0.1382 0.1393 0.3720 
     VIVALDI 0.0036 0.0664 0.0054 0.0090 0.1552 0.1656 0.3134 0.1485 0.1329 
       WILJA 0.0104 0.0606 0.0016 0.1587 0.0019 0.0952 0.5009 0.0842 0.0863 
     WINSTON 0.3825 0.1096 0.0802 0.0033 0.2158 0.1720 0.0109 0.0239 0.0019 
      XD2-21 0.0736 0.1049 0.0627 0.1339 0.1260 0.2419 0.0695 0.1848 0.0026 
  YUKON_GOLD 0.1183 0.0062 0.2479 0.0024 0.2287 0.0054 0.0438 0.2673 0.0801 
       ZORBA 0.0080 0.0546 0.0207 0.0920 0.0035 0.2196 0.2058 0.1347 0.2611 
