  00C133-020 0.0153 0.3636 0.0150 0.5118 0.0942 
 01C_071-002 0.2998 0.2591 0.1516 0.2003 0.0892 
 02M_012-001 0.1049 0.0396 0.1410 0.6139 0.1005 
 03M_016-002 0.0421 0.1052 0.4388 0.3717 0.0422 
 03M_034-002 0.0513 0.2100 0.1845 0.5261 0.0281 
 04C_055-004 0.1166 0.0304 0.0632 0.4835 0.3063 
 04C_126-005 0.1154 0.3713 0.0929 0.3078 0.1126 
 04M_034-013 0.0939 0.0463 0.2641 0.4734 0.1223 
 05M_002-001 0.3659 0.1396 0.1386 0.1398 0.2161 
 05M_004-003 0.3635 0.2856 0.0075 0.1973 0.1462 
 05M_012-004 0.2157 0.3558 0.0878 0.1910 0.1498 
 06C_127-002 0.0084 0.1687 0.0424 0.3244 0.4561 
 12288_AF_23 0.0304 0.2671 0.0150 0.4342 0.2534 
    12601AB1 0.0098 0.0239 0.4378 0.4733 0.0551 
   12636_A_2 0.0117 0.2336 0.2143 0.4944 0.0459 
  15119_AC_5 0.0286 0.5304 0.1936 0.2449 0.0025 
     1512C16 0.1002 0.3382 0.3211 0.0162 0.2244 
   15144_A_3 0.0747 0.5742 0.0369 0.0312 0.2830 
     1563C14 0.2692 0.0397 0.4425 0.0259 0.2227 
     2182EF7 0.0586 0.4986 0.1309 0.0907 0.2212 
     3681AD1 0.3777 0.3707 0.0480 0.1000 0.1036 
     5008AB6 0.2680 0.2973 0.0933 0.0598 0.2816 
    8204_A_4 0.0224 0.4262 0.0449 0.1822 0.3243 
       AGRIA 0.5149 0.0103 0.0444 0.0828 0.3476 
       AILSA 0.0080 0.0287 0.1241 0.5655 0.2737 
      ALMERA 0.4549 0.1785 0.0608 0.0586 0.2471 
       ALPHA 0.4225 0.1297 0.2271 0.0624 0.1582 
      ALWARA 0.3564 0.2789 0.0291 0.0500 0.2856 
      AMADRA 0.3338 0.0264 0.1404 0.2255 0.2738 
       AMOUR 0.0230 0.4414 0.0403 0.4166 0.0787 
        ANNA 0.0147 0.7958 0.1627 0.0202 0.0066 
   ANNABELLE 0.4651 0.0568 0.0261 0.0198 0.4322 
        ANYA 0.1659 0.0675 0.2228 0.0491 0.4948 
       ARGOS 0.1191 0.5765 0.0107 0.2387 0.0550 
     ARIELLE 0.4117 0.1237 0.1131 0.0276 0.3239 
      ARKULA 0.4484 0.2026 0.1239 0.0165 0.2086 
      ARMADA 0.3860 0.1764 0.1295 0.1129 0.1952 
   AVALANCHE 0.2785 0.2262 0.0407 0.4422 0.0125 
     BAILLIE 0.1755 0.2126 0.0165 0.4853 0.1101 
    BALMORAL 0.2371 0.6270 0.0903 0.0243 0.0213 
     BAMBINO 0.0792 0.2771 0.0155 0.5019 0.1262 
       BARNA 0.0980 0.4177 0.0471 0.1137 0.3235 
 BELLE_DE_FO 0.0668 0.0625 0.8600 0.0036 0.0071 
       BENOL 0.1043 0.0442 0.1606 0.6122 0.0787 
       BF_15 0.2178 0.0324 0.6929 0.0050 0.0519 
      BINTJE 0.2571 0.1760 0.3639 0.0786 0.1243 
 BIONICA_EX_ 0.2795 0.2659 0.1332 0.1397 0.1817 
 BLUE_DANUBE 0.5636 0.2661 0.1478 0.0152 0.0072 
      BONNIE 0.1754 0.2780 0.0291 0.2548 0.2627 
      BOUNTY 0.0980 0.3208 0.0168 0.4593 0.1051 
 BRITISH_QUE 0.2105 0.2829 0.4929 0.0087 0.0050 
     BRODICK 0.0095 0.1233 0.0114 0.5494 0.3064 
      BRODIE 0.0061 0.6028 0.1462 0.0865 0.1585 
      BUCHAN 0.0038 0.4872 0.0897 0.1381 0.2811 
      BURREN 0.1575 0.4466 0.0972 0.0965 0.2021 
     CABARET 0.0162 0.1469 0.2930 0.5277 0.0162 
      CAESAR 0.3852 0.1614 0.0040 0.0458 0.4036 
        CARA 0.0161 0.6972 0.0438 0.1506 0.0923 
 CARLINGFORD 0.0284 0.4033 0.1105 0.1094 0.3484 
  CASABLANCA 0.2340 0.4363 0.0042 0.3162 0.0093 
      CELINE 0.4173 0.2920 0.0626 0.1158 0.1123 
  CHALLENGER 0.3294 0.0462 0.1533 0.2086 0.2624 
   CHARLOTTE 0.0802 0.0060 0.1085 0.1446 0.6607 
     CHICAGO 0.2734 0.0155 0.0353 0.5253 0.1506 
   CHIEFTAIN 0.0097 0.2748 0.2190 0.0305 0.4660 
      CHOPIN 0.4011 0.2109 0.0779 0.0314 0.2787 
      CLARET 0.0255 0.6136 0.0448 0.1188 0.1974 
      CORINE 0.3268 0.3563 0.1160 0.1899 0.0110 
      COSMOS 0.4684 0.1857 0.0976 0.1249 0.1234 
     COURAGE 0.3513 0.2244 0.1150 0.0795 0.2299 
     COURLAN 0.1375 0.2625 0.1503 0.0999 0.3498 
 CRAIGS_ROYA 0.0053 0.4782 0.1311 0.2144 0.1710 
 CRAIGS_SNOW 0.0838 0.2508 0.3901 0.1561 0.1191 
     CRAMOND 0.1081 0.2314 0.0147 0.4933 0.1524 
 CRISPS_FOR_ 0.3073 0.1360 0.0771 0.1121 0.3676 
    CROMWELL 0.1196 0.0182 0.1873 0.6631 0.0117 
       D22/1 0.0664 0.2137 0.1987 0.5169 0.0043 
       D23/3 0.0744 0.1162 0.3368 0.3894 0.0831 
      D47-11 0.0725 0.0122 0.2118 0.6997 0.0037 
       D49/1 0.0659 0.0038 0.1412 0.7691 0.0200 
       DAISY 0.2000 0.0131 0.1820 0.4864 0.1185 
 DARK_RED_NO 0.0681 0.3186 0.2431 0.0342 0.3360 
     DARWINA 0.4574 0.1458 0.1359 0.1026 0.1584 
     DESIREE 0.2509 0.2245 0.1454 0.0044 0.3748 
       DITTA 0.4155 0.0783 0.1601 0.0172 0.3290 
 DR._MCINTOS 0.0273 0.4848 0.1909 0.0502 0.2468 
       DRAGA 0.3042 0.3380 0.0405 0.1559 0.1615 
 DUKE_OF_YOR 0.2932 0.2236 0.4654 0.0038 0.0140 
 DUNBAR_STAN 0.0149 0.3014 0.4269 0.1569 0.0999 
     DUNDROD 0.0298 0.0942 0.1851 0.4973 0.1936 
     ECLIPSE 0.0080 0.0551 0.5189 0.0641 0.3540 
        EDEN 0.0113 0.0374 0.2110 0.7086 0.0317 
 EDZELL_BLUE 0.2383 0.1925 0.3498 0.0789 0.1405 
   ELISABETH 0.2443 0.0317 0.0111 0.1633 0.5496 
     EMPEROR 0.1778 0.1683 0.0967 0.1948 0.3625 
         EOS 0.1342 0.1120 0.0403 0.2804 0.4332 
     EPICURE 0.0609 0.1883 0.4564 0.0110 0.2834 
  ERNTESTOLZ 0.3272 0.1661 0.2787 0.0350 0.1931 
      ESCORT 0.3847 0.0760 0.0078 0.1776 0.3539 
   ESMERALDA 0.3143 0.1195 0.1366 0.1666 0.2630 
      ESTIMA 0.3426 0.1040 0.1315 0.1511 0.2708 
 EVE_BALFOUR 0.0240 0.4381 0.2399 0.1994 0.0985 
   EXCALIBUR 0.0224 0.3783 0.0035 0.4879 0.1079 
     EXQUISA 0.3774 0.0454 0.1356 0.0097 0.4320 
    FESTIVAL 0.4046 0.0698 0.0087 0.1469 0.3700 
      FIANNA 0.3559 0.3781 0.0375 0.0483 0.1801 
   FIFTYFOLD 0.0770 0.0940 0.5726 0.0936 0.1629 
     FONTANE 0.4348 0.0527 0.0495 0.2046 0.2583 
   FORTYFOLD 0.3122 0.1029 0.5746 0.0047 0.0056 
 FRONTIER_RU 0.0762 0.1950 0.2911 0.0902 0.3474 
     G.81071 0.1075 0.3472 0.1292 0.1762 0.2398 
     G.88661 0.0842 0.2969 0.0286 0.2312 0.3590 
    G.886611 0.0086 0.2706 0.0126 0.2199 0.4884 
  G.8867Y%12 0.0302 0.4098 0.0258 0.0666 0.4676 
     G.88839 0.4620 0.0069 0.0077 0.0069 0.5164 
     G.88842 0.3865 0.2441 0.0173 0.0131 0.3390 
   GALACTICA 0.3766 0.4460 0.1617 0.0098 0.0059 
      GEMSON 0.0200 0.4433 0.2190 0.1233 0.1945 
  GL.76B/102 0.2636 0.0150 0.3517 0.1718 0.1979 
   GL.76B/94 0.3573 0.1210 0.5018 0.0070 0.0129 
  GL.77M/106 0.0104 0.2278 0.1743 0.2895 0.2981 
   GL.78/166 0.2810 0.0627 0.5897 0.0592 0.0073 
    GL.78/53 0.0311 0.0068 0.5090 0.2516 0.2015 
    GL.78/97 0.1892 0.0142 0.5349 0.1571 0.1047 
    GL.79/42 0.0937 0.0032 0.4963 0.1863 0.2204 
    GL.79/45 0.1107 0.0145 0.5248 0.1451 0.2049 
 GL.81_NT_25 0.1188 0.0210 0.3182 0.5387 0.0033 
   GLADIATOR 0.2547 0.2338 0.0131 0.1189 0.3795 
      GLAMIS 0.1332 0.1424 0.0491 0.4376 0.2377 
 GOLDEN_MILL 0.0253 0.1784 0.0855 0.5202 0.1906 
 GOLDEN_NUGG 0.3795 0.3093 0.0133 0.1320 0.1659 
 GOLDEN_WOND 0.1472 0.0532 0.5902 0.0583 0.1511 
     GRANOLA 0.2161 0.0074 0.0704 0.1417 0.5644 
    H1H3_101 0.0102 0.0055 0.3035 0.6782 0.0026 
      H1H3_3 0.0773 0.1978 0.2080 0.4498 0.0672 
 HARBOROUGH_ 0.0123 0.0918 0.0096 0.7210 0.1653 
   HARLEQUIN 0.1292 0.0153 0.1507 0.1671 0.5376 
      HERMES 0.3987 0.1873 0.1212 0.0688 0.2240 
 HIGHLAND_BU 0.1727 0.0181 0.7828 0.0213 0.0050 
  HOME_GUARD 0.0173 0.3060 0.3052 0.1857 0.1859 
     HORIZON 0.4812 0.1221 0.2156 0.1085 0.0726 
   INNOVATOR 0.2977 0.3902 0.2985 0.0061 0.0074 
 INTERNATION 0.1210 0.0111 0.8573 0.0067 0.0039 
 ISLE_OF_JUR 0.0872 0.1980 0.1252 0.4500 0.1395 
    JULIETTE 0.3556 0.0078 0.0269 0.0251 0.5846 
     KARLENA 0.3381 0.3688 0.2452 0.0368 0.0112 
 KERR'S_PINK 0.0186 0.2357 0.5533 0.0968 0.0956 
     KESTREL 0.0051 0.3794 0.0069 0.3797 0.2289 
       KIFLI 0.2375 0.0053 0.1321 0.1385 0.4865 
 KING_EDWARD 0.0126 0.0049 0.7712 0.0711 0.1401 
    KINGSTON 0.1124 0.1229 0.1535 0.5190 0.0921 
 KUFRI_CHAND 0.1596 0.2902 0.2681 0.0926 0.1896 
 KUFRI_JYOTI 0.2012 0.3847 0.1432 0.0507 0.2202 
      KURODA 0.5273 0.2608 0.0313 0.0347 0.1459 
 LADY_BALFOU 0.0400 0.4726 0.1763 0.1992 0.1119 
 LADY_CHRIST 0.4589 0.0872 0.2688 0.1007 0.0843 
 LADY_CLAIRE 0.7609 0.0473 0.1726 0.0123 0.0070 
     LADY_JO 0.6123 0.0935 0.2721 0.0195 0.0027 
 LADY_ROSETT 0.3583 0.1502 0.1339 0.1514 0.2062 
    LIBERTAS 0.5789 0.1523 0.2570 0.0088 0.0030 
       LINDA 0.2623 0.0052 0.1864 0.0083 0.5378 
      LINTON 0.2869 0.2043 0.0817 0.1829 0.2442 
 LINZER_DELI 0.3211 0.0196 0.1796 0.0376 0.4421 
   LIONHEART 0.4548 0.2404 0.0713 0.0685 0.1650 
   MADELEINE 0.4022 0.0327 0.0458 0.1039 0.4154 
   MADINGLEY 0.3094 0.1573 0.0453 0.1619 0.3261 
    MAJESTIC 0.0459 0.4506 0.2169 0.0230 0.2636 
     MARABEL 0.4975 0.1177 0.0116 0.0147 0.3586 
     MARFONA 0.4832 0.1930 0.1740 0.1124 0.0374 
     MARILYN 0.3497 0.1479 0.0812 0.0292 0.3921 
 MARIS_ANCHO 0.2967 0.1585 0.2236 0.0764 0.2447 
  MARIS_BARD 0.2165 0.3538 0.1890 0.2375 0.0032 
  MARIS_PEER 0.0145 0.3817 0.2463 0.1586 0.1990 
 MARIS_PIPER 0.0569 0.0063 0.1070 0.8244 0.0054 
     MARKIES 0.5149 0.0336 0.1115 0.0362 0.3038 
      MAXINE 0.0204 0.2759 0.0850 0.4098 0.2089 
      MEGARA 0.5335 0.0348 0.0398 0.0904 0.3015 
      MELODY 0.4256 0.1564 0.1415 0.1092 0.1673 
       MIDAS 0.2526 0.0058 0.0801 0.5084 0.1531 
       MILVA 0.4003 0.0497 0.1684 0.0242 0.3574 
        MIMI 0.2875 0.1821 0.0672 0.3550 0.1081 
        MIRA 0.6007 0.1763 0.2056 0.0108 0.0067 
       MOIRA 0.2905 0.2452 0.1526 0.0557 0.2561 
    MONTROSE 0.0081 0.0323 0.2307 0.6140 0.1148 
       MORAG 0.0119 0.4187 0.2431 0.1762 0.1501 
      MORENE 0.5822 0.2324 0.1691 0.0040 0.0123 
      MOZART 0.3432 0.0696 0.0029 0.0815 0.5027 
 MYATT'S_ASH 0.2532 0.0125 0.7250 0.0048 0.0045 
      NADINE 0.0545 0.1505 0.0087 0.4570 0.3293 
       NAVAN 0.0265 0.1466 0.0524 0.6887 0.0858 
 NDTX_4271_5 0.0059 0.1279 0.0911 0.2173 0.5579 
      NICOLA 0.4192 0.0059 0.1555 0.0042 0.4153 
     NOVELLA 0.3838 0.2736 0.0354 0.0428 0.2644 
     OLYMPUS 0.0074 0.1832 0.1484 0.3410 0.3201 
       OPERA 0.3729 0.1884 0.0179 0.1458 0.2750 
   ORCHESTRA 0.4073 0.0213 0.0526 0.1570 0.3618 
      ORIANA 0.4431 0.2873 0.1073 0.0044 0.1579 
     OTHELLO 0.0055 0.5916 0.0232 0.1613 0.2184 
     PALADIN 0.0679 0.0328 0.2137 0.6795 0.0060 
       PANDA 0.3178 0.0155 0.0155 0.1110 0.5403 
   PARAMOUNT 0.1922 0.4874 0.0552 0.0262 0.2390 
    PATRONES 0.3730 0.1658 0.2297 0.0712 0.1603 
 PENTLAND_AC 0.1463 0.2799 0.2011 0.1544 0.2182 
 PENTLAND_BE 0.1354 0.3381 0.5013 0.0156 0.0097 
 PENTLAND_CR 0.2435 0.3607 0.1272 0.1469 0.1217 
 PENTLAND_DE 0.0149 0.3951 0.3104 0.0658 0.2139 
 PENTLAND_IV 0.0049 0.3572 0.1592 0.0874 0.3912 
 PENTLAND_JA 0.1932 0.3853 0.2090 0.0719 0.1406 
 PENTLAND_MA 0.3403 0.4192 0.1188 0.0113 0.1103 
 PENTLAND_SQ 0.0983 0.3367 0.2320 0.1185 0.2145 
   PEPO_1978 0.4051 0.0264 0.1111 0.1120 0.3453 
     PICASSO 0.2465 0.5539 0.0036 0.1396 0.0564 
   PIMPERNEL 0.4956 0.1002 0.1533 0.0871 0.1637 
     PIONEER 0.2168 0.0058 0.1462 0.0198 0.6115 
       PIXIE 0.0252 0.3113 0.0067 0.3725 0.2843 
    PREMIERE 0.4952 0.1751 0.2675 0.0554 0.0069 
   PRODUCENT 0.4526 0.0448 0.0875 0.2341 0.1810 
     PROVOST 0.1612 0.3815 0.2058 0.0453 0.2062 
  R.P.LUSTRE 0.0209 0.1106 0.2813 0.2084 0.3788 
 RANGER_RUSS 0.1954 0.3835 0.3766 0.0029 0.0416 
       RATTE 0.0401 0.0085 0.4840 0.1963 0.2710 
      RECORD 0.6251 0.1153 0.2435 0.0084 0.0076 
   REMBRANDT 0.4596 0.1038 0.1546 0.1303 0.1517 
    RIO_ROJO 0.0871 0.3084 0.1644 0.0701 0.3699 
      ROBIJN 0.5997 0.0934 0.2764 0.0062 0.0244 
      ROCKET 0.0197 0.1655 0.2010 0.5257 0.0881 
   RODE_STAR 0.4391 0.0056 0.3224 0.0433 0.1897 
      ROMANO 0.3333 0.3300 0.0125 0.0430 0.2811 
       ROMEO 0.0158 0.2982 0.2085 0.0675 0.4100 
     ROOSTER 0.1549 0.3600 0.1532 0.1065 0.2255 
       ROYAL 0.2865 0.0137 0.0776 0.3613 0.2609 
 ROYAL_KIDNE 0.0846 0.3317 0.5658 0.0034 0.0145 
     RUBESSE 0.2403 0.2019 0.1111 0.0410 0.4057 
 RUSSET_BURB 0.1265 0.3442 0.2974 0.0133 0.2186 
 RUSSET_NORK 0.0077 0.2556 0.2675 0.0360 0.4332 
      SAFARI 0.4254 0.3259 0.0103 0.0361 0.2023 
     SANTANA 0.4162 0.1921 0.1225 0.1433 0.1259 
       SANTE 0.4458 0.1121 0.0664 0.1907 0.1850 
     SAPHIRE 0.4248 0.2742 0.0290 0.0985 0.1735 
  SARPO_MIRA 0.3285 0.0341 0.1438 0.0910 0.4027 
 SARPO_SHONA 0.4087 0.0578 0.0584 0.0883 0.3868 
       SASSY 0.3302 0.1373 0.2469 0.0995 0.1861 
     SATURNA 0.5360 0.0060 0.2221 0.0462 0.1897 
        SAVA 0.3089 0.0638 0.0630 0.1310 0.4334 
       SAXON 0.0412 0.1440 0.1150 0.5704 0.1295 
 SCARBOROUGH 0.0047 0.0295 0.0434 0.7549 0.1674 
 SEFTON_WOND 0.0127 0.2427 0.5310 0.1581 0.0555 
    SERAFINA 0.3009 0.0725 0.1201 0.0152 0.4913 
     SETANTA 0.0394 0.2845 0.0527 0.3122 0.3112 
 SHARPE'S_EX 0.1430 0.0338 0.6075 0.1057 0.1100 
     SHELAGH 0.1645 0.2773 0.2525 0.1856 0.1201 
    SHELFORD 0.3515 0.1915 0.1940 0.0320 0.2309 
     SHEPODY 0.2339 0.4612 0.2953 0.0056 0.0040 
      SLANEY 0.0129 0.4341 0.0089 0.2977 0.2463 
        SPEY 0.0315 0.4972 0.0037 0.2946 0.1730 
      SPUNTA 0.1200 0.1342 0.2080 0.1345 0.4033 
     STAMINA 0.0542 0.3080 0.0042 0.6184 0.0152 
    STEMSTER 0.2718 0.0946 0.1539 0.3277 0.1522 
 STORMONT_EN 0.2972 0.2435 0.1920 0.1825 0.0848 
    STIRLING 0.0655 0.4881 0.0128 0.1755 0.2581 
     SYLVANA 0.2795 0.2378 0.1162 0.0997 0.2668 
         TAY 0.0065 0.2809 0.0079 0.4334 0.2713 
      TIMATE 0.4250 0.0081 0.0375 0.1376 0.3919 
      TOLUCA 0.3680 0.2057 0.0469 0.0073 0.3721 
    TORRIDON 0.3458 0.3443 0.1057 0.0750 0.1292 
 ULSTER_SCEP 0.0712 0.3655 0.1725 0.2972 0.0936 
 UMATILLA_RU 0.1978 0.0633 0.3559 0.3418 0.0411 
 VALES_EMERA 0.0398 0.0714 0.1043 0.2654 0.5190 
 VALES_EVERE 0.0092 0.4248 0.1300 0.2814 0.1546 
 VALES_RUSSE 0.1275 0.2421 0.3641 0.0283 0.2381 
 VALES_SOVER 0.0278 0.5931 0.0037 0.3471 0.0283 
       VALOR 0.0358 0.4859 0.0034 0.3872 0.0878 
    VAN_GOGH 0.5132 0.0708 0.1311 0.1157 0.1692 
     VANTAGE 0.4462 0.1937 0.3418 0.0117 0.0066 
       VERDI 0.4268 0.0566 0.1728 0.1206 0.2232 
    VICTORIA 0.4262 0.1762 0.1059 0.0419 0.2500 
     VIVALDI 0.4492 0.2980 0.0735 0.0045 0.1748 
       WILJA 0.5671 0.2368 0.1845 0.0094 0.0022 
     WINSTON 0.0085 0.2434 0.0050 0.4421 0.3010 
      XD2-21 0.0669 0.3764 0.2574 0.1028 0.1965 
  YUKON_GOLD 0.0974 0.1765 0.0281 0.2396 0.4584 
       ZORBA 0.4384 0.3300 0.1989 0.0111 0.0216 
