  00C133-020 0.5135 0.0963 0.0139 0.3578 0.0185 
 01C_071-002 0.2028 0.0803 0.1569 0.2566 0.3034 
 02M_012-001 0.6140 0.1082 0.1430 0.0348 0.1001 
 03M_016-002 0.3713 0.0407 0.4386 0.1026 0.0468 
 03M_034-002 0.5298 0.0311 0.1873 0.2040 0.0476 
 04C_055-004 0.4838 0.3007 0.0657 0.0290 0.1208 
 04C_126-005 0.3120 0.1095 0.0943 0.3657 0.1185 
 04M_034-013 0.4759 0.1219 0.2667 0.0470 0.0884 
 05M_002-001 0.1411 0.2150 0.1429 0.1353 0.3658 
 05M_004-003 0.2020 0.1433 0.0112 0.2783 0.3653 
 05M_012-004 0.1930 0.1461 0.0935 0.3501 0.2173 
 06C_127-002 0.3262 0.4553 0.0393 0.1703 0.0089 
 12288_AF_23 0.4373 0.2479 0.0174 0.2658 0.0316 
    12601AB1 0.4724 0.0543 0.4360 0.0260 0.0113 
   12636_A_2 0.4932 0.0412 0.2175 0.2367 0.0113 
  15119_AC_5 0.2397 0.0025 0.1938 0.5315 0.0324 
     1512C16 0.0169 0.2255 0.3202 0.3368 0.1007 
   15144_A_3 0.0317 0.2760 0.0345 0.5730 0.0849 
     1563C14 0.0283 0.2204 0.4428 0.0415 0.2670 
     2182EF7 0.0924 0.2208 0.1272 0.4934 0.0662 
     3681AD1 0.0983 0.1046 0.0575 0.3618 0.3776 
     5008AB6 0.0630 0.2842 0.0940 0.2934 0.2654 
    8204_A_4 0.1828 0.3285 0.0435 0.4243 0.0209 
       AGRIA 0.0791 0.3438 0.0510 0.0111 0.5151 
       AILSA 0.5642 0.2722 0.1264 0.0298 0.0075 
      ALMERA 0.0609 0.2439 0.0626 0.1777 0.4548 
       ALPHA 0.0626 0.1561 0.2315 0.1288 0.4211 
      ALWARA 0.0525 0.2802 0.0312 0.2755 0.3606 
      AMADRA 0.2257 0.2720 0.1439 0.0294 0.3290 
       AMOUR 0.4154 0.0777 0.0423 0.4402 0.0244 
        ANNA 0.0254 0.0062 0.1606 0.7895 0.0183 
   ANNABELLE 0.0166 0.4285 0.0344 0.0515 0.4690 
        ANYA 0.0487 0.4959 0.2232 0.0694 0.1629 
       ARGOS 0.2432 0.0432 0.0098 0.5741 0.1297 
     ARIELLE 0.0262 0.3190 0.1193 0.1265 0.4090 
      ARKULA 0.0143 0.2091 0.1295 0.1993 0.4478 
      ARMADA 0.1117 0.1918 0.1385 0.1688 0.3891 
   AVALANCHE 0.4434 0.0126 0.0477 0.2150 0.2814 
     BAILLIE 0.4884 0.1047 0.0200 0.2073 0.1796 
    BALMORAL 0.0303 0.0197 0.0908 0.6148 0.2444 
     BAMBINO 0.5053 0.1205 0.0157 0.2757 0.0828 
       BARNA 0.1131 0.3180 0.0492 0.4134 0.1063 
 BELLE_DE_FO 0.0035 0.0066 0.8545 0.0685 0.0670 
       BENOL 0.6115 0.0778 0.1617 0.0474 0.1016 
       BF_15 0.0058 0.0477 0.6933 0.0353 0.2178 
      BINTJE 0.0788 0.1221 0.3666 0.1764 0.2562 
 BIONICA_EX_ 0.1412 0.1820 0.1375 0.2606 0.2788 
 BLUE_DANUBE 0.0199 0.0079 0.1518 0.2577 0.5628 
      BONNIE 0.2533 0.2597 0.0352 0.2767 0.1751 
      BOUNTY 0.4592 0.1090 0.0216 0.3162 0.0941 
 BRITISH_QUE 0.0095 0.0049 0.4936 0.2800 0.2119 
     BRODICK 0.5537 0.3096 0.0112 0.1159 0.0097 
      BRODIE 0.0892 0.1552 0.1464 0.6017 0.0074 
      BUCHAN 0.1398 0.2800 0.0881 0.4882 0.0039 
      BURREN 0.0979 0.1977 0.1006 0.4422 0.1616 
     CABARET 0.5273 0.0172 0.2950 0.1454 0.0151 
      CAESAR 0.0496 0.4045 0.0046 0.1561 0.3852 
        CARA 0.1539 0.0860 0.0444 0.6958 0.0198 
 CARLINGFORD 0.1148 0.3462 0.1062 0.3983 0.0345 
  CASABLANCA 0.3204 0.0078 0.0053 0.4267 0.2398 
      CELINE 0.1158 0.1141 0.0688 0.2859 0.4153 
  CHALLENGER 0.2106 0.2657 0.1547 0.0391 0.3300 
   CHARLOTTE 0.1452 0.6602 0.1098 0.0082 0.0766 
     CHICAGO 0.5223 0.1508 0.0408 0.0156 0.2705 
   CHIEFTAIN 0.0309 0.4649 0.2136 0.2785 0.0121 
      CHOPIN 0.0371 0.2773 0.0801 0.2026 0.4028 
      CLARET 0.1196 0.1956 0.0470 0.6137 0.0240 
      CORINE 0.1950 0.0107 0.1183 0.3484 0.3276 
      COSMOS 0.1257 0.1195 0.1035 0.1805 0.4707 
     COURAGE 0.0782 0.2302 0.1185 0.2216 0.3515 
     COURLAN 0.1071 0.3492 0.1450 0.2562 0.1426 
 CRAIGS_ROYA 0.2156 0.1698 0.1314 0.4767 0.0066 
 CRAIGS_SNOW 0.1584 0.1215 0.3915 0.2500 0.0787 
     CRAMOND 0.5005 0.1540 0.0157 0.2293 0.1005 
 CRISPS_FOR_ 0.1120 0.3669 0.0833 0.1351 0.3028 
    CROMWELL 0.6629 0.0089 0.1946 0.0202 0.1133 
       D22/1 0.5168 0.0048 0.1993 0.2120 0.0672 
       D23/3 0.3903 0.0817 0.3409 0.1183 0.0687 
      D47-11 0.6961 0.0032 0.2217 0.0139 0.0651 
       D49/1 0.7699 0.0164 0.1474 0.0044 0.0619 
       DAISY 0.4857 0.1171 0.1865 0.0140 0.1966 
 DARK_RED_NO 0.0341 0.3340 0.2404 0.3163 0.0751 
     DARWINA 0.1055 0.1548 0.1419 0.1419 0.4558 
     DESIREE 0.0049 0.3733 0.1472 0.2253 0.2494 
       DITTA 0.0186 0.3244 0.1669 0.0752 0.4149 
 DR._MCINTOS 0.0559 0.2454 0.1862 0.4799 0.0326 
       DRAGA 0.1592 0.1599 0.0448 0.3282 0.3079 
 DUKE_OF_YOR 0.0040 0.0107 0.4681 0.2228 0.2944 
 DUNBAR_STAN 0.1583 0.0960 0.4253 0.3049 0.0154 
     DUNDROD 0.4934 0.1882 0.1881 0.0993 0.0309 
     ECLIPSE 0.0628 0.3573 0.5130 0.0575 0.0093 
        EDEN 0.7108 0.0327 0.2132 0.0312 0.0121 
 EDZELL_BLUE 0.0760 0.1413 0.3510 0.1937 0.2380 
   ELISABETH 0.1648 0.5459 0.0117 0.0331 0.2446 
     EMPEROR 0.1982 0.3624 0.0956 0.1669 0.1769 
         EOS 0.2820 0.4293 0.0418 0.1100 0.1370 
     EPICURE 0.0121 0.2848 0.4540 0.1879 0.0612 
  ERNTESTOLZ 0.0391 0.1892 0.2818 0.1636 0.3263 
      ESCORT 0.1779 0.3520 0.0071 0.0753 0.3876 
   ESMERALDA 0.1687 0.2606 0.1400 0.1167 0.3140 
      ESTIMA 0.1493 0.2692 0.1320 0.1024 0.3471 
 EVE_BALFOUR 0.2027 0.0912 0.2397 0.4386 0.0278 
   EXCALIBUR 0.4958 0.0997 0.0035 0.3772 0.0239 
     EXQUISA 0.0098 0.4275 0.1368 0.0559 0.3700 
    FESTIVAL 0.1501 0.3691 0.0105 0.0653 0.4049 
      FIANNA 0.0517 0.1790 0.0413 0.3704 0.3576 
   FIFTYFOLD 0.0932 0.1616 0.5726 0.0984 0.0742 
     FONTANE 0.2078 0.2596 0.0551 0.0460 0.4315 
   FORTYFOLD 0.0045 0.0051 0.5759 0.1053 0.3092 
 FRONTIER_RU 0.1006 0.3414 0.2877 0.1912 0.0791 
     G.81071 0.1788 0.2430 0.1264 0.3414 0.1104 
     G.88661 0.2322 0.3566 0.0316 0.2900 0.0896 
    G.886611 0.2224 0.4875 0.0125 0.2693 0.0083 
  G.8867Y%12 0.0656 0.4615 0.0267 0.4059 0.0403 
     G.88839 0.0078 0.5169 0.0072 0.0072 0.4609 
     G.88842 0.0141 0.3363 0.0200 0.2400 0.3896 
   GALACTICA 0.0072 0.0049 0.1652 0.4440 0.3788 
      GEMSON 0.1235 0.1900 0.2187 0.4394 0.0284 
  GL.76B/102 0.1711 0.1994 0.3558 0.0132 0.2604 
   GL.76B/94 0.0069 0.0126 0.5031 0.1203 0.3572 
  GL.77M/106 0.2915 0.2991 0.1711 0.2269 0.0114 
   GL.78/166 0.0521 0.0078 0.5929 0.0691 0.2780 
    GL.78/53 0.2502 0.2024 0.5069 0.0073 0.0332 
    GL.78/97 0.1587 0.1046 0.5354 0.0134 0.1880 
    GL.79/42 0.1853 0.2235 0.4969 0.0036 0.0907 
    GL.79/45 0.1450 0.2017 0.5248 0.0206 0.1079 
 GL.81_NT_25 0.5373 0.0032 0.3228 0.0210 0.1157 
   GLADIATOR 0.1220 0.3764 0.0141 0.2340 0.2536 
      GLAMIS 0.4348 0.2335 0.0564 0.1444 0.1309 
 GOLDEN_MILL 0.5264 0.1928 0.0869 0.1752 0.0186 
 GOLDEN_NUGG 0.1353 0.1697 0.0149 0.3056 0.3745 
 GOLDEN_WOND 0.0550 0.1562 0.5884 0.0535 0.1469 
     GRANOLA 0.1375 0.5680 0.0729 0.0093 0.2124 
    H1H3_101 0.6748 0.0027 0.3067 0.0061 0.0097 
      H1H3_3 0.4521 0.0692 0.2120 0.1943 0.0724 
 HARBOROUGH_ 0.7259 0.1663 0.0090 0.0843 0.0144 
   HARLEQUIN 0.1660 0.5359 0.1507 0.0233 0.1240 
      HERMES 0.0669 0.2151 0.1280 0.1887 0.4014 
 HIGHLAND_BU 0.0244 0.0054 0.7824 0.0180 0.1698 
  HOME_GUARD 0.1879 0.1860 0.3037 0.3013 0.0211 
     HORIZON 0.1080 0.0733 0.2219 0.1227 0.4741 
   INNOVATOR 0.0061 0.0072 0.3001 0.3842 0.3024 
 INTERNATION 0.0075 0.0040 0.8584 0.0160 0.1140 
 ISLE_OF_JUR 0.4527 0.1291 0.1276 0.1924 0.0982 
    JULIETTE 0.0326 0.5834 0.0265 0.0069 0.3506 
     KARLENA 0.0378 0.0112 0.2470 0.3633 0.3407 
 KERR'S_PINK 0.0947 0.0973 0.5507 0.2357 0.0216 
     KESTREL 0.3808 0.2278 0.0065 0.3790 0.0059 
       KIFLI 0.1410 0.4827 0.1317 0.0059 0.2388 
 KING_EDWARD 0.0673 0.1421 0.7683 0.0059 0.0165 
    KINGSTON 0.5211 0.0934 0.1577 0.1165 0.1112 
 KUFRI_CHAND 0.0923 0.1917 0.2668 0.2899 0.1593 
 KUFRI_JYOTI 0.0513 0.2238 0.1455 0.3817 0.1977 
      KURODA 0.0356 0.1432 0.0352 0.2575 0.5285 
 LADY_BALFOU 0.1986 0.1122 0.1743 0.4650 0.0499 
 LADY_CHRIST 0.0970 0.0863 0.2736 0.0907 0.4525 
 LADY_CLAIRE 0.0121 0.0060 0.1817 0.0434 0.7568 
     LADY_JO 0.0231 0.0028 0.2799 0.0863 0.6079 
 LADY_ROSETT 0.1528 0.2046 0.1386 0.1490 0.3550 
    LIBERTAS 0.0079 0.0025 0.2667 0.1457 0.5772 
       LINDA 0.0088 0.5353 0.1882 0.0060 0.2617 
      LINTON 0.1849 0.2401 0.0872 0.2018 0.2860 
 LINZER_DELI 0.0404 0.4409 0.1807 0.0202 0.3178 
   LIONHEART 0.0708 0.1652 0.0744 0.2355 0.4541 
   MADELEINE 0.0987 0.4139 0.0540 0.0350 0.3984 
   MADINGLEY 0.1607 0.3228 0.0487 0.1577 0.3101 
    MAJESTIC 0.0258 0.2589 0.2149 0.4444 0.0560 
     MARABEL 0.0178 0.3546 0.0131 0.1139 0.5006 
     MARFONA 0.1184 0.0340 0.1802 0.1842 0.4833 
     MARILYN 0.0290 0.3907 0.0827 0.1500 0.3477 
 MARIS_ANCHO 0.0798 0.2434 0.2254 0.1556 0.2959 
  MARIS_BARD 0.2379 0.0032 0.1941 0.3457 0.2191 
  MARIS_PEER 0.1626 0.1936 0.2453 0.3784 0.0201 
 MARIS_PIPER 0.8214 0.0057 0.1125 0.0070 0.0534 
     MARKIES 0.0273 0.3038 0.1156 0.0425 0.5108 
      MAXINE 0.4118 0.2077 0.0854 0.2753 0.0197 
      MEGARA 0.0873 0.3028 0.0462 0.0337 0.5300 
      MELODY 0.1148 0.1686 0.1433 0.1485 0.4248 
       MIDAS 0.5060 0.1531 0.0920 0.0058 0.2432 
       MILVA 0.0244 0.3570 0.1707 0.0490 0.3989 
        MIMI 0.3559 0.1033 0.0715 0.1841 0.2851 
        MIRA 0.0121 0.0089 0.2129 0.1707 0.5955 
       MOIRA 0.0589 0.2541 0.1541 0.2392 0.2937 
    MONTROSE 0.6174 0.1164 0.2321 0.0267 0.0073 
       MORAG 0.1773 0.1496 0.2418 0.4165 0.0148 
      MORENE 0.0043 0.0143 0.1750 0.2254 0.5809 
      MOZART 0.0868 0.5022 0.0030 0.0605 0.3475 
 MYATT'S_ASH 0.0047 0.0046 0.7256 0.0164 0.2486 
      NADINE 0.4591 0.3279 0.0101 0.1515 0.0513 
       NAVAN 0.6896 0.0829 0.0550 0.1415 0.0309 
 NDTX_4271_5 0.2207 0.5620 0.0878 0.1236 0.0059 
      NICOLA 0.0040 0.4110 0.1603 0.0055 0.4192 
     NOVELLA 0.0478 0.2613 0.0356 0.2694 0.3858 
     OLYMPUS 0.3414 0.3210 0.1484 0.1815 0.0077 
       OPERA 0.1478 0.2747 0.0192 0.1838 0.3746 
   ORCHESTRA 0.1539 0.3575 0.0634 0.0255 0.3997 
      ORIANA 0.0048 0.1548 0.1072 0.2849 0.4483 
     OTHELLO 0.1615 0.2118 0.0270 0.5938 0.0059 
     PALADIN 0.6805 0.0057 0.2178 0.0248 0.0711 
       PANDA 0.1119 0.5375 0.0164 0.0153 0.3190 
   PARAMOUNT 0.0249 0.2350 0.0582 0.4828 0.1991 
    PATRONES 0.0706 0.1569 0.2333 0.1660 0.3733 
 PENTLAND_AC 0.1547 0.2172 0.2030 0.2772 0.1479 
 PENTLAND_BE 0.0142 0.0074 0.5020 0.3366 0.1397 
 PENTLAND_CR 0.1540 0.1232 0.1275 0.3490 0.2463 
 PENTLAND_DE 0.0682 0.2120 0.3064 0.3941 0.0193 
 PENTLAND_IV 0.0915 0.3888 0.1580 0.3568 0.0048 
 PENTLAND_JA 0.0744 0.1477 0.2047 0.3748 0.1984 
 PENTLAND_MA 0.0097 0.1065 0.1240 0.4177 0.3420 
 PENTLAND_SQ 0.1180 0.2180 0.2312 0.3340 0.0989 
   PEPO_1978 0.1121 0.3445 0.1121 0.0280 0.4032 
     PICASSO 0.1485 0.0455 0.0042 0.5462 0.2556 
   PIMPERNEL 0.0849 0.1604 0.1607 0.1014 0.4927 
     PIONEER 0.0227 0.6087 0.1472 0.0061 0.2153 
       PIXIE 0.3751 0.2833 0.0064 0.3100 0.0253 
    PREMIERE 0.0548 0.0067 0.2769 0.1677 0.4940 
   PRODUCENT 0.2361 0.1788 0.0969 0.0363 0.4518 
     PROVOST 0.0413 0.2084 0.2070 0.3792 0.1641 
  R.P.LUSTRE 0.2063 0.3760 0.2791 0.1109 0.0277 
 RANGER_RUSS 0.0026 0.0347 0.3784 0.3806 0.2038 
       RATTE 0.1955 0.2711 0.4792 0.0088 0.0454 
      RECORD 0.0090 0.0076 0.2509 0.1118 0.6206 
   REMBRANDT 0.1316 0.1493 0.1627 0.0981 0.4584 
    RIO_ROJO 0.0773 0.3649 0.1601 0.3060 0.0918 
      ROBIJN 0.0062 0.0290 0.2815 0.0891 0.5942 
      ROCKET 0.5271 0.0867 0.2011 0.1631 0.0220 
   RODE_STAR 0.0447 0.1908 0.3282 0.0050 0.4313 
      ROMANO 0.0543 0.2793 0.0144 0.3210 0.3310 
       ROMEO 0.0687 0.4076 0.2047 0.2968 0.0222 
     ROOSTER 0.1111 0.2249 0.1546 0.3547 0.1547 
       ROYAL 0.3630 0.2651 0.0776 0.0107 0.2836 
 ROYAL_KIDNE 0.0042 0.0144 0.5626 0.3293 0.0895 
     RUBESSE 0.0402 0.4033 0.1113 0.2020 0.2432 
 RUSSET_BURB 0.0186 0.2201 0.2948 0.3396 0.1269 
 RUSSET_NORK 0.0400 0.4354 0.2638 0.2536 0.0072 
      SAFARI 0.0364 0.2044 0.0111 0.3194 0.4287 
     SANTANA 0.1462 0.1240 0.1295 0.1836 0.4167 
       SANTE 0.1947 0.1818 0.0733 0.1114 0.4387 
     SAPHIRE 0.1031 0.1743 0.0290 0.2650 0.4286 
  SARPO_MIRA 0.0825 0.4015 0.1495 0.0399 0.3267 
 SARPO_SHONA 0.0898 0.3826 0.0639 0.0588 0.4049 
       SASSY 0.0986 0.1923 0.2476 0.1329 0.3286 
     SATURNA 0.0466 0.1879 0.2301 0.0061 0.5293 
        SAVA 0.1311 0.4330 0.0659 0.0586 0.3114 
       SAXON 0.5679 0.1284 0.1200 0.1428 0.0409 
 SCARBOROUGH 0.7599 0.1663 0.0428 0.0255 0.0055 
 SEFTON_WOND 0.1580 0.0572 0.5303 0.2392 0.0153 
    SERAFINA 0.0152 0.4906 0.1222 0.0726 0.2994 
     SETANTA 0.3163 0.3157 0.0474 0.2803 0.0402 
 SHARPE'S_EX 0.1064 0.1085 0.6074 0.0421 0.1357 
     SHELAGH 0.1875 0.1213 0.2539 0.2767 0.1606 
    SHELFORD 0.0289 0.2297 0.1951 0.1929 0.3534 
     SHEPODY 0.0064 0.0041 0.2925 0.4555 0.2415 
      SLANEY 0.3017 0.2454 0.0113 0.4280 0.0136 
        SPEY 0.2959 0.1697 0.0044 0.4938 0.0362 
      SPUNTA 0.1351 0.4050 0.2061 0.1359 0.1179 
     STAMINA 0.6211 0.0167 0.0041 0.3029 0.0550 
    STEMSTER 0.3260 0.1497 0.1590 0.0935 0.2718 
 STORMONT_EN 0.1858 0.0801 0.1956 0.2385 0.2999 
    STIRLING 0.1736 0.2569 0.0171 0.4806 0.0719 
     SYLVANA 0.0997 0.2648 0.1171 0.2346 0.2839 
         TAY 0.4374 0.2730 0.0074 0.2749 0.0074 
      TIMATE 0.1396 0.3884 0.0400 0.0079 0.4240 
      TOLUCA 0.0076 0.3692 0.0504 0.2026 0.3701 
    TORRIDON 0.0767 0.1286 0.1117 0.3428 0.3403 
 ULSTER_SCEP 0.3012 0.0912 0.1751 0.3589 0.0736 
 UMATILLA_RU 0.3425 0.0355 0.3598 0.0667 0.1954 
 VALES_EMERA 0.2665 0.5166 0.0992 0.0730 0.0446 
 VALES_EVERE 0.2840 0.1533 0.1293 0.4244 0.0090 
 VALES_RUSSE 0.0402 0.2317 0.3609 0.2388 0.1284 
 VALES_SOVER 0.3506 0.0243 0.0037 0.5841 0.0373 
       VALOR 0.3877 0.0898 0.0039 0.4798 0.0387 
    VAN_GOGH 0.1148 0.1706 0.1362 0.0668 0.5116 
     VANTAGE 0.0119 0.0063 0.3465 0.1905 0.4448 
       VERDI 0.1230 0.2182 0.1790 0.0545 0.4253 
    VICTORIA 0.0409 0.2499 0.1079 0.1714 0.4299 
     VIVALDI 0.0046 0.1780 0.0708 0.2928 0.4539 
       WILJA 0.0101 0.0025 0.1901 0.2297 0.5676 
     WINSTON 0.4424 0.2962 0.0052 0.2475 0.0088 
      XD2-21 0.1001 0.1946 0.2597 0.3752 0.0704 
  YUKON_GOLD 0.2413 0.4571 0.0259 0.1715 0.1042 
       ZORBA 0.0120 0.0244 0.2023 0.3245 0.4368 
