  00C133-020 0.0166 0.1855 0.1774 0.0055 0.2308 0.0063 0.0100 0.3679 
 01C_071-002 0.1575 0.0457 0.0022 0.1492 0.2889 0.0526 0.1361 0.1678 
 02M_012-001 0.0224 0.2272 0.0183 0.0747 0.0602 0.0034 0.1393 0.4545 
 03M_016-002 0.0040 0.0159 0.0048 0.0433 0.0227 0.2036 0.3301 0.3756 
 03M_034-002 0.0669 0.3209 0.0223 0.0021 0.0798 0.0070 0.1599 0.3410 
 04C_055-004 0.0275 0.0510 0.1697 0.2247 0.0103 0.0359 0.0538 0.4271 
 04C_126-005 0.1135 0.2129 0.0738 0.0123 0.2901 0.0155 0.0900 0.1920 
 04M_034-013 0.0278 0.1342 0.0388 0.0591 0.0069 0.1290 0.2081 0.3962 
 05M_002-001 0.2516 0.0580 0.0091 0.2196 0.0610 0.1807 0.0914 0.1287 
 05M_004-003 0.3064 0.1516 0.0291 0.1040 0.1770 0.1095 0.0051 0.1172 
 05M_012-004 0.2615 0.2248 0.1224 0.0046 0.1096 0.1814 0.0309 0.0647 
 06C_127-002 0.0053 0.3825 0.1232 0.1946 0.0724 0.0994 0.0213 0.1012 
 12288_AF_23 0.0590 0.1122 0.3920 0.0340 0.0504 0.0242 0.0074 0.3207 
    12601AB1 0.0038 0.4280 0.0021 0.0026 0.0053 0.0022 0.3935 0.1626 
   12636_A_2 0.0060 0.3141 0.0915 0.0026 0.0679 0.0361 0.1634 0.3184 
  15119_AC_5 0.0133 0.0030 0.0090 0.0015 0.5151 0.0123 0.1714 0.2744 
     1512C16 0.0942 0.0740 0.1870 0.0309 0.0887 0.2718 0.2487 0.0047 
   15144_A_3 0.0056 0.0053 0.1409 0.1898 0.5989 0.0037 0.0498 0.0059 
     1563C14 0.1737 0.0057 0.1236 0.1699 0.0226 0.0372 0.4523 0.0149 
     2182EF7 0.0725 0.2229 0.0204 0.0233 0.3080 0.3038 0.0387 0.0104 
     3681AD1 0.3491 0.1313 0.0075 0.0428 0.2962 0.1020 0.0457 0.0255 
     5008AB6 0.2539 0.2217 0.0218 0.1325 0.2451 0.0120 0.1086 0.0044 
    8204_A_4 0.0739 0.2943 0.1312 0.0470 0.2710 0.1492 0.0193 0.0140 
       AGRIA 0.3399 0.0732 0.0029 0.3754 0.0053 0.1511 0.0202 0.0321 
       AILSA 0.0031 0.2233 0.0730 0.1538 0.0071 0.0364 0.0804 0.4228 
      ALMERA 0.3151 0.0050 0.0098 0.2727 0.0507 0.2423 0.0105 0.0940 
       ALPHA 0.4253 0.0201 0.1507 0.0529 0.0132 0.0652 0.2469 0.0257 
      ALWARA 0.2772 0.0084 0.1826 0.2097 0.2298 0.0190 0.0558 0.0175 
      AMADRA 0.2812 0.0963 0.0773 0.2071 0.0124 0.0226 0.1519 0.1511 
       AMOUR 0.0098 0.1151 0.0746 0.0154 0.4339 0.0196 0.0237 0.3078 
        ANNA 0.0084 0.0641 0.0079 0.0018 0.7177 0.0709 0.1223 0.0068 
   ANNABELLE 0.3734 0.0481 0.0061 0.3811 0.0297 0.1307 0.0209 0.0101 
        ANYA 0.0789 0.1072 0.1619 0.3291 0.0307 0.0700 0.2166 0.0056 
       ARGOS 0.0402 0.0029 0.1885 0.0303 0.4494 0.0502 0.0054 0.2331 
     ARIELLE 0.2655 0.0034 0.0547 0.3231 0.0844 0.1367 0.0955 0.0367 
      ARKULA 0.4719 0.0171 0.1813 0.0694 0.0310 0.0803 0.1407 0.0082 
      ARMADA 0.3808 0.0079 0.1367 0.1029 0.0217 0.1094 0.1180 0.1226 
   AVALANCHE 0.2186 0.0172 0.0348 0.0237 0.0879 0.1636 0.0065 0.4478 
     BAILLIE 0.1194 0.0759 0.0739 0.0798 0.1218 0.0784 0.0055 0.4453 
    BALMORAL 0.2033 0.0204 0.0239 0.0048 0.4418 0.2627 0.0223 0.0208 
     BAMBINO 0.0435 0.1111 0.1343 0.0635 0.1980 0.0172 0.0109 0.4215 
       BARNA 0.1074 0.0176 0.2979 0.1237 0.3228 0.0161 0.0775 0.0371 
 BELLE_DE_FO 0.0150 0.0024 0.0394 0.0045 0.0462 0.0418 0.8469 0.0038 
       BENOL 0.0371 0.3693 0.0020 0.0247 0.0170 0.0142 0.1355 0.4002 
       BF_15 0.1397 0.0037 0.0120 0.0707 0.0522 0.0155 0.7026 0.0036 
      BINTJE 0.2082 0.0095 0.1081 0.0565 0.0417 0.1766 0.3203 0.0792 
 BIONICA_EX_ 0.2867 0.2804 0.0095 0.0357 0.1349 0.1197 0.1183 0.0148 
 BLUE_DANUBE 0.5002 0.0046 0.0051 0.0088 0.1547 0.1679 0.1360 0.0226 
      BONNIE 0.2022 0.1458 0.1982 0.0885 0.1308 0.0726 0.0233 0.1386 
      BOUNTY 0.0975 0.1182 0.1894 0.0198 0.1861 0.0168 0.0105 0.3617 
 BRITISH_QUE 0.1055 0.0017 0.0047 0.0041 0.0417 0.4198 0.3635 0.0590 
     BRODICK 0.0270 0.5993 0.0159 0.0605 0.0361 0.0307 0.0083 0.2221 
      BRODIE 0.0056 0.0763 0.2424 0.0038 0.4079 0.1496 0.1052 0.0091 
      BUCHAN 0.0031 0.0877 0.2707 0.0737 0.3596 0.0902 0.0774 0.0376 
      BURREN 0.0786 0.0589 0.0822 0.1449 0.4640 0.0167 0.1243 0.0305 
     CABARET 0.0058 0.1227 0.1187 0.0031 0.0132 0.0283 0.2344 0.4737 
      CAESAR 0.3633 0.1212 0.1393 0.2454 0.0360 0.0876 0.0022 0.0050 
        CARA 0.0090 0.0481 0.1609 0.0064 0.6631 0.0068 0.0539 0.0518 
 CARLINGFORD 0.0458 0.1158 0.2335 0.1142 0.1109 0.3093 0.0233 0.0472 
  CASABLANCA 0.2006 0.1003 0.0056 0.0047 0.2804 0.1406 0.0020 0.2658 
      CELINE 0.4535 0.0820 0.2616 0.0061 0.0796 0.0190 0.0732 0.0250 
  CHALLENGER 0.2550 0.0845 0.0717 0.1813 0.0029 0.1794 0.0876 0.1375 
   CHARLOTTE 0.0098 0.2287 0.1186 0.4727 0.0083 0.0056 0.1472 0.0091 
     CHICAGO 0.1680 0.1154 0.0073 0.1917 0.0234 0.0059 0.0368 0.4515 
   CHIEFTAIN 0.0041 0.1055 0.2635 0.1844 0.0155 0.3153 0.1064 0.0053 
      CHOPIN 0.3757 0.0815 0.0383 0.1722 0.0352 0.2595 0.0235 0.0140 
      CLARET 0.0112 0.0113 0.1899 0.0789 0.5663 0.0255 0.0485 0.0683 
      CORINE 0.2661 0.1511 0.0043 0.0070 0.1972 0.1757 0.0627 0.1359 
      COSMOS 0.4546 0.0292 0.0613 0.0611 0.0158 0.2199 0.0456 0.1125 
     COURAGE 0.3756 0.0650 0.2367 0.0455 0.0235 0.1216 0.1163 0.0158 
     COURLAN 0.0307 0.0830 0.1190 0.2620 0.1340 0.2379 0.0831 0.0503 
 CRAIGS_ROYA 0.0054 0.0326 0.2893 0.0068 0.2786 0.1576 0.0827 0.1470 
 CRAIGS_SNOW 0.0129 0.0061 0.1233 0.0561 0.0481 0.2896 0.2903 0.1737 
     CRAMOND 0.1457 0.3671 0.0633 0.0055 0.0358 0.0770 0.0054 0.3002 
 CRISPS_FOR_ 0.2925 0.0503 0.2509 0.1934 0.0091 0.0918 0.0772 0.0349 
    CROMWELL 0.0128 0.0075 0.0248 0.0533 0.0680 0.0030 0.1888 0.6419 
       D22/1 0.0182 0.0028 0.1229 0.0043 0.0418 0.1020 0.1355 0.5726 
       D23/3 0.0121 0.0107 0.1173 0.0511 0.0101 0.1404 0.2721 0.3862 
      D47-11 0.0225 0.0238 0.0050 0.0065 0.0146 0.0119 0.1902 0.7256 
       D49/1 0.0123 0.0528 0.0299 0.0430 0.0020 0.0055 0.1147 0.7398 
       DAISY 0.1332 0.1267 0.0584 0.0907 0.0049 0.0095 0.1802 0.3964 
 DARK_RED_NO 0.0102 0.0253 0.0220 0.2280 0.1699 0.4130 0.1014 0.0302 
     DARWINA 0.3842 0.0060 0.0738 0.1365 0.0077 0.1752 0.0973 0.1193 
     DESIREE 0.2002 0.0025 0.3048 0.2046 0.1036 0.0193 0.1625 0.0024 
       DITTA 0.2464 0.0047 0.0102 0.3439 0.0280 0.2002 0.1324 0.0343 
 DR._MCINTOS 0.0739 0.0943 0.2254 0.0092 0.0405 0.4861 0.0419 0.0287 
       DRAGA 0.2531 0.1205 0.0092 0.0628 0.1080 0.3411 0.0051 0.1002 
 DUKE_OF_YOR 0.2153 0.0030 0.0022 0.0057 0.0072 0.4130 0.3498 0.0038 
 DUNBAR_STAN 0.0053 0.0057 0.1534 0.0108 0.0225 0.3960 0.2520 0.1543 
     DUNDROD 0.0055 0.0824 0.0696 0.1469 0.0756 0.0540 0.1305 0.4355 
     ECLIPSE 0.0035 0.0469 0.1162 0.1397 0.0024 0.2779 0.4039 0.0095 
        EDEN 0.0044 0.2475 0.0141 0.0036 0.0054 0.0066 0.1572 0.5611 
 EDZELL_BLUE 0.1974 0.0874 0.1040 0.0510 0.0888 0.1246 0.3298 0.0169 
   ELISABETH 0.2371 0.1141 0.2431 0.2962 0.0044 0.0463 0.0083 0.0505 
     EMPEROR 0.0870 0.1293 0.0750 0.2352 0.0080 0.3169 0.0114 0.1373 
         EOS 0.1287 0.1155 0.2337 0.2083 0.0063 0.1239 0.0199 0.1638 
     EPICURE 0.0662 0.0461 0.1857 0.0437 0.0049 0.2707 0.3790 0.0038 
  ERNTESTOLZ 0.2079 0.0361 0.0056 0.1850 0.0940 0.2140 0.2344 0.0230 
      ESCORT 0.3816 0.1499 0.1612 0.2106 0.0271 0.0095 0.0137 0.0463 
   ESMERALDA 0.3300 0.1096 0.2229 0.0924 0.0141 0.0079 0.1684 0.0547 
      ESTIMA 0.3069 0.0384 0.1362 0.1461 0.0042 0.2053 0.0755 0.0874 
 EVE_BALFOUR 0.0200 0.2334 0.0338 0.0082 0.3680 0.0781 0.2120 0.0466 
   EXCALIBUR 0.0158 0.2046 0.0908 0.0153 0.3400 0.0035 0.0026 0.3275 
     EXQUISA 0.2646 0.0072 0.0412 0.3612 0.1395 0.0048 0.1775 0.0040 
    FESTIVAL 0.3989 0.0964 0.1430 0.2226 0.0094 0.0509 0.0060 0.0727 
      FIANNA 0.3284 0.0596 0.0400 0.0871 0.1937 0.2588 0.0075 0.0250 
   FIFTYFOLD 0.0216 0.0267 0.1394 0.0715 0.0298 0.0975 0.5559 0.0577 
     FONTANE 0.3086 0.0465 0.0399 0.2462 0.0045 0.1655 0.0189 0.1698 
   FORTYFOLD 0.2307 0.0084 0.0024 0.0041 0.0207 0.1889 0.5415 0.0033 
 FRONTIER_RU 0.0104 0.0339 0.0957 0.2118 0.0090 0.4221 0.1494 0.0677 
     G.81071 0.1424 0.2307 0.1445 0.0350 0.1213 0.2024 0.0717 0.0519 
     G.88661 0.1253 0.1450 0.1759 0.0819 0.0104 0.3212 0.0042 0.1362 
    G.886611 0.0196 0.1850 0.2777 0.1390 0.0083 0.2641 0.0033 0.1031 
  G.8867Y%12 0.0520 0.0909 0.2182 0.1695 0.0913 0.3535 0.0048 0.0198 
     G.88839 0.3824 0.0686 0.0441 0.4675 0.0094 0.0067 0.0175 0.0039 
     G.88842 0.3506 0.0702 0.0116 0.2469 0.1430 0.1633 0.0084 0.0061 
   GALACTICA 0.2735 0.0022 0.0023 0.0108 0.4291 0.1192 0.1489 0.0140 
      GEMSON 0.0100 0.0419 0.1942 0.0453 0.2126 0.2554 0.1516 0.0890 
  GL.76B/102 0.1037 0.0157 0.0038 0.2423 0.0094 0.1402 0.3113 0.1736 
   GL.76B/94 0.2374 0.0052 0.0016 0.0445 0.1748 0.0184 0.5145 0.0036 
  GL.77M/106 0.0057 0.3111 0.1118 0.1170 0.1883 0.0106 0.1807 0.0746 
   GL.78/166 0.1207 0.0026 0.0028 0.0408 0.0532 0.1153 0.5698 0.0948 
    GL.78/53 0.0042 0.1526 0.0138 0.1561 0.0158 0.0048 0.5121 0.1406 
    GL.78/97 0.0630 0.0732 0.0076 0.1313 0.0462 0.0232 0.5580 0.0975 
    GL.79/42 0.0442 0.0744 0.1281 0.1321 0.0030 0.0020 0.5304 0.0859 
    GL.79/45 0.0452 0.0723 0.0949 0.1202 0.0622 0.0035 0.5654 0.0363 
 GL.81_NT_25 0.0224 0.0074 0.0028 0.0075 0.0736 0.0075 0.3099 0.5689 
   GLADIATOR 0.2182 0.0455 0.2140 0.2097 0.0993 0.1488 0.0082 0.0563 
      GLAMIS 0.0683 0.0515 0.1703 0.1570 0.0091 0.1271 0.0132 0.4035 
 GOLDEN_MILL 0.0400 0.5213 0.0191 0.0128 0.0967 0.0109 0.0626 0.2365 
 GOLDEN_NUGG 0.4287 0.1107 0.3996 0.0052 0.0308 0.0049 0.0109 0.0092 
 GOLDEN_WOND 0.1246 0.0411 0.1208 0.0385 0.0107 0.0720 0.5805 0.0119 
     GRANOLA 0.1175 0.2189 0.0332 0.4413 0.0475 0.0122 0.1131 0.0162 
    H1H3_101 0.0026 0.0036 0.0013 0.0046 0.0059 0.0063 0.2591 0.7167 
      H1H3_3 0.0667 0.1756 0.1301 0.0049 0.0093 0.1256 0.1344 0.3535 
 HARBOROUGH_ 0.0104 0.5677 0.0044 0.0056 0.0045 0.0141 0.0025 0.3908 
   HARLEQUIN 0.0169 0.1547 0.1631 0.4111 0.0307 0.0091 0.1806 0.0339 
      HERMES 0.1973 0.0039 0.0058 0.3141 0.2414 0.0549 0.1075 0.0750 
 HIGHLAND_BU 0.1112 0.0885 0.0030 0.0024 0.0035 0.0113 0.7743 0.0058 
  HOME_GUARD 0.0200 0.1065 0.2011 0.0259 0.0674 0.2545 0.2218 0.1029 
     HORIZON 0.4460 0.0084 0.1023 0.0413 0.0445 0.0234 0.2279 0.1062 
   INNOVATOR 0.2596 0.0078 0.0027 0.0029 0.0985 0.4803 0.1420 0.0061 
 INTERNATION 0.0420 0.0044 0.0022 0.0045 0.0091 0.0749 0.8551 0.0078 
 ISLE_OF_JUR 0.0330 0.0701 0.0121 0.1173 0.1882 0.0654 0.0999 0.4139 
    JULIETTE 0.1685 0.1314 0.0092 0.5817 0.0296 0.0109 0.0611 0.0077 
     KARLENA 0.2109 0.0056 0.0026 0.0191 0.2740 0.2568 0.1768 0.0542 
 KERR'S_PINK 0.0059 0.0285 0.1189 0.0092 0.0347 0.3001 0.4450 0.0578 
     KESTREL 0.0047 0.0321 0.3314 0.0428 0.3046 0.0064 0.0059 0.2721 
       KIFLI 0.1028 0.1547 0.0487 0.4463 0.0109 0.0099 0.1814 0.0453 
 KING_EDWARD 0.0040 0.0249 0.0809 0.0462 0.0022 0.0814 0.7296 0.0309 
    KINGSTON 0.1015 0.2705 0.0209 0.0132 0.0832 0.0050 0.1540 0.3517 
 KUFRI_CHAND 0.0829 0.0093 0.0947 0.1085 0.0600 0.3771 0.1557 0.1118 
 KUFRI_JYOTI 0.1995 0.1982 0.0182 0.0551 0.3064 0.0988 0.1195 0.0043 
      KURODA 0.4165 0.0065 0.0058 0.1552 0.1507 0.2093 0.0078 0.0482 
 LADY_BALFOU 0.0400 0.0795 0.1157 0.0079 0.3500 0.1298 0.1367 0.1404 
 LADY_CHRIST 0.4463 0.0754 0.0927 0.0187 0.0125 0.0452 0.2825 0.0267 
 LADY_CLAIRE 0.6316 0.0053 0.0012 0.0815 0.0171 0.0556 0.1843 0.0234 
     LADY_JO 0.5761 0.0031 0.0044 0.0018 0.0073 0.1010 0.2726 0.0337 
 LADY_ROSETT 0.3913 0.0475 0.2906 0.0069 0.0062 0.0438 0.1509 0.0629 
    LIBERTAS 0.5730 0.0028 0.0149 0.0017 0.1045 0.0044 0.2931 0.0056 
       LINDA 0.0682 0.0212 0.0055 0.5541 0.1044 0.0147 0.2273 0.0046 
      LINTON 0.1282 0.0060 0.0623 0.2730 0.1510 0.1683 0.0327 0.1785 
 LINZER_DELI 0.2157 0.0898 0.1654 0.3012 0.0044 0.0128 0.2066 0.0041 
   LIONHEART 0.4555 0.0916 0.0602 0.0630 0.0685 0.2157 0.0207 0.0248 
   MADELEINE 0.3584 0.1101 0.1185 0.2838 0.0181 0.0101 0.0810 0.0200 
   MADINGLEY 0.1369 0.0223 0.0341 0.3434 0.2097 0.0788 0.0402 0.1346 
    MAJESTIC 0.0508 0.1006 0.1298 0.0520 0.0877 0.5163 0.0536 0.0092 
     MARABEL 0.4333 0.0381 0.0357 0.3066 0.0450 0.1245 0.0082 0.0086 
     MARFONA 0.4693 0.0053 0.0942 0.0072 0.0295 0.1616 0.1376 0.0953 
     MARILYN 0.2437 0.0922 0.0367 0.3235 0.1434 0.0682 0.0869 0.0055 
 MARIS_ANCHO 0.2706 0.0494 0.0877 0.1330 0.0113 0.2261 0.1730 0.0490 
  MARIS_BARD 0.2488 0.0418 0.0132 0.0014 0.0746 0.2701 0.0872 0.2628 
  MARIS_PEER 0.0054 0.0209 0.1261 0.0861 0.1600 0.3118 0.1356 0.1542 
 MARIS_PIPER 0.0091 0.0508 0.0048 0.0319 0.0055 0.0032 0.0815 0.8131 
     MARKIES 0.4250 0.0172 0.0717 0.2669 0.0449 0.0272 0.1328 0.0143 
      MAXINE 0.0071 0.0254 0.2708 0.0599 0.0185 0.2259 0.0079 0.3845 
      MEGARA 0.4351 0.0601 0.0257 0.2912 0.0488 0.0175 0.0775 0.0441 
      MELODY 0.3447 0.0564 0.0155 0.1670 0.1704 0.0287 0.1599 0.0572 
       MIDAS 0.1317 0.0219 0.0258 0.2288 0.0091 0.0027 0.0924 0.4875 
       MILVA 0.3125 0.0976 0.0088 0.2969 0.0483 0.0482 0.1809 0.0069 
        MIMI 0.2979 0.1292 0.2746 0.0048 0.0153 0.0039 0.0738 0.2005 
        MIRA 0.5834 0.0088 0.0079 0.0088 0.0672 0.0959 0.2133 0.0147 
       MOIRA 0.2239 0.0550 0.0188 0.2083 0.1849 0.1489 0.1231 0.0371 
    MONTROSE 0.0040 0.4457 0.0029 0.0063 0.0122 0.0028 0.2002 0.3260 
       MORAG 0.0291 0.2592 0.1965 0.0033 0.1407 0.1622 0.1731 0.0359 
      MORENE 0.5701 0.0053 0.0078 0.0089 0.0997 0.1394 0.1659 0.0029 
      MOZART 0.3383 0.2223 0.1050 0.2816 0.0076 0.0398 0.0018 0.0037 
 MYATT'S_ASH 0.1298 0.0023 0.0015 0.0162 0.0220 0.1028 0.7200 0.0054 
      NADINE 0.0605 0.1360 0.3036 0.1227 0.0177 0.0139 0.0056 0.3401 
       NAVAN 0.0165 0.0725 0.1429 0.0283 0.0191 0.0486 0.0191 0.6530 
 NDTX_4271_5 0.0028 0.1327 0.3079 0.2325 0.0034 0.2176 0.0163 0.0870 
      NICOLA 0.2280 0.0041 0.0038 0.4939 0.0131 0.0743 0.1790 0.0038 
     NOVELLA 0.3740 0.0463 0.1569 0.1477 0.1192 0.1069 0.0320 0.0169 
     OLYMPUS 0.0111 0.3689 0.1418 0.0624 0.0339 0.1350 0.1092 0.1377 
       OPERA 0.3294 0.1247 0.1144 0.1774 0.0981 0.0957 0.0127 0.0476 
   ORCHESTRA 0.3026 0.0785 0.1017 0.3171 0.0177 0.0140 0.0788 0.0896 
      ORIANA 0.3730 0.0037 0.0062 0.1436 0.1803 0.2240 0.0653 0.0039 
     OTHELLO 0.0028 0.0268 0.2490 0.0536 0.4841 0.0892 0.0150 0.0795 
     PALADIN 0.0193 0.1162 0.0044 0.0046 0.0058 0.0485 0.1645 0.6366 
       PANDA 0.1736 0.0604 0.0933 0.5078 0.0707 0.0068 0.0300 0.0574 
   PARAMOUNT 0.2169 0.0481 0.2733 0.0390 0.3259 0.0117 0.0815 0.0036 
    PATRONES 0.2916 0.0065 0.0508 0.1444 0.0395 0.2103 0.1807 0.0762 
 PENTLAND_AC 0.1570 0.0203 0.2554 0.0618 0.0798 0.1477 0.1543 0.1235 
 PENTLAND_BE 0.0860 0.0033 0.0526 0.0030 0.1480 0.2614 0.4134 0.0323 
 PENTLAND_CR 0.2567 0.3162 0.0058 0.0057 0.1476 0.1929 0.0671 0.0080 
 PENTLAND_DE 0.0183 0.2253 0.1467 0.0085 0.1238 0.2379 0.2335 0.0060 
 PENTLAND_IV 0.0038 0.1530 0.2773 0.1141 0.0638 0.3092 0.0668 0.0121 
 PENTLAND_JA 0.1719 0.1672 0.0117 0.0106 0.1041 0.4410 0.0757 0.0177 
 PENTLAND_MA 0.2987 0.0721 0.0064 0.0755 0.2839 0.1693 0.0888 0.0053 
 PENTLAND_SQ 0.1011 0.3111 0.0364 0.0205 0.1180 0.2335 0.1722 0.0072 
   PEPO_1978 0.2406 0.0325 0.0029 0.3741 0.0740 0.0687 0.1128 0.0945 
     PICASSO 0.1995 0.0052 0.0462 0.0515 0.5384 0.0392 0.0022 0.1178 
   PIMPERNEL 0.4430 0.0864 0.0597 0.0896 0.1029 0.0030 0.2027 0.0127 
     PIONEER 0.0286 0.1564 0.0044 0.5739 0.0098 0.0460 0.1750 0.0059 
       PIXIE 0.0705 0.1843 0.3264 0.0414 0.1645 0.0066 0.0049 0.2013 
    PREMIERE 0.4963 0.0116 0.0043 0.0035 0.0180 0.1658 0.2259 0.0746 
   PRODUCENT 0.3997 0.0703 0.1112 0.1163 0.0035 0.0378 0.0939 0.1673 
     PROVOST 0.1360 0.1476 0.0320 0.0622 0.1889 0.2933 0.1330 0.0070 
  R.P.LUSTRE 0.0089 0.1315 0.1501 0.1803 0.0149 0.1575 0.2371 0.1197 
 RANGER_RUSS 0.0684 0.0017 0.0043 0.0416 0.1359 0.5218 0.2232 0.0032 
       RATTE 0.0120 0.2341 0.1330 0.0888 0.0033 0.0120 0.4904 0.0266 
      RECORD 0.6095 0.0027 0.0378 0.0033 0.0507 0.0063 0.2823 0.0075 
   REMBRANDT 0.3691 0.0943 0.0082 0.1356 0.0118 0.1882 0.1119 0.0809 
    RIO_ROJO 0.0536 0.0950 0.2101 0.1581 0.1023 0.2928 0.0733 0.0148 
      ROBIJN 0.5406 0.0046 0.0045 0.0447 0.0800 0.0163 0.3056 0.0036 
      ROCKET 0.0172 0.1368 0.1581 0.0046 0.0120 0.0867 0.1429 0.4417 
   RODE_STAR 0.3430 0.0078 0.1008 0.1388 0.0067 0.0012 0.3962 0.0056 
      ROMANO 0.3775 0.0887 0.2327 0.0883 0.1860 0.0068 0.0145 0.0056 
       ROMEO 0.0075 0.1349 0.2425 0.1738 0.1998 0.0289 0.2081 0.0045 
     ROOSTER 0.1713 0.2993 0.0335 0.0284 0.1819 0.1646 0.1149 0.0060 
       ROYAL 0.1299 0.0196 0.0230 0.3275 0.0702 0.0045 0.0884 0.3371 
 ROYAL_KIDNE 0.0503 0.0051 0.0357 0.0022 0.0181 0.4848 0.3999 0.0039 
     RUBESSE 0.1997 0.0989 0.1772 0.2330 0.0583 0.1494 0.0771 0.0064 
 RUSSET_BURB 0.0868 0.0230 0.1317 0.0698 0.0190 0.5153 0.1454 0.0090 
 RUSSET_NORK 0.0021 0.0252 0.1416 0.2178 0.0055 0.5338 0.0594 0.0148 
      SAFARI 0.4813 0.1238 0.1719 0.0372 0.1062 0.0600 0.0128 0.0068 
     SANTANA 0.3595 0.0187 0.0856 0.0889 0.0540 0.1836 0.0886 0.1213 
       SANTE 0.4781 0.1302 0.2374 0.0133 0.0054 0.0055 0.0965 0.0336 
     SAPHIRE 0.4181 0.1281 0.0652 0.0519 0.0308 0.2725 0.0037 0.0298 
  SARPO_MIRA 0.1990 0.0052 0.2578 0.2982 0.0256 0.0039 0.1826 0.0277 
 SARPO_SHONA 0.3059 0.0125 0.2240 0.2838 0.0399 0.0042 0.1109 0.0187 
       SASSY 0.2894 0.0340 0.1022 0.1134 0.0314 0.1287 0.2251 0.0759 
     SATURNA 0.4151 0.0048 0.0104 0.2304 0.0073 0.0040 0.2733 0.0547 
        SAVA 0.1986 0.0133 0.1770 0.3390 0.0060 0.1291 0.0428 0.0942 
       SAXON 0.0565 0.2409 0.0399 0.0220 0.0695 0.0186 0.0923 0.4603 
 SCARBOROUGH 0.0037 0.4681 0.0204 0.0086 0.0028 0.0069 0.0127 0.4768 
 SEFTON_WOND 0.0067 0.0891 0.1135 0.0028 0.0195 0.2733 0.4198 0.0753 
    SERAFINA 0.2273 0.1129 0.1300 0.3209 0.0568 0.0100 0.1398 0.0024 
     SETANTA 0.1111 0.5153 0.0593 0.0224 0.1400 0.0766 0.0476 0.0278 
 SHARPE'S_EX 0.0558 0.0046 0.0922 0.0790 0.0110 0.0573 0.6028 0.0974 
     SHELAGH 0.1375 0.1015 0.0731 0.0383 0.2537 0.0165 0.2629 0.1166 
    SHELFORD 0.1530 0.0023 0.0197 0.2925 0.2379 0.0747 0.1806 0.0394 
     SHEPODY 0.1998 0.0036 0.0026 0.0019 0.2009 0.4186 0.1654 0.0072 
      SLANEY 0.0073 0.1019 0.2012 0.1067 0.3367 0.0343 0.0061 0.2059 
        SPEY 0.0404 0.1130 0.2294 0.0283 0.3898 0.0098 0.0026 0.1867 
      SPUNTA 0.0533 0.1254 0.1464 0.2674 0.1307 0.0224 0.2199 0.0346 
     STAMINA 0.0206 0.0123 0.1755 0.0082 0.1390 0.0366 0.0018 0.6060 
    STEMSTER 0.1960 0.0124 0.0950 0.1389 0.0708 0.0178 0.1546 0.3144 
 STORMONT_EN 0.2995 0.0066 0.1539 0.0117 0.0920 0.0987 0.1734 0.1642 
    STIRLING 0.0878 0.2784 0.0593 0.0239 0.3100 0.2017 0.0067 0.0321 
     SYLVANA 0.2448 0.0189 0.1070 0.1746 0.0876 0.2248 0.0526 0.0897 
         TAY 0.0150 0.4797 0.0737 0.0259 0.2110 0.0221 0.0058 0.1668 
      TIMATE 0.3281 0.0560 0.0596 0.3419 0.0049 0.0633 0.0502 0.0961 
      TOLUCA 0.2725 0.0239 0.0105 0.3285 0.2101 0.1189 0.0319 0.0037 
    TORRIDON 0.2927 0.1245 0.0062 0.0881 0.2961 0.0865 0.0924 0.0135 
 ULSTER_SCEP 0.0963 0.0717 0.1721 0.0041 0.0179 0.3210 0.0334 0.2835 
 UMATILLA_RU 0.1425 0.1015 0.0250 0.0288 0.0373 0.0289 0.3540 0.2819 
 VALES_EMERA 0.0117 0.2052 0.1513 0.3347 0.0227 0.0428 0.0962 0.1355 
 VALES_EVERE 0.0093 0.2965 0.1372 0.0057 0.3043 0.0470 0.1225 0.0774 
 VALES_RUSSE 0.0246 0.0847 0.0108 0.1427 0.0422 0.4459 0.2302 0.0190 
 VALES_SOVER 0.0097 0.0587 0.0209 0.0139 0.6148 0.0045 0.0022 0.2753 
       VALOR 0.0488 0.1563 0.2321 0.0031 0.3300 0.0043 0.0021 0.2232 
    VAN_GOGH 0.4886 0.0753 0.0553 0.1061 0.0094 0.0422 0.1492 0.0741 
     VANTAGE 0.3984 0.0021 0.0488 0.0036 0.0297 0.1858 0.2894 0.0423 
       VERDI 0.2706 0.0400 0.0056 0.2706 0.0953 0.0263 0.2015 0.0902 
    VICTORIA 0.3567 0.0728 0.0273 0.1879 0.0277 0.2847 0.0260 0.0169 
     VIVALDI 0.4278 0.0063 0.0041 0.1148 0.1551 0.2745 0.0139 0.0036 
       WILJA 0.5518 0.0016 0.0039 0.0016 0.0971 0.1355 0.1685 0.0399 
     WINSTON 0.0157 0.1018 0.4086 0.0669 0.0395 0.0178 0.0038 0.3459 
      XD2-21 0.1145 0.0738 0.2616 0.0063 0.1011 0.2169 0.1868 0.0390 
  YUKON_GOLD 0.0471 0.2284 0.1100 0.2161 0.0088 0.3019 0.0044 0.0834 
       ZORBA 0.3845 0.0216 0.0036 0.0138 0.1544 0.2742 0.1373 0.0105 
