  00C133-020 0.0243 0.3561 0.0280 0.5915 
 01C_071-002 0.1982 0.2972 0.2736 0.2311 
 02M_012-001 0.2005 0.0276 0.1387 0.6331 
 03M_016-002 0.4921 0.1243 0.0158 0.3677 
 03M_034-002 0.2126 0.1863 0.0335 0.5676 
 04C_055-004 0.1090 0.0492 0.3245 0.5172 
 04C_126-005 0.1077 0.3862 0.1282 0.3779 
 04M_034-013 0.3221 0.0641 0.1227 0.4910 
 05M_002-001 0.1992 0.2016 0.4305 0.1688 
 05M_004-003 0.0251 0.3400 0.3848 0.2501 
 05M_012-004 0.1210 0.4285 0.2052 0.2453 
 06C_127-002 0.0684 0.2178 0.2784 0.4355 
 12288_AF_23 0.0289 0.3116 0.1537 0.5058 
    12601AB1 0.4819 0.0173 0.0120 0.4888 
   12636_A_2 0.2311 0.2163 0.0109 0.5417 
  15119_AC_5 0.2040 0.4998 0.0051 0.2911 
     1512C16 0.3385 0.4312 0.1480 0.0823 
   15144_A_3 0.0275 0.6037 0.2151 0.1537 
     1563C14 0.5146 0.1070 0.3342 0.0442 
     2182EF7 0.1211 0.5847 0.1074 0.1868 
     3681AD1 0.1112 0.4644 0.3067 0.1177 
     5008AB6 0.1244 0.3478 0.3975 0.1303 
    8204_A_4 0.0374 0.4865 0.1754 0.3008 
       AGRIA 0.1286 0.0476 0.7166 0.1072 
       AILSA 0.1732 0.0425 0.1506 0.6337 
      ALMERA 0.1225 0.2607 0.5324 0.0845 
       ALPHA 0.3100 0.2237 0.4050 0.0613 
      ALWARA 0.0679 0.3523 0.4773 0.1025 
      AMADRA 0.2085 0.0721 0.4728 0.2466 
       AMOUR 0.0453 0.4317 0.0280 0.4951 
        ANNA 0.1078 0.7795 0.0051 0.1075 
   ANNABELLE 0.0859 0.1358 0.7349 0.0435 
        ANYA 0.2398 0.1299 0.5000 0.1303 
       ARGOS 0.0142 0.5967 0.0690 0.3201 
     ARIELLE 0.1726 0.2106 0.5627 0.0541 
      ARKULA 0.1935 0.3042 0.4741 0.0282 
      ARMADA 0.1935 0.2601 0.4138 0.1326 
   AVALANCHE 0.1157 0.2684 0.1715 0.4444 
     BAILLIE 0.0504 0.2268 0.1997 0.5231 
    BALMORAL 0.0901 0.7008 0.1020 0.1071 
     BAMBINO 0.0353 0.2828 0.1178 0.5641 
       BARNA 0.0583 0.4733 0.2590 0.2094 
 BELLE_DE_FO 0.9000 0.0881 0.0080 0.0039 
       BENOL 0.2132 0.0349 0.1238 0.6280 
       BF_15 0.7615 0.0809 0.1514 0.0062 
      BINTJE 0.4327 0.2617 0.2175 0.0881 
 BIONICA_EX_ 0.1837 0.3313 0.3007 0.1842 
 BLUE_DANUBE 0.2286 0.3486 0.3855 0.0372 
      BONNIE 0.0568 0.3281 0.2945 0.3206 
      BOUNTY 0.0375 0.3256 0.1191 0.5178 
 BRITISH_QUE 0.5596 0.4094 0.0204 0.0106 
     BRODICK 0.0217 0.1179 0.2084 0.6520 
      BRODIE 0.1260 0.6619 0.0102 0.2019 
      BUCHAN 0.0941 0.5588 0.0570 0.2901 
      BURREN 0.1075 0.4825 0.2233 0.1867 
     CABARET 0.3268 0.1172 0.0109 0.5451 
      CAESAR 0.0094 0.2494 0.6375 0.1037 
        CARA 0.0293 0.7022 0.0129 0.2557 
 CARLINGFORD 0.1057 0.4873 0.1942 0.2128 
  CASABLANCA 0.0110 0.4878 0.1350 0.3662 
      CELINE 0.1201 0.3738 0.3761 0.1300 
  CHALLENGER 0.2185 0.1131 0.4428 0.2257 
   CHARLOTTE 0.1285 0.0199 0.6052 0.2464 
     CHICAGO 0.1055 0.0166 0.3454 0.5326 
   CHIEFTAIN 0.2258 0.3924 0.2364 0.1455 
      CHOPIN 0.1252 0.3006 0.5063 0.0679 
      CLARET 0.0363 0.6527 0.0705 0.2405 
      CORINE 0.1714 0.4136 0.1833 0.2318 
      COSMOS 0.1750 0.2961 0.4147 0.1142 
     COURAGE 0.1719 0.3154 0.4020 0.1108 
     COURLAN 0.1640 0.3258 0.3247 0.1854 
 CRAIGS_ROYA 0.1301 0.5351 0.0135 0.3214 
 CRAIGS_SNOW 0.4315 0.3237 0.0531 0.1917 
     CRAMOND 0.0291 0.2531 0.1620 0.5558 
 CRISPS_FOR_ 0.1258 0.2095 0.5032 0.1614 
    CROMWELL 0.2646 0.0163 0.0608 0.6583 
       D22/1 0.2534 0.2111 0.0090 0.5265 
       D23/3 0.3984 0.1534 0.0449 0.4033 
      D47-11 0.3150 0.0151 0.0088 0.6612 
       D49/1 0.2152 0.0043 0.0369 0.7436 
       DAISY 0.2549 0.0208 0.2379 0.4864 
 DARK_RED_NO 0.2475 0.4178 0.2287 0.1060 
     DARWINA 0.2238 0.2361 0.4411 0.0989 
     DESIREE 0.1859 0.3368 0.4605 0.0168 
       DITTA 0.2269 0.1722 0.5637 0.0372 
 DR._MCINTOS 0.1806 0.5997 0.0727 0.1471 
       DRAGA 0.0745 0.4311 0.2989 0.1954 
 DUKE_OF_YOR 0.5209 0.3423 0.1322 0.0046 
 DUNBAR_STAN 0.4299 0.3611 0.0110 0.1979 
     DUNDROD 0.2305 0.1123 0.1242 0.5330 
     ECLIPSE 0.5522 0.1312 0.1715 0.1451 
        EDEN 0.2540 0.0175 0.0107 0.7178 
 EDZELL_BLUE 0.4116 0.2711 0.2177 0.0997 
   ELISABETH 0.0287 0.1120 0.6201 0.2391 
     EMPEROR 0.1259 0.2474 0.3671 0.2596 
         EOS 0.0719 0.1870 0.4042 0.3369 
     EPICURE 0.4829 0.2859 0.1749 0.0563 
  ERNTESTOLZ 0.3393 0.2496 0.3597 0.0514 
      ESCORT 0.0288 0.1455 0.6047 0.2210 
   ESMERALDA 0.1955 0.1849 0.4205 0.1991 
      ESTIMA 0.1952 0.1873 0.4447 0.1728 
 EVE_BALFOUR 0.2411 0.4624 0.0208 0.2757 
   EXCALIBUR 0.0052 0.3329 0.0641 0.5978 
     EXQUISA 0.1956 0.1305 0.6514 0.0225 
    FESTIVAL 0.0274 0.1381 0.6340 0.2006 
      FIANNA 0.0757 0.4806 0.3569 0.0868 
   FIFTYFOLD 0.6191 0.1399 0.1053 0.1357 
     FONTANE 0.1257 0.1129 0.5439 0.2175 
   FORTYFOLD 0.6639 0.2126 0.1189 0.0046 
 FRONTIER_RU 0.3089 0.2736 0.2527 0.1648 
     G.81071 0.1422 0.4208 0.1928 0.2441 
     G.88661 0.0531 0.3956 0.2541 0.2972 
    G.886611 0.0171 0.3791 0.2637 0.3400 
  G.8867Y%12 0.0257 0.5234 0.2706 0.1803 
     G.88839 0.0415 0.0361 0.8958 0.0266 
     G.88842 0.0452 0.3390 0.5640 0.0518 
   GALACTICA 0.2397 0.5397 0.1934 0.0272 
      GEMSON 0.2229 0.5148 0.0506 0.2118 
  GL.76B/102 0.4326 0.0458 0.3443 0.1773 
   GL.76B/94 0.5834 0.1838 0.2250 0.0078 
  GL.77M/106 0.1935 0.2618 0.1553 0.3894 
   GL.78/166 0.6959 0.1261 0.1327 0.0453 
    GL.78/53 0.5723 0.0084 0.1305 0.2887 
    GL.78/97 0.6189 0.0278 0.1951 0.1581 
    GL.79/42 0.5729 0.0063 0.2120 0.2088 
    GL.79/45 0.6004 0.0368 0.1858 0.1770 
 GL.81_NT_25 0.4321 0.0321 0.0157 0.5201 
   GLADIATOR 0.0393 0.3169 0.4503 0.1934 
      GLAMIS 0.0979 0.1786 0.2433 0.4802 
 GOLDEN_MILL 0.1096 0.1688 0.1189 0.6026 
 GOLDEN_NUGG 0.0348 0.3923 0.3984 0.1745 
 GOLDEN_WOND 0.6491 0.1038 0.1601 0.0870 
     GRANOLA 0.1192 0.0243 0.6398 0.2167 
    H1H3_101 0.3721 0.0045 0.0038 0.6197 
      H1H3_3 0.2469 0.2262 0.0481 0.4789 
 HARBOROUGH_ 0.0241 0.0646 0.1190 0.7923 
   HARLEQUIN 0.1897 0.0500 0.5216 0.2388 
      HERMES 0.1797 0.2507 0.4710 0.0987 
 HIGHLAND_BU 0.8824 0.0693 0.0262 0.0221 
  HOME_GUARD 0.3226 0.3602 0.0505 0.2668 
     HORIZON 0.3096 0.1971 0.4014 0.0919 
   INNOVATOR 0.3593 0.5361 0.0945 0.0100 
 INTERNATION 0.9484 0.0327 0.0117 0.0071 
 ISLE_OF_JUR 0.1606 0.2018 0.1338 0.5038 
    JULIETTE 0.0647 0.0167 0.8089 0.1097 
     KARLENA 0.2907 0.4535 0.1828 0.0731 
 KERR'S_PINK 0.5710 0.2757 0.0144 0.1389 
     KESTREL 0.0118 0.4204 0.0445 0.5233 
       KIFLI 0.1789 0.0092 0.6172 0.1946 
 KING_EDWARD 0.8235 0.0124 0.0416 0.1225 
    KINGSTON 0.2084 0.1098 0.1302 0.5515 
 KUFRI_CHAND 0.3024 0.3820 0.1768 0.1388 
 KUFRI_JYOTI 0.1697 0.4655 0.2416 0.1232 
      KURODA 0.1040 0.3633 0.4918 0.0410 
 LADY_BALFOU 0.1815 0.5121 0.0328 0.2737 
 LADY_CHRIST 0.3622 0.1763 0.3819 0.0796 
 LADY_CLAIRE 0.2843 0.1049 0.5968 0.0140 
     LADY_JO 0.4227 0.2174 0.3386 0.0213 
 LADY_ROSETT 0.2021 0.2419 0.3849 0.1711 
    LIBERTAS 0.3987 0.2776 0.3126 0.0112 
       LINDA 0.2489 0.0223 0.6859 0.0430 
      LINTON 0.1323 0.2679 0.3833 0.2165 
 LINZER_DELI 0.2347 0.0756 0.6100 0.0797 
   LIONHEART 0.1383 0.3400 0.4375 0.0843 
   MADELEINE 0.1139 0.0948 0.6504 0.1409 
   MADINGLEY 0.0887 0.2130 0.4886 0.2096 
    MAJESTIC 0.2066 0.5566 0.1284 0.1084 
     MARABEL 0.0386 0.2002 0.7119 0.0492 
     MARFONA 0.2726 0.3280 0.3277 0.0718 
     MARILYN 0.1224 0.2170 0.5767 0.0839 
 MARIS_ANCHO 0.2762 0.2360 0.3774 0.1103 
  MARIS_BARD 0.2671 0.4454 0.0233 0.2641 
  MARIS_PEER 0.2598 0.4605 0.0421 0.2376 
 MARIS_PIPER 0.1869 0.0057 0.0142 0.7931 
     MARKIES 0.1892 0.1246 0.6438 0.0424 
      MAXINE 0.1053 0.3229 0.0964 0.4754 
      MEGARA 0.1215 0.0976 0.6783 0.1027 
      MELODY 0.2141 0.2245 0.4379 0.1235 
       MIDAS 0.1605 0.0076 0.3279 0.5041 
       MILVA 0.2259 0.1197 0.6024 0.0521 
        MIMI 0.1293 0.2129 0.2798 0.3780 
        MIRA 0.2951 0.2424 0.4457 0.0168 
       MOIRA 0.1902 0.3149 0.3857 0.1093 
    MONTROSE 0.2784 0.0217 0.0376 0.6623 
       MORAG 0.2479 0.4710 0.0217 0.2593 
      MORENE 0.2455 0.3271 0.4213 0.0061 
      MOZART 0.0052 0.1425 0.7010 0.1514 
 MYATT'S_ASH 0.8185 0.0767 0.0990 0.0058 
      NADINE 0.0199 0.1753 0.2758 0.5290 
       NAVAN 0.0929 0.1383 0.0433 0.7254 
 NDTX_4271_5 0.1204 0.2462 0.2957 0.3377 
      NICOLA 0.2381 0.0255 0.7278 0.0086 
     NOVELLA 0.0782 0.3449 0.4787 0.0983 
     OLYMPUS 0.1756 0.2526 0.1352 0.4367 
       OPERA 0.0560 0.2537 0.5013 0.1891 
   ORCHESTRA 0.1162 0.0719 0.6214 0.1904 
      ORIANA 0.1527 0.3971 0.4425 0.0076 
     OTHELLO 0.0217 0.6516 0.0247 0.3020 
     PALADIN 0.2923 0.0308 0.0138 0.6631 
       PANDA 0.0479 0.0393 0.7401 0.1728 
   PARAMOUNT 0.0720 0.5623 0.2596 0.1061 
    PATRONES 0.3024 0.2609 0.3681 0.0686 
 PENTLAND_AC 0.2256 0.3426 0.2094 0.2223 
 PENTLAND_BE 0.5410 0.4170 0.0163 0.0258 
 PENTLAND_CR 0.1600 0.4363 0.2087 0.1949 
 PENTLAND_DE 0.3082 0.4737 0.0531 0.1650 
 PENTLAND_IV 0.1624 0.4603 0.1367 0.2407 
 PENTLAND_JA 0.2265 0.4960 0.1567 0.1208 
 PENTLAND_MA 0.1519 0.5113 0.3035 0.0332 
 PENTLAND_SQ 0.2459 0.4082 0.1550 0.1909 
   PEPO_1978 0.1684 0.0685 0.6248 0.1383 
     PICASSO 0.0072 0.6120 0.1888 0.1920 
   PIMPERNEL 0.2465 0.1763 0.4944 0.0828 
     PIONEER 0.1959 0.0171 0.6913 0.0957 
       PIXIE 0.0088 0.3298 0.1983 0.4632 
    PREMIERE 0.3673 0.2816 0.3083 0.0428 
   PRODUCENT 0.1745 0.1024 0.4936 0.2294 
     PROVOST 0.2259 0.4686 0.2000 0.1054 
  R.P.LUSTRE 0.3096 0.1671 0.2289 0.2943 
 RANGER_RUSS 0.4078 0.5232 0.0649 0.0040 
       RATTE 0.5358 0.0214 0.2055 0.2373 
      RECORD 0.3619 0.2230 0.4079 0.0072 
   REMBRANDT 0.2428 0.1849 0.4476 0.1247 
    RIO_ROJO 0.1679 0.4124 0.2576 0.1620 
      ROBIJN 0.3632 0.1452 0.4844 0.0072 
      ROCKET 0.2411 0.1817 0.0266 0.5507 
   RODE_STAR 0.4281 0.0110 0.5145 0.0463 
      ROMANO 0.0265 0.4079 0.4493 0.1164 
       ROMEO 0.2074 0.3490 0.2506 0.1929 
     ROOSTER 0.1683 0.4259 0.2244 0.1814 
       ROYAL 0.1510 0.0175 0.4491 0.3824 
 ROYAL_KIDNE 0.5717 0.4160 0.0077 0.0046 
     RUBESSE 0.1400 0.2856 0.4595 0.1149 
 RUSSET_BURB 0.3127 0.4532 0.1710 0.0631 
 RUSSET_NORK 0.2659 0.3738 0.2012 0.1591 
      SAFARI 0.0424 0.4285 0.4489 0.0802 
     SANTANA 0.1901 0.2734 0.3873 0.1491 
       SANTE 0.1419 0.1855 0.4734 0.1992 
     SAPHIRE 0.0705 0.3785 0.4273 0.1237 
  SARPO_MIRA 0.2041 0.0955 0.5736 0.1268 
 SARPO_SHONA 0.1191 0.1278 0.6336 0.1195 
       SASSY 0.3177 0.2227 0.3418 0.1177 
     SATURNA 0.3338 0.0136 0.6062 0.0464 
        SAVA 0.1122 0.1306 0.5774 0.1798 
       SAXON 0.1550 0.1430 0.0900 0.6121 
 SCARBOROUGH 0.0868 0.0212 0.0685 0.8234 
 SEFTON_WOND 0.5407 0.2672 0.0068 0.1853 
    SERAFINA 0.1577 0.1591 0.6202 0.0630 
     SETANTA 0.0569 0.3090 0.2205 0.4136 
 SHARPE'S_EX 0.6810 0.0859 0.1183 0.1148 
     SHELAGH 0.3022 0.3366 0.1377 0.2235 
    SHELFORD 0.2487 0.2607 0.4350 0.0557 
     SHEPODY 0.3617 0.6051 0.0236 0.0096 
      SLANEY 0.0131 0.4644 0.1116 0.4109 
        SPEY 0.0051 0.5153 0.0865 0.3931 
      SPUNTA 0.2307 0.1782 0.3789 0.2122 
     STAMINA 0.0079 0.2885 0.0310 0.6726 
    STEMSTER 0.2247 0.1291 0.3049 0.3412 
 STORMONT_EN 0.2643 0.3318 0.2155 0.1884 
    STIRLING 0.0211 0.5693 0.1399 0.2698 
     SYLVANA 0.1526 0.3185 0.3863 0.1426 
         TAY 0.0134 0.3064 0.1328 0.5475 
      TIMATE 0.1072 0.0294 0.6880 0.1754 
      TOLUCA 0.0872 0.2944 0.5937 0.0247 
    TORRIDON 0.1637 0.4236 0.3119 0.1008 
 ULSTER_SCEP 0.1931 0.4246 0.0348 0.3474 
 UMATILLA_RU 0.4339 0.0884 0.1373 0.3404 
 VALES_EMERA 0.1205 0.1093 0.4167 0.3535 
 VALES_EVERE 0.1327 0.4594 0.0221 0.3859 
 VALES_RUSSE 0.3885 0.3315 0.1930 0.0870 
 VALES_SOVER 0.0042 0.5649 0.0123 0.4186 
       VALOR 0.0050 0.4827 0.0418 0.4705 
    VAN_GOGH 0.2199 0.1415 0.5256 0.1129 
     VANTAGE 0.4419 0.3028 0.2425 0.0128 
       VERDI 0.2410 0.0992 0.5214 0.1385 
    VICTORIA 0.1606 0.2726 0.5029 0.0639 
     VIVALDI 0.1074 0.4134 0.4723 0.0069 
       WILJA 0.3158 0.3935 0.2780 0.0127 
     WINSTON 0.0092 0.2879 0.1548 0.5480 
      XD2-21 0.2700 0.4590 0.1011 0.1698 
  YUKON_GOLD 0.0438 0.2676 0.3783 0.3103 
       ZORBA 0.2510 0.4223 0.3031 0.0236 
