  00C133-020 0.0755 0.1851 0.7394 
 01C_071-002 0.2391 0.4423 0.3187 
 02M_012-001 0.2876 0.0968 0.6156 
 03M_016-002 0.5445 0.0605 0.3950 
 03M_034-002 0.2825 0.0852 0.6324 
 04C_055-004 0.1927 0.2933 0.5140 
 04C_126-005 0.1465 0.3264 0.5271 
 04M_034-013 0.3854 0.1319 0.4828 
 05M_002-001 0.2421 0.5438 0.2140 
 05M_004-003 0.0642 0.5730 0.3628 
 05M_012-004 0.1420 0.4576 0.4004 
 06C_127-002 0.1223 0.3694 0.5083 
 12288_AF_23 0.0702 0.3095 0.6204 
    12601AB1 0.5359 0.0106 0.4535 
   12636_A_2 0.3012 0.0528 0.6461 
  15119_AC_5 0.2775 0.1515 0.5710 
     1512C16 0.3455 0.4410 0.2135 
   15144_A_3 0.0364 0.5751 0.3885 
     1563C14 0.5326 0.4152 0.0522 
     2182EF7 0.1249 0.4785 0.3966 
     3681AD1 0.1328 0.6036 0.2636 
     5008AB6 0.1522 0.5985 0.2493 
    8204_A_4 0.0565 0.4665 0.4770 
       AGRIA 0.1801 0.7272 0.0928 
       AILSA 0.2582 0.1118 0.6300 
      ALMERA 0.1595 0.6937 0.1469 
       ALPHA 0.3391 0.5468 0.1141 
      ALWARA 0.0998 0.6927 0.2075 
      AMADRA 0.2583 0.4923 0.2494 
       AMOUR 0.0815 0.2340 0.6845 
        ANNA 0.1354 0.3776 0.4869 
   ANNABELLE 0.1398 0.8046 0.0556 
        ANYA 0.2654 0.5761 0.1585 
       ARGOS 0.0214 0.4146 0.5640 
     ARIELLE 0.2053 0.6941 0.1006 
      ARKULA 0.2155 0.6809 0.1035 
      ARMADA 0.2340 0.5672 0.1988 
   AVALANCHE 0.1683 0.3053 0.5264 
     BAILLIE 0.1165 0.2912 0.5923 
    BALMORAL 0.0706 0.5509 0.3785 
     BAMBINO 0.0943 0.2368 0.6688 
       BARNA 0.0794 0.5411 0.3795 
 BELLE_DE_FO 0.9193 0.0712 0.0095 
       BENOL 0.3021 0.0737 0.6242 
       BF_15 0.7629 0.2285 0.0086 
      BINTJE 0.4432 0.4045 0.1523 
 BIONICA_EX_ 0.2124 0.5045 0.2831 
 BLUE_DANUBE 0.2459 0.6275 0.1266 
      BONNIE 0.1009 0.4657 0.4334 
      BOUNTY 0.0856 0.2718 0.6427 
 BRITISH_QUE 0.5463 0.3294 0.1243 
     BRODICK 0.0914 0.2160 0.6926 
      BRODIE 0.1505 0.3786 0.4709 
      BUCHAN 0.1082 0.3843 0.5075 
      BURREN 0.1207 0.5097 0.3696 
     CABARET 0.3944 0.0172 0.5884 
      CAESAR 0.0188 0.7898 0.1914 
        CARA 0.0435 0.4032 0.5533 
 CARLINGFORD 0.1239 0.5020 0.3742 
  CASABLANCA 0.0245 0.4053 0.5702 
      CELINE 0.1457 0.6052 0.2491 
  CHALLENGER 0.2650 0.4981 0.2368 
   CHARLOTTE 0.2024 0.5633 0.2343 
     CHICAGO 0.2004 0.2879 0.5117 
   CHIEFTAIN 0.2364 0.4944 0.2692 
      CHOPIN 0.1558 0.6956 0.1486 
      CLARET 0.0412 0.4687 0.4901 
      CORINE 0.1896 0.4350 0.3753 
      COSMOS 0.2026 0.6087 0.1887 
     COURAGE 0.1955 0.6051 0.1994 
     COURLAN 0.1875 0.5214 0.2911 
 CRAIGS_ROYA 0.1497 0.3030 0.5474 
 CRAIGS_SNOW 0.4490 0.2657 0.2853 
     CRAMOND 0.0915 0.2656 0.6429 
 CRISPS_FOR_ 0.1649 0.6161 0.2190 
    CROMWELL 0.3592 0.0277 0.6131 
       D22/1 0.3298 0.0537 0.6164 
       D23/3 0.4434 0.1225 0.4341 
      D47-11 0.3814 0.0088 0.6098 
       D49/1 0.3255 0.0115 0.6630 
       DAISY 0.3385 0.1997 0.4618 
 DARK_RED_NO 0.2573 0.5063 0.2364 
     DARWINA 0.2584 0.5873 0.1543 
     DESIREE 0.2069 0.6922 0.1009 
       DITTA 0.2617 0.6798 0.0584 
 DR._MCINTOS 0.1823 0.4765 0.3412 
       DRAGA 0.0971 0.5684 0.3346 
 DUKE_OF_YOR 0.5249 0.4440 0.0310 
 DUNBAR_STAN 0.4502 0.2112 0.3385 
     DUNDROD 0.2952 0.1517 0.5531 
     ECLIPSE 0.5622 0.2741 0.1637 
        EDEN 0.3296 0.0085 0.6618 
 EDZELL_BLUE 0.4310 0.4016 0.1674 
   ELISABETH 0.0736 0.6670 0.2594 
     EMPEROR 0.1609 0.5025 0.3366 
         EOS 0.1268 0.4874 0.3858 
     EPICURE 0.4922 0.3889 0.1190 
  ERNTESTOLZ 0.3575 0.5255 0.1169 
      ESCORT 0.0705 0.6673 0.2622 
   ESMERALDA 0.2361 0.5176 0.2463 
      ESTIMA 0.2360 0.5580 0.2060 
 EVE_BALFOUR 0.2703 0.2708 0.4588 
   EXCALIBUR 0.0091 0.2362 0.7548 
     EXQUISA 0.2359 0.7265 0.0376 
    FESTIVAL 0.0739 0.6958 0.2303 
      FIANNA 0.0914 0.6620 0.2466 
   FIFTYFOLD 0.6366 0.2057 0.1577 
     FONTANE 0.1709 0.5911 0.2380 
   FORTYFOLD 0.6675 0.3183 0.0142 
 FRONTIER_RU 0.3282 0.4328 0.2390 
     G.81071 0.1671 0.4419 0.3911 
     G.88661 0.0781 0.4881 0.4338 
    G.886611 0.0353 0.4854 0.4793 
  G.8867Y%12 0.0362 0.5980 0.3658 
     G.88839 0.0912 0.8884 0.0204 
     G.88842 0.0799 0.7718 0.1483 
   GALACTICA 0.2282 0.5508 0.2210 
      GEMSON 0.2323 0.3748 0.3928 
  GL.76B/102 0.4806 0.3664 0.1530 
   GL.76B/94 0.5978 0.3834 0.0188 
  GL.77M/106 0.2348 0.2801 0.4851 
   GL.78/166 0.7105 0.2306 0.0589 
    GL.78/53 0.6270 0.0994 0.2736 
    GL.78/97 0.6522 0.2034 0.1444 
    GL.79/42 0.6168 0.1882 0.1950 
    GL.79/45 0.6339 0.2052 0.1608 
 GL.81_NT_25 0.4940 0.0149 0.4911 
   GLADIATOR 0.0691 0.6400 0.2908 
      GLAMIS 0.1692 0.3102 0.5206 
 GOLDEN_MILL 0.1832 0.1582 0.6586 
 GOLDEN_NUGG 0.0606 0.6345 0.3049 
 GOLDEN_WOND 0.6633 0.2397 0.0970 
     GRANOLA 0.1747 0.6194 0.2059 
    H1H3_101 0.4645 0.0040 0.5315 
      H1H3_3 0.2959 0.1512 0.5530 
 HARBOROUGH_ 0.0982 0.0889 0.8129 
   HARLEQUIN 0.2388 0.5144 0.2468 
      HERMES 0.2140 0.6226 0.1634 
 HIGHLAND_BU 0.8882 0.0869 0.0249 
  HOME_GUARD 0.3366 0.2776 0.3858 
     HORIZON 0.3428 0.5315 0.1257 
   INNOVATOR 0.3367 0.5187 0.1445 
 INTERNATION 0.9531 0.0370 0.0099 
 ISLE_OF_JUR 0.2236 0.2181 0.5584 
    JULIETTE 0.1350 0.7757 0.0893 
     KARLENA 0.2878 0.4808 0.2314 
 KERR'S_PINK 0.5908 0.1876 0.2216 
     KESTREL 0.0273 0.2665 0.7063 
       KIFLI 0.2573 0.5711 0.1716 
 KING_EDWARD 0.8444 0.0543 0.1012 
    KINGSTON 0.2780 0.1428 0.5791 
 KUFRI_CHAND 0.3133 0.4410 0.2457 
 KUFRI_JYOTI 0.1823 0.5419 0.2758 
      KURODA 0.1301 0.7277 0.1422 
 LADY_BALFOU 0.1990 0.3264 0.4745 
 LADY_CHRIST 0.3870 0.4985 0.1146 
 LADY_CLAIRE 0.3315 0.6549 0.0136 
     LADY_JO 0.4487 0.5119 0.0395 
 LADY_ROSETT 0.2334 0.5370 0.2296 
    LIBERTAS 0.4182 0.5373 0.0444 
       LINDA 0.2908 0.6746 0.0346 
      LINTON 0.1658 0.5327 0.3015 
 LINZER_DELI 0.2711 0.6452 0.0837 
   LIONHEART 0.1604 0.6565 0.1832 
   MADELEINE 0.1646 0.6828 0.1527 
   MADINGLEY 0.1370 0.6028 0.2602 
    MAJESTIC 0.2134 0.4950 0.2916 
     MARABEL 0.0902 0.8237 0.0861 
     MARFONA 0.2909 0.5483 0.1608 
     MARILYN 0.1642 0.7023 0.1335 
 MARIS_ANCHO 0.3033 0.5314 0.1653 
  MARIS_BARD 0.2809 0.2824 0.4368 
  MARIS_PEER 0.2696 0.3263 0.4041 
 MARIS_PIPER 0.2730 0.0073 0.7197 
     MARKIES 0.2317 0.7138 0.0545 
      MAXINE 0.1524 0.2629 0.5847 
      MEGARA 0.1745 0.7139 0.1116 
      MELODY 0.2528 0.5736 0.1736 
       MIDAS 0.2670 0.2605 0.4725 
       MILVA 0.2670 0.6669 0.0661 
        MIMI 0.1822 0.3748 0.4430 
        MIRA 0.3336 0.6194 0.0470 
       MOIRA 0.2206 0.5759 0.2035 
    MONTROSE 0.3536 0.0167 0.6296 
       MORAG 0.2735 0.2909 0.4357 
      MORENE 0.2758 0.6970 0.0272 
      MOZART 0.0112 0.7833 0.2055 
 MYATT'S_ASH 0.8136 0.1792 0.0072 
      NADINE 0.0723 0.3345 0.5931 
       NAVAN 0.1762 0.0603 0.7635 
 NDTX_4271_5 0.1511 0.4300 0.4188 
      NICOLA 0.2754 0.7163 0.0083 
     NOVELLA 0.1032 0.6896 0.2072 
     OLYMPUS 0.2171 0.2627 0.5201 
       OPERA 0.0962 0.6392 0.2647 
   ORCHESTRA 0.1701 0.6400 0.1899 
      ORIANA 0.1828 0.7489 0.0683 
     OTHELLO 0.0299 0.3991 0.5710 
     PALADIN 0.3569 0.0113 0.6317 
       PANDA 0.1094 0.7247 0.1659 
   PARAMOUNT 0.0785 0.6151 0.3064 
    PATRONES 0.3284 0.5358 0.1358 
 PENTLAND_AC 0.2535 0.4158 0.3307 
 PENTLAND_BE 0.5309 0.2850 0.1841 
 PENTLAND_CR 0.1786 0.4716 0.3498 
 PENTLAND_DE 0.3241 0.3506 0.3253 
 PENTLAND_IV 0.1746 0.4185 0.4069 
 PENTLAND_JA 0.2233 0.4866 0.2901 
 PENTLAND_MA 0.1527 0.6446 0.2026 
 PENTLAND_SQ 0.2620 0.4060 0.3320 
   PEPO_1978 0.2267 0.6404 0.1329 
     PICASSO 0.0106 0.5640 0.4254 
   PIMPERNEL 0.2782 0.6033 0.1184 
     PIONEER 0.2592 0.6660 0.0748 
       PIXIE 0.0231 0.3658 0.6111 
    PREMIERE 0.3813 0.4972 0.1215 
   PRODUCENT 0.2306 0.5326 0.2369 
     PROVOST 0.2313 0.5068 0.2619 
  R.P.LUSTRE 0.3464 0.3212 0.3324 
 RANGER_RUSS 0.3966 0.5194 0.0840 
       RATTE 0.5686 0.2082 0.2232 
      RECORD 0.3893 0.5936 0.0171 
   REMBRANDT 0.2785 0.5625 0.1590 
    RIO_ROJO 0.1825 0.5279 0.2896 
      ROBIJN 0.3946 0.5941 0.0113 
      ROCKET 0.3013 0.0913 0.6074 
   RODE_STAR 0.4783 0.4940 0.0278 
      ROMANO 0.0541 0.6975 0.2484 
       ROMEO 0.2264 0.4542 0.3194 
     ROOSTER 0.1873 0.4742 0.3385 
       ROYAL 0.2365 0.4048 0.3587 
 ROYAL_KIDNE 0.5806 0.3007 0.1187 
     RUBESSE 0.1650 0.6330 0.2019 
 RUSSET_BURB 0.3180 0.4803 0.2017 
 RUSSET_NORK 0.2785 0.4528 0.2687 
      SAFARI 0.0561 0.7240 0.2199 
     SANTANA 0.2178 0.5557 0.2264 
       SANTE 0.1820 0.5757 0.2423 
     SAPHIRE 0.0923 0.6619 0.2458 
  SARPO_MIRA 0.2428 0.6163 0.1410 
 SARPO_SHONA 0.1734 0.6919 0.1347 
       SASSY 0.3485 0.4893 0.1622 
     SATURNA 0.3897 0.5875 0.0228 
        SAVA 0.1571 0.6415 0.2014 
       SAXON 0.2328 0.1149 0.6523 
 SCARBOROUGH 0.1778 0.0227 0.7995 
 SEFTON_WOND 0.5742 0.1285 0.2972 
    SERAFINA 0.1934 0.7069 0.0997 
     SETANTA 0.1055 0.3649 0.5296 
 SHARPE'S_EX 0.6989 0.1801 0.1210 
     SHELAGH 0.3228 0.3508 0.3264 
    SHELFORD 0.2764 0.6022 0.1213 
     SHEPODY 0.3310 0.4599 0.2091 
      SLANEY 0.0291 0.3727 0.5983 
        SPEY 0.0087 0.3887 0.6026 
      SPUNTA 0.2630 0.4677 0.2693 
     STAMINA 0.0260 0.1631 0.8109 
    STEMSTER 0.2896 0.3577 0.3527 
 STORMONT_EN 0.2913 0.4277 0.2810 
    STIRLING 0.0260 0.4884 0.4855 
     SYLVANA 0.1812 0.5805 0.2383 
         TAY 0.0465 0.2733 0.6802 
      TIMATE 0.1695 0.6768 0.1537 
      TOLUCA 0.1198 0.7900 0.0902 
    TORRIDON 0.1806 0.5785 0.2409 
 ULSTER_SCEP 0.2200 0.2712 0.5087 
 UMATILLA_RU 0.4899 0.1737 0.3364 
 VALES_EMERA 0.1850 0.4378 0.3772 
 VALES_EVERE 0.1651 0.2762 0.5587 
 VALES_RUSSE 0.4026 0.4221 0.1754 
 VALES_SOVER 0.0097 0.3026 0.6877 
       VALOR 0.0085 0.3064 0.6851 
    VAN_GOGH 0.2657 0.6025 0.1319 
     VANTAGE 0.4540 0.4779 0.0681 
       VERDI 0.3011 0.5640 0.1349 
    VICTORIA 0.1821 0.6749 0.1430 
     VIVALDI 0.1390 0.7946 0.0664 
       WILJA 0.3297 0.5710 0.0993 
     WINSTON 0.0313 0.2966 0.6720 
      XD2-21 0.2818 0.3932 0.3250 
  YUKON_GOLD 0.0808 0.5228 0.3964 
       ZORBA 0.2504 0.6009 0.1487 
