  00C133-020 0.2485 0.0129 0.4041 0.2785 0.0233 0.0111 0.0216 
 01C_071-002 0.0234 0.1419 0.1883 0.2548 0.2004 0.0414 0.1497 
 02M_012-001 0.1777 0.0811 0.4818 0.0605 0.0259 0.0036 0.1694 
 03M_016-002 0.0113 0.0506 0.3608 0.0120 0.0065 0.2227 0.3361 
 03M_034-002 0.3047 0.0028 0.3589 0.0675 0.0633 0.0068 0.1960 
 04C_055-004 0.0868 0.2773 0.4460 0.0354 0.0348 0.0539 0.0659 
 04C_126-005 0.2402 0.0150 0.2055 0.2892 0.1248 0.0112 0.1141 
 04M_034-013 0.1156 0.0750 0.4051 0.0096 0.0360 0.1385 0.2201 
 05M_002-001 0.0607 0.1924 0.1248 0.0607 0.3009 0.1615 0.0991 
 05M_004-003 0.1723 0.0751 0.1387 0.1630 0.3577 0.0859 0.0073 
 05M_012-004 0.2803 0.0092 0.0934 0.1231 0.2626 0.1870 0.0444 
 06C_127-002 0.4147 0.2256 0.1586 0.0699 0.0074 0.0868 0.0370 
 12288_AF_23 0.1814 0.1298 0.3585 0.1973 0.0223 0.1041 0.0065 
    12601AB1 0.3398 0.0028 0.2072 0.0035 0.0042 0.0023 0.4402 
   12636_A_2 0.2926 0.0040 0.3448 0.1078 0.0080 0.0538 0.1890 
  15119_AC_5 0.0050 0.0022 0.2612 0.5147 0.0135 0.0206 0.1828 
     1512C16 0.1464 0.0910 0.0072 0.1467 0.0760 0.3062 0.2264 
   15144_A_3 0.0530 0.2451 0.0124 0.6309 0.0077 0.0048 0.0461 
     1563C14 0.0107 0.2288 0.0168 0.0708 0.1585 0.0794 0.4350 
     2182EF7 0.2909 0.0144 0.0176 0.2383 0.1203 0.2617 0.0569 
     3681AD1 0.1527 0.0248 0.0377 0.2540 0.3910 0.0708 0.0691 
     5008AB6 0.2638 0.1151 0.0056 0.2034 0.2776 0.0082 0.1262 
    8204_A_4 0.3972 0.0495 0.0484 0.2338 0.1115 0.1294 0.0302 
       AGRIA 0.0682 0.3259 0.0434 0.0037 0.4208 0.1105 0.0274 
       AILSA 0.2200 0.1701 0.4521 0.0075 0.0041 0.0463 0.0999 
      ALMERA 0.0095 0.2450 0.0886 0.0313 0.3875 0.2216 0.0166 
       ALPHA 0.0613 0.1212 0.0413 0.0528 0.3936 0.1026 0.2272 
      ALWARA 0.0240 0.2886 0.0362 0.3143 0.2589 0.0285 0.0496 
      AMADRA 0.1131 0.2237 0.1675 0.0169 0.2941 0.0221 0.1627 
       AMOUR 0.1555 0.0335 0.3390 0.4017 0.0147 0.0225 0.0330 
        ANNA 0.1517 0.0023 0.0076 0.6377 0.0182 0.0442 0.1384 
   ANNABELLE 0.0918 0.3488 0.0059 0.0092 0.4362 0.0808 0.0274 
        ANYA 0.1559 0.3855 0.0102 0.0760 0.0819 0.0782 0.2124 
       ARGOS 0.0238 0.0613 0.2497 0.5093 0.0630 0.0853 0.0076 
     ARIELLE 0.0067 0.3400 0.0340 0.1032 0.2939 0.1409 0.0812 
      ARKULA 0.0976 0.1220 0.0097 0.0923 0.4590 0.0921 0.1273 
      ARMADA 0.0389 0.1520 0.1287 0.0620 0.3809 0.1168 0.1207 
   AVALANCHE 0.0173 0.0246 0.4479 0.0957 0.2384 0.1669 0.0092 
     BAILLIE 0.0827 0.0955 0.4566 0.1382 0.1318 0.0851 0.0102 
    BALMORAL 0.0677 0.0051 0.0305 0.3979 0.2331 0.2455 0.0202 
     BAMBINO 0.1522 0.0769 0.4382 0.2197 0.0635 0.0277 0.0217 
       BARNA 0.1336 0.2222 0.0594 0.4054 0.0702 0.0500 0.0592 
 BELLE_DE_FO 0.0023 0.0076 0.0029 0.0884 0.0095 0.0719 0.8174 
       BENOL 0.3067 0.0065 0.4228 0.0044 0.0716 0.0049 0.1832 
       BF_15 0.0042 0.0764 0.0029 0.0728 0.1271 0.0265 0.6900 
      BINTJE 0.0249 0.0933 0.0710 0.0968 0.2073 0.1930 0.3136 
 BIONICA_EX_ 0.3004 0.0235 0.0350 0.0981 0.3211 0.0682 0.1537 
 BLUE_DANUBE 0.0052 0.0093 0.0277 0.1466 0.5265 0.1419 0.1429 
      BONNIE 0.2168 0.1262 0.1731 0.1617 0.2067 0.0901 0.0254 
      BOUNTY 0.1768 0.0408 0.3866 0.2481 0.1053 0.0249 0.0176 
 BRITISH_QUE 0.0019 0.0039 0.0307 0.0435 0.1394 0.4346 0.3459 
     BRODICK 0.5601 0.0607 0.2962 0.0086 0.0369 0.0126 0.0248 
      BRODIE 0.1928 0.0176 0.0234 0.4690 0.0065 0.1937 0.0969 
      BUCHAN 0.2025 0.1337 0.0738 0.4059 0.0031 0.1228 0.0582 
      BURREN 0.1149 0.1509 0.0528 0.4379 0.1078 0.0187 0.1170 
     CABARET 0.1312 0.0061 0.4681 0.0596 0.0096 0.0705 0.2548 
      CAESAR 0.1864 0.2708 0.0094 0.0562 0.3864 0.0886 0.0022 
        CARA 0.1589 0.0199 0.0789 0.6597 0.0140 0.0132 0.0554 
 CARLINGFORD 0.2297 0.1544 0.0684 0.1563 0.0521 0.3229 0.0161 
  CASABLANCA 0.1203 0.0036 0.2803 0.2330 0.2447 0.1158 0.0023 
      CELINE 0.1833 0.0134 0.0360 0.1809 0.4652 0.0232 0.0981 
  CHALLENGER 0.0917 0.1935 0.1628 0.0042 0.2816 0.1751 0.0910 
   CHARLOTTE 0.2815 0.5051 0.0288 0.0110 0.0163 0.0053 0.1520 
     CHICAGO 0.0881 0.1710 0.4620 0.0135 0.2015 0.0053 0.0586 
   CHIEFTAIN 0.2087 0.2615 0.0093 0.0607 0.0074 0.3666 0.0858 
      CHOPIN 0.1271 0.1726 0.0138 0.0191 0.4156 0.2280 0.0237 
      CLARET 0.0921 0.1343 0.0914 0.5974 0.0076 0.0419 0.0352 
      CORINE 0.1279 0.0042 0.1524 0.1759 0.3047 0.1509 0.0840 
      COSMOS 0.0448 0.0807 0.1262 0.0168 0.4658 0.2223 0.0435 
     COURAGE 0.1245 0.1293 0.0310 0.1091 0.3423 0.1582 0.1056 
     COURLAN 0.1202 0.2968 0.0737 0.1430 0.0462 0.2601 0.0599 
 CRAIGS_ROYA 0.1350 0.0562 0.1761 0.3548 0.0037 0.2158 0.0584 
 CRAIGS_SNOW 0.0090 0.1069 0.1769 0.0998 0.0168 0.3274 0.2632 
     CRAMOND 0.3765 0.0058 0.3431 0.0296 0.1680 0.0652 0.0118 
 CRISPS_FOR_ 0.1247 0.2783 0.0744 0.0490 0.2803 0.1400 0.0532 
    CROMWELL 0.0042 0.0585 0.6292 0.0875 0.0140 0.0044 0.2023 
       D22/1 0.0050 0.0061 0.5486 0.1244 0.0186 0.1495 0.1478 
       D23/3 0.0236 0.0846 0.3832 0.0374 0.0124 0.1848 0.2740 
      D47-11 0.0077 0.0056 0.6992 0.0177 0.0307 0.0169 0.2222 
       D49/1 0.0267 0.0611 0.7433 0.0029 0.0152 0.0101 0.1407 
       DAISY 0.1105 0.1068 0.4167 0.0065 0.1453 0.0137 0.2006 
 DARK_RED_NO 0.0859 0.2431 0.0334 0.1206 0.0203 0.4106 0.0862 
     DARWINA 0.0124 0.1553 0.1227 0.0162 0.4047 0.1942 0.0945 
     DESIREE 0.0140 0.3425 0.0026 0.2750 0.1508 0.0685 0.1466 
       DITTA 0.0094 0.3287 0.0237 0.0191 0.3041 0.1944 0.1206 
 DR._MCINTOS 0.2237 0.0338 0.0403 0.0748 0.0912 0.5101 0.0260 
       DRAGA 0.1290 0.0552 0.1336 0.0576 0.2963 0.3216 0.0067 
 DUKE_OF_YOR 0.0037 0.0051 0.0035 0.0051 0.2463 0.3979 0.3384 
 DUNBAR_STAN 0.0163 0.0499 0.1738 0.0767 0.0052 0.4499 0.2282 
     DUNDROD 0.0730 0.1755 0.4464 0.0845 0.0058 0.0770 0.1378 
     ECLIPSE 0.1103 0.1951 0.0126 0.0025 0.0038 0.2957 0.3799 
        EDEN 0.1999 0.0057 0.5783 0.0056 0.0059 0.0084 0.1962 
 EDZELL_BLUE 0.0980 0.0957 0.0298 0.1355 0.1857 0.1328 0.3226 
   ELISABETH 0.2413 0.3440 0.0794 0.0091 0.2595 0.0562 0.0105 
     EMPEROR 0.1708 0.2385 0.1518 0.0070 0.1165 0.3060 0.0094 
         EOS 0.2053 0.2779 0.2051 0.0142 0.1339 0.1480 0.0157 
     EPICURE 0.1285 0.1366 0.0054 0.0147 0.0348 0.3202 0.3598 
  ERNTESTOLZ 0.0440 0.1729 0.0285 0.0567 0.2592 0.2048 0.2339 
      ESCORT 0.2036 0.2464 0.0961 0.0405 0.3868 0.0093 0.0174 
   ESMERALDA 0.1793 0.1545 0.0945 0.0757 0.3129 0.0214 0.1618 
      ESTIMA 0.0765 0.1875 0.1210 0.0074 0.3178 0.2200 0.0698 
 EVE_BALFOUR 0.2416 0.0119 0.0758 0.3453 0.0172 0.0800 0.2282 
   EXCALIBUR 0.2695 0.0212 0.3642 0.3104 0.0275 0.0037 0.0035 
     EXQUISA 0.0287 0.3849 0.0039 0.1278 0.2804 0.0052 0.1692 
    FESTIVAL 0.1702 0.2491 0.0936 0.0160 0.4240 0.0388 0.0083 
      FIANNA 0.1028 0.0885 0.0348 0.1713 0.3628 0.2318 0.0081 
   FIFTYFOLD 0.0411 0.1407 0.0571 0.0779 0.0103 0.1406 0.5323 
     FONTANE 0.0555 0.2278 0.1818 0.0051 0.3556 0.1570 0.0172 
   FORTYFOLD 0.0066 0.0044 0.0030 0.0163 0.2405 0.1927 0.5364 
 FRONTIER_RU 0.0798 0.2522 0.0830 0.0073 0.0166 0.4403 0.1208 
     G.81071 0.2963 0.0565 0.0886 0.1294 0.1529 0.1979 0.0785 
     G.88661 0.2695 0.0957 0.1528 0.0099 0.1487 0.3195 0.0039 
    G.886611 0.3522 0.1797 0.1376 0.0199 0.0349 0.2720 0.0038 
  G.8867Y%12 0.2651 0.1820 0.0272 0.0941 0.0834 0.3444 0.0038 
     G.88839 0.1204 0.4514 0.0038 0.0056 0.3979 0.0044 0.0164 
     G.88842 0.1495 0.2182 0.0076 0.0893 0.4026 0.1195 0.0132 
   GALACTICA 0.0029 0.0085 0.0145 0.3953 0.3185 0.1103 0.1499 
      GEMSON 0.1393 0.0793 0.0987 0.2544 0.0158 0.2825 0.1300 
  GL.76B/102 0.0154 0.2356 0.1604 0.0062 0.1335 0.1274 0.3216 
   GL.76B/94 0.0045 0.0362 0.0038 0.1462 0.2679 0.0174 0.5240 
  GL.77M/106 0.3261 0.1444 0.1258 0.1962 0.0062 0.0123 0.1889 
   GL.78/166 0.0024 0.0328 0.0692 0.0609 0.1489 0.1081 0.5777 
    GL.78/53 0.1463 0.1617 0.1443 0.0111 0.0050 0.0054 0.5262 
    GL.78/97 0.0584 0.1331 0.0963 0.0313 0.0925 0.0242 0.5642 
    GL.79/42 0.1064 0.1856 0.1154 0.0055 0.0476 0.0036 0.5359 
    GL.79/45 0.1046 0.1497 0.0439 0.0877 0.0391 0.0043 0.5706 
 GL.81_NT_25 0.0041 0.0060 0.5420 0.0597 0.0411 0.0093 0.3379 
   GLADIATOR 0.1200 0.2798 0.0847 0.1410 0.1999 0.1688 0.0060 
      GLAMIS 0.0937 0.1850 0.4157 0.0427 0.0877 0.1598 0.0153 
 GOLDEN_MILL 0.4983 0.0086 0.2806 0.0534 0.0451 0.0070 0.1071 
 GOLDEN_NUGG 0.2747 0.0146 0.0171 0.1903 0.4595 0.0095 0.0343 
 GOLDEN_WOND 0.0611 0.1188 0.0221 0.0310 0.0795 0.1310 0.5565 
     GRANOLA 0.2502 0.4445 0.0339 0.0111 0.1428 0.0069 0.1106 
    H1H3_101 0.0022 0.0041 0.6832 0.0051 0.0031 0.0097 0.2926 
      H1H3_3 0.1937 0.0087 0.3766 0.0255 0.0843 0.1574 0.1537 
 HARBOROUGH_ 0.5053 0.0047 0.4539 0.0030 0.0179 0.0073 0.0079 
   HARLEQUIN 0.1843 0.4554 0.0786 0.0746 0.0206 0.0121 0.1744 
      HERMES 0.0033 0.3150 0.0785 0.2301 0.2223 0.0563 0.0946 
 HIGHLAND_BU 0.0706 0.0027 0.0059 0.0033 0.1151 0.0104 0.7920 
  HOME_GUARD 0.1956 0.0589 0.1279 0.1164 0.0181 0.2762 0.2069 
     HORIZON 0.0196 0.0623 0.1017 0.0921 0.4564 0.0367 0.2311 
   INNOVATOR 0.0157 0.0035 0.0080 0.0628 0.3068 0.4701 0.1332 
 INTERNATION 0.0034 0.0042 0.0054 0.0101 0.0444 0.0840 0.8484 
 ISLE_OF_JUR 0.1042 0.0926 0.4124 0.1487 0.0722 0.0468 0.1230 
    JULIETTE 0.1447 0.5367 0.0091 0.0097 0.2335 0.0061 0.0602 
     KARLENA 0.0040 0.0294 0.0576 0.2448 0.2385 0.2545 0.1712 
 KERR'S_PINK 0.0624 0.0418 0.0738 0.0644 0.0060 0.3322 0.4194 
     KESTREL 0.1532 0.1320 0.3114 0.3774 0.0036 0.0166 0.0058 
       KIFLI 0.1243 0.4885 0.0789 0.0095 0.1000 0.0079 0.1910 
 KING_EDWARD 0.0213 0.1113 0.0367 0.0025 0.0041 0.1194 0.7047 
    KINGSTON 0.2654 0.0091 0.3687 0.0530 0.1164 0.0040 0.1835 
 KUFRI_CHAND 0.0460 0.1226 0.1118 0.0691 0.1168 0.3910 0.1427 
 KUFRI_JYOTI 0.2628 0.0428 0.0058 0.2517 0.2401 0.0532 0.1437 
      KURODA 0.0100 0.1477 0.0514 0.1303 0.4642 0.1861 0.0102 
 LADY_BALFOU 0.1549 0.0133 0.1500 0.3434 0.0558 0.1430 0.1396 
 LADY_CHRIST 0.0881 0.0508 0.0497 0.0293 0.4370 0.0585 0.2866 
 LADY_CLAIRE 0.0028 0.0195 0.0145 0.0130 0.7014 0.0407 0.2082 
     LADY_JO 0.0025 0.0021 0.0211 0.0097 0.5796 0.1075 0.2775 
 LADY_ROSETT 0.1165 0.1057 0.1060 0.0619 0.3500 0.1312 0.1287 
    LIBERTAS 0.0026 0.0024 0.0051 0.1475 0.5391 0.0065 0.2968 
       LINDA 0.0489 0.5480 0.0044 0.0506 0.1228 0.0092 0.2162 
      LINTON 0.0095 0.2850 0.1882 0.1614 0.1547 0.1782 0.0228 
 LINZER_DELI 0.1355 0.3775 0.0079 0.0195 0.2154 0.0432 0.2010 
   LIONHEART 0.1212 0.0709 0.0360 0.0663 0.4800 0.1998 0.0258 
   MADELEINE 0.1695 0.3103 0.0281 0.0286 0.3732 0.0093 0.0809 
   MADINGLEY 0.0166 0.3732 0.1456 0.2012 0.1506 0.0811 0.0318 
    MAJESTIC 0.1884 0.0732 0.0119 0.0965 0.0811 0.5108 0.0382 
     MARABEL 0.0942 0.2903 0.0098 0.0220 0.4779 0.0968 0.0090 
     MARFONA 0.0237 0.0216 0.1134 0.0582 0.4703 0.1744 0.1384 
     MARILYN 0.1338 0.3148 0.0079 0.1148 0.2884 0.0497 0.0906 
 MARIS_ANCHO 0.0899 0.1679 0.0586 0.0204 0.2747 0.2222 0.1663 
  MARIS_BARD 0.0553 0.0015 0.2449 0.0722 0.2588 0.2674 0.0998 
  MARIS_PEER 0.0927 0.1062 0.1535 0.1841 0.0074 0.3337 0.1224 
 MARIS_PIPER 0.0159 0.0259 0.8080 0.0065 0.0127 0.0054 0.1256 
     MARKIES 0.0263 0.2935 0.0150 0.0679 0.4360 0.0378 0.1235 
      MAXINE 0.0875 0.1202 0.3895 0.1184 0.0073 0.2696 0.0074 
      MEGARA 0.0854 0.2664 0.0477 0.0302 0.4746 0.0123 0.0835 
      MELODY 0.0493 0.1656 0.0736 0.1532 0.3711 0.0235 0.1637 
       MIDAS 0.0169 0.2247 0.4866 0.0094 0.1453 0.0041 0.1130 
       MILVA 0.1210 0.2793 0.0089 0.0208 0.3535 0.0255 0.1910 
        MIMI 0.2105 0.0156 0.2295 0.1262 0.3008 0.0062 0.1113 
        MIRA 0.0091 0.0065 0.0121 0.0710 0.6035 0.0729 0.2249 
       MOIRA 0.1052 0.1903 0.0393 0.1406 0.2648 0.1322 0.1277 
    MONTROSE 0.3685 0.0050 0.3664 0.0054 0.0055 0.0025 0.2467 
       MORAG 0.3157 0.0067 0.0711 0.2125 0.0345 0.1694 0.1901 
      MORENE 0.0077 0.0079 0.0031 0.1098 0.5791 0.1265 0.1658 
      MOZART 0.2875 0.3033 0.0075 0.0084 0.3697 0.0213 0.0023 
 MYATT'S_ASH 0.0026 0.0088 0.0045 0.0126 0.1574 0.1037 0.7104 
      NADINE 0.2027 0.2107 0.3786 0.1022 0.0385 0.0618 0.0055 
       NAVAN 0.1008 0.0497 0.6528 0.0566 0.0185 0.0866 0.0350 
 NDTX_4271_5 0.2628 0.3187 0.1327 0.0085 0.0042 0.2622 0.0109 
      NICOLA 0.0044 0.4740 0.0036 0.0088 0.2825 0.0559 0.1708 
     NOVELLA 0.1333 0.1694 0.0245 0.1596 0.3873 0.0960 0.0298 
     OLYMPUS 0.3989 0.1010 0.1853 0.0448 0.0082 0.1362 0.1256 
       OPERA 0.1472 0.1988 0.0838 0.1121 0.3476 0.0984 0.0121 
   ORCHESTRA 0.1014 0.3270 0.1126 0.0285 0.3368 0.0153 0.0783 
      ORIANA 0.0061 0.1478 0.0038 0.1770 0.4021 0.2093 0.0540 
     OTHELLO 0.1410 0.1069 0.1117 0.5186 0.0035 0.1094 0.0088 
     PALADIN 0.0772 0.0040 0.6296 0.0054 0.0264 0.0614 0.1960 
       PANDA 0.0917 0.5334 0.0827 0.0648 0.1938 0.0067 0.0268 
   PARAMOUNT 0.1624 0.1230 0.0055 0.4228 0.1855 0.0351 0.0658 
    PATRONES 0.0110 0.1621 0.0778 0.0542 0.3101 0.2109 0.1740 
 PENTLAND_AC 0.1067 0.1244 0.1365 0.1654 0.1425 0.1908 0.1338 
 PENTLAND_BE 0.0061 0.0049 0.0225 0.1779 0.0909 0.2960 0.4018 
 PENTLAND_CR 0.3392 0.0036 0.0166 0.0896 0.3032 0.1463 0.1015 
 PENTLAND_DE 0.2896 0.0181 0.0090 0.1639 0.0242 0.2560 0.2391 
 PENTLAND_IV 0.2864 0.1634 0.0258 0.1275 0.0044 0.3334 0.0591 
 PENTLAND_JA 0.2015 0.0113 0.0254 0.0497 0.2183 0.4210 0.0727 
 PENTLAND_MA 0.1360 0.0363 0.0059 0.2408 0.3506 0.1302 0.1002 
 PENTLAND_SQ 0.3493 0.0172 0.0130 0.0817 0.1372 0.2135 0.1881 
   PEPO_1978 0.0471 0.3515 0.1031 0.0220 0.3062 0.0397 0.1304 
     PICASSO 0.0332 0.0530 0.1421 0.4970 0.2352 0.0365 0.0030 
   PIMPERNEL 0.0923 0.1234 0.0148 0.1284 0.4240 0.0037 0.2133 
     PIONEER 0.1736 0.5286 0.0056 0.0049 0.0971 0.0141 0.1761 
       PIXIE 0.2999 0.1295 0.2569 0.2360 0.0530 0.0188 0.0060 
    PREMIERE 0.0156 0.0030 0.0606 0.0128 0.5211 0.1482 0.2387 
   PRODUCENT 0.0976 0.1402 0.1879 0.0073 0.4178 0.0555 0.0936 
     PROVOST 0.1957 0.0576 0.0127 0.1474 0.1739 0.2784 0.1342 
  R.P.LUSTRE 0.1853 0.2334 0.1411 0.0253 0.0096 0.1825 0.2228 
 RANGER_RUSS 0.0022 0.0718 0.0034 0.1160 0.0811 0.5400 0.1855 
       RATTE 0.2275 0.1575 0.0702 0.0067 0.0129 0.0276 0.4977 
      RECORD 0.0034 0.0076 0.0066 0.1065 0.5843 0.0090 0.2826 
   REMBRANDT 0.0903 0.1079 0.0877 0.0083 0.4171 0.1694 0.1193 
    RIO_ROJO 0.1685 0.2266 0.0391 0.1428 0.0535 0.3269 0.0426 
      ROBIJN 0.0035 0.0582 0.0038 0.0835 0.5266 0.0196 0.3048 
      ROCKET 0.1653 0.0185 0.4580 0.0568 0.0210 0.1174 0.1629 
   RODE_STAR 0.0105 0.2287 0.0106 0.0399 0.3075 0.0017 0.4011 
      ROMANO 0.1593 0.1678 0.0104 0.2926 0.3420 0.0119 0.0161 
       ROMEO 0.2149 0.2464 0.0085 0.2761 0.0072 0.0468 0.2001 
     ROOSTER 0.3255 0.0268 0.0097 0.1709 0.1918 0.1375 0.1378 
       ROYAL 0.0134 0.3325 0.3418 0.0661 0.1471 0.0051 0.0941 
 ROYAL_KIDNE 0.0114 0.0033 0.0034 0.0216 0.0693 0.5190 0.3720 
     RUBESSE 0.1585 0.2751 0.0102 0.1004 0.2175 0.1659 0.0725 
 RUSSET_BURB 0.0809 0.1298 0.0164 0.0320 0.0873 0.5451 0.1086 
 RUSSET_NORK 0.1051 0.2698 0.0248 0.0059 0.0032 0.5645 0.0267 
      SAFARI 0.2252 0.0446 0.0081 0.1519 0.5006 0.0490 0.0206 
     SANTANA 0.0337 0.1154 0.1368 0.0616 0.3730 0.1990 0.0806 
       SANTE 0.2164 0.0512 0.0804 0.0485 0.4803 0.0089 0.1142 
     SAPHIRE 0.1756 0.0364 0.0435 0.0220 0.4563 0.2608 0.0055 
  SARPO_MIRA 0.0083 0.4214 0.0647 0.1692 0.1578 0.0099 0.1688 
 SARPO_SHONA 0.0268 0.3902 0.0476 0.1657 0.2658 0.0064 0.0974 
       SASSY 0.0523 0.1534 0.0833 0.0716 0.2751 0.1511 0.2133 
     SATURNA 0.0041 0.2586 0.0456 0.0113 0.4048 0.0046 0.2712 
        SAVA 0.0672 0.3733 0.1203 0.0210 0.2363 0.1552 0.0267 
       SAXON 0.2547 0.0177 0.4690 0.0431 0.0729 0.0163 0.1264 
 SCARBOROUGH 0.4130 0.0089 0.5199 0.0026 0.0045 0.0044 0.0465 
 SEFTON_WOND 0.1319 0.0049 0.0937 0.0419 0.0086 0.3118 0.4072 
    SERAFINA 0.1619 0.3747 0.0038 0.0879 0.2225 0.0114 0.1378 
     SETANTA 0.5063 0.0406 0.0952 0.1150 0.1159 0.0517 0.0754 
 SHARPE'S_EX 0.0098 0.1195 0.0981 0.0297 0.0490 0.1125 0.5815 
     SHELAGH 0.1350 0.0429 0.1288 0.2476 0.1527 0.0175 0.2755 
    SHELFORD 0.0024 0.3340 0.0373 0.2423 0.1449 0.0831 0.1559 
     SHEPODY 0.0055 0.0024 0.0077 0.1736 0.2326 0.4210 0.1572 
      SLANEY 0.1925 0.1350 0.2327 0.3731 0.0082 0.0493 0.0092 
        SPEY 0.2154 0.0707 0.2206 0.4218 0.0517 0.0161 0.0037 
      SPUNTA 0.1717 0.3127 0.0585 0.1494 0.0545 0.0410 0.2122 
     STAMINA 0.0431 0.0133 0.6143 0.2256 0.0290 0.0725 0.0022 
    STEMSTER 0.0127 0.1811 0.3110 0.1253 0.1811 0.0303 0.1585 
 STORMONT_EN 0.0289 0.0599 0.1764 0.1637 0.2733 0.1296 0.1681 
    STIRLING 0.3732 0.0132 0.0580 0.2359 0.1572 0.1541 0.0084 
     SYLVANA 0.0697 0.2015 0.1007 0.0901 0.2653 0.2333 0.0394 
         TAY 0.4921 0.0459 0.2422 0.1587 0.0267 0.0166 0.0178 
      TIMATE 0.0715 0.3693 0.1122 0.0053 0.3478 0.0523 0.0416 
      TOLUCA 0.0606 0.3219 0.0053 0.1702 0.3228 0.0837 0.0355 
    TORRIDON 0.1535 0.0563 0.0203 0.2471 0.3459 0.0591 0.1177 
 ULSTER_SCEP 0.1617 0.0076 0.2830 0.0631 0.1143 0.3340 0.0364 
 UMATILLA_RU 0.0791 0.0301 0.2805 0.0410 0.1560 0.0394 0.3738 
 VALES_EMERA 0.2693 0.3616 0.1619 0.0364 0.0157 0.0494 0.1058 
 VALES_EVERE 0.3463 0.0093 0.1287 0.3025 0.0139 0.0572 0.1421 
 VALES_RUSSE 0.0867 0.1594 0.0246 0.0172 0.0560 0.4450 0.2111 
 VALES_SOVER 0.0916 0.0144 0.3023 0.5653 0.0170 0.0062 0.0032 
       VALOR 0.2579 0.0077 0.2704 0.3863 0.0682 0.0064 0.0032 
    VAN_GOGH 0.0979 0.1119 0.0780 0.0107 0.5038 0.0374 0.1603 
     VANTAGE 0.0027 0.0085 0.0237 0.0874 0.3745 0.2277 0.2756 
       VERDI 0.0187 0.2709 0.1019 0.0813 0.2980 0.0237 0.2055 
    VICTORIA 0.0966 0.1649 0.0235 0.0167 0.4066 0.2626 0.0291 
     VIVALDI 0.0208 0.1125 0.0034 0.1228 0.4771 0.2480 0.0154 
       WILJA 0.0020 0.0020 0.0189 0.1175 0.5526 0.1351 0.1719 
     WINSTON 0.2032 0.1633 0.3733 0.1828 0.0079 0.0662 0.0035 
      XD2-21 0.1641 0.0505 0.0640 0.1949 0.0855 0.2696 0.1714 
  YUKON_GOLD 0.2725 0.2370 0.1215 0.0064 0.0659 0.2922 0.0045 
       ZORBA 0.0401 0.0092 0.0106 0.1179 0.4312 0.2442 0.1467 
