  00C133-020 0.0285 0.0224 0.3554 0.5936 
 01C_071-002 0.1968 0.2755 0.2948 0.2328 
 02M_012-001 0.1996 0.1390 0.0276 0.6338 
 03M_016-002 0.4900 0.0157 0.1269 0.3674 
 03M_034-002 0.2103 0.0309 0.1906 0.5682 
 04C_055-004 0.1063 0.3281 0.0463 0.5193 
 04C_126-005 0.1070 0.1262 0.3854 0.3814 
 04M_034-013 0.3184 0.1244 0.0673 0.4899 
 05M_002-001 0.1968 0.4312 0.2018 0.1702 
 05M_004-003 0.0253 0.3830 0.3401 0.2516 
 05M_012-004 0.1213 0.2080 0.4229 0.2479 
 06C_127-002 0.0629 0.2814 0.2183 0.4374 
 12288_AF_23 0.0286 0.1570 0.3065 0.5078 
    12601AB1 0.4801 0.0133 0.0186 0.4880 
   12636_A_2 0.2316 0.0092 0.2136 0.5456 
  15119_AC_5 0.2014 0.0049 0.4995 0.2942 
     1512C16 0.3325 0.1499 0.4357 0.0819 
   15144_A_3 0.0277 0.2132 0.6022 0.1569 
     1563C14 0.5088 0.3378 0.1117 0.0417 
     2182EF7 0.1228 0.1017 0.5856 0.1899 
     3681AD1 0.1116 0.3063 0.4600 0.1221 
     5008AB6 0.1149 0.4026 0.3483 0.1342 
    8204_A_4 0.0353 0.1750 0.4884 0.3014 
       AGRIA 0.1225 0.7247 0.0435 0.1093 
       AILSA 0.1682 0.1512 0.0476 0.6329 
      ALMERA 0.1151 0.5342 0.2692 0.0815 
       ALPHA 0.3081 0.4081 0.2263 0.0575 
      ALWARA 0.0634 0.4825 0.3541 0.0999 
      AMADRA 0.2052 0.4786 0.0708 0.2455 
       AMOUR 0.0447 0.0284 0.4280 0.4989 
        ANNA 0.1071 0.0052 0.7783 0.1095 
   ANNABELLE 0.0819 0.7350 0.1431 0.0400 
        ANYA 0.2377 0.5019 0.1345 0.1259 
       ARGOS 0.0158 0.0666 0.5946 0.3231 
     ARIELLE 0.1685 0.5668 0.2153 0.0495 
      ARKULA 0.1908 0.4788 0.3046 0.0258 
      ARMADA 0.1904 0.4177 0.2598 0.1321 
   AVALANCHE 0.1128 0.1747 0.2665 0.4460 
     BAILLIE 0.0455 0.2034 0.2275 0.5237 
    BALMORAL 0.0859 0.1053 0.6952 0.1136 
     BAMBINO 0.0383 0.1104 0.2878 0.5636 
       BARNA 0.0537 0.2565 0.4776 0.2122 
 BELLE_DE_FO 0.8950 0.0071 0.0940 0.0039 
       BENOL 0.2131 0.1220 0.0358 0.6291 
       BF_15 0.7565 0.1488 0.0880 0.0067 
      BINTJE 0.4269 0.2158 0.2660 0.0913 
 BIONICA_EX_ 0.1785 0.3060 0.3313 0.1842 
 BLUE_DANUBE 0.2249 0.3896 0.3480 0.0374 
      BONNIE 0.0521 0.2943 0.3310 0.3225 
      BOUNTY 0.0366 0.1136 0.3286 0.5212 
 BRITISH_QUE 0.5540 0.0248 0.4114 0.0099 
     BRODICK 0.0201 0.2112 0.1181 0.6506 
      BRODIE 0.1230 0.0115 0.6621 0.2034 
      BUCHAN 0.0926 0.0523 0.5596 0.2955 
      BURREN 0.1080 0.2220 0.4834 0.1866 
     CABARET 0.3266 0.0098 0.1162 0.5473 
      CAESAR 0.0082 0.6351 0.2468 0.1099 
        CARA 0.0286 0.0122 0.6978 0.2614 
 CARLINGFORD 0.1053 0.1917 0.4898 0.2132 
  CASABLANCA 0.0114 0.1323 0.4872 0.3690 
      CELINE 0.1163 0.3771 0.3741 0.1325 
  CHALLENGER 0.2138 0.4461 0.1161 0.2240 
   CHARLOTTE 0.1271 0.6118 0.0185 0.2426 
     CHICAGO 0.1042 0.3448 0.0181 0.5330 
   CHIEFTAIN 0.2218 0.2344 0.3968 0.1470 
      CHOPIN 0.1210 0.5124 0.3037 0.0630 
      CLARET 0.0382 0.0664 0.6551 0.2403 
      CORINE 0.1654 0.1900 0.4082 0.2364 
      COSMOS 0.1699 0.4198 0.2978 0.1125 
     COURAGE 0.1633 0.4014 0.3207 0.1146 
     COURLAN 0.1623 0.3227 0.3308 0.1841 
 CRAIGS_ROYA 0.1296 0.0118 0.5337 0.3250 
 CRAIGS_SNOW 0.4285 0.0549 0.3256 0.1910 
     CRAMOND 0.0288 0.1587 0.2563 0.5563 
 CRISPS_FOR_ 0.1239 0.5047 0.2098 0.1616 
    CROMWELL 0.2653 0.0606 0.0154 0.6587 
       D22/1 0.2512 0.0092 0.2096 0.5300 
       D23/3 0.3964 0.0443 0.1588 0.4005 
      D47-11 0.3132 0.0091 0.0151 0.6625 
       D49/1 0.2152 0.0375 0.0044 0.7429 
       DAISY 0.2543 0.2379 0.0211 0.4868 
 DARK_RED_NO 0.2441 0.2264 0.4224 0.1071 
     DARWINA 0.2157 0.4462 0.2371 0.1010 
     DESIREE 0.1805 0.4634 0.3403 0.0158 
       DITTA 0.2214 0.5661 0.1788 0.0337 
 DR._MCINTOS 0.1768 0.0735 0.6015 0.1482 
       DRAGA 0.0729 0.2955 0.4362 0.1953 
 DUKE_OF_YOR 0.5176 0.1317 0.3464 0.0044 
 DUNBAR_STAN 0.4257 0.0129 0.3632 0.1982 
     DUNDROD 0.2266 0.1238 0.1145 0.5351 
     ECLIPSE 0.5443 0.1742 0.1378 0.1437 
        EDEN 0.2556 0.0112 0.0139 0.7193 
 EDZELL_BLUE 0.4073 0.2171 0.2740 0.1016 
   ELISABETH 0.0250 0.6236 0.1144 0.2370 
     EMPEROR 0.1208 0.3686 0.2476 0.2630 
         EOS 0.0744 0.3993 0.1922 0.3341 
     EPICURE 0.4771 0.1750 0.2893 0.0586 
  ERNTESTOLZ 0.3340 0.3605 0.2532 0.0523 
      ESCORT 0.0282 0.6056 0.1471 0.2192 
   ESMERALDA 0.1930 0.4257 0.1840 0.1973 
      ESTIMA 0.1905 0.4459 0.1932 0.1705 
 EVE_BALFOUR 0.2384 0.0212 0.4599 0.2805 
   EXCALIBUR 0.0055 0.0605 0.3359 0.5981 
     EXQUISA 0.1866 0.6578 0.1348 0.0208 
    FESTIVAL 0.0250 0.6402 0.1373 0.1975 
      FIANNA 0.0719 0.3582 0.4830 0.0869 
   FIFTYFOLD 0.6151 0.1064 0.1445 0.1340 
     FONTANE 0.1191 0.5472 0.1162 0.2176 
   FORTYFOLD 0.6605 0.1191 0.2147 0.0057 
 FRONTIER_RU 0.3028 0.2512 0.2802 0.1658 
     G.81071 0.1395 0.1924 0.4234 0.2447 
     G.88661 0.0495 0.2544 0.3980 0.2982 
    G.886611 0.0173 0.2602 0.3833 0.3392 
  G.8867Y%12 0.0231 0.2656 0.5264 0.1849 
     G.88839 0.0341 0.8990 0.0417 0.0253 
     G.88842 0.0428 0.5675 0.3426 0.0471 
   GALACTICA 0.2357 0.1940 0.5394 0.0309 
      GEMSON 0.2211 0.0452 0.5202 0.2136 
  GL.76B/102 0.4262 0.3516 0.0450 0.1772 
   GL.76B/94 0.5791 0.2283 0.1845 0.0081 
  GL.77M/106 0.1892 0.1606 0.2583 0.3920 
   GL.78/166 0.6923 0.1346 0.1254 0.0477 
    GL.78/53 0.5686 0.1337 0.0096 0.2880 
    GL.78/97 0.6161 0.1967 0.0302 0.1570 
    GL.79/42 0.5700 0.2162 0.0061 0.2077 
    GL.79/45 0.5970 0.1864 0.0445 0.1721 
 GL.81_NT_25 0.4319 0.0151 0.0308 0.5223 
   GLADIATOR 0.0337 0.4533 0.3210 0.1921 
      GLAMIS 0.0967 0.2398 0.1818 0.4817 
 GOLDEN_MILL 0.1071 0.1249 0.1623 0.6057 
 GOLDEN_NUGG 0.0345 0.3983 0.3933 0.1739 
 GOLDEN_WOND 0.6454 0.1603 0.1105 0.0839 
     GRANOLA 0.1115 0.6503 0.0231 0.2151 
    H1H3_101 0.3720 0.0035 0.0050 0.6196 
      H1H3_3 0.2451 0.0471 0.2275 0.4803 
 HARBOROUGH_ 0.0184 0.1239 0.0624 0.7952 
   HARLEQUIN 0.1859 0.5237 0.0520 0.2384 
      HERMES 0.1733 0.4756 0.2469 0.1042 
 HIGHLAND_BU 0.8790 0.0225 0.0755 0.0230 
  HOME_GUARD 0.3173 0.0535 0.3615 0.2676 
     HORIZON 0.3034 0.4057 0.1976 0.0933 
   INNOVATOR 0.3582 0.0903 0.5414 0.0102 
 INTERNATION 0.9463 0.0096 0.0371 0.0069 
 ISLE_OF_JUR 0.1622 0.1279 0.2110 0.4990 
    JULIETTE 0.0557 0.8138 0.0199 0.1107 
     KARLENA 0.2867 0.1815 0.4504 0.0814 
 KERR'S_PINK 0.5673 0.0134 0.2772 0.1420 
     KESTREL 0.0128 0.0376 0.4240 0.5256 
       KIFLI 0.1713 0.6212 0.0094 0.1981 
 KING_EDWARD 0.8216 0.0453 0.0115 0.1215 
    KINGSTON 0.2089 0.1269 0.1137 0.5505 
 KUFRI_CHAND 0.2975 0.1811 0.3865 0.1350 
 KUFRI_JYOTI 0.1671 0.2418 0.4622 0.1289 
      KURODA 0.0996 0.4943 0.3596 0.0465 
 LADY_BALFOU 0.1787 0.0318 0.5121 0.2774 
 LADY_CHRIST 0.3581 0.3850 0.1759 0.0811 
 LADY_CLAIRE 0.2770 0.6035 0.1038 0.0157 
     LADY_JO 0.4175 0.3435 0.2222 0.0169 
 LADY_ROSETT 0.1934 0.3903 0.2425 0.1738 
    LIBERTAS 0.3938 0.3157 0.2806 0.0099 
       LINDA 0.2437 0.6888 0.0242 0.0433 
      LINTON 0.1274 0.3854 0.2674 0.2198 
 LINZER_DELI 0.2314 0.6166 0.0731 0.0788 
   LIONHEART 0.1310 0.4434 0.3390 0.0866 
   MADELEINE 0.1033 0.6576 0.0945 0.1447 
   MADINGLEY 0.0880 0.4910 0.2142 0.2068 
    MAJESTIC 0.2059 0.1260 0.5592 0.1089 
     MARABEL 0.0406 0.7122 0.2034 0.0438 
     MARFONA 0.2661 0.3292 0.3304 0.0743 
     MARILYN 0.1221 0.5749 0.2194 0.0836 
 MARIS_ANCHO 0.2701 0.3835 0.2365 0.1099 
  MARIS_BARD 0.2640 0.0203 0.4469 0.2688 
  MARIS_PEER 0.2573 0.0399 0.4629 0.2400 
 MARIS_PIPER 0.1889 0.0113 0.0062 0.7936 
     MARKIES 0.1823 0.6535 0.1244 0.0398 
      MAXINE 0.1065 0.0960 0.3223 0.4752 
      MEGARA 0.1154 0.6802 0.1008 0.1037 
      MELODY 0.2069 0.4420 0.2224 0.1286 
       MIDAS 0.1626 0.3264 0.0078 0.5032 
       MILVA 0.2221 0.6102 0.1134 0.0543 
        MIMI 0.1299 0.2783 0.2132 0.3785 
        MIRA 0.2884 0.4524 0.2438 0.0153 
       MOIRA 0.1868 0.3883 0.3175 0.1074 
    MONTROSE 0.2779 0.0397 0.0211 0.6612 
       MORAG 0.2446 0.0242 0.4677 0.2636 
      MORENE 0.2398 0.4246 0.3289 0.0068 
      MOZART 0.0052 0.6958 0.1492 0.1498 
 MYATT'S_ASH 0.8150 0.0916 0.0882 0.0052 
      NADINE 0.0192 0.2772 0.1733 0.5303 
       NAVAN 0.0952 0.0349 0.1425 0.7273 
 NDTX_4271_5 0.1151 0.2985 0.2491 0.3372 
      NICOLA 0.2325 0.7316 0.0270 0.0088 
     NOVELLA 0.0719 0.4793 0.3521 0.0967 
     OLYMPUS 0.1779 0.1300 0.2557 0.4365 
       OPERA 0.0523 0.5057 0.2545 0.1875 
   ORCHESTRA 0.1121 0.6261 0.0721 0.1897 
      ORIANA 0.1468 0.4434 0.4011 0.0087 
     OTHELLO 0.0206 0.0239 0.6497 0.3057 
     PALADIN 0.2931 0.0140 0.0266 0.6663 
       PANDA 0.0399 0.7431 0.0457 0.1713 
   PARAMOUNT 0.0699 0.2574 0.5663 0.1064 
    PATRONES 0.2985 0.3656 0.2642 0.0716 
 PENTLAND_AC 0.2260 0.2069 0.3454 0.2217 
 PENTLAND_BE 0.5351 0.0140 0.4194 0.0315 
 PENTLAND_CR 0.1596 0.2064 0.4372 0.1967 
 PENTLAND_DE 0.3068 0.0517 0.4762 0.1653 
 PENTLAND_IV 0.1571 0.1397 0.4651 0.2381 
 PENTLAND_JA 0.2242 0.1569 0.4964 0.1225 
 PENTLAND_MA 0.1470 0.3073 0.5097 0.0360 
 PENTLAND_SQ 0.2424 0.1537 0.4120 0.1918 
   PEPO_1978 0.1646 0.6283 0.0680 0.1391 
     PICASSO 0.0077 0.1861 0.6116 0.1947 
   PIMPERNEL 0.2382 0.4982 0.1768 0.0868 
     PIONEER 0.1908 0.6970 0.0191 0.0931 
       PIXIE 0.0108 0.1943 0.3291 0.4658 
    PREMIERE 0.3628 0.3085 0.2791 0.0496 
   PRODUCENT 0.1742 0.4933 0.1036 0.2289 
     PROVOST 0.2239 0.2040 0.4700 0.1022 
  R.P.LUSTRE 0.3054 0.2325 0.1688 0.2932 
 RANGER_RUSS 0.4056 0.0630 0.5275 0.0039 
       RATTE 0.5309 0.2105 0.0245 0.2341 
      RECORD 0.3559 0.4139 0.2235 0.0067 
   REMBRANDT 0.2366 0.4500 0.1839 0.1295 
    RIO_ROJO 0.1667 0.2570 0.4125 0.1638 
      ROBIJN 0.3572 0.4870 0.1491 0.0067 
      ROCKET 0.2413 0.0246 0.1820 0.5522 
   RODE_STAR 0.4204 0.5225 0.0119 0.0452 
      ROMANO 0.0289 0.4502 0.4086 0.1123 
       ROMEO 0.2040 0.2507 0.3543 0.1911 
     ROOSTER 0.1681 0.2198 0.4297 0.1824 
       ROYAL 0.1451 0.4538 0.0180 0.3831 
 ROYAL_KIDNE 0.5691 0.0070 0.4187 0.0051 
     RUBESSE 0.1337 0.4612 0.2873 0.1178 
 RUSSET_BURB 0.3075 0.1726 0.4544 0.0655 
 RUSSET_NORK 0.2625 0.1953 0.3811 0.1611 
      SAFARI 0.0373 0.4547 0.4282 0.0798 
     SANTANA 0.1861 0.3914 0.2737 0.1488 
       SANTE 0.1418 0.4778 0.1812 0.1991 
     SAPHIRE 0.0659 0.4319 0.3779 0.1243 
  SARPO_MIRA 0.1998 0.5760 0.0994 0.1247 
 SARPO_SHONA 0.1136 0.6380 0.1280 0.1204 
       SASSY 0.3137 0.3494 0.2250 0.1119 
     SATURNA 0.3304 0.6109 0.0139 0.0449 
        SAVA 0.1093 0.5805 0.1348 0.1754 
       SAXON 0.1584 0.0856 0.1431 0.6128 
 SCARBOROUGH 0.0838 0.0708 0.0213 0.8240 
 SEFTON_WOND 0.5373 0.0068 0.2678 0.1881 
    SERAFINA 0.1523 0.6289 0.1632 0.0556 
     SETANTA 0.0512 0.2243 0.3073 0.4172 
 SHARPE'S_EX 0.6771 0.1194 0.0897 0.1137 
     SHELAGH 0.3002 0.1358 0.3390 0.2250 
    SHELFORD 0.2423 0.4369 0.2589 0.0619 
     SHEPODY 0.3616 0.0190 0.6094 0.0101 
      SLANEY 0.0141 0.1050 0.4655 0.4154 
        SPEY 0.0060 0.0817 0.5155 0.3968 
      SPUNTA 0.2257 0.3798 0.1835 0.2110 
     STAMINA 0.0075 0.0283 0.2889 0.6752 
    STEMSTER 0.2200 0.3099 0.1277 0.3424 
 STORMONT_EN 0.2614 0.2170 0.3327 0.1889 
    STIRLING 0.0205 0.1341 0.5735 0.2719 
     SYLVANA 0.1485 0.3868 0.3200 0.1446 
         TAY 0.0146 0.1345 0.3006 0.5503 
      TIMATE 0.1028 0.6944 0.0290 0.1737 
      TOLUCA 0.0829 0.5994 0.2961 0.0216 
    TORRIDON 0.1601 0.3113 0.4254 0.1032 
 ULSTER_SCEP 0.1888 0.0398 0.4195 0.3520 
 UMATILLA_RU 0.4325 0.1403 0.0887 0.3385 
 VALES_EMERA 0.1224 0.4127 0.1142 0.3507 
 VALES_EVERE 0.1309 0.0267 0.4530 0.3894 
 VALES_RUSSE 0.3836 0.1881 0.3379 0.0905 
 VALES_SOVER 0.0046 0.0113 0.5623 0.4218 
       VALOR 0.0049 0.0360 0.4811 0.4780 
    VAN_GOGH 0.2152 0.5288 0.1431 0.1130 
     VANTAGE 0.4375 0.2420 0.3047 0.0159 
       VERDI 0.2388 0.5282 0.0970 0.1360 
    VICTORIA 0.1550 0.5018 0.2739 0.0693 
     VIVALDI 0.1028 0.4740 0.4156 0.0076 
       WILJA 0.3097 0.2786 0.3993 0.0124 
     WINSTON 0.0099 0.1555 0.2860 0.5486 
      XD2-21 0.2679 0.0983 0.4615 0.1724 
  YUKON_GOLD 0.0428 0.3769 0.2701 0.3102 
       ZORBA 0.2450 0.3078 0.4227 0.0245 
