  00C133-020 0.2006 0.1761 0.0824 0.1506 0.0043 0.0075 0.0044 0.3629 0.0112 
 01C_071-002 0.2745 0.0022 0.0184 0.0705 0.0768 0.1713 0.1344 0.1383 0.1135 
 02M_012-001 0.0687 0.0115 0.0029 0.2676 0.0053 0.0466 0.0633 0.4024 0.1315 
 03M_016-002 0.0230 0.0042 0.0090 0.0385 0.2065 0.0046 0.0413 0.3511 0.3218 
 03M_034-002 0.0676 0.0290 0.0741 0.3045 0.0035 0.0441 0.0020 0.3108 0.1644 
 04C_055-004 0.0096 0.1759 0.0405 0.0355 0.0155 0.0209 0.2154 0.4191 0.0677 
 04C_126-005 0.2557 0.0707 0.1656 0.1733 0.0049 0.0493 0.0104 0.1809 0.0892 
 04M_034-013 0.0055 0.0319 0.0310 0.1473 0.1186 0.0346 0.0529 0.3694 0.2088 
 05M_002-001 0.0459 0.0076 0.2436 0.0222 0.1081 0.1355 0.2202 0.1275 0.0893 
 05M_004-003 0.1476 0.0156 0.2848 0.1065 0.0331 0.1724 0.1084 0.1269 0.0048 
 05M_012-004 0.0867 0.1255 0.1578 0.2002 0.1298 0.2143 0.0047 0.0669 0.0140 
 06C_127-002 0.0568 0.1502 0.0768 0.3680 0.0602 0.0040 0.1894 0.0803 0.0143 
 12288_AF_23 0.0563 0.3863 0.0065 0.0908 0.0344 0.0721 0.0285 0.3187 0.0063 
    12601AB1 0.0075 0.0023 0.0032 0.4717 0.0030 0.0067 0.0028 0.1106 0.3921 
   12636_A_2 0.0798 0.0830 0.0074 0.3296 0.0485 0.0095 0.0023 0.2828 0.1571 
  15119_AC_5 0.4975 0.0090 0.0112 0.0025 0.0148 0.0210 0.0012 0.2697 0.1731 
     1512C16 0.0875 0.2040 0.1262 0.0318 0.2114 0.0794 0.0264 0.0054 0.2279 
   15144_A_3 0.5723 0.1487 0.0447 0.0037 0.0027 0.0051 0.1768 0.0049 0.0410 
     1563C14 0.0302 0.1234 0.0226 0.0045 0.0468 0.1809 0.1658 0.0106 0.4153 
     2182EF7 0.2349 0.0460 0.3314 0.1630 0.1522 0.0057 0.0141 0.0109 0.0420 
     3681AD1 0.2579 0.0071 0.1584 0.1277 0.0695 0.2968 0.0336 0.0187 0.0304 
     5008AB6 0.2046 0.0215 0.2389 0.1671 0.0039 0.1418 0.1305 0.0039 0.0878 
    8204_A_4 0.2259 0.1630 0.2280 0.2436 0.0523 0.0144 0.0311 0.0154 0.0263 
       AGRIA 0.0035 0.0023 0.3260 0.0154 0.0676 0.1575 0.3741 0.0307 0.0228 
       AILSA 0.0078 0.0738 0.0043 0.2312 0.0605 0.0037 0.1473 0.3897 0.0817 
      ALMERA 0.0283 0.0092 0.2520 0.0034 0.1505 0.1946 0.2606 0.0914 0.0099 
       ALPHA 0.0112 0.1496 0.0053 0.0314 0.0935 0.4606 0.0399 0.0125 0.1961 
      ALWARA 0.2256 0.1749 0.0100 0.0194 0.0168 0.3157 0.1944 0.0186 0.0246 
      AMADRA 0.0105 0.0800 0.0529 0.1084 0.0169 0.2661 0.1939 0.1313 0.1400 
       AMOUR 0.4196 0.0720 0.0097 0.1290 0.0273 0.0133 0.0186 0.2927 0.0178 
        ANNA 0.6332 0.0071 0.1884 0.0263 0.0106 0.0040 0.0017 0.0050 0.1236 
   ANNABELLE 0.0167 0.0079 0.3331 0.0141 0.0212 0.2085 0.3611 0.0078 0.0296 
        ANYA 0.0298 0.1820 0.0970 0.0889 0.0313 0.0614 0.3078 0.0046 0.1972 
       ARGOS 0.4153 0.1724 0.1075 0.0027 0.0159 0.0169 0.0259 0.2366 0.0068 
     ARIELLE 0.0762 0.0456 0.1569 0.0023 0.0953 0.2023 0.3077 0.0345 0.0794 
      ARKULA 0.0133 0.1786 0.1694 0.0075 0.0407 0.4084 0.0604 0.0078 0.1140 
      ARMADA 0.0186 0.1376 0.1175 0.0058 0.0405 0.3415 0.0918 0.1307 0.1159 
   AVALANCHE 0.0890 0.0226 0.0367 0.0394 0.1553 0.2003 0.0204 0.4299 0.0065 
     BAILLIE 0.1127 0.0596 0.0320 0.0931 0.0766 0.1163 0.0711 0.4320 0.0067 
    BALMORAL 0.3978 0.0192 0.1517 0.0249 0.2048 0.1636 0.0044 0.0175 0.0162 
     BAMBINO 0.1816 0.1348 0.0366 0.1116 0.0105 0.0441 0.0582 0.4090 0.0135 
       BARNA 0.3098 0.2979 0.0042 0.0217 0.0287 0.1550 0.1057 0.0321 0.0448 
 BELLE_DE_FO 0.0674 0.0160 0.0432 0.0015 0.0477 0.0110 0.0042 0.0036 0.8054 
       BENOL 0.0054 0.0019 0.1413 0.3447 0.0032 0.0073 0.0177 0.3435 0.1349 
       BF_15 0.0492 0.0070 0.1106 0.0029 0.0101 0.0846 0.0657 0.0038 0.6661 
      BINTJE 0.0360 0.1081 0.1442 0.0063 0.1141 0.1625 0.0504 0.0785 0.2999 
 BIONICA_EX_ 0.0848 0.0134 0.2645 0.2448 0.0240 0.2092 0.0302 0.0145 0.1147 
 BLUE_DANUBE 0.1257 0.0041 0.1626 0.0060 0.1164 0.4356 0.0098 0.0251 0.1146 
      BONNIE 0.1144 0.2178 0.0696 0.1494 0.0348 0.1805 0.0789 0.1335 0.0213 
      BOUNTY 0.1665 0.1779 0.0978 0.1071 0.0064 0.0527 0.0235 0.3551 0.0130 
 BRITISH_QUE 0.0177 0.0034 0.2520 0.0012 0.2843 0.0192 0.0030 0.0658 0.3534 
     BRODICK 0.0229 0.0302 0.0475 0.6097 0.0283 0.0243 0.0541 0.1775 0.0055 
      BRODIE 0.3961 0.2508 0.0516 0.0569 0.1271 0.0049 0.0034 0.0127 0.0965 
      BUCHAN 0.3511 0.2826 0.0213 0.0614 0.0878 0.0029 0.0680 0.0539 0.0710 
      BURREN 0.4372 0.0806 0.0610 0.0601 0.0192 0.0673 0.1363 0.0279 0.1104 
     CABARET 0.0098 0.1093 0.0772 0.0997 0.0114 0.0042 0.0035 0.4502 0.2347 
      CAESAR 0.0277 0.1336 0.1324 0.0997 0.0727 0.3006 0.2265 0.0049 0.0018 
        CARA 0.6286 0.1718 0.0341 0.0361 0.0053 0.0107 0.0051 0.0577 0.0506 
 CARLINGFORD 0.0732 0.2508 0.2062 0.0596 0.2101 0.0109 0.0976 0.0707 0.0208 
  CASABLANCA 0.2543 0.0047 0.1120 0.1150 0.0997 0.1540 0.0039 0.2547 0.0017 
      CELINE 0.0301 0.2470 0.3071 0.0230 0.0037 0.2905 0.0047 0.0262 0.0677 
  CHALLENGER 0.0022 0.0791 0.1770 0.0640 0.1029 0.1609 0.1844 0.1352 0.0943 
   CHARLOTTE 0.0102 0.1472 0.0560 0.1851 0.0041 0.0071 0.4511 0.0086 0.1306 
     CHICAGO 0.0239 0.0058 0.0170 0.1461 0.0057 0.1666 0.1807 0.4190 0.0353 
   CHIEFTAIN 0.0127 0.3006 0.0554 0.0921 0.2758 0.0048 0.1764 0.0055 0.0767 
      CHOPIN 0.0154 0.0641 0.2552 0.0443 0.1565 0.2663 0.1659 0.0155 0.0168 
      CLARET 0.5502 0.1959 0.0144 0.0135 0.0186 0.0148 0.0712 0.0785 0.0427 
      CORINE 0.1698 0.0033 0.1384 0.1536 0.1508 0.2292 0.0046 0.1110 0.0393 
      COSMOS 0.0096 0.0427 0.0300 0.0722 0.2158 0.4642 0.0523 0.0947 0.0185 
     COURAGE 0.0226 0.2268 0.0966 0.0584 0.0998 0.3482 0.0449 0.0229 0.0797 
     COURLAN 0.1347 0.0971 0.0057 0.1048 0.2771 0.0767 0.2463 0.0251 0.0324 
 CRAIGS_ROYA 0.2792 0.3004 0.0158 0.0227 0.1383 0.0048 0.0071 0.1538 0.0779 
 CRAIGS_SNOW 0.0544 0.1298 0.0580 0.0043 0.2319 0.0165 0.0537 0.1762 0.2751 
     CRAMOND 0.0228 0.0638 0.1896 0.3369 0.0316 0.0638 0.0049 0.2817 0.0050 
 CRISPS_FOR_ 0.0085 0.2515 0.0482 0.0463 0.0932 0.2854 0.1852 0.0433 0.0382 
    CROMWELL 0.0768 0.0096 0.0073 0.0144 0.0031 0.0111 0.0574 0.6176 0.2027 
       D22/1 0.0467 0.0954 0.0599 0.0023 0.0698 0.0092 0.0041 0.5637 0.1489 
       D23/3 0.0120 0.1165 0.0477 0.0084 0.1028 0.0104 0.0510 0.3778 0.2735 
      D47-11 0.0102 0.0034 0.0082 0.0455 0.0115 0.0285 0.0049 0.6844 0.2034 
       D49/1 0.0017 0.0183 0.0057 0.0693 0.0046 0.0088 0.0472 0.7072 0.1371 
       DAISY 0.0055 0.0439 0.0091 0.1421 0.0109 0.1490 0.0900 0.3740 0.1755 
 DARK_RED_NO 0.1529 0.0451 0.0718 0.0312 0.3730 0.0140 0.2123 0.0203 0.0794 
     DARWINA 0.0070 0.0656 0.1211 0.0048 0.1424 0.3417 0.1278 0.1155 0.0741 
     DESIREE 0.1067 0.2964 0.0030 0.0028 0.0358 0.2557 0.1827 0.0022 0.1146 
       DITTA 0.0148 0.0089 0.2490 0.0032 0.1176 0.1386 0.3274 0.0239 0.1166 
 DR._MCINTOS 0.0104 0.2457 0.2607 0.0330 0.3477 0.0161 0.0059 0.0480 0.0326 
       DRAGA 0.0746 0.0091 0.1149 0.1308 0.2953 0.2247 0.0566 0.0904 0.0037 
 DUKE_OF_YOR 0.0041 0.0024 0.2209 0.0021 0.3035 0.1267 0.0041 0.0029 0.3334 
 DUNBAR_STAN 0.0293 0.1479 0.0584 0.0052 0.3416 0.0050 0.0108 0.1589 0.2431 
     DUNDROD 0.0814 0.0613 0.0043 0.0861 0.0880 0.0065 0.1395 0.4075 0.1254 
     ECLIPSE 0.0021 0.1661 0.0044 0.0321 0.2574 0.0055 0.1320 0.0082 0.3922 
        EDEN 0.0051 0.0121 0.0031 0.2763 0.0068 0.0058 0.0035 0.5210 0.1663 
 EDZELL_BLUE 0.0830 0.1058 0.0925 0.0666 0.0984 0.1862 0.0505 0.0182 0.2988 
   ELISABETH 0.0029 0.2492 0.2468 0.0217 0.0063 0.1090 0.2837 0.0716 0.0088 
     EMPEROR 0.0089 0.0698 0.1008 0.1123 0.2813 0.0677 0.2210 0.1327 0.0057 
         EOS 0.0050 0.2543 0.0159 0.1148 0.1079 0.1379 0.1963 0.1563 0.0117 
     EPICURE 0.0038 0.2306 0.0341 0.0282 0.2183 0.0908 0.0342 0.0032 0.3567 
  ERNTESTOLZ 0.0699 0.0059 0.2039 0.0159 0.1541 0.1351 0.1765 0.0234 0.2153 
      ESCORT 0.0189 0.1744 0.0465 0.1481 0.0070 0.3469 0.2021 0.0493 0.0068 
   ESMERALDA 0.0137 0.2129 0.1050 0.0793 0.0083 0.2806 0.0980 0.0614 0.1408 
      ESTIMA 0.0039 0.1506 0.0420 0.0658 0.1640 0.3034 0.1451 0.0749 0.0503 
 EVE_BALFOUR 0.3493 0.0371 0.0139 0.2541 0.0924 0.0337 0.0058 0.0233 0.1904 
   EXCALIBUR 0.2977 0.0762 0.1197 0.1470 0.0023 0.0081 0.0125 0.3340 0.0025 
     EXQUISA 0.1183 0.0551 0.1255 0.0048 0.0036 0.1946 0.3422 0.0031 0.1527 
    FESTIVAL 0.0050 0.1501 0.1928 0.0615 0.0099 0.2917 0.2112 0.0726 0.0052 
      FIANNA 0.1541 0.0546 0.2332 0.0392 0.1703 0.2319 0.0834 0.0281 0.0053 
   FIFTYFOLD 0.0513 0.1407 0.0052 0.0363 0.1117 0.0406 0.0649 0.0305 0.5189 
     FONTANE 0.0035 0.0228 0.2285 0.0161 0.1041 0.1903 0.2471 0.1741 0.0135 
   FORTYFOLD 0.0164 0.0027 0.0915 0.0099 0.1565 0.2096 0.0047 0.0027 0.5059 
 FRONTIER_RU 0.0079 0.1080 0.0045 0.0736 0.4141 0.0449 0.1967 0.0366 0.1137 
     G.81071 0.0919 0.1503 0.2219 0.1887 0.1240 0.0789 0.0274 0.0530 0.0639 
     G.88661 0.0066 0.2029 0.2048 0.0699 0.2223 0.0638 0.0685 0.1580 0.0033 
    G.886611 0.0041 0.3112 0.2070 0.0904 0.1516 0.0052 0.1086 0.1195 0.0023 
  G.8867Y%12 0.0467 0.2549 0.2914 0.0117 0.1994 0.0067 0.1373 0.0474 0.0045 
     G.88839 0.0052 0.0373 0.2491 0.0135 0.0026 0.2338 0.4382 0.0037 0.0166 
     G.88842 0.1100 0.0164 0.2996 0.0276 0.0762 0.2201 0.2349 0.0074 0.0076 
   GALACTICA 0.4048 0.0022 0.0819 0.0022 0.1060 0.2493 0.0125 0.0127 0.1285 
      GEMSON 0.1765 0.1996 0.1764 0.0130 0.1622 0.0057 0.0252 0.1038 0.1377 
  GL.76B/102 0.0112 0.0041 0.0100 0.0224 0.1477 0.1198 0.2373 0.1517 0.2959 
   GL.76B/94 0.1748 0.0019 0.0064 0.0067 0.0352 0.2549 0.0359 0.0024 0.4817 
  GL.77M/106 0.1951 0.1174 0.0080 0.3248 0.0180 0.0065 0.1205 0.0433 0.1666 
   GL.78/166 0.0617 0.0028 0.0337 0.0034 0.1039 0.1255 0.0450 0.0770 0.5470 
    GL.78/53 0.0218 0.0245 0.0030 0.1628 0.0094 0.0063 0.1638 0.1096 0.4987 
    GL.78/97 0.0489 0.0081 0.0044 0.0982 0.0336 0.1017 0.1241 0.0555 0.5255 
    GL.79/42 0.0040 0.1395 0.0027 0.0643 0.0024 0.0804 0.1307 0.0691 0.5068 
    GL.79/45 0.0722 0.1235 0.0075 0.0540 0.0033 0.0475 0.1194 0.0241 0.5487 
 GL.81_NT_25 0.0494 0.0022 0.0661 0.0068 0.0038 0.0074 0.0078 0.5375 0.3190 
   GLADIATOR 0.0919 0.2062 0.0046 0.0606 0.1622 0.2481 0.1833 0.0397 0.0035 
      GLAMIS 0.0093 0.1665 0.0975 0.0341 0.0880 0.0335 0.1496 0.3993 0.0223 
 GOLDEN_MILL 0.0681 0.0194 0.1569 0.4717 0.0053 0.0106 0.0076 0.2008 0.0596 
 GOLDEN_NUGG 0.0078 0.3446 0.4379 0.0137 0.0019 0.1718 0.0043 0.0077 0.0103 
 GOLDEN_WOND 0.0072 0.1130 0.0034 0.0404 0.1127 0.1638 0.0322 0.0080 0.5195 
     GRANOLA 0.0391 0.0663 0.0507 0.1997 0.0085 0.1066 0.4245 0.0113 0.0932 
    H1H3_101 0.0086 0.0013 0.0029 0.0065 0.0104 0.0031 0.0042 0.6796 0.2832 
      H1H3_3 0.0062 0.1257 0.1705 0.1314 0.0549 0.0157 0.0048 0.3456 0.1450 
 HARBOROUGH_ 0.0033 0.0041 0.0393 0.5836 0.0110 0.0064 0.0043 0.3452 0.0029 
   HARLEQUIN 0.0510 0.1729 0.0267 0.1322 0.0144 0.0127 0.4005 0.0307 0.1589 
      HERMES 0.2384 0.0039 0.0086 0.0040 0.1042 0.2139 0.2919 0.0622 0.0729 
 HIGHLAND_BU 0.0029 0.0022 0.1564 0.0476 0.0028 0.0273 0.0019 0.0043 0.7547 
  HOME_GUARD 0.0489 0.2123 0.1749 0.0479 0.1588 0.0065 0.0230 0.1137 0.2140 
     HORIZON 0.0218 0.0746 0.2355 0.0035 0.0056 0.3082 0.0440 0.1008 0.2062 
   INNOVATOR 0.0683 0.0025 0.1966 0.0097 0.3915 0.2063 0.0026 0.0059 0.1166 
 INTERNATION 0.0092 0.0018 0.1089 0.0025 0.0346 0.0118 0.0029 0.0052 0.8230 
 ISLE_OF_JUR 0.1598 0.0196 0.1065 0.0579 0.0301 0.0126 0.1078 0.3954 0.1103 
    JULIETTE 0.0131 0.0108 0.3230 0.0352 0.0030 0.0149 0.5472 0.0098 0.0432 
     KARLENA 0.2642 0.0018 0.0062 0.0218 0.2832 0.2477 0.0214 0.0247 0.1290 
 KERR'S_PINK 0.0462 0.1172 0.0589 0.0298 0.2502 0.0056 0.0130 0.0539 0.4252 
     KESTREL 0.3008 0.3229 0.0039 0.0280 0.0111 0.0061 0.0426 0.2791 0.0055 
       KIFLI 0.0114 0.0375 0.0048 0.1806 0.0230 0.1581 0.4213 0.0240 0.1394 
 KING_EDWARD 0.0019 0.0983 0.0048 0.0178 0.0849 0.0058 0.0531 0.0230 0.7104 
    KINGSTON 0.0508 0.0238 0.1393 0.2471 0.0028 0.0382 0.0115 0.3241 0.1623 
 KUFRI_CHAND 0.0351 0.0904 0.1853 0.0051 0.2926 0.0233 0.1072 0.1135 0.1476 
 KUFRI_JYOTI 0.2648 0.0373 0.2458 0.1503 0.0245 0.1087 0.0487 0.0044 0.1156 
      KURODA 0.1265 0.0049 0.1489 0.0055 0.1608 0.3677 0.1394 0.0418 0.0045 
 LADY_BALFOU 0.3207 0.1315 0.1156 0.0593 0.0703 0.0202 0.0065 0.1392 0.1368 
 LADY_CHRIST 0.0102 0.0846 0.0519 0.0923 0.0525 0.4279 0.0162 0.0180 0.2464 
 LADY_CLAIRE 0.0054 0.0009 0.3018 0.0021 0.0083 0.4331 0.0749 0.0123 0.1612 
     LADY_JO 0.0044 0.0035 0.1586 0.0025 0.0611 0.4925 0.0018 0.0295 0.2463 
 LADY_ROSETT 0.0077 0.2783 0.0210 0.0473 0.0696 0.3908 0.0085 0.0707 0.1060 
    LIBERTAS 0.1065 0.0107 0.0073 0.0041 0.0082 0.6000 0.0015 0.0055 0.2561 
       LINDA 0.1012 0.0095 0.0979 0.0066 0.0088 0.0275 0.5300 0.0042 0.2142 
      LINTON 0.1578 0.0340 0.0054 0.0134 0.1990 0.1580 0.2563 0.1622 0.0138 
 LINZER_DELI 0.0050 0.1720 0.0309 0.0734 0.0263 0.2256 0.2937 0.0043 0.1687 
   LIONHEART 0.0457 0.0628 0.2175 0.0749 0.1363 0.3514 0.0686 0.0265 0.0162 
   MADELEINE 0.0116 0.1287 0.1730 0.0598 0.0038 0.2729 0.2720 0.0178 0.0604 
   MADINGLEY 0.2024 0.0073 0.0028 0.0502 0.1478 0.1775 0.3129 0.0903 0.0090 
    MAJESTIC 0.0432 0.1663 0.2655 0.0509 0.3666 0.0104 0.0380 0.0128 0.0464 
     MARABEL 0.0239 0.0311 0.2218 0.0233 0.0753 0.3159 0.2935 0.0096 0.0057 
     MARFONA 0.0197 0.0820 0.1338 0.0086 0.1251 0.4103 0.0067 0.0983 0.1156 
     MARILYN 0.1197 0.0470 0.1918 0.0595 0.0220 0.1694 0.3080 0.0065 0.0762 
 MARIS_ANCHO 0.0094 0.0973 0.1525 0.0319 0.1602 0.2141 0.1271 0.0472 0.1602 
  MARIS_BARD 0.0332 0.0133 0.2406 0.0209 0.1693 0.1614 0.0013 0.2594 0.1007 
  MARIS_PEER 0.1291 0.1365 0.1644 0.0079 0.2114 0.0028 0.0656 0.1543 0.1281 
 MARIS_PIPER 0.0048 0.0037 0.0058 0.0619 0.0029 0.0052 0.0319 0.7770 0.1067 
     MARKIES 0.0424 0.0578 0.1361 0.0090 0.0268 0.3511 0.2595 0.0148 0.1026 
      MAXINE 0.0240 0.2694 0.0565 0.0153 0.1812 0.0068 0.0531 0.3846 0.0091 
      MEGARA 0.0245 0.0208 0.2246 0.0223 0.0038 0.3139 0.2839 0.0459 0.0603 
      MELODY 0.1535 0.0146 0.0921 0.0639 0.0284 0.3089 0.1598 0.0465 0.1323 
       MIDAS 0.0098 0.0211 0.0096 0.0397 0.0033 0.1308 0.2183 0.4652 0.1022 
       MILVA 0.0425 0.0127 0.1862 0.0566 0.0191 0.2224 0.2864 0.0065 0.1676 
        MIMI 0.0091 0.2625 0.1479 0.0945 0.0021 0.2143 0.0047 0.1898 0.0750 
        MIRA 0.0277 0.0063 0.3331 0.0028 0.0095 0.3945 0.0080 0.0186 0.1995 
       MOIRA 0.1572 0.0297 0.2003 0.0240 0.0771 0.1487 0.2002 0.0384 0.1243 
    MONTROSE 0.0162 0.0029 0.0035 0.4859 0.0030 0.0051 0.0053 0.2735 0.2046 
       MORAG 0.1043 0.2091 0.2439 0.1837 0.0495 0.0045 0.0026 0.0385 0.1638 
      MORENE 0.0671 0.0092 0.1763 0.0043 0.0921 0.5068 0.0055 0.0033 0.1355 
      MOZART 0.0054 0.1267 0.1117 0.1972 0.0148 0.2757 0.2637 0.0032 0.0017 
 MYATT'S_ASH 0.0133 0.0017 0.1490 0.0017 0.0428 0.0851 0.0092 0.0041 0.6930 
      NADINE 0.0204 0.3066 0.0367 0.0970 0.0117 0.0449 0.1228 0.3543 0.0056 
       NAVAN 0.0138 0.1401 0.0315 0.0728 0.0277 0.0098 0.0282 0.6352 0.0409 
 NDTX_4271_5 0.0032 0.3408 0.0046 0.1348 0.2119 0.0039 0.2156 0.0769 0.0084 
      NICOLA 0.0098 0.0029 0.1629 0.0027 0.0398 0.1442 0.4757 0.0032 0.1588 
     NOVELLA 0.0890 0.1544 0.2498 0.0157 0.0246 0.2714 0.1409 0.0291 0.0251 
     OLYMPUS 0.0267 0.1611 0.0284 0.3696 0.1303 0.0132 0.0645 0.1133 0.0929 
       OPERA 0.0950 0.1011 0.1019 0.1332 0.0767 0.2767 0.1785 0.0305 0.0065 
   ORCHESTRA 0.0126 0.0921 0.1704 0.0492 0.0058 0.2096 0.3089 0.0851 0.0664 
      ORIANA 0.1478 0.0066 0.2475 0.0023 0.1436 0.2729 0.1368 0.0041 0.0383 
     OTHELLO 0.4793 0.2522 0.0066 0.0223 0.0918 0.0046 0.0432 0.0898 0.0101 
     PALADIN 0.0046 0.0036 0.0113 0.1304 0.0500 0.0271 0.0042 0.5978 0.1709 
       PANDA 0.0628 0.0969 0.0787 0.0471 0.0072 0.1512 0.4816 0.0559 0.0187 
   PARAMOUNT 0.3118 0.2771 0.0260 0.0485 0.0141 0.2298 0.0310 0.0036 0.0581 
    PATRONES 0.0278 0.0519 0.1443 0.0071 0.1492 0.2543 0.1364 0.0655 0.1635 
 PENTLAND_AC 0.0609 0.2533 0.2112 0.0058 0.0529 0.0797 0.0531 0.1360 0.1471 
 PENTLAND_BE 0.1303 0.0447 0.1599 0.0025 0.1810 0.0462 0.0030 0.0388 0.3935 
 PENTLAND_CR 0.0868 0.0091 0.3303 0.2726 0.0745 0.1366 0.0040 0.0077 0.0785 
 PENTLAND_DE 0.1031 0.1627 0.1295 0.1948 0.1740 0.0174 0.0051 0.0039 0.2094 
 PENTLAND_IV 0.0399 0.3054 0.1741 0.1059 0.2046 0.0023 0.0936 0.0143 0.0597 
 PENTLAND_JA 0.0653 0.0208 0.2423 0.1511 0.3267 0.1088 0.0096 0.0153 0.0601 
 PENTLAND_MA 0.2364 0.0054 0.3488 0.0153 0.0703 0.1678 0.0548 0.0083 0.0929 
 PENTLAND_SQ 0.0670 0.0660 0.2974 0.2569 0.1059 0.0146 0.0194 0.0047 0.1680 
   PEPO_1978 0.0603 0.0035 0.1470 0.0257 0.0238 0.1747 0.3640 0.0883 0.1127 
     PICASSO 0.5181 0.0395 0.0368 0.0092 0.0443 0.1783 0.0486 0.1230 0.0021 
   PIMPERNEL 0.1079 0.0431 0.0078 0.1082 0.0031 0.4582 0.0979 0.0072 0.1665 
     PIONEER 0.0065 0.0051 0.2299 0.0690 0.0071 0.0038 0.5224 0.0044 0.1518 
       PIXIE 0.1699 0.3190 0.0103 0.1625 0.0075 0.0867 0.0367 0.2033 0.0042 
    PREMIERE 0.0073 0.0043 0.2472 0.0065 0.0658 0.3764 0.0029 0.0676 0.2220 
   PRODUCENT 0.0037 0.0957 0.0995 0.0673 0.0345 0.3560 0.1174 0.1617 0.0643 
     PROVOST 0.1572 0.0474 0.1634 0.1298 0.2260 0.0971 0.0545 0.0071 0.1175 
  R.P.LUSTRE 0.0133 0.1781 0.0819 0.1041 0.0972 0.0074 0.1692 0.1201 0.2285 
 RANGER_RUSS 0.1271 0.0037 0.0546 0.0020 0.4893 0.1004 0.0415 0.0030 0.1786 
       RATTE 0.0034 0.1297 0.0026 0.2576 0.0284 0.0378 0.0846 0.0086 0.4472 
      RECORD 0.0506 0.0337 0.0172 0.0038 0.0077 0.6285 0.0033 0.0064 0.2487 
   REMBRANDT 0.0063 0.0062 0.2902 0.0551 0.0961 0.2275 0.1347 0.0780 0.1061 
    RIO_ROJO 0.0809 0.2098 0.0037 0.1172 0.3064 0.1231 0.1248 0.0085 0.0254 
      ROBIJN 0.0769 0.0055 0.0430 0.0065 0.0279 0.5266 0.0467 0.0033 0.2635 
      ROCKET 0.0104 0.1669 0.0094 0.1349 0.0672 0.0372 0.0043 0.4236 0.1461 
   RODE_STAR 0.0064 0.0873 0.0019 0.0158 0.0014 0.3961 0.1404 0.0043 0.3465 
      ROMANO 0.1788 0.2269 0.0670 0.0671 0.0060 0.3613 0.0770 0.0069 0.0089 
       ROMEO 0.2046 0.2605 0.0125 0.1276 0.0250 0.0126 0.1677 0.0040 0.1854 
     ROOSTER 0.1429 0.0590 0.2107 0.2662 0.0844 0.1100 0.0230 0.0047 0.0991 
       ROYAL 0.0829 0.0170 0.0050 0.0344 0.0092 0.1506 0.3120 0.3096 0.0793 
 ROYAL_KIDNE 0.0087 0.0380 0.1966 0.0025 0.3675 0.0098 0.0018 0.0033 0.3719 
     RUBESSE 0.0426 0.1946 0.1596 0.0639 0.1057 0.1447 0.2235 0.0074 0.0580 
 RUSSET_BURB 0.0207 0.1359 0.0221 0.0386 0.4837 0.1129 0.0729 0.0081 0.1050 
 RUSSET_NORK 0.0057 0.1649 0.0047 0.0443 0.5191 0.0041 0.2136 0.0092 0.0343 
      SAFARI 0.0581 0.1801 0.2943 0.0702 0.0071 0.3515 0.0242 0.0067 0.0078 
     SANTANA 0.0519 0.0646 0.0218 0.0646 0.2028 0.3721 0.0753 0.0980 0.0489 
       SANTE 0.0049 0.2237 0.1882 0.0946 0.0025 0.3631 0.0134 0.0342 0.0754 
     SAPHIRE 0.0147 0.0521 0.2000 0.1196 0.2159 0.3308 0.0408 0.0228 0.0032 
  SARPO_MIRA 0.0458 0.2300 0.0019 0.0060 0.0140 0.2606 0.2811 0.0222 0.1384 
 SARPO_SHONA 0.0594 0.2074 0.0058 0.0169 0.0060 0.3423 0.2715 0.0186 0.0722 
       SASSY 0.0353 0.1124 0.0248 0.0382 0.1270 0.2958 0.1071 0.0653 0.1941 
     SATURNA 0.0155 0.0106 0.0062 0.0130 0.0059 0.4362 0.2332 0.0358 0.2435 
        SAVA 0.0065 0.1661 0.1835 0.0057 0.0675 0.1059 0.3246 0.1034 0.0366 
       SAXON 0.0202 0.0510 0.1698 0.1852 0.0033 0.0072 0.0142 0.4383 0.1108 
 SCARBOROUGH 0.0027 0.0326 0.0081 0.4861 0.0040 0.0033 0.0075 0.4340 0.0217 
 SEFTON_WOND 0.0144 0.1162 0.1141 0.0661 0.2088 0.0045 0.0026 0.0703 0.4030 
    SERAFINA 0.0576 0.1516 0.0556 0.0939 0.0088 0.2196 0.3020 0.0025 0.1085 
     SETANTA 0.1221 0.0711 0.0526 0.5189 0.0684 0.1231 0.0178 0.0108 0.0152 
 SHARPE'S_EX 0.0148 0.0828 0.0228 0.0038 0.0710 0.0621 0.0758 0.0941 0.5729 
     SHELAGH 0.2266 0.0813 0.0988 0.0900 0.0084 0.1164 0.0256 0.1029 0.2499 
    SHELFORD 0.2281 0.0071 0.0020 0.0037 0.1441 0.2141 0.2653 0.0142 0.1214 
     SHEPODY 0.1738 0.0029 0.0601 0.0055 0.3992 0.2181 0.0019 0.0079 0.1307 
      SLANEY 0.3026 0.2068 0.1207 0.0573 0.0075 0.0035 0.0885 0.2061 0.0072 
        SPEY 0.3420 0.2291 0.1508 0.0552 0.0032 0.0084 0.0179 0.1911 0.0024 
      SPUNTA 0.1240 0.1494 0.0050 0.1417 0.0486 0.0896 0.2417 0.0139 0.1860 
     STAMINA 0.1434 0.1496 0.0223 0.0148 0.0375 0.0167 0.0062 0.6075 0.0019 
    STEMSTER 0.0647 0.0869 0.0236 0.0178 0.0253 0.2049 0.1305 0.3039 0.1424 
 STORMONT_EN 0.0875 0.1599 0.0191 0.0110 0.0713 0.3209 0.0085 0.1648 0.1571 
    STIRLING 0.2502 0.0823 0.2800 0.2267 0.0940 0.0172 0.0159 0.0269 0.0068 
     SYLVANA 0.0679 0.1124 0.1019 0.0253 0.1905 0.2209 0.1598 0.0860 0.0353 
         TAY 0.1801 0.0941 0.0530 0.4935 0.0121 0.0094 0.0277 0.1256 0.0044 
      TIMATE 0.0057 0.0540 0.0265 0.0731 0.0756 0.3224 0.3328 0.0827 0.0272 
      TOLUCA 0.1845 0.0129 0.1810 0.0127 0.0681 0.1965 0.3099 0.0036 0.0308 
    TORRIDON 0.2578 0.0064 0.2099 0.0936 0.0329 0.2137 0.0845 0.0162 0.0850 
 ULSTER_SCEP 0.0082 0.1863 0.2714 0.0121 0.1578 0.0136 0.0039 0.2876 0.0592 
 UMATILLA_RU 0.0383 0.0249 0.0598 0.1156 0.0147 0.1026 0.0346 0.2514 0.3580 
 VALES_EMERA 0.0223 0.1800 0.0277 0.1753 0.0414 0.0140 0.3179 0.1284 0.0931 
 VALES_EVERE 0.2700 0.1518 0.1006 0.2874 0.0158 0.0058 0.0039 0.0510 0.1136 
 VALES_RUSSE 0.0283 0.0141 0.0341 0.1129 0.4263 0.0623 0.1285 0.0081 0.1855 
 VALES_SOVER 0.5944 0.0106 0.0027 0.1015 0.0114 0.0216 0.0098 0.2460 0.0020 
       VALOR 0.3145 0.2243 0.0401 0.1350 0.0041 0.0442 0.0029 0.2326 0.0022 
    VAN_GOGH 0.0051 0.0510 0.2017 0.0506 0.0101 0.3760 0.1043 0.0712 0.1299 
     VANTAGE 0.0339 0.0403 0.0101 0.0028 0.1902 0.4368 0.0036 0.0364 0.2459 
       VERDI 0.0993 0.0045 0.0441 0.0526 0.0299 0.2528 0.2682 0.0735 0.1750 
    VICTORIA 0.0162 0.0201 0.3272 0.0330 0.1676 0.1964 0.1925 0.0184 0.0285 
     VIVALDI 0.1152 0.0044 0.2796 0.0037 0.1666 0.3117 0.1012 0.0036 0.0139 
       WILJA 0.0690 0.0031 0.1505 0.0017 0.0901 0.4911 0.0015 0.0452 0.1478 
     WINSTON 0.0577 0.4121 0.0298 0.0534 0.0122 0.0142 0.0549 0.3623 0.0033 
      XD2-21 0.0954 0.2646 0.1239 0.0323 0.1587 0.0905 0.0060 0.0592 0.1693 
  YUKON_GOLD 0.0085 0.1167 0.0125 0.2514 0.2963 0.0701 0.1990 0.0430 0.0025 
       ZORBA 0.1041 0.0034 0.3372 0.0111 0.1559 0.2276 0.0183 0.0116 0.1308 
