  00C133-020 0.0957 0.0135 0.5099 0.3634 0.0175 
 01C_071-002 0.0776 0.3023 0.2080 0.2581 0.1540 
 02M_012-001 0.1052 0.0970 0.6178 0.0388 0.1413 
 03M_016-002 0.0451 0.0405 0.3742 0.0995 0.4406 
 03M_034-002 0.0234 0.0430 0.5324 0.2128 0.1884 
 04C_055-004 0.3006 0.1172 0.4821 0.0340 0.0660 
 04C_126-005 0.1095 0.1178 0.3096 0.3697 0.0934 
 04M_034-013 0.1242 0.0888 0.4756 0.0435 0.2679 
 05M_002-001 0.2149 0.3674 0.1414 0.1408 0.1354 
 05M_004-003 0.1461 0.3608 0.1983 0.2859 0.0088 
 05M_012-004 0.1542 0.2138 0.1903 0.3537 0.0880 
 06C_127-002 0.4594 0.0083 0.3227 0.1695 0.0401 
 12288_AF_23 0.2469 0.0357 0.4328 0.2698 0.0148 
    12601AB1 0.0511 0.0117 0.4747 0.0242 0.4382 
   12636_A_2 0.0414 0.0098 0.4937 0.2366 0.2185 
  15119_AC_5 0.0025 0.0305 0.2403 0.5326 0.1941 
     1512C16 0.2259 0.1021 0.0126 0.3378 0.3215 
   15144_A_3 0.2762 0.0849 0.0334 0.5713 0.0342 
     1563C14 0.2211 0.2712 0.0294 0.0378 0.4405 
     2182EF7 0.2240 0.0586 0.0893 0.4986 0.1295 
     3681AD1 0.1062 0.3741 0.0971 0.3694 0.0532 
     5008AB6 0.2809 0.2695 0.0620 0.2958 0.0918 
    8204_A_4 0.3273 0.0230 0.1796 0.4222 0.0479 
       AGRIA 0.3480 0.5173 0.0816 0.0083 0.0447 
       AILSA 0.2743 0.0069 0.5639 0.0262 0.1287 
      ALMERA 0.2421 0.4553 0.0639 0.1774 0.0613 
       ALPHA 0.1590 0.4231 0.0613 0.1278 0.2289 
      ALWARA 0.2787 0.3629 0.0499 0.2773 0.0312 
      AMADRA 0.2736 0.3343 0.2264 0.0262 0.1395 
       AMOUR 0.0767 0.0214 0.4162 0.4440 0.0416 
        ANNA 0.0057 0.0169 0.0239 0.7917 0.1619 
   ANNABELLE 0.4286 0.4696 0.0129 0.0596 0.0293 
        ANYA 0.4956 0.1745 0.0480 0.0627 0.2192 
       ARGOS 0.0456 0.1266 0.2386 0.5775 0.0117 
     ARIELLE 0.3199 0.4168 0.0210 0.1259 0.1164 
      ARKULA 0.2084 0.4468 0.0151 0.2014 0.1283 
      ARMADA 0.1898 0.3861 0.1144 0.1776 0.1320 
   AVALANCHE 0.0109 0.2736 0.4458 0.2246 0.0450 
     BAILLIE 0.1068 0.1734 0.4909 0.2120 0.0168 
    BALMORAL 0.0176 0.2368 0.0275 0.6247 0.0934 
     BAMBINO 0.1236 0.0774 0.5047 0.2786 0.0157 
       BARNA 0.3230 0.1054 0.1105 0.4136 0.0476 
 BELLE_DE_FO 0.0074 0.0701 0.0039 0.0584 0.8601 
       BENOL 0.0733 0.0929 0.6108 0.0574 0.1656 
       BF_15 0.0540 0.2192 0.0054 0.0282 0.6932 
      BINTJE 0.1226 0.2562 0.0764 0.1769 0.3678 
 BIONICA_EX_ 0.1853 0.2777 0.1365 0.2646 0.1360 
 BLUE_DANUBE 0.0076 0.5605 0.0156 0.2681 0.1483 
      BONNIE 0.2577 0.1768 0.2530 0.2795 0.0329 
      BOUNTY 0.1077 0.0913 0.4595 0.3206 0.0208 
 BRITISH_QUE 0.0053 0.2060 0.0088 0.2846 0.4953 
     BRODICK 0.3105 0.0090 0.5539 0.1177 0.0088 
      BRODIE 0.1614 0.0056 0.0797 0.6021 0.1512 
      BUCHAN 0.2812 0.0040 0.1330 0.4876 0.0941 
      BURREN 0.1983 0.1640 0.0965 0.4415 0.0997 
     CABARET 0.0172 0.0118 0.5251 0.1489 0.2971 
      CAESAR 0.4038 0.3848 0.0445 0.1625 0.0044 
        CARA 0.0894 0.0174 0.1496 0.6954 0.0482 
 CARLINGFORD 0.3480 0.0321 0.1088 0.4016 0.1095 
  CASABLANCA 0.0089 0.2298 0.3188 0.4385 0.0040 
      CELINE 0.1101 0.4137 0.1162 0.2969 0.0630 
  CHALLENGER 0.2634 0.3254 0.2091 0.0496 0.1525 
   CHARLOTTE 0.6603 0.0845 0.1420 0.0086 0.1046 
     CHICAGO 0.1494 0.2710 0.5294 0.0154 0.0348 
   CHIEFTAIN 0.4712 0.0096 0.0287 0.2748 0.2157 
      CHOPIN 0.2786 0.4040 0.0309 0.2088 0.0776 
      CLARET 0.1967 0.0280 0.1217 0.6114 0.0422 
      CORINE 0.0117 0.3238 0.1926 0.3561 0.1158 
      COSMOS 0.1216 0.4662 0.1235 0.1881 0.1006 
     COURAGE 0.2293 0.3537 0.0766 0.2258 0.1145 
     COURLAN 0.3516 0.1401 0.1058 0.2588 0.1437 
 CRAIGS_ROYA 0.1682 0.0057 0.2119 0.4803 0.1339 
 CRAIGS_SNOW 0.1209 0.0863 0.1532 0.2487 0.3910 
     CRAMOND 0.1559 0.0933 0.4957 0.2357 0.0194 
 CRISPS_FOR_ 0.3657 0.3082 0.1134 0.1354 0.0772 
    CROMWELL 0.0084 0.1154 0.6669 0.0174 0.1919 
       D22/1 0.0053 0.0564 0.5173 0.2181 0.2029 
       D23/3 0.0856 0.0693 0.3851 0.1200 0.3400 
      D47-11 0.0038 0.0599 0.6989 0.0137 0.2236 
       D49/1 0.0187 0.0578 0.7724 0.0036 0.1475 
       DAISY 0.1184 0.1994 0.4860 0.0135 0.1827 
 DARK_RED_NO 0.3421 0.0698 0.0316 0.3151 0.2415 
     DARWINA 0.1549 0.4537 0.1058 0.1457 0.1400 
     DESIREE 0.3731 0.2557 0.0042 0.2211 0.1458 
       DITTA 0.3257 0.4216 0.0182 0.0719 0.1627 
 DR._MCINTOS 0.2510 0.0283 0.0477 0.4812 0.1918 
       DRAGA 0.1643 0.3004 0.1582 0.3369 0.0402 
 DUKE_OF_YOR 0.0141 0.2909 0.0034 0.2236 0.4680 
 DUNBAR_STAN 0.1059 0.0146 0.1495 0.3023 0.4277 
     DUNDROD 0.1923 0.0299 0.4951 0.0978 0.1849 
     ECLIPSE 0.3617 0.0085 0.0553 0.0551 0.5194 
        EDEN 0.0264 0.0123 0.7095 0.0362 0.2155 
 EDZELL_BLUE 0.1376 0.2417 0.0794 0.1922 0.3491 
   ELISABETH 0.5488 0.2465 0.1613 0.0339 0.0096 
     EMPEROR 0.3673 0.1737 0.1977 0.1663 0.0950 
         EOS 0.4330 0.1321 0.2794 0.1143 0.0412 
     EPICURE 0.2851 0.0629 0.0121 0.1841 0.4559 
  ERNTESTOLZ 0.1902 0.3279 0.0403 0.1645 0.2771 
      ESCORT 0.3497 0.3864 0.1769 0.0792 0.0079 
   ESMERALDA 0.2593 0.3148 0.1687 0.1188 0.1384 
      ESTIMA 0.2692 0.3415 0.1521 0.1063 0.1309 
 EVE_BALFOUR 0.0992 0.0252 0.1979 0.4393 0.2384 
   EXCALIBUR 0.1024 0.0197 0.4926 0.3816 0.0037 
     EXQUISA 0.4244 0.3836 0.0092 0.0484 0.1343 
    FESTIVAL 0.3652 0.4042 0.1504 0.0717 0.0086 
      FIANNA 0.1783 0.3509 0.0468 0.3812 0.0429 
   FIFTYFOLD 0.1628 0.0818 0.0915 0.0917 0.5722 
     FONTANE 0.2592 0.4322 0.2076 0.0521 0.0489 
   FORTYFOLD 0.0055 0.3138 0.0046 0.1031 0.5731 
 FRONTIER_RU 0.3509 0.0773 0.0931 0.1902 0.2885 
     G.81071 0.2393 0.1089 0.1728 0.3467 0.1323 
     G.88661 0.3620 0.0804 0.2293 0.2964 0.0319 
    G.886611 0.4900 0.0075 0.2181 0.2708 0.0136 
  G.8867Y%12 0.4690 0.0314 0.0628 0.4097 0.0270 
     G.88839 0.5160 0.4621 0.0084 0.0059 0.0075 
     G.88842 0.3389 0.3871 0.0139 0.2419 0.0181 
   GALACTICA 0.0054 0.3781 0.0081 0.4469 0.1615 
      GEMSON 0.1946 0.0238 0.1197 0.4395 0.2224 
  GL.76B/102 0.1968 0.2637 0.1744 0.0130 0.3522 
   GL.76B/94 0.0129 0.3600 0.0060 0.1196 0.5014 
  GL.77M/106 0.3002 0.0094 0.2883 0.2284 0.1737 
   GL.78/166 0.0080 0.2815 0.0499 0.0675 0.5932 
    GL.78/53 0.2024 0.0312 0.2494 0.0068 0.5101 
    GL.78/97 0.1062 0.1876 0.1545 0.0156 0.5361 
    GL.79/42 0.2209 0.0952 0.1844 0.0034 0.4961 
    GL.79/45 0.1990 0.1095 0.1460 0.0181 0.5274 
 GL.81_NT_25 0.0033 0.1107 0.5369 0.0265 0.3227 
   GLADIATOR 0.3766 0.2536 0.1218 0.2310 0.0170 
      GLAMIS 0.2379 0.1257 0.4375 0.1448 0.0541 
 GOLDEN_MILL 0.1911 0.0220 0.5253 0.1740 0.0877 
 GOLDEN_NUGG 0.1656 0.3738 0.1311 0.3154 0.0141 
 GOLDEN_WOND 0.1546 0.1538 0.0529 0.0507 0.5880 
     GRANOLA 0.5637 0.2204 0.1383 0.0100 0.0676 
    H1H3_101 0.0027 0.0087 0.6768 0.0054 0.3064 
      H1H3_3 0.0702 0.0627 0.4504 0.2040 0.2128 
 HARBOROUGH_ 0.1674 0.0115 0.7242 0.0880 0.0088 
   HARLEQUIN 0.5338 0.1355 0.1624 0.0168 0.1516 
      HERMES 0.2184 0.4013 0.0682 0.1900 0.1222 
 HIGHLAND_BU 0.0047 0.1734 0.0222 0.0160 0.7836 
  HOME_GUARD 0.1877 0.0174 0.1842 0.3034 0.3073 
     HORIZON 0.0674 0.4747 0.1091 0.1302 0.2187 
   INNOVATOR 0.0065 0.2974 0.0053 0.3901 0.3007 
 INTERNATION 0.0039 0.1208 0.0056 0.0136 0.8562 
 ISLE_OF_JUR 0.1338 0.0934 0.4523 0.1982 0.1224 
    JULIETTE 0.5787 0.3587 0.0317 0.0079 0.0230 
     KARLENA 0.0125 0.3397 0.0312 0.3717 0.2449 
 KERR'S_PINK 0.1026 0.0174 0.0922 0.2338 0.5540 
     KESTREL 0.2290 0.0051 0.3791 0.3795 0.0073 
       KIFLI 0.4809 0.2448 0.1435 0.0050 0.1258 
 KING_EDWARD 0.1444 0.0141 0.0633 0.0055 0.7727 
    KINGSTON 0.0888 0.1099 0.5213 0.1219 0.1582 
 KUFRI_CHAND 0.1966 0.1572 0.0823 0.2955 0.2685 
 KUFRI_JYOTI 0.2208 0.2023 0.0516 0.3831 0.1422 
      KURODA 0.1423 0.5274 0.0370 0.2632 0.0301 
 LADY_BALFOU 0.1171 0.0416 0.1974 0.4676 0.1763 
 LADY_CHRIST 0.0761 0.4581 0.1045 0.0893 0.2720 
 LADY_CLAIRE 0.0053 0.7592 0.0114 0.0494 0.1747 
     LADY_JO 0.0027 0.6076 0.0193 0.0947 0.2756 
 LADY_ROSETT 0.2063 0.3569 0.1574 0.1473 0.1322 
    LIBERTAS 0.0028 0.5770 0.0072 0.1508 0.2621 
       LINDA 0.5315 0.2721 0.0081 0.0055 0.1828 
      LINTON 0.2427 0.2864 0.1817 0.2042 0.0850 
 LINZER_DELI 0.4371 0.3285 0.0373 0.0190 0.1782 
   LIONHEART 0.1658 0.4528 0.0658 0.2424 0.0732 
   MADELEINE 0.4095 0.4001 0.1008 0.0402 0.0493 
   MADINGLEY 0.3251 0.3142 0.1622 0.1586 0.0400 
    MAJESTIC 0.2663 0.0451 0.0220 0.4485 0.2180 
     MARABEL 0.3532 0.5015 0.0172 0.1180 0.0101 
     MARFONA 0.0301 0.4797 0.1168 0.1960 0.1773 
     MARILYN 0.3885 0.3522 0.0378 0.1429 0.0786 
 MARIS_ANCHO 0.2480 0.2992 0.0742 0.1544 0.2242 
  MARIS_BARD 0.0036 0.2105 0.2345 0.3556 0.1958 
  MARIS_PEER 0.1987 0.0171 0.1552 0.3807 0.2484 
 MARIS_PIPER 0.0060 0.0464 0.8277 0.0063 0.1136 
     MARKIES 0.3039 0.5181 0.0323 0.0388 0.1070 
      MAXINE 0.2089 0.0180 0.4081 0.2778 0.0872 
      MEGARA 0.3005 0.5338 0.0869 0.0368 0.0420 
      MELODY 0.1641 0.4268 0.1104 0.1593 0.1394 
       MIDAS 0.1493 0.2480 0.5102 0.0053 0.0872 
       MILVA 0.3559 0.4078 0.0260 0.0446 0.1657 
        MIMI 0.0952 0.2841 0.3580 0.1910 0.0717 
        MIRA 0.0085 0.5944 0.0108 0.1796 0.2068 
       MOIRA 0.2573 0.2931 0.0544 0.2423 0.1529 
    MONTROSE 0.1137 0.0071 0.6159 0.0276 0.2357 
       MORAG 0.1516 0.0107 0.1718 0.4182 0.2478 
      MORENE 0.0118 0.5822 0.0041 0.2332 0.1686 
      MOZART 0.5014 0.3427 0.0837 0.0694 0.0028 
 MYATT'S_ASH 0.0053 0.2521 0.0045 0.0143 0.7239 
      NADINE 0.3256 0.0542 0.4561 0.1542 0.0099 
       NAVAN 0.0857 0.0202 0.6917 0.1464 0.0560 
 NDTX_4271_5 0.5655 0.0053 0.2174 0.1222 0.0897 
      NICOLA 0.4079 0.4274 0.0043 0.0049 0.1555 
     NOVELLA 0.2596 0.3816 0.0428 0.2769 0.0391 
     OLYMPUS 0.3213 0.0078 0.3366 0.1855 0.1489 
       OPERA 0.2753 0.3746 0.1446 0.1893 0.0163 
   ORCHESTRA 0.3571 0.4070 0.1575 0.0229 0.0556 
      ORIANA 0.1494 0.4479 0.0042 0.2947 0.1039 
     OTHELLO 0.2192 0.0053 0.1584 0.5903 0.0269 
     PALADIN 0.0058 0.0612 0.6797 0.0335 0.2198 
       PANDA 0.5350 0.3268 0.1114 0.0124 0.0144 
   PARAMOUNT 0.2375 0.1967 0.0236 0.4850 0.0573 
    PATRONES 0.1620 0.3712 0.0654 0.1716 0.2298 
 PENTLAND_AC 0.2186 0.1458 0.1536 0.2827 0.1993 
 PENTLAND_BE 0.0092 0.1345 0.0126 0.3409 0.5028 
 PENTLAND_CR 0.1217 0.2426 0.1485 0.3613 0.1259 
 PENTLAND_DE 0.2193 0.0165 0.0571 0.3937 0.3133 
 PENTLAND_IV 0.3978 0.0047 0.0813 0.3542 0.1620 
 PENTLAND_JA 0.1506 0.1910 0.0674 0.3847 0.2063 
 PENTLAND_MA 0.1060 0.3424 0.0086 0.4195 0.1236 
 PENTLAND_SQ 0.2183 0.0960 0.1154 0.3369 0.2334 
   PEPO_1978 0.3394 0.4094 0.1166 0.0260 0.1086 
     PICASSO 0.0497 0.2477 0.1439 0.5546 0.0041 
   PIMPERNEL 0.1595 0.4994 0.0892 0.0964 0.1555 
     PIONEER 0.6067 0.2235 0.0224 0.0056 0.1418 
       PIXIE 0.2824 0.0259 0.3752 0.3106 0.0060 
    PREMIERE 0.0059 0.4896 0.0511 0.1819 0.2715 
   PRODUCENT 0.1782 0.4512 0.2364 0.0440 0.0901 
     PROVOST 0.2097 0.1613 0.0417 0.3806 0.2066 
  R.P.LUSTRE 0.3811 0.0210 0.2052 0.1115 0.2813 
 RANGER_RUSS 0.0394 0.2013 0.0024 0.3798 0.3770 
       RATTE 0.2669 0.0523 0.1915 0.0096 0.4797 
      RECORD 0.0062 0.6225 0.0097 0.1176 0.2441 
   REMBRANDT 0.1486 0.4585 0.1344 0.1024 0.1560 
    RIO_ROJO 0.3686 0.0918 0.0681 0.3082 0.1632 
      ROBIJN 0.0214 0.6023 0.0068 0.0940 0.2755 
      ROCKET 0.0818 0.0189 0.5254 0.1699 0.2041 
   RODE_STAR 0.1800 0.4460 0.0490 0.0049 0.3200 
      ROMANO 0.2775 0.3348 0.0474 0.3259 0.0143 
       ROMEO 0.4129 0.0175 0.0640 0.2962 0.2094 
     ROOSTER 0.2267 0.1523 0.1062 0.3581 0.1566 
       ROYAL 0.2597 0.2912 0.3640 0.0103 0.0749 
 ROYAL_KIDNE 0.0140 0.0861 0.0037 0.3303 0.5659 
     RUBESSE 0.4009 0.2425 0.0415 0.2024 0.1127 
 RUSSET_BURB 0.2224 0.1234 0.0140 0.3417 0.2986 
 RUSSET_NORK 0.4423 0.0086 0.0317 0.2502 0.2672 
      SAFARI 0.2016 0.4254 0.0367 0.3258 0.0106 
     SANTANA 0.1219 0.4174 0.1472 0.1903 0.1233 
       SANTE 0.1834 0.4418 0.1955 0.1132 0.0662 
     SAPHIRE 0.1752 0.4202 0.1005 0.2765 0.0276 
  SARPO_MIRA 0.3988 0.3345 0.0877 0.0363 0.1427 
 SARPO_SHONA 0.3808 0.4141 0.0862 0.0611 0.0578 
       SASSY 0.1858 0.3284 0.1033 0.1342 0.2484 
     SATURNA 0.1842 0.5395 0.0490 0.0045 0.2228 
        SAVA 0.4301 0.3095 0.1285 0.0654 0.0665 
       SAXON 0.1246 0.0392 0.5687 0.1480 0.1195 
 SCARBOROUGH 0.1641 0.0052 0.7573 0.0319 0.0415 
 SEFTON_WOND 0.0608 0.0153 0.1535 0.2373 0.5330 
    SERAFINA 0.4885 0.3096 0.0185 0.0652 0.1182 
     SETANTA 0.3153 0.0385 0.3144 0.2799 0.0519 
 SHARPE'S_EX 0.1142 0.1427 0.1018 0.0330 0.6084 
     SHELAGH 0.1174 0.1643 0.1865 0.2772 0.2545 
    SHELFORD 0.2287 0.3586 0.0325 0.1901 0.1902 
     SHEPODY 0.0038 0.2340 0.0056 0.4621 0.2944 
      SLANEY 0.2468 0.0108 0.2989 0.4332 0.0102 
        SPEY 0.1734 0.0279 0.2945 0.4999 0.0043 
      SPUNTA 0.4046 0.1235 0.1347 0.1292 0.2079 
     STAMINA 0.0174 0.0485 0.6212 0.3082 0.0046 
    STEMSTER 0.1467 0.2731 0.3308 0.0951 0.1543 
 STORMONT_EN 0.0792 0.2979 0.1815 0.2477 0.1937 
    STIRLING 0.2615 0.0616 0.1741 0.4857 0.0170 
     SYLVANA 0.2658 0.2823 0.0971 0.2398 0.1150 
         TAY 0.2725 0.0067 0.4331 0.2796 0.0081 
      TIMATE 0.3867 0.4296 0.1370 0.0075 0.0392 
      TOLUCA 0.3671 0.3769 0.0079 0.2049 0.0431 
    TORRIDON 0.1317 0.3460 0.0762 0.3458 0.1003 
 ULSTER_SCEP 0.0951 0.0637 0.2975 0.3681 0.1755 
 UMATILLA_RU 0.0410 0.1944 0.3386 0.0690 0.3570 
 VALES_EMERA 0.5139 0.0491 0.2629 0.0697 0.1045 
 VALES_EVERE 0.1526 0.0092 0.2806 0.4256 0.1319 
 VALES_RUSSE 0.2373 0.1316 0.0333 0.2360 0.3618 
 VALES_SOVER 0.0223 0.0321 0.3496 0.5921 0.0039 
       VALOR 0.0906 0.0320 0.3860 0.4880 0.0034 
    VAN_GOGH 0.1672 0.5094 0.1168 0.0734 0.1332 
     VANTAGE 0.0055 0.4460 0.0143 0.1928 0.3413 
       VERDI 0.2193 0.4278 0.1279 0.0523 0.1728 
    VICTORIA 0.2470 0.4284 0.0388 0.1793 0.1065 
     VIVALDI 0.1763 0.4533 0.0038 0.2996 0.0671 
       WILJA 0.0021 0.5609 0.0095 0.2407 0.1868 
     WINSTON 0.2970 0.0071 0.4424 0.2482 0.0053 
      XD2-21 0.1985 0.0663 0.1004 0.3730 0.2618 
  YUKON_GOLD 0.4675 0.0976 0.2404 0.1710 0.0235 
       ZORBA 0.0213 0.4353 0.0121 0.3318 0.1995 
