  00C133-020 0.1768 0.3688 0.0101 0.0068 0.1848 0.0160 0.0047 0.2319 
 01C_071-002 0.0024 0.1684 0.1366 0.0522 0.0456 0.1563 0.1495 0.2890 
 02M_012-001 0.0175 0.4585 0.1374 0.0030 0.2251 0.0216 0.0739 0.0628 
 03M_016-002 0.0039 0.3783 0.3336 0.1995 0.0153 0.0039 0.0450 0.0205 
 03M_034-002 0.0208 0.3391 0.1636 0.0066 0.3202 0.0700 0.0022 0.0776 
 04C_055-004 0.1748 0.4301 0.0511 0.0340 0.0468 0.0314 0.2216 0.0101 
 04C_126-005 0.0721 0.1890 0.0962 0.0106 0.2128 0.1125 0.0136 0.2934 
 04M_034-013 0.0361 0.3985 0.2102 0.1267 0.1299 0.0368 0.0547 0.0072 
 05M_002-001 0.0117 0.1231 0.0963 0.1765 0.0637 0.2490 0.2153 0.0644 
 05M_004-003 0.0215 0.1216 0.0051 0.1103 0.1551 0.3049 0.1018 0.1798 
 05M_012-004 0.1188 0.0652 0.0365 0.1815 0.2267 0.2517 0.0052 0.1145 
 06C_127-002 0.1270 0.1033 0.0231 0.0968 0.3794 0.0062 0.1976 0.0667 
 12288_AF_23 0.3933 0.3240 0.0084 0.0291 0.1062 0.0541 0.0297 0.0552 
    12601AB1 0.0019 0.1629 0.3958 0.0022 0.4264 0.0041 0.0026 0.0040 
   12636_A_2 0.0869 0.3200 0.1659 0.0335 0.3126 0.0070 0.0032 0.0710 
  15119_AC_5 0.0108 0.2723 0.1731 0.0105 0.0026 0.0124 0.0015 0.5168 
     1512C16 0.1843 0.0047 0.2530 0.2638 0.0769 0.0923 0.0273 0.0977 
   15144_A_3 0.1376 0.0054 0.0545 0.0032 0.0056 0.0050 0.1888 0.6000 
     1563C14 0.1216 0.0141 0.4497 0.0402 0.0047 0.1746 0.1727 0.0224 
     2182EF7 0.0221 0.0115 0.0538 0.2930 0.2276 0.0664 0.0213 0.3042 
     3681AD1 0.0084 0.0348 0.0488 0.0967 0.1283 0.3454 0.0419 0.2956 
     5008AB6 0.0234 0.0034 0.1099 0.0129 0.2200 0.2498 0.1374 0.2432 
    8204_A_4 0.1335 0.0180 0.0231 0.1457 0.2947 0.0667 0.0473 0.2709 
       AGRIA 0.0035 0.0304 0.0217 0.1529 0.0816 0.3366 0.3691 0.0042 
       AILSA 0.0715 0.4269 0.0793 0.0365 0.2230 0.0034 0.1514 0.0081 
      ALMERA 0.0081 0.0933 0.0110 0.2477 0.0051 0.3167 0.2689 0.0491 
       ALPHA 0.1511 0.0220 0.2433 0.0668 0.0192 0.4272 0.0547 0.0157 
      ALWARA 0.1801 0.0270 0.0545 0.0160 0.0101 0.2716 0.2094 0.2315 
      AMADRA 0.0803 0.1519 0.1492 0.0242 0.0935 0.2811 0.2056 0.0142 
       AMOUR 0.0738 0.3119 0.0252 0.0134 0.1161 0.0093 0.0166 0.4337 
        ANNA 0.0067 0.0065 0.1311 0.0595 0.0703 0.0111 0.0019 0.7127 
   ANNABELLE 0.0074 0.0091 0.0238 0.1250 0.0536 0.3742 0.3799 0.0271 
        ANYA 0.1642 0.0067 0.2198 0.0632 0.1076 0.0782 0.3295 0.0307 
       ARGOS 0.1869 0.2326 0.0051 0.0488 0.0037 0.0375 0.0335 0.4520 
     ARIELLE 0.0518 0.0298 0.0958 0.1422 0.0028 0.2628 0.3231 0.0917 
      ARKULA 0.1813 0.0077 0.1372 0.0846 0.0218 0.4741 0.0697 0.0236 
      ARMADA 0.1334 0.1233 0.1197 0.1042 0.0066 0.3819 0.1025 0.0283 
   AVALANCHE 0.0316 0.4467 0.0068 0.1628 0.0204 0.2133 0.0235 0.0949 
     BAILLIE 0.0648 0.4477 0.0067 0.0796 0.0778 0.1190 0.0763 0.1281 
    BALMORAL 0.0173 0.0267 0.0315 0.2591 0.0232 0.1981 0.0048 0.4393 
     BAMBINO 0.1359 0.4214 0.0108 0.0174 0.1136 0.0434 0.0563 0.2012 
       BARNA 0.2967 0.0363 0.0743 0.0151 0.0179 0.1095 0.1254 0.3250 
 BELLE_DE_FO 0.0343 0.0034 0.8468 0.0303 0.0022 0.0196 0.0070 0.0564 
       BENOL 0.0020 0.4016 0.1361 0.0112 0.3683 0.0393 0.0252 0.0161 
       BF_15 0.0110 0.0036 0.7000 0.0092 0.0053 0.1439 0.0754 0.0517 
      BINTJE 0.1096 0.0694 0.3232 0.1729 0.0139 0.2125 0.0515 0.0470 
 BIONICA_EX_ 0.0092 0.0195 0.1220 0.1139 0.2829 0.2825 0.0357 0.1343 
 BLUE_DANUBE 0.0048 0.0235 0.1399 0.1645 0.0059 0.4960 0.0102 0.1553 
      BONNIE 0.2040 0.1405 0.0254 0.0685 0.1428 0.2038 0.0833 0.1318 
      BOUNTY 0.1888 0.3637 0.0104 0.0146 0.1182 0.0933 0.0180 0.1930 
 BRITISH_QUE 0.0044 0.0527 0.3699 0.4132 0.0016 0.1097 0.0038 0.0447 
     BRODICK 0.0197 0.2292 0.0091 0.0287 0.5994 0.0250 0.0603 0.0285 
      BRODIE 0.2391 0.0107 0.1124 0.1393 0.0739 0.0053 0.0048 0.4145 
      BUCHAN 0.2688 0.0367 0.0869 0.0828 0.0861 0.0030 0.0726 0.3631 
      BURREN 0.0786 0.0330 0.1212 0.0220 0.0574 0.0788 0.1469 0.4620 
     CABARET 0.1160 0.4718 0.2354 0.0271 0.1183 0.0086 0.0037 0.0192 
      CAESAR 0.1380 0.0056 0.0025 0.0885 0.1219 0.3593 0.2418 0.0423 
        CARA 0.1612 0.0503 0.0577 0.0059 0.0441 0.0093 0.0067 0.6648 
 CARLINGFORD 0.2380 0.0584 0.0321 0.3007 0.1173 0.0329 0.1094 0.1112 
  CASABLANCA 0.0041 0.2660 0.0021 0.1395 0.1014 0.1988 0.0045 0.2836 
      CELINE 0.2650 0.0251 0.0792 0.0168 0.0766 0.4502 0.0060 0.0811 
  CHALLENGER 0.0734 0.1424 0.0943 0.1752 0.0844 0.2498 0.1776 0.0029 
   CHARLOTTE 0.1237 0.0098 0.1427 0.0043 0.2250 0.0137 0.4712 0.0095 
     CHICAGO 0.0070 0.4527 0.0333 0.0054 0.1146 0.1774 0.1858 0.0237 
   CHIEFTAIN 0.2676 0.0070 0.1123 0.3099 0.1069 0.0058 0.1795 0.0110 
      CHOPIN 0.0451 0.0120 0.0234 0.2549 0.0882 0.3768 0.1656 0.0340 
      CLARET 0.1849 0.0641 0.0581 0.0209 0.0129 0.0091 0.0779 0.5721 
      CORINE 0.0044 0.1387 0.0670 0.1755 0.1477 0.2614 0.0057 0.1996 
      COSMOS 0.0600 0.1137 0.0515 0.2210 0.0330 0.4541 0.0556 0.0111 
     COURAGE 0.2386 0.0214 0.1125 0.1216 0.0576 0.3730 0.0509 0.0243 
     COURLAN 0.1162 0.0503 0.0835 0.2383 0.0840 0.0282 0.2597 0.1399 
 CRAIGS_ROYA 0.2872 0.1478 0.0865 0.1557 0.0306 0.0036 0.0057 0.2831 
 CRAIGS_SNOW 0.1254 0.1767 0.2939 0.2850 0.0047 0.0159 0.0500 0.0484 
     CRAMOND 0.0582 0.3010 0.0050 0.0826 0.3702 0.1386 0.0066 0.0378 
 CRISPS_FOR_ 0.2486 0.0384 0.0727 0.0894 0.0544 0.2961 0.1917 0.0085 
    CROMWELL 0.0208 0.6435 0.1857 0.0032 0.0074 0.0135 0.0529 0.0729 
       D22/1 0.1212 0.5731 0.1355 0.0947 0.0027 0.0194 0.0042 0.0493 
       D23/3 0.1179 0.3863 0.2699 0.1401 0.0089 0.0131 0.0512 0.0125 
      D47-11 0.0043 0.7273 0.1890 0.0134 0.0214 0.0246 0.0069 0.0132 
       D49/1 0.0338 0.7415 0.1116 0.0061 0.0463 0.0161 0.0425 0.0021 
       DAISY 0.0479 0.4009 0.1781 0.0096 0.1272 0.1384 0.0913 0.0066 
 DARK_RED_NO 0.0252 0.0302 0.1096 0.4071 0.0287 0.0100 0.2238 0.1653 
     DARWINA 0.0716 0.1209 0.0961 0.1765 0.0050 0.3835 0.1381 0.0083 
     DESIREE 0.3010 0.0024 0.1601 0.0159 0.0027 0.1993 0.2075 0.1110 
       DITTA 0.0131 0.0294 0.1330 0.2040 0.0046 0.2491 0.3426 0.0242 
 DR._MCINTOS 0.2299 0.0309 0.0457 0.4743 0.0993 0.0738 0.0088 0.0374 
       DRAGA 0.0093 0.0993 0.0065 0.3419 0.1240 0.2454 0.0626 0.1110 
 DUKE_OF_YOR 0.0023 0.0033 0.3574 0.4082 0.0030 0.2130 0.0050 0.0078 
 DUNBAR_STAN 0.1493 0.1497 0.2626 0.3865 0.0058 0.0062 0.0110 0.0289 
     DUNDROD 0.0668 0.4352 0.1316 0.0546 0.0792 0.0064 0.1473 0.0790 
     ECLIPSE 0.1257 0.0095 0.4091 0.2732 0.0386 0.0041 0.1377 0.0023 
        EDEN 0.0136 0.5653 0.1541 0.0073 0.2450 0.0060 0.0031 0.0055 
 EDZELL_BLUE 0.1041 0.0209 0.3314 0.1188 0.0848 0.1972 0.0478 0.0950 
   ELISABETH 0.2495 0.0498 0.0072 0.0424 0.1129 0.2385 0.2948 0.0049 
     EMPEROR 0.0708 0.1393 0.0130 0.3169 0.1356 0.0822 0.2316 0.0106 
         EOS 0.2391 0.1643 0.0198 0.1194 0.1160 0.1284 0.2064 0.0066 
     EPICURE 0.1939 0.0038 0.3835 0.2649 0.0410 0.0629 0.0447 0.0053 
  ERNTESTOLZ 0.0063 0.0193 0.2358 0.2137 0.0406 0.2057 0.1815 0.0973 
      ESCORT 0.1631 0.0559 0.0118 0.0107 0.1484 0.3783 0.2073 0.0245 
   ESMERALDA 0.2242 0.0562 0.1638 0.0087 0.1043 0.3321 0.0933 0.0173 
      ESTIMA 0.1424 0.0922 0.0755 0.2029 0.0371 0.3061 0.1396 0.0042 
 EVE_BALFOUR 0.0307 0.0492 0.2144 0.0814 0.2353 0.0166 0.0068 0.3655 
   EXCALIBUR 0.0841 0.3220 0.0026 0.0035 0.2109 0.0196 0.0174 0.3400 
     EXQUISA 0.0469 0.0039 0.1727 0.0055 0.0092 0.2704 0.3597 0.1318 
    FESTIVAL 0.1464 0.0761 0.0061 0.0515 0.0955 0.3965 0.2191 0.0088 
      FIANNA 0.0463 0.0277 0.0081 0.2579 0.0618 0.3252 0.0845 0.1886 
   FIFTYFOLD 0.1369 0.0581 0.5517 0.1012 0.0200 0.0242 0.0765 0.0314 
     FONTANE 0.0396 0.1704 0.0148 0.1663 0.0491 0.3089 0.2451 0.0059 
   FORTYFOLD 0.0029 0.0032 0.5432 0.1860 0.0088 0.2308 0.0049 0.0202 
 FRONTIER_RU 0.0955 0.0685 0.1564 0.4183 0.0359 0.0095 0.2082 0.0076 
     G.81071 0.1473 0.0478 0.0779 0.1952 0.2334 0.1442 0.0349 0.1193 
     G.88661 0.1844 0.1376 0.0034 0.3165 0.1487 0.1257 0.0724 0.0112 
    G.886611 0.2888 0.1011 0.0031 0.2605 0.1873 0.0192 0.1332 0.0069 
  G.8867Y%12 0.2261 0.0184 0.0050 0.3486 0.1007 0.0534 0.1608 0.0870 
     G.88839 0.0489 0.0038 0.0207 0.0078 0.0640 0.3773 0.4679 0.0096 
     G.88842 0.0147 0.0070 0.0091 0.1589 0.0741 0.3481 0.2425 0.1457 
   GALACTICA 0.0024 0.0123 0.1493 0.1219 0.0023 0.2736 0.0108 0.4273 
      GEMSON 0.1935 0.0896 0.1536 0.2489 0.0424 0.0114 0.0445 0.2160 
  GL.76B/102 0.0040 0.1753 0.3115 0.1398 0.0205 0.1018 0.2399 0.0073 
   GL.76B/94 0.0021 0.0035 0.5128 0.0174 0.0041 0.2430 0.0438 0.1734 
  GL.77M/106 0.1100 0.0788 0.1792 0.0090 0.3121 0.0061 0.1193 0.1855 
   GL.78/166 0.0027 0.0977 0.5672 0.1137 0.0029 0.1269 0.0394 0.0496 
    GL.78/53 0.0210 0.1454 0.5104 0.0043 0.1440 0.0043 0.1579 0.0127 
    GL.78/97 0.0092 0.1016 0.5551 0.0252 0.0679 0.0638 0.1324 0.0449 
    GL.79/42 0.1376 0.0896 0.5255 0.0023 0.0615 0.0470 0.1335 0.0030 
    GL.79/45 0.1074 0.0416 0.5627 0.0035 0.0641 0.0501 0.1195 0.0513 
 GL.81_NT_25 0.0025 0.5704 0.3071 0.0102 0.0067 0.0233 0.0081 0.0717 
   GLADIATOR 0.2094 0.0597 0.0068 0.1510 0.0465 0.2134 0.2104 0.1028 
      GLAMIS 0.1734 0.4058 0.0150 0.1236 0.0474 0.0727 0.1511 0.0110 
 GOLDEN_MILL 0.0199 0.2375 0.0650 0.0085 0.5232 0.0381 0.0120 0.0957 
 GOLDEN_NUGG 0.4097 0.0094 0.0124 0.0047 0.1036 0.4283 0.0044 0.0275 
 GOLDEN_WOND 0.1169 0.0126 0.5772 0.0683 0.0437 0.1298 0.0388 0.0126 
     GRANOLA 0.0421 0.0184 0.1091 0.0111 0.2163 0.1255 0.4386 0.0389 
    H1H3_101 0.0012 0.7187 0.2563 0.0065 0.0031 0.0028 0.0040 0.0073 
      H1H3_3 0.1314 0.3536 0.1405 0.1241 0.1787 0.0575 0.0056 0.0086 
 HARBOROUGH_ 0.0046 0.3930 0.0029 0.0138 0.5674 0.0086 0.0051 0.0047 
   HARLEQUIN 0.1651 0.0442 0.1759 0.0087 0.1509 0.0119 0.4127 0.0306 
      HERMES 0.0046 0.0716 0.1101 0.0615 0.0033 0.1914 0.3137 0.2437 
 HIGHLAND_BU 0.0031 0.0055 0.7724 0.0113 0.0861 0.1149 0.0024 0.0043 
  HOME_GUARD 0.2027 0.1022 0.2255 0.2460 0.1055 0.0201 0.0278 0.0703 
     HORIZON 0.1034 0.1043 0.2249 0.0228 0.0069 0.4442 0.0472 0.0463 
   INNOVATOR 0.0023 0.0071 0.1485 0.4752 0.0069 0.2590 0.0023 0.0986 
 INTERNATION 0.0019 0.0079 0.8549 0.0754 0.0040 0.0412 0.0039 0.0108 
 ISLE_OF_JUR 0.0165 0.4118 0.1017 0.0619 0.0755 0.0398 0.1090 0.1838 
    JULIETTE 0.0092 0.0088 0.0531 0.0130 0.1351 0.1678 0.5805 0.0325 
     KARLENA 0.0021 0.0518 0.1786 0.2617 0.0059 0.2043 0.0218 0.2738 
 KERR'S_PINK 0.1172 0.0536 0.4498 0.2917 0.0313 0.0059 0.0116 0.0390 
     KESTREL 0.3285 0.2706 0.0060 0.0085 0.0378 0.0045 0.0382 0.3059 
       KIFLI 0.0375 0.0507 0.1769 0.0127 0.1580 0.1049 0.4489 0.0105 
 KING_EDWARD 0.0845 0.0312 0.7268 0.0798 0.0176 0.0053 0.0526 0.0023 
    KINGSTON 0.0218 0.3509 0.1536 0.0043 0.2723 0.1068 0.0127 0.0775 
 KUFRI_CHAND 0.0973 0.1123 0.1603 0.3743 0.0112 0.0847 0.1056 0.0544 
 KUFRI_JYOTI 0.0193 0.0043 0.1256 0.0959 0.2014 0.1975 0.0488 0.3073 
      KURODA 0.0064 0.0537 0.0091 0.2094 0.0069 0.4154 0.1507 0.1483 
 LADY_BALFOU 0.1163 0.1410 0.1419 0.1250 0.0806 0.0387 0.0069 0.3495 
 LADY_CHRIST 0.0927 0.0245 0.2840 0.0436 0.0744 0.4480 0.0195 0.0134 
 LADY_CLAIRE 0.0012 0.0187 0.1836 0.0610 0.0051 0.6291 0.0832 0.0181 
     LADY_JO 0.0048 0.0372 0.2719 0.0984 0.0039 0.5765 0.0020 0.0053 
 LADY_ROSETT 0.2882 0.0693 0.1457 0.0412 0.0484 0.3902 0.0090 0.0081 
    LIBERTAS 0.0125 0.0062 0.2903 0.0038 0.0028 0.5724 0.0017 0.1102 
       LINDA 0.0069 0.0053 0.2242 0.0144 0.0213 0.0748 0.5530 0.1000 
      LINTON 0.0565 0.1803 0.0313 0.1725 0.0063 0.1285 0.2704 0.1541 
 LINZER_DELI 0.1651 0.0046 0.2009 0.0183 0.0871 0.2146 0.3054 0.0040 
   LIONHEART 0.0647 0.0226 0.0275 0.2145 0.0932 0.4504 0.0597 0.0675 
   MADELEINE 0.1215 0.0205 0.0778 0.0087 0.1093 0.3590 0.2804 0.0228 
   MADINGLEY 0.0290 0.1338 0.0404 0.0836 0.0240 0.1366 0.3432 0.2094 
    MAJESTIC 0.1342 0.0094 0.0654 0.5064 0.1041 0.0468 0.0496 0.0841 
     MARABEL 0.0335 0.0106 0.0067 0.1337 0.0399 0.4373 0.3019 0.0365 
     MARFONA 0.0901 0.0957 0.1388 0.1606 0.0077 0.4680 0.0075 0.0317 
     MARILYN 0.0365 0.0077 0.0858 0.0644 0.0929 0.2462 0.3239 0.1426 
 MARIS_ANCHO 0.0899 0.0450 0.1761 0.2240 0.0501 0.2661 0.1320 0.0170 
  MARIS_BARD 0.0145 0.2621 0.0958 0.2661 0.0363 0.2455 0.0014 0.0784 
  MARIS_PEER 0.1254 0.1504 0.1385 0.3065 0.0296 0.0049 0.0817 0.1631 
 MARIS_PIPER 0.0066 0.8165 0.0785 0.0037 0.0454 0.0106 0.0323 0.0065 
     MARKIES 0.0674 0.0122 0.1310 0.0334 0.0168 0.4268 0.2660 0.0465 
      MAXINE 0.2716 0.3839 0.0109 0.2217 0.0218 0.0081 0.0529 0.0291 
      MEGARA 0.0311 0.0498 0.0721 0.0170 0.0561 0.4368 0.2888 0.0484 
      MELODY 0.0181 0.0587 0.1584 0.0258 0.0550 0.3466 0.1688 0.1687 
       MIDAS 0.0247 0.4918 0.0866 0.0032 0.0229 0.1377 0.2256 0.0075 
       MILVA 0.0082 0.0073 0.1798 0.0516 0.0962 0.3068 0.2939 0.0563 
        MIMI 0.2814 0.1965 0.0795 0.0034 0.1218 0.2959 0.0058 0.0157 
        MIRA 0.0095 0.0145 0.2139 0.0963 0.0072 0.5810 0.0080 0.0695 
       MOIRA 0.0165 0.0441 0.1251 0.1470 0.0539 0.2265 0.2069 0.1800 
    MONTROSE 0.0030 0.3290 0.2020 0.0026 0.4417 0.0038 0.0060 0.0120 
       MORAG 0.1990 0.0340 0.1811 0.1498 0.2599 0.0332 0.0037 0.1394 
      MORENE 0.0085 0.0030 0.1636 0.1403 0.0050 0.5716 0.0075 0.1006 
      MOZART 0.1059 0.0035 0.0020 0.0380 0.2272 0.3368 0.2792 0.0074 
 MYATT'S_ASH 0.0015 0.0047 0.7203 0.0979 0.0030 0.1354 0.0132 0.0239 
      NADINE 0.3036 0.3418 0.0052 0.0126 0.1365 0.0621 0.1209 0.0173 
       NAVAN 0.1436 0.6523 0.0218 0.0514 0.0672 0.0154 0.0260 0.0223 
 NDTX_4271_5 0.3132 0.0930 0.0155 0.2141 0.1296 0.0036 0.2275 0.0035 
      NICOLA 0.0037 0.0042 0.1765 0.0804 0.0037 0.2284 0.4909 0.0122 
     NOVELLA 0.1554 0.0149 0.0322 0.1069 0.0516 0.3683 0.1491 0.1215 
     OLYMPUS 0.1446 0.1387 0.1134 0.1312 0.3688 0.0076 0.0656 0.0301 
       OPERA 0.1087 0.0439 0.0146 0.0997 0.1310 0.3289 0.1752 0.0980 
   ORCHESTRA 0.1024 0.0908 0.0762 0.0167 0.0749 0.3058 0.3150 0.0183 
      ORIANA 0.0072 0.0042 0.0632 0.2252 0.0034 0.3681 0.1455 0.1833 
     OTHELLO 0.2448 0.0837 0.0159 0.0851 0.0244 0.0029 0.0550 0.4882 
     PALADIN 0.0050 0.6373 0.1672 0.0393 0.1183 0.0218 0.0047 0.0064 
       PANDA 0.0946 0.0618 0.0284 0.0077 0.0629 0.1763 0.5045 0.0637 
   PARAMOUNT 0.2681 0.0044 0.0807 0.0133 0.0477 0.2118 0.0462 0.3278 
    PATRONES 0.0510 0.0739 0.1834 0.2103 0.0085 0.2923 0.1447 0.0358 
 PENTLAND_AC 0.2578 0.1225 0.1542 0.1398 0.0208 0.1559 0.0612 0.0878 
 PENTLAND_BE 0.0506 0.0319 0.4178 0.2553 0.0037 0.0848 0.0028 0.1531 
 PENTLAND_CR 0.0070 0.0075 0.0785 0.1883 0.3190 0.2523 0.0050 0.1424 
 PENTLAND_DE 0.1436 0.0049 0.2403 0.2283 0.2256 0.0220 0.0084 0.1268 
 PENTLAND_IV 0.2841 0.0115 0.0741 0.2985 0.1543 0.0033 0.1120 0.0622 
 PENTLAND_JA 0.0138 0.0172 0.0867 0.4357 0.1687 0.1655 0.0117 0.1006 
 PENTLAND_MA 0.0065 0.0075 0.0908 0.1624 0.0759 0.2977 0.0732 0.2861 
 PENTLAND_SQ 0.0376 0.0076 0.1789 0.2281 0.3145 0.1024 0.0196 0.1113 
   PEPO_1978 0.0031 0.0917 0.1110 0.0723 0.0375 0.2443 0.3701 0.0699 
     PICASSO 0.0487 0.1156 0.0025 0.0414 0.0062 0.1954 0.0507 0.5396 
   PIMPERNEL 0.0553 0.0105 0.2024 0.0032 0.0840 0.4427 0.0955 0.1063 
     PIONEER 0.0055 0.0054 0.1740 0.0440 0.1602 0.0290 0.5703 0.0115 
       PIXIE 0.3246 0.2022 0.0049 0.0070 0.1839 0.0688 0.0421 0.1665 
    PREMIERE 0.0059 0.0727 0.2264 0.1658 0.0093 0.4953 0.0028 0.0217 
   PRODUCENT 0.1111 0.1676 0.0894 0.0437 0.0682 0.3990 0.1164 0.0045 
     PROVOST 0.0335 0.0092 0.1398 0.2904 0.1461 0.1324 0.0636 0.1851 
  R.P.LUSTRE 0.1530 0.1259 0.2373 0.1494 0.1322 0.0099 0.1785 0.0138 
 RANGER_RUSS 0.0040 0.0035 0.2309 0.5168 0.0018 0.0628 0.0434 0.1367 
       RATTE 0.1333 0.0267 0.4930 0.0101 0.2290 0.0119 0.0917 0.0044 
      RECORD 0.0336 0.0060 0.2812 0.0069 0.0027 0.6108 0.0040 0.0549 
   REMBRANDT 0.0115 0.0798 0.1155 0.1875 0.0960 0.3639 0.1345 0.0112 
    RIO_ROJO 0.2118 0.0178 0.0757 0.2930 0.0970 0.0526 0.1540 0.0981 
      ROBIJN 0.0041 0.0032 0.3028 0.0193 0.0048 0.5375 0.0451 0.0831 
      ROCKET 0.1649 0.4465 0.1436 0.0785 0.1290 0.0186 0.0041 0.0149 
   RODE_STAR 0.0947 0.0055 0.3938 0.0011 0.0065 0.3478 0.1444 0.0062 
      ROMANO 0.2276 0.0080 0.0122 0.0067 0.0847 0.3697 0.0965 0.1946 
       ROMEO 0.2399 0.0042 0.2101 0.0240 0.1338 0.0087 0.1759 0.2035 
     ROOSTER 0.0349 0.0056 0.1178 0.1590 0.2997 0.1654 0.0328 0.1848 
       ROYAL 0.0224 0.3395 0.0849 0.0047 0.0165 0.1333 0.3228 0.0760 
 ROYAL_KIDNE 0.0344 0.0039 0.4073 0.4752 0.0051 0.0542 0.0022 0.0177 
     RUBESSE 0.1798 0.0077 0.0765 0.1522 0.0975 0.2047 0.2309 0.0507 
 RUSSET_BURB 0.1327 0.0106 0.1517 0.5089 0.0226 0.0802 0.0730 0.0203 
 RUSSET_NORK 0.1483 0.0130 0.0698 0.5263 0.0210 0.0024 0.2135 0.0057 
      SAFARI 0.1769 0.0061 0.0113 0.0597 0.1218 0.4778 0.0379 0.1085 
     SANTANA 0.0850 0.1241 0.0828 0.1911 0.0188 0.3590 0.0878 0.0513 
       SANTE 0.2403 0.0395 0.0929 0.0053 0.1236 0.4752 0.0136 0.0096 
     SAPHIRE 0.0625 0.0290 0.0044 0.2746 0.1349 0.4149 0.0449 0.0349 
  SARPO_MIRA 0.2527 0.0281 0.1763 0.0047 0.0043 0.1974 0.3022 0.0344 
 SARPO_SHONA 0.2168 0.0200 0.1061 0.0045 0.0129 0.3030 0.2861 0.0508 
       SASSY 0.0983 0.0778 0.2237 0.1287 0.0328 0.2851 0.1139 0.0397 
     SATURNA 0.0088 0.0511 0.2707 0.0047 0.0051 0.4167 0.2323 0.0106 
        SAVA 0.1799 0.1030 0.0351 0.1288 0.0119 0.1981 0.3368 0.0064 
       SAXON 0.0466 0.4588 0.0971 0.0146 0.2413 0.0610 0.0200 0.0606 
 SCARBOROUGH 0.0200 0.4790 0.0143 0.0065 0.4662 0.0034 0.0078 0.0028 
 SEFTON_WOND 0.1128 0.0722 0.4278 0.2674 0.0910 0.0081 0.0023 0.0184 
    SERAFINA 0.1314 0.0031 0.1360 0.0101 0.1140 0.2276 0.3227 0.0551 
     SETANTA 0.0552 0.0276 0.0451 0.0794 0.5171 0.1149 0.0234 0.1373 
 SHARPE'S_EX 0.0907 0.0952 0.6005 0.0561 0.0053 0.0581 0.0811 0.0130 
     SHELAGH 0.0742 0.1175 0.2655 0.0158 0.0975 0.1406 0.0374 0.2515 
    SHELFORD 0.0170 0.0381 0.1780 0.0799 0.0021 0.1541 0.2928 0.2380 
     SHEPODY 0.0029 0.0098 0.1683 0.4156 0.0034 0.1986 0.0021 0.1993 
      SLANEY 0.2038 0.2054 0.0056 0.0316 0.1002 0.0053 0.1066 0.3414 
        SPEY 0.2314 0.1857 0.0030 0.0137 0.1099 0.0402 0.0263 0.3898 
      SPUNTA 0.1467 0.0362 0.2166 0.0253 0.1233 0.0583 0.2629 0.1306 
     STAMINA 0.1675 0.6050 0.0018 0.0344 0.0144 0.0171 0.0080 0.1518 
    STEMSTER 0.0896 0.3141 0.1555 0.0216 0.0126 0.1944 0.1385 0.0736 
 STORMONT_EN 0.1520 0.1628 0.1739 0.0973 0.0068 0.2999 0.0097 0.0975 
    STIRLING 0.0608 0.0332 0.0069 0.2000 0.2813 0.0939 0.0194 0.3045 
     SYLVANA 0.1122 0.0909 0.0543 0.2244 0.0204 0.2460 0.1721 0.0797 
         TAY 0.0740 0.1684 0.0066 0.0221 0.4811 0.0161 0.0292 0.2026 
      TIMATE 0.0635 0.0993 0.0470 0.0604 0.0535 0.3309 0.3408 0.0046 
      TOLUCA 0.0115 0.0041 0.0369 0.1148 0.0258 0.2706 0.3271 0.2091 
    TORRIDON 0.0057 0.0152 0.0992 0.0834 0.1232 0.2923 0.0870 0.2941 
 ULSTER_SCEP 0.1745 0.2790 0.0424 0.3125 0.0757 0.0872 0.0041 0.0245 
 UMATILLA_RU 0.0297 0.2831 0.3570 0.0347 0.0979 0.1414 0.0209 0.0352 
 VALES_EMERA 0.1526 0.1314 0.0952 0.0518 0.2037 0.0126 0.3322 0.0206 
 VALES_EVERE 0.1396 0.0776 0.1287 0.0418 0.2964 0.0089 0.0053 0.3016 
 VALES_RUSSE 0.0095 0.0201 0.2337 0.4442 0.0889 0.0267 0.1400 0.0368 
 VALES_SOVER 0.0207 0.2724 0.0022 0.0045 0.0600 0.0099 0.0138 0.6165 
       VALOR 0.2276 0.2217 0.0021 0.0044 0.1555 0.0515 0.0032 0.3340 
    VAN_GOGH 0.0557 0.0756 0.1495 0.0417 0.0762 0.4878 0.1035 0.0101 
     VANTAGE 0.0404 0.0409 0.2858 0.1854 0.0022 0.4010 0.0047 0.0395 
       VERDI 0.0049 0.0961 0.1970 0.0288 0.0354 0.2710 0.2689 0.0979 
    VICTORIA 0.0266 0.0189 0.0317 0.2824 0.0786 0.3511 0.1816 0.0292 
     VIVALDI 0.0038 0.0033 0.0202 0.2746 0.0069 0.4247 0.1135 0.1530 
       WILJA 0.0040 0.0344 0.1702 0.1378 0.0018 0.5512 0.0020 0.0985 
     WINSTON 0.4068 0.3482 0.0031 0.0152 0.0984 0.0122 0.0599 0.0562 
      XD2-21 0.2596 0.0442 0.1921 0.2076 0.0725 0.1141 0.0056 0.1043 
  YUKON_GOLD 0.1120 0.0825 0.0039 0.3074 0.2233 0.0505 0.2083 0.0120 
       ZORBA 0.0043 0.0127 0.1429 0.2692 0.0213 0.3785 0.0173 0.1539 
