  00C133-020 0.3624 0.0164 0.5083 0.0977 0.0151 
 01C_071-002 0.2571 0.1560 0.2034 0.0842 0.2993 
 02M_012-001 0.0344 0.1420 0.6147 0.1075 0.1014 
 03M_016-002 0.0970 0.4390 0.3748 0.0453 0.0439 
 03M_034-002 0.2039 0.1844 0.5274 0.0344 0.0499 
 04C_055-004 0.0295 0.0669 0.4815 0.3013 0.1208 
 04C_126-005 0.3650 0.0977 0.3126 0.1136 0.1110 
 04M_034-013 0.0457 0.2645 0.4756 0.1247 0.0897 
 05M_002-001 0.1386 0.1412 0.1410 0.2132 0.3659 
 05M_004-003 0.2827 0.0084 0.2015 0.1421 0.3653 
 05M_012-004 0.3494 0.0904 0.1934 0.1457 0.2212 
 06C_127-002 0.1699 0.0418 0.3224 0.4563 0.0096 
 12288_AF_23 0.2660 0.0138 0.4365 0.2487 0.0350 
    12601AB1 0.0257 0.4420 0.4713 0.0513 0.0097 
   12636_A_2 0.2310 0.2172 0.4921 0.0478 0.0119 
  15119_AC_5 0.5306 0.1970 0.2413 0.0026 0.0285 
     1512C16 0.3342 0.3233 0.0184 0.2254 0.0987 
   15144_A_3 0.5689 0.0342 0.0374 0.2794 0.0801 
     1563C14 0.0391 0.4440 0.0272 0.2221 0.2676 
     2182EF7 0.4942 0.1260 0.0942 0.2191 0.0665 
     3681AD1 0.3658 0.0531 0.1017 0.1031 0.3763 
     5008AB6 0.2947 0.0945 0.0614 0.2830 0.2664 
    8204_A_4 0.4254 0.0451 0.1826 0.3217 0.0252 
       AGRIA 0.0086 0.0452 0.0820 0.3464 0.5178 
       AILSA 0.0255 0.1277 0.5651 0.2738 0.0079 
      ALMERA 0.1742 0.0619 0.0622 0.2469 0.4548 
       ALPHA 0.1250 0.2328 0.0626 0.1582 0.4214 
      ALWARA 0.2731 0.0385 0.0496 0.2824 0.3564 
      AMADRA 0.0286 0.1454 0.2254 0.2710 0.3297 
       AMOUR 0.4400 0.0403 0.4158 0.0769 0.0270 
        ANNA 0.7864 0.1638 0.0253 0.0071 0.0174 
   ANNABELLE 0.0516 0.0303 0.0195 0.4306 0.4680 
        ANYA 0.0659 0.2223 0.0460 0.4962 0.1696 
       ARGOS 0.5683 0.0118 0.2425 0.0539 0.1235 
     ARIELLE 0.1268 0.1193 0.0214 0.3204 0.4120 
      ARKULA 0.1998 0.1295 0.0163 0.2070 0.4474 
      ARMADA 0.1761 0.1363 0.1106 0.1916 0.3854 
   AVALANCHE 0.2179 0.0472 0.4429 0.0108 0.2812 
     BAILLIE 0.2109 0.0180 0.4868 0.1078 0.1765 
    BALMORAL 0.6160 0.0945 0.0311 0.0180 0.2404 
     BAMBINO 0.2737 0.0175 0.5025 0.1230 0.0833 
       BARNA 0.4164 0.0562 0.1099 0.3200 0.0975 
 BELLE_DE_FO 0.0650 0.8601 0.0040 0.0068 0.0641 
       BENOL 0.0527 0.1632 0.6080 0.0727 0.1035 
       BF_15 0.0282 0.6960 0.0059 0.0525 0.2173 
      BINTJE 0.1767 0.3679 0.0754 0.1243 0.2557 
 BIONICA_EX_ 0.2630 0.1403 0.1378 0.1813 0.2776 
 BLUE_DANUBE 0.2594 0.1533 0.0175 0.0075 0.5624 
      BONNIE 0.2732 0.0356 0.2547 0.2594 0.1770 
      BOUNTY 0.3151 0.0179 0.4603 0.1085 0.0982 
 BRITISH_QUE 0.2796 0.4941 0.0077 0.0055 0.2131 
     BRODICK 0.1178 0.0098 0.5530 0.3083 0.0111 
      BRODIE 0.5997 0.1495 0.0841 0.1596 0.0070 
      BUCHAN 0.4843 0.0904 0.1398 0.2808 0.0048 
      BURREN 0.4411 0.1027 0.0960 0.1997 0.1605 
     CABARET 0.1496 0.2953 0.5248 0.0152 0.0151 
      CAESAR 0.1623 0.0044 0.0429 0.4029 0.3876 
        CARA 0.6931 0.0488 0.1495 0.0915 0.0171 
 CARLINGFORD 0.3986 0.1074 0.1143 0.3453 0.0344 
  CASABLANCA 0.4314 0.0051 0.3190 0.0082 0.2364 
      CELINE 0.2893 0.0693 0.1142 0.1119 0.4153 
  CHALLENGER 0.0404 0.1541 0.2116 0.2638 0.3301 
   CHARLOTTE 0.0085 0.1103 0.1422 0.6632 0.0759 
     CHICAGO 0.0148 0.0382 0.5228 0.1519 0.2722 
   CHIEFTAIN 0.2754 0.2155 0.0314 0.4661 0.0116 
      CHOPIN 0.2090 0.0779 0.0321 0.2773 0.4036 
      CLARET 0.6111 0.0444 0.1204 0.2014 0.0227 
      CORINE 0.3508 0.1170 0.1930 0.0102 0.3290 
      COSMOS 0.1812 0.1054 0.1233 0.1196 0.4705 
     COURAGE 0.2201 0.1181 0.0806 0.2293 0.3519 
     COURLAN 0.2586 0.1465 0.1069 0.3501 0.1380 
 CRAIGS_ROYA 0.4793 0.1317 0.2163 0.1675 0.0052 
 CRAIGS_SNOW 0.2480 0.3924 0.1526 0.1216 0.0855 
     CRAMOND 0.2298 0.0162 0.4984 0.1531 0.1026 
 CRISPS_FOR_ 0.1345 0.0825 0.1115 0.3666 0.3048 
    CROMWELL 0.0159 0.1921 0.6632 0.0091 0.1197 
       D22/1 0.2120 0.2008 0.5163 0.0050 0.0659 
       D23/3 0.1148 0.3389 0.3900 0.0830 0.0732 
      D47-11 0.0143 0.2194 0.6973 0.0034 0.0656 
       D49/1 0.0038 0.1447 0.7701 0.0166 0.0648 
       DAISY 0.0135 0.1832 0.4836 0.1201 0.1995 
 DARK_RED_NO 0.3173 0.2408 0.0325 0.3343 0.0752 
     DARWINA 0.1398 0.1436 0.1023 0.1577 0.4567 
     DESIREE 0.2226 0.1462 0.0049 0.3728 0.2534 
       DITTA 0.0720 0.1680 0.0178 0.3270 0.4153 
 DR._MCINTOS 0.4813 0.1906 0.0527 0.2445 0.0310 
       DRAGA 0.3300 0.0427 0.1593 0.1607 0.3073 
 DUKE_OF_YOR 0.2201 0.4678 0.0038 0.0119 0.2964 
 DUNBAR_STAN 0.3023 0.4273 0.1544 0.1005 0.0155 
     DUNDROD 0.0977 0.1844 0.4951 0.1915 0.0314 
     ECLIPSE 0.0571 0.5190 0.0617 0.3542 0.0080 
        EDEN 0.0351 0.2163 0.7075 0.0281 0.0131 
 EDZELL_BLUE 0.1892 0.3529 0.0811 0.1380 0.2388 
   ELISABETH 0.0352 0.0106 0.1635 0.5442 0.2464 
     EMPEROR 0.1689 0.0991 0.1952 0.3590 0.1778 
         EOS 0.1114 0.0405 0.2810 0.4272 0.1399 
     EPICURE 0.1870 0.4560 0.0103 0.2845 0.0622 
  ERNTESTOLZ 0.1653 0.2824 0.0331 0.1923 0.3268 
      ESCORT 0.0799 0.0076 0.1762 0.3495 0.3869 
   ESMERALDA 0.1181 0.1373 0.1670 0.2632 0.3144 
      ESTIMA 0.0960 0.1300 0.1517 0.2731 0.3492 
 EVE_BALFOUR 0.4370 0.2421 0.2004 0.0959 0.0246 
   EXCALIBUR 0.3784 0.0037 0.4929 0.1042 0.0208 
     EXQUISA 0.0542 0.1401 0.0087 0.4254 0.3716 
    FESTIVAL 0.0736 0.0091 0.1474 0.3660 0.4040 
      FIANNA 0.3733 0.0411 0.0505 0.1775 0.3576 
   FIFTYFOLD 0.0945 0.5725 0.0907 0.1661 0.0761 
     FONTANE 0.0496 0.0545 0.2037 0.2564 0.4358 
   FORTYFOLD 0.1012 0.5746 0.0055 0.0059 0.3128 
 FRONTIER_RU 0.1911 0.2887 0.0928 0.3448 0.0825 
     G.81071 0.3437 0.1299 0.1757 0.2419 0.1087 
     G.88661 0.2895 0.0362 0.2338 0.3561 0.0844 
    G.886611 0.2688 0.0130 0.2223 0.4865 0.0093 
  G.8867Y%12 0.4099 0.0284 0.0659 0.4645 0.0312 
     G.88839 0.0060 0.0087 0.0081 0.5209 0.4564 
     G.88842 0.2406 0.0220 0.0146 0.3386 0.3842 
   GALACTICA 0.4429 0.1650 0.0102 0.0052 0.3767 
      GEMSON 0.4389 0.2210 0.1252 0.1902 0.0246 
  GL.76B/102 0.0129 0.3549 0.1715 0.1997 0.2610 
   GL.76B/94 0.1184 0.5076 0.0068 0.0135 0.3536 
  GL.77M/106 0.2276 0.1749 0.2860 0.3008 0.0107 
   GL.78/166 0.0647 0.5932 0.0555 0.0079 0.2787 
    GL.78/53 0.0084 0.5114 0.2527 0.2015 0.0260 
    GL.78/97 0.0141 0.5384 0.1547 0.1055 0.1873 
    GL.79/42 0.0035 0.4976 0.1861 0.2228 0.0899 
    GL.79/45 0.0176 0.5279 0.1478 0.1987 0.1079 
 GL.81_NT_25 0.0183 0.3229 0.5400 0.0032 0.1156 
   GLADIATOR 0.2316 0.0160 0.1208 0.3769 0.2547 
      GLAMIS 0.1371 0.0564 0.4369 0.2348 0.1348 
 GOLDEN_MILL 0.1704 0.0879 0.5256 0.1954 0.0208 
 GOLDEN_NUGG 0.3056 0.0159 0.1350 0.1688 0.3748 
 GOLDEN_WOND 0.0561 0.5917 0.0535 0.1515 0.1471 
     GRANOLA 0.0078 0.0749 0.1379 0.5661 0.2132 
    H1H3_101 0.0059 0.3069 0.6752 0.0028 0.0093 
      H1H3_3 0.1938 0.2076 0.4503 0.0660 0.0824 
 HARBOROUGH_ 0.0884 0.0107 0.7214 0.1647 0.0148 
   HARLEQUIN 0.0194 0.1550 0.1626 0.5393 0.1237 
      HERMES 0.1894 0.1275 0.0669 0.2179 0.3982 
 HIGHLAND_BU 0.0189 0.7843 0.0207 0.0053 0.1708 
  HOME_GUARD 0.3016 0.3069 0.1861 0.1863 0.0191 
     HORIZON 0.1226 0.2191 0.1056 0.0778 0.4749 
   INNOVATOR 0.3842 0.3027 0.0057 0.0080 0.2993 
 INTERNATION 0.0128 0.8590 0.0062 0.0039 0.1180 
 ISLE_OF_JUR 0.1957 0.1267 0.4507 0.1309 0.0960 
    JULIETTE 0.0060 0.0218 0.0321 0.5869 0.3533 
     KARLENA 0.3648 0.2466 0.0357 0.0105 0.3424 
 KERR'S_PINK 0.2312 0.5540 0.0912 0.1035 0.0201 
     KESTREL 0.3796 0.0068 0.3794 0.2292 0.0050 
       KIFLI 0.0053 0.1328 0.1391 0.4816 0.2412 
 KING_EDWARD 0.0056 0.7712 0.0685 0.1411 0.0135 
    KINGSTON 0.1218 0.1552 0.5179 0.0909 0.1142 
 KUFRI_CHAND 0.2911 0.2684 0.0858 0.1918 0.1628 
 KUFRI_JYOTI 0.3847 0.1497 0.0481 0.2183 0.1992 
      KURODA 0.2564 0.0321 0.0381 0.1454 0.5280 
 LADY_BALFOU 0.4663 0.1773 0.2023 0.1111 0.0431 
 LADY_CHRIST 0.0833 0.2740 0.1005 0.0833 0.4589 
 LADY_CLAIRE 0.0409 0.1798 0.0127 0.0054 0.7612 
     LADY_JO 0.0859 0.2785 0.0206 0.0031 0.6118 
 LADY_ROSETT 0.1496 0.1385 0.1523 0.2017 0.3580 
    LIBERTAS 0.1456 0.2670 0.0079 0.0029 0.5766 
       LINDA 0.0052 0.1888 0.0087 0.5385 0.2589 
      LINTON 0.1999 0.0858 0.1848 0.2415 0.2880 
 LINZER_DELI 0.0228 0.1801 0.0363 0.4391 0.3216 
   LIONHEART 0.2361 0.0766 0.0712 0.1610 0.4550 
   MADELEINE 0.0416 0.0549 0.0938 0.4120 0.3977 
   MADINGLEY 0.1553 0.0456 0.1634 0.3259 0.3099 
    MAJESTIC 0.4451 0.2177 0.0256 0.2612 0.0504 
     MARABEL 0.1159 0.0105 0.0164 0.3572 0.5000 
     MARFONA 0.1880 0.1807 0.1155 0.0347 0.4811 
     MARILYN 0.1438 0.0824 0.0337 0.3900 0.3501 
 MARIS_ANCHO 0.1546 0.2276 0.0797 0.2427 0.2955 
  MARIS_BARD 0.3476 0.1918 0.2377 0.0034 0.2195 
  MARIS_PEER 0.3796 0.2479 0.1600 0.1963 0.0162 
 MARIS_PIPER 0.0069 0.1101 0.8229 0.0054 0.0548 
     MARKIES 0.0382 0.1159 0.0294 0.3040 0.5125 
      MAXINE 0.2747 0.0825 0.4109 0.2095 0.0224 
      MEGARA 0.0311 0.0443 0.0894 0.3027 0.5326 
      MELODY 0.1519 0.1460 0.1153 0.1646 0.4222 
       MIDAS 0.0052 0.0888 0.5076 0.1534 0.2449 
       MILVA 0.0466 0.1722 0.0248 0.3559 0.4006 
        MIMI 0.1816 0.0728 0.3563 0.1038 0.2856 
        MIRA 0.1740 0.2117 0.0097 0.0072 0.5974 
       MOIRA 0.2403 0.1536 0.0582 0.2562 0.2918 
    MONTROSE 0.0283 0.2381 0.6138 0.1104 0.0094 
       MORAG 0.4170 0.2447 0.1787 0.1473 0.0123 
      MORENE 0.2287 0.1752 0.0039 0.0125 0.5797 
      MOZART 0.0679 0.0031 0.0879 0.5000 0.3411 
 MYATT'S_ASH 0.0175 0.7274 0.0040 0.0048 0.2463 
      NADINE 0.1490 0.0103 0.4575 0.3266 0.0566 
       NAVAN 0.1439 0.0546 0.6877 0.0894 0.0244 
 NDTX_4271_5 0.1252 0.0893 0.2221 0.5574 0.0061 
      NICOLA 0.0060 0.1589 0.0040 0.4114 0.4197 
     NOVELLA 0.2714 0.0338 0.0521 0.2601 0.3825 
     OLYMPUS 0.1837 0.1513 0.3382 0.3188 0.0079 
       OPERA 0.1869 0.0180 0.1446 0.2750 0.3755 
   ORCHESTRA 0.0236 0.0589 0.1564 0.3615 0.3996 
      ORIANA 0.2860 0.1087 0.0048 0.1552 0.4452 
     OTHELLO 0.5912 0.0262 0.1612 0.2157 0.0056 
     PALADIN 0.0270 0.2170 0.6802 0.0062 0.0696 
       PANDA 0.0161 0.0169 0.1073 0.5402 0.3195 
   PARAMOUNT 0.4843 0.0585 0.0290 0.2376 0.1907 
    PATRONES 0.1693 0.2316 0.0651 0.1594 0.3747 
 PENTLAND_AC 0.2783 0.2022 0.1548 0.2158 0.1490 
 PENTLAND_BE 0.3360 0.5045 0.0157 0.0076 0.1363 
 PENTLAND_CR 0.3566 0.1285 0.1481 0.1205 0.2463 
 PENTLAND_DE 0.3933 0.3089 0.0657 0.2149 0.0171 
 PENTLAND_IV 0.3542 0.1598 0.0897 0.3918 0.0045 
 PENTLAND_JA 0.3786 0.2066 0.0761 0.1433 0.1954 
 PENTLAND_MA 0.4152 0.1244 0.0101 0.1096 0.3407 
 PENTLAND_SQ 0.3378 0.2360 0.1154 0.2177 0.0931 
   PEPO_1978 0.0294 0.1150 0.1112 0.3412 0.4033 
     PICASSO 0.5460 0.0039 0.1481 0.0458 0.2562 
   PIMPERNEL 0.0983 0.1602 0.0881 0.1610 0.4925 
     PIONEER 0.0058 0.1455 0.0199 0.6147 0.2140 
       PIXIE 0.3121 0.0067 0.3739 0.2807 0.0267 
    PREMIERE 0.1731 0.2765 0.0502 0.0061 0.4940 
   PRODUCENT 0.0402 0.0918 0.2350 0.1778 0.4551 
     PROVOST 0.3778 0.2085 0.0419 0.2046 0.1671 
  R.P.LUSTRE 0.1148 0.2830 0.2061 0.3762 0.0199 
 RANGER_RUSS 0.3773 0.3785 0.0027 0.0387 0.2029 
       RATTE 0.0084 0.4837 0.1943 0.2731 0.0405 
      RECORD 0.1135 0.2493 0.0093 0.0075 0.6205 
   REMBRANDT 0.0977 0.1584 0.1313 0.1503 0.4623 
    RIO_ROJO 0.3042 0.1634 0.0732 0.3662 0.0930 
      ROBIJN 0.0908 0.2800 0.0054 0.0268 0.5970 
      ROCKET 0.1621 0.2024 0.5271 0.0867 0.0217 
   RODE_STAR 0.0048 0.3299 0.0426 0.1886 0.4342 
      ROMANO 0.3238 0.0140 0.0476 0.2810 0.3336 
       ROMEO 0.2957 0.2074 0.0714 0.4094 0.0161 
     ROOSTER 0.3569 0.1535 0.1074 0.2242 0.1581 
       ROYAL 0.0104 0.0766 0.3625 0.2646 0.2859 
 ROYAL_KIDNE 0.3314 0.5650 0.0037 0.0152 0.0847 
     RUBESSE 0.1984 0.1127 0.0415 0.4044 0.2429 
 RUSSET_BURB 0.3423 0.2998 0.0141 0.2174 0.1264 
 RUSSET_NORK 0.2530 0.2669 0.0384 0.4341 0.0076 
      SAFARI 0.3189 0.0106 0.0426 0.1997 0.4282 
     SANTANA 0.1869 0.1263 0.1457 0.1216 0.4196 
       SANTE 0.1135 0.0684 0.1934 0.1835 0.4412 
     SAPHIRE 0.2694 0.0294 0.1036 0.1715 0.4260 
  SARPO_MIRA 0.0413 0.1479 0.0869 0.3983 0.3255 
 SARPO_SHONA 0.0605 0.0704 0.0846 0.3798 0.4048 
       SASSY 0.1333 0.2505 0.0973 0.1884 0.3304 
     SATURNA 0.0059 0.2301 0.0449 0.1876 0.5314 
        SAVA 0.0600 0.0691 0.1323 0.4291 0.3095 
       SAXON 0.1448 0.1189 0.5696 0.1231 0.0436 
 SCARBOROUGH 0.0285 0.0417 0.7579 0.1670 0.0050 
 SEFTON_WOND 0.2373 0.5310 0.1543 0.0604 0.0171 
    SERAFINA 0.0775 0.1230 0.0144 0.4883 0.2969 
     SETANTA 0.2806 0.0524 0.3132 0.3140 0.0398 
 SHARPE'S_EX 0.0376 0.6107 0.1073 0.1080 0.1364 
     SHELAGH 0.2752 0.2565 0.1870 0.1182 0.1632 
    SHELFORD 0.1937 0.1995 0.0245 0.2290 0.3533 
     SHEPODY 0.4579 0.2969 0.0056 0.0043 0.2354 
      SLANEY 0.4309 0.0090 0.3004 0.2459 0.0137 
        SPEY 0.4963 0.0041 0.2976 0.1740 0.0280 
      SPUNTA 0.1330 0.2097 0.1333 0.4034 0.1206 
     STAMINA 0.3041 0.0044 0.6224 0.0162 0.0528 
    STEMSTER 0.0950 0.1603 0.3245 0.1482 0.2721 
 STORMONT_EN 0.2407 0.1957 0.1836 0.0783 0.3018 
    STIRLING 0.4849 0.0162 0.1733 0.2556 0.0700 
     SYLVANA 0.2345 0.1173 0.1000 0.2649 0.2833 
         TAY 0.2774 0.0087 0.4363 0.2708 0.0068 
      TIMATE 0.0099 0.0423 0.1343 0.3890 0.4245 
      TOLUCA 0.2024 0.0501 0.0082 0.3696 0.3698 
    TORRIDON 0.3429 0.1100 0.0803 0.1250 0.3418 
 ULSTER_SCEP 0.3607 0.1712 0.3005 0.0889 0.0788 
 UMATILLA_RU 0.0664 0.3594 0.3411 0.0365 0.1967 
 VALES_EMERA 0.0756 0.1046 0.2612 0.5147 0.0440 
 VALES_EVERE 0.4222 0.1326 0.2797 0.1553 0.0102 
 VALES_RUSSE 0.2374 0.3631 0.0335 0.2345 0.1315 
 VALES_SOVER 0.5877 0.0041 0.3512 0.0287 0.0283 
       VALOR 0.4825 0.0036 0.3845 0.0954 0.0340 
    VAN_GOGH 0.0665 0.1367 0.1176 0.1673 0.5119 
     VANTAGE 0.1915 0.3463 0.0110 0.0066 0.4447 
       VERDI 0.0521 0.1779 0.1255 0.2203 0.4242 
    VICTORIA 0.1739 0.1064 0.0434 0.2466 0.4296 
     VIVALDI 0.2952 0.0722 0.0043 0.1771 0.4513 
       WILJA 0.2317 0.1905 0.0101 0.0021 0.5656 
     WINSTON 0.2447 0.0056 0.4427 0.2983 0.0087 
      XD2-21 0.3732 0.2602 0.1004 0.1957 0.0705 
  YUKON_GOLD 0.1714 0.0268 0.2425 0.4580 0.1013 
       ZORBA 0.3278 0.2042 0.0121 0.0191 0.4368 
