  00C133-020 0.0150 0.0151 0.5053 0.1074 0.3573 
 01C_071-002 0.1563 0.3003 0.2046 0.0827 0.2561 
 02M_012-001 0.1388 0.1047 0.6139 0.1086 0.0340 
 03M_016-002 0.4383 0.0451 0.3751 0.0406 0.1009 
 03M_034-002 0.1846 0.0440 0.5272 0.0357 0.2086 
 04C_055-004 0.0666 0.1219 0.4786 0.3035 0.0295 
 04C_126-005 0.0893 0.1170 0.3101 0.1182 0.3655 
 04M_034-013 0.2634 0.0904 0.4757 0.1278 0.0427 
 05M_002-001 0.1395 0.3645 0.1442 0.2167 0.1351 
 05M_004-003 0.0086 0.3622 0.1977 0.1470 0.2844 
 05M_012-004 0.0895 0.2157 0.1888 0.1556 0.3505 
 06C_127-002 0.0390 0.0093 0.3204 0.4673 0.1640 
 12288_AF_23 0.0161 0.0340 0.4311 0.2552 0.2636 
    12601AB1 0.4373 0.0112 0.4708 0.0542 0.0266 
   12636_A_2 0.2135 0.0114 0.4897 0.0522 0.2332 
  15119_AC_5 0.1928 0.0302 0.2434 0.0028 0.5309 
     1512C16 0.3242 0.0954 0.0151 0.2285 0.3368 
   15144_A_3 0.0352 0.0821 0.0308 0.2803 0.5717 
     1563C14 0.4468 0.2656 0.0264 0.2249 0.0364 
     2182EF7 0.1313 0.0601 0.0833 0.2282 0.4970 
     3681AD1 0.0545 0.3748 0.0947 0.1101 0.3659 
     5008AB6 0.0949 0.2655 0.0519 0.2898 0.2980 
    8204_A_4 0.0398 0.0244 0.1778 0.3331 0.4249 
       AGRIA 0.0443 0.5159 0.0812 0.3495 0.0091 
       AILSA 0.1275 0.0093 0.5614 0.2795 0.0222 
      ALMERA 0.0644 0.4530 0.0602 0.2448 0.1776 
       ALPHA 0.2301 0.4221 0.0582 0.1619 0.1276 
      ALWARA 0.0313 0.3620 0.0444 0.2842 0.2780 
      AMADRA 0.1439 0.3314 0.2240 0.2747 0.0260 
       AMOUR 0.0380 0.0245 0.4141 0.0833 0.4401 
        ANNA 0.1613 0.0177 0.0219 0.0065 0.7927 
   ANNABELLE 0.0281 0.4642 0.0170 0.4367 0.0540 
        ANYA 0.2243 0.1659 0.0451 0.4989 0.0658 
       ARGOS 0.0110 0.1232 0.2385 0.0532 0.5740 
     ARIELLE 0.1185 0.4151 0.0229 0.3203 0.1232 
      ARKULA 0.1331 0.4422 0.0171 0.2102 0.1974 
      ARMADA 0.1359 0.3864 0.1116 0.1935 0.1726 
   AVALANCHE 0.0447 0.2797 0.4439 0.0123 0.2194 
     BAILLIE 0.0156 0.1812 0.4849 0.1076 0.2108 
    BALMORAL 0.0931 0.2412 0.0259 0.0165 0.6232 
     BAMBINO 0.0172 0.0822 0.4986 0.1277 0.2741 
       BARNA 0.0555 0.1048 0.1035 0.3210 0.4151 
 BELLE_DE_FO 0.8612 0.0646 0.0037 0.0066 0.0639 
       BENOL 0.1604 0.0986 0.6067 0.0812 0.0531 
       BF_15 0.6995 0.2180 0.0062 0.0475 0.0289 
      BINTJE 0.3690 0.2539 0.0743 0.1244 0.1784 
 BIONICA_EX_ 0.1367 0.2775 0.1345 0.1861 0.2652 
 BLUE_DANUBE 0.1496 0.5612 0.0171 0.0075 0.2646 
      BONNIE 0.0293 0.1734 0.2510 0.2681 0.2782 
      BOUNTY 0.0180 0.0926 0.4554 0.1162 0.3178 
 BRITISH_QUE 0.4956 0.2093 0.0081 0.0055 0.2814 
     BRODICK 0.0097 0.0099 0.5470 0.3180 0.1155 
      BRODIE 0.1469 0.0065 0.0803 0.1634 0.6029 
      BUCHAN 0.0888 0.0046 0.1331 0.2866 0.4868 
      BURREN 0.1019 0.1614 0.0929 0.2000 0.4437 
     CABARET 0.2969 0.0140 0.5255 0.0166 0.1470 
      CAESAR 0.0043 0.3835 0.0463 0.4080 0.1578 
        CARA 0.0444 0.0189 0.1492 0.0905 0.6969 
 CARLINGFORD 0.1102 0.0266 0.1094 0.3539 0.3999 
  CASABLANCA 0.0048 0.2360 0.3149 0.0097 0.4347 
      CELINE 0.0696 0.4123 0.1100 0.1161 0.2919 
  CHALLENGER 0.1555 0.3260 0.2048 0.2664 0.0473 
   CHARLOTTE 0.1123 0.0747 0.1388 0.6669 0.0072 
     CHICAGO 0.0353 0.2759 0.5224 0.1527 0.0137 
   CHIEFTAIN 0.2171 0.0093 0.0273 0.4709 0.2755 
      CHOPIN 0.0771 0.4032 0.0311 0.2798 0.2088 
      CLARET 0.0467 0.0271 0.1157 0.1978 0.6126 
      CORINE 0.1171 0.3275 0.1872 0.0091 0.3590 
      COSMOS 0.1040 0.4674 0.1262 0.1200 0.1823 
     COURAGE 0.1177 0.3499 0.0732 0.2362 0.2230 
     COURLAN 0.1468 0.1424 0.1051 0.3494 0.2563 
 CRAIGS_ROYA 0.1283 0.0059 0.2113 0.1742 0.4803 
 CRAIGS_SNOW 0.3903 0.0853 0.1571 0.1202 0.2472 
     CRAMOND 0.0131 0.1043 0.4920 0.1635 0.2271 
 CRISPS_FOR_ 0.0831 0.3026 0.1099 0.3705 0.1338 
    CROMWELL 0.1888 0.1177 0.6640 0.0095 0.0199 
       D22/1 0.2001 0.0674 0.5175 0.0047 0.2104 
       D23/3 0.3372 0.0773 0.3889 0.0838 0.1128 
      D47-11 0.2161 0.0702 0.6974 0.0032 0.0131 
       D49/1 0.1424 0.0615 0.7716 0.0206 0.0039 
       DAISY 0.1842 0.1999 0.4826 0.1202 0.0132 
 DARK_RED_NO 0.2451 0.0764 0.0279 0.3375 0.3131 
     DARWINA 0.1394 0.4565 0.1056 0.1601 0.1384 
     DESIREE 0.1502 0.2501 0.0051 0.3727 0.2219 
       DITTA 0.1681 0.4145 0.0193 0.3262 0.0718 
 DR._MCINTOS 0.1882 0.0319 0.0488 0.2505 0.4805 
       DRAGA 0.0412 0.3064 0.1559 0.1632 0.3332 
 DUKE_OF_YOR 0.4692 0.2879 0.0037 0.0139 0.2252 
 DUNBAR_STAN 0.4277 0.0142 0.1548 0.1005 0.3027 
     DUNDROD 0.1847 0.0344 0.4929 0.1934 0.0945 
     ECLIPSE 0.5174 0.0109 0.0628 0.3568 0.0521 
        EDEN 0.2105 0.0122 0.7099 0.0396 0.0278 
 EDZELL_BLUE 0.3517 0.2343 0.0768 0.1414 0.1959 
   ELISABETH 0.0110 0.2430 0.1551 0.5577 0.0332 
     EMPEROR 0.0977 0.1803 0.1935 0.3636 0.1649 
         EOS 0.0419 0.1346 0.2765 0.4381 0.1089 
     EPICURE 0.4561 0.0578 0.0120 0.2870 0.1871 
  ERNTESTOLZ 0.2839 0.3236 0.0330 0.1956 0.1639 
      ESCORT 0.0082 0.3882 0.1714 0.3551 0.0771 
   ESMERALDA 0.1429 0.3115 0.1673 0.2661 0.1122 
      ESTIMA 0.1362 0.3439 0.1461 0.2721 0.1017 
 EVE_BALFOUR 0.2373 0.0240 0.1977 0.1047 0.4363 
   EXCALIBUR 0.0035 0.0205 0.4847 0.1156 0.3756 
     EXQUISA 0.1352 0.3728 0.0084 0.4320 0.0517 
    FESTIVAL 0.0088 0.4007 0.1479 0.3724 0.0701 
      FIANNA 0.0382 0.3548 0.0480 0.1822 0.3768 
   FIFTYFOLD 0.5745 0.0681 0.0940 0.1666 0.0968 
     FONTANE 0.0533 0.4331 0.2069 0.2620 0.0446 
   FORTYFOLD 0.5759 0.3063 0.0054 0.0058 0.1067 
 FRONTIER_RU 0.2914 0.0846 0.0937 0.3436 0.1868 
     G.81071 0.1253 0.1056 0.1770 0.2480 0.3441 
     G.88661 0.0327 0.0826 0.2283 0.3654 0.2910 
    G.886611 0.0101 0.0097 0.2193 0.4982 0.2627 
  G.8867Y%12 0.0267 0.0332 0.0612 0.4747 0.4043 
     G.88839 0.0070 0.4526 0.0076 0.5263 0.0065 
     G.88842 0.0194 0.3858 0.0117 0.3428 0.2403 
   GALACTICA 0.1635 0.3763 0.0078 0.0052 0.4472 
      GEMSON 0.2205 0.0262 0.1206 0.1926 0.4401 
  GL.76B/102 0.3551 0.2600 0.1735 0.1969 0.0144 
   GL.76B/94 0.5066 0.3551 0.0059 0.0104 0.1219 
  GL.77M/106 0.1723 0.0109 0.2837 0.3035 0.2296 
   GL.78/166 0.5934 0.2754 0.0537 0.0079 0.0696 
    GL.78/53 0.5103 0.0290 0.2501 0.2034 0.0071 
    GL.78/97 0.5385 0.1848 0.1581 0.1053 0.0133 
    GL.79/42 0.4990 0.0884 0.1845 0.2250 0.0031 
    GL.79/45 0.5287 0.1074 0.1429 0.2000 0.0210 
 GL.81_NT_25 0.3201 0.1155 0.5403 0.0036 0.0205 
   GLADIATOR 0.0164 0.2531 0.1183 0.3820 0.2302 
      GLAMIS 0.0573 0.1302 0.4349 0.2400 0.1377 
 GOLDEN_MILL 0.0847 0.0199 0.5191 0.2029 0.1734 
 GOLDEN_NUGG 0.0151 0.3708 0.1267 0.1788 0.3086 
 GOLDEN_WOND 0.5908 0.1455 0.0557 0.1572 0.0508 
     GRANOLA 0.0668 0.2144 0.1362 0.5740 0.0086 
    H1H3_101 0.3025 0.0088 0.6809 0.0027 0.0051 
      H1H3_3 0.2051 0.0699 0.4465 0.0817 0.1969 
 HARBOROUGH_ 0.0096 0.0104 0.7159 0.1751 0.0889 
   HARLEQUIN 0.1539 0.1243 0.1627 0.5421 0.0170 
      HERMES 0.1270 0.4016 0.0638 0.2188 0.1887 
 HIGHLAND_BU 0.7869 0.1630 0.0214 0.0058 0.0228 
  HOME_GUARD 0.3074 0.0167 0.1814 0.1897 0.3048 
     HORIZON 0.2189 0.4723 0.1058 0.0764 0.1266 
   INNOVATOR 0.3004 0.2981 0.0056 0.0080 0.3879 
 INTERNATION 0.8605 0.1130 0.0070 0.0042 0.0153 
 ISLE_OF_JUR 0.1225 0.0859 0.4519 0.1438 0.1959 
    JULIETTE 0.0258 0.3549 0.0246 0.5885 0.0062 
     KARLENA 0.2443 0.3433 0.0347 0.0111 0.3666 
 KERR'S_PINK 0.5515 0.0199 0.0933 0.1008 0.2345 
     KESTREL 0.0068 0.0057 0.3776 0.2313 0.3787 
       KIFLI 0.1309 0.2440 0.1368 0.4833 0.0050 
 KING_EDWARD 0.7714 0.0132 0.0704 0.1389 0.0061 
    KINGSTON 0.1532 0.1114 0.5197 0.0972 0.1185 
 KUFRI_CHAND 0.2685 0.1601 0.0897 0.1917 0.2899 
 KUFRI_JYOTI 0.1455 0.1975 0.0478 0.2256 0.3836 
      KURODA 0.0303 0.5288 0.0333 0.1424 0.2652 
 LADY_BALFOU 0.1762 0.0420 0.1956 0.1183 0.4678 
 LADY_CHRIST 0.2742 0.4524 0.0982 0.0855 0.0898 
 LADY_CLAIRE 0.1799 0.7588 0.0128 0.0062 0.0424 
     LADY_JO 0.2771 0.6048 0.0198 0.0028 0.0956 
 LADY_ROSETT 0.1354 0.3567 0.1517 0.2096 0.1466 
    LIBERTAS 0.2654 0.5756 0.0074 0.0029 0.1488 
       LINDA 0.1898 0.2600 0.0084 0.5366 0.0052 
      LINTON 0.0859 0.2900 0.1848 0.2389 0.2004 
 LINZER_DELI 0.1827 0.3195 0.0371 0.4412 0.0196 
   LIONHEART 0.0714 0.4543 0.0738 0.1674 0.2331 
   MADELEINE 0.0539 0.3976 0.1004 0.4164 0.0317 
   MADINGLEY 0.0470 0.3146 0.1587 0.3252 0.1544 
    MAJESTIC 0.2172 0.0473 0.0209 0.2669 0.4478 
     MARABEL 0.0123 0.4947 0.0163 0.3604 0.1163 
     MARFONA 0.1776 0.4797 0.1150 0.0360 0.1917 
     MARILYN 0.0847 0.3462 0.0292 0.3946 0.1453 
 MARIS_ANCHO 0.2259 0.2944 0.0770 0.2486 0.1541 
  MARIS_BARD 0.1948 0.2130 0.2371 0.0033 0.3519 
  MARIS_PEER 0.2461 0.0175 0.1598 0.1984 0.3782 
 MARIS_PIPER 0.1103 0.0527 0.8248 0.0057 0.0065 
     MARKIES 0.1138 0.5148 0.0288 0.3035 0.0390 
      MAXINE 0.0863 0.0214 0.4070 0.2115 0.2739 
      MEGARA 0.0439 0.5287 0.0860 0.3051 0.0364 
      MELODY 0.1414 0.4231 0.1088 0.1695 0.1572 
       MIDAS 0.0842 0.2524 0.5068 0.1514 0.0052 
       MILVA 0.1701 0.3977 0.0251 0.3600 0.0471 
        MIMI 0.0743 0.2842 0.3516 0.1068 0.1830 
        MIRA 0.2115 0.5925 0.0116 0.0084 0.1760 
       MOIRA 0.1512 0.2917 0.0573 0.2626 0.2372 
    MONTROSE 0.2311 0.0081 0.6102 0.1212 0.0295 
       MORAG 0.2434 0.0129 0.1705 0.1581 0.4151 
      MORENE 0.1741 0.5769 0.0047 0.0134 0.2309 
      MOZART 0.0033 0.3413 0.0785 0.5071 0.0698 
 MYATT'S_ASH 0.7284 0.2448 0.0047 0.0051 0.0170 
      NADINE 0.0091 0.0565 0.4539 0.3324 0.1481 
       NAVAN 0.0535 0.0200 0.6900 0.0941 0.1424 
 NDTX_4271_5 0.0908 0.0061 0.2154 0.5640 0.1237 
      NICOLA 0.1616 0.4189 0.0040 0.4104 0.0051 
     NOVELLA 0.0366 0.3781 0.0459 0.2663 0.2731 
     OLYMPUS 0.1492 0.0082 0.3361 0.3253 0.1812 
       OPERA 0.0160 0.3740 0.1460 0.2800 0.1841 
   ORCHESTRA 0.0593 0.3998 0.1551 0.3641 0.0218 
      ORIANA 0.1089 0.4474 0.0047 0.1529 0.2861 
     OTHELLO 0.0267 0.0055 0.1564 0.2191 0.5923 
     PALADIN 0.2152 0.0734 0.6791 0.0055 0.0267 
       PANDA 0.0160 0.3205 0.1073 0.5393 0.0170 
   PARAMOUNT 0.0609 0.1913 0.0241 0.2385 0.4852 
    PATRONES 0.2314 0.3693 0.0633 0.1640 0.1720 
 PENTLAND_AC 0.1988 0.1465 0.1502 0.2256 0.2789 
 PENTLAND_BE 0.5026 0.1360 0.0156 0.0079 0.3379 
 PENTLAND_CR 0.1287 0.2419 0.1431 0.1268 0.3596 
 PENTLAND_DE 0.3111 0.0153 0.0589 0.2205 0.3943 
 PENTLAND_IV 0.1599 0.0049 0.0824 0.3995 0.3533 
 PENTLAND_JA 0.2074 0.1942 0.0660 0.1494 0.3831 
 PENTLAND_MA 0.1196 0.3388 0.0083 0.1181 0.4151 
 PENTLAND_SQ 0.2338 0.0909 0.1094 0.2263 0.3396 
   PEPO_1978 0.1131 0.4065 0.1096 0.3443 0.0265 
     PICASSO 0.0037 0.2550 0.1417 0.0496 0.5500 
   PIMPERNEL 0.1610 0.4937 0.0881 0.1612 0.0961 
     PIONEER 0.1503 0.2110 0.0180 0.6144 0.0063 
       PIXIE 0.0056 0.0299 0.3695 0.2882 0.3069 
    PREMIERE 0.2745 0.4887 0.0510 0.0063 0.1795 
   PRODUCENT 0.0917 0.4516 0.2347 0.1811 0.0410 
     PROVOST 0.2075 0.1629 0.0343 0.2129 0.3824 
  R.P.LUSTRE 0.2824 0.0225 0.1999 0.3826 0.1127 
 RANGER_RUSS 0.3808 0.2049 0.0028 0.0301 0.3814 
       RATTE 0.4832 0.0415 0.1942 0.2725 0.0087 
      RECORD 0.2481 0.6197 0.0086 0.0077 0.1159 
   REMBRANDT 0.1613 0.4555 0.1293 0.1532 0.1007 
    RIO_ROJO 0.1611 0.0951 0.0726 0.3669 0.3043 
      ROBIJN 0.2803 0.5961 0.0061 0.0229 0.0946 
      ROCKET 0.1993 0.0236 0.5246 0.0889 0.1637 
   RODE_STAR 0.3282 0.4346 0.0454 0.1867 0.0051 
      ROMANO 0.0159 0.3325 0.0429 0.2835 0.3253 
       ROMEO 0.2080 0.0201 0.0640 0.4137 0.2943 
     ROOSTER 0.1560 0.1521 0.1028 0.2307 0.3584 
       ROYAL 0.0726 0.2912 0.3627 0.2622 0.0113 
 ROYAL_KIDNE 0.5675 0.0799 0.0032 0.0165 0.3328 
     RUBESSE 0.1119 0.2404 0.0349 0.4103 0.2025 
 RUSSET_BURB 0.2978 0.1290 0.0150 0.2183 0.3399 
 RUSSET_NORK 0.2700 0.0075 0.0334 0.4368 0.2523 
      SAFARI 0.0125 0.4224 0.0305 0.2118 0.3228 
     SANTANA 0.1265 0.4167 0.1406 0.1259 0.1903 
       SANTE 0.0693 0.4364 0.1907 0.1908 0.1127 
     SAPHIRE 0.0305 0.4223 0.0980 0.1796 0.2696 
  SARPO_MIRA 0.1477 0.3297 0.0849 0.3988 0.0388 
 SARPO_SHONA 0.0662 0.4075 0.0843 0.3836 0.0584 
       SASSY 0.2492 0.3293 0.1024 0.1851 0.1340 
     SATURNA 0.2290 0.5320 0.0463 0.1872 0.0055 
        SAVA 0.0659 0.3075 0.1285 0.4350 0.0630 
       SAXON 0.1152 0.0374 0.5676 0.1353 0.1446 
 SCARBOROUGH 0.0376 0.0057 0.7539 0.1750 0.0278 
 SEFTON_WOND 0.5313 0.0138 0.1564 0.0591 0.2394 
    SERAFINA 0.1213 0.3005 0.0150 0.4912 0.0720 
     SETANTA 0.0543 0.0332 0.3082 0.3229 0.2814 
 SHARPE'S_EX 0.6113 0.1353 0.1075 0.1089 0.0370 
     SHELAGH 0.2529 0.1619 0.1856 0.1226 0.2770 
    SHELFORD 0.1949 0.3591 0.0307 0.2246 0.1908 
     SHEPODY 0.2949 0.2359 0.0057 0.0037 0.4598 
      SLANEY 0.0096 0.0134 0.2936 0.2519 0.4315 
        SPEY 0.0044 0.0315 0.2908 0.1766 0.4967 
      SPUNTA 0.2078 0.1227 0.1311 0.4065 0.1318 
     STAMINA 0.0041 0.0583 0.6176 0.0183 0.3017 
    STEMSTER 0.1583 0.2734 0.3247 0.1503 0.0934 
 STORMONT_EN 0.1949 0.2998 0.1814 0.0817 0.2422 
    STIRLING 0.0158 0.0677 0.1686 0.2645 0.4833 
     SYLVANA 0.1165 0.2819 0.0975 0.2697 0.2344 
         TAY 0.0086 0.0079 0.4261 0.2808 0.2766 
      TIMATE 0.0383 0.4267 0.1345 0.3927 0.0078 
      TOLUCA 0.0462 0.3701 0.0065 0.3743 0.2029 
    TORRIDON 0.1065 0.3423 0.0750 0.1309 0.3454 
 ULSTER_SCEP 0.1712 0.0669 0.3002 0.0986 0.3632 
 UMATILLA_RU 0.3581 0.1926 0.3395 0.0422 0.0676 
 VALES_EMERA 0.1072 0.0391 0.2639 0.5246 0.0653 
 VALES_EVERE 0.1307 0.0104 0.2790 0.1580 0.4219 
 VALES_RUSSE 0.3623 0.1329 0.0351 0.2333 0.2364 
 VALES_SOVER 0.0035 0.0381 0.3461 0.0248 0.5875 
       VALOR 0.0036 0.0312 0.3805 0.1020 0.4827 
    VAN_GOGH 0.1379 0.5083 0.1119 0.1703 0.0715 
     VANTAGE 0.3436 0.4438 0.0147 0.0060 0.1919 
       VERDI 0.1771 0.4245 0.1227 0.2221 0.0535 
    VICTORIA 0.1079 0.4263 0.0391 0.2523 0.1744 
     VIVALDI 0.0712 0.4522 0.0046 0.1767 0.2953 
       WILJA 0.1886 0.5628 0.0087 0.0025 0.2375 
     WINSTON 0.0059 0.0069 0.4375 0.3056 0.2441 
      XD2-21 0.2582 0.0646 0.0998 0.2023 0.3750 
  YUKON_GOLD 0.0256 0.1026 0.2379 0.4657 0.1682 
       ZORBA 0.2029 0.4326 0.0104 0.0204 0.3338 
