  00C133-020 0.0135 0.0088 0.0220 0.2745 0.4027 0.0269 0.2516 
 01C_071-002 0.1370 0.0382 0.1507 0.2576 0.1844 0.2071 0.0250 
 02M_012-001 0.0861 0.0037 0.1701 0.0666 0.4839 0.0192 0.1703 
 03M_016-002 0.0494 0.2260 0.3337 0.0150 0.3621 0.0049 0.0089 
 03M_034-002 0.0026 0.0079 0.1975 0.0631 0.3656 0.0633 0.3000 
 04C_055-004 0.2810 0.0640 0.0547 0.0322 0.4465 0.0399 0.0817 
 04C_126-005 0.0165 0.0123 0.1127 0.2846 0.2064 0.1252 0.2423 
 04M_034-013 0.0806 0.1447 0.2164 0.0062 0.4070 0.0315 0.1137 
 05M_002-001 0.1919 0.1604 0.0984 0.0568 0.1276 0.3030 0.0618 
 05M_004-003 0.0725 0.0824 0.0082 0.1654 0.1397 0.3574 0.1744 
 05M_012-004 0.0092 0.1847 0.0443 0.1217 0.0950 0.2668 0.2783 
 06C_127-002 0.2250 0.0835 0.0412 0.0696 0.1612 0.0084 0.4111 
 12288_AF_23 0.1331 0.0993 0.0078 0.2003 0.3582 0.0185 0.1827 
    12601AB1 0.0028 0.0022 0.4412 0.0038 0.2111 0.0044 0.3344 
   12636_A_2 0.0042 0.0453 0.1940 0.1131 0.3493 0.0063 0.2878 
  15119_AC_5 0.0020 0.0211 0.1847 0.5130 0.2563 0.0169 0.0060 
     1512C16 0.0888 0.3065 0.2254 0.1472 0.0059 0.0772 0.1490 
   15144_A_3 0.2422 0.0050 0.0447 0.6326 0.0105 0.0071 0.0579 
     1563C14 0.2325 0.0753 0.4322 0.0751 0.0136 0.1604 0.0110 
     2182EF7 0.0112 0.2652 0.0568 0.2339 0.0154 0.1205 0.2970 
     3681AD1 0.0165 0.0669 0.0694 0.2540 0.0451 0.3945 0.1535 
     5008AB6 0.1102 0.0070 0.1261 0.1998 0.0070 0.2836 0.2662 
    8204_A_4 0.0485 0.1283 0.0332 0.2314 0.0399 0.1184 0.4002 
       AGRIA 0.3239 0.1108 0.0291 0.0040 0.0428 0.4241 0.0653 
       AILSA 0.1730 0.0432 0.1011 0.0070 0.4538 0.0040 0.2180 
      ALMERA 0.2431 0.2283 0.0138 0.0297 0.0875 0.3859 0.0119 
       ALPHA 0.1222 0.1009 0.2225 0.0595 0.0437 0.3951 0.0562 
      ALWARA 0.2859 0.0317 0.0422 0.3152 0.0380 0.2613 0.0257 
      AMADRA 0.2256 0.0242 0.1590 0.0166 0.1685 0.2930 0.1131 
       AMOUR 0.0324 0.0237 0.0325 0.4032 0.3349 0.0158 0.1574 
        ANNA 0.0021 0.0438 0.1373 0.6332 0.0075 0.0187 0.1573 
   ANNABELLE 0.3454 0.0833 0.0267 0.0076 0.0068 0.4340 0.0962 
        ANYA 0.3868 0.0743 0.2109 0.0756 0.0098 0.0872 0.1554 
       ARGOS 0.0600 0.0839 0.0064 0.5092 0.2468 0.0660 0.0277 
     ARIELLE 0.3395 0.1424 0.0778 0.1129 0.0284 0.2932 0.0058 
      ARKULA 0.1207 0.0887 0.1271 0.0888 0.0089 0.4615 0.1043 
      ARMADA 0.1488 0.1185 0.1179 0.0645 0.1279 0.3788 0.0435 
   AVALANCHE 0.0233 0.1672 0.0093 0.1005 0.4484 0.2374 0.0140 
     BAILLIE 0.0943 0.0877 0.0102 0.1387 0.4575 0.1307 0.0809 
    BALMORAL 0.0057 0.2445 0.0185 0.3936 0.0300 0.2337 0.0740 
     BAMBINO 0.0764 0.0313 0.0168 0.2189 0.4379 0.0654 0.1532 
       BARNA 0.2238 0.0541 0.0530 0.4063 0.0607 0.0665 0.1357 
 BELLE_DE_FO 0.0094 0.0648 0.8144 0.0966 0.0025 0.0103 0.0020 
       BENOL 0.0049 0.0049 0.1820 0.0045 0.4249 0.0763 0.3025 
       BF_15 0.0758 0.0288 0.6855 0.0711 0.0034 0.1311 0.0043 
      BINTJE 0.0954 0.1949 0.3082 0.0961 0.0735 0.2049 0.0270 
 BIONICA_EX_ 0.0220 0.0657 0.1554 0.0999 0.0339 0.3233 0.2998 
 BLUE_DANUBE 0.0099 0.1453 0.1412 0.1472 0.0228 0.5276 0.0060 
      BONNIE 0.1225 0.0906 0.0296 0.1583 0.1780 0.2025 0.2186 
      BOUNTY 0.0372 0.0244 0.0181 0.2431 0.3874 0.1112 0.1786 
 BRITISH_QUE 0.0030 0.4392 0.3420 0.0506 0.0260 0.1371 0.0021 
     BRODICK 0.0620 0.0125 0.0310 0.0078 0.2997 0.0323 0.5547 
      BRODIE 0.0184 0.1913 0.0985 0.4703 0.0199 0.0058 0.1958 
      BUCHAN 0.1343 0.1207 0.0571 0.4052 0.0710 0.0031 0.2086 
      BURREN 0.1487 0.0147 0.1179 0.4401 0.0471 0.1110 0.1205 
     CABARET 0.0063 0.0709 0.2544 0.0609 0.4694 0.0098 0.1283 
      CAESAR 0.2663 0.0868 0.0020 0.0585 0.0100 0.3874 0.1891 
        CARA 0.0188 0.0127 0.0535 0.6578 0.0766 0.0180 0.1627 
 CARLINGFORD 0.1502 0.3310 0.0201 0.1557 0.0669 0.0429 0.2331 
  CASABLANCA 0.0028 0.1169 0.0027 0.2317 0.2790 0.2478 0.1191 
      CELINE 0.0105 0.0209 0.1001 0.1748 0.0395 0.4679 0.1862 
  CHALLENGER 0.1918 0.1775 0.0891 0.0036 0.1610 0.2851 0.0920 
   CHARLOTTE 0.5041 0.0054 0.1519 0.0109 0.0253 0.0174 0.2850 
     CHICAGO 0.1771 0.0058 0.0554 0.0119 0.4638 0.2039 0.0820 
   CHIEFTAIN 0.2641 0.3670 0.0812 0.0591 0.0099 0.0067 0.2121 
      CHOPIN 0.1715 0.2343 0.0212 0.0202 0.0167 0.4108 0.1254 
      CLARET 0.1325 0.0430 0.0371 0.5972 0.0834 0.0082 0.0985 
      CORINE 0.0041 0.1522 0.0811 0.1747 0.1531 0.3050 0.1299 
      COSMOS 0.0820 0.2265 0.0452 0.0177 0.1204 0.4600 0.0482 
     COURAGE 0.1322 0.1568 0.1025 0.1073 0.0312 0.3436 0.1264 
     COURLAN 0.2966 0.2560 0.0612 0.1491 0.0730 0.0431 0.1210 
 CRAIGS_ROYA 0.0592 0.2091 0.0588 0.3580 0.1725 0.0037 0.1387 
 CRAIGS_SNOW 0.1099 0.3314 0.2590 0.0999 0.1746 0.0170 0.0082 
     CRAMOND 0.0047 0.0685 0.0133 0.0272 0.3441 0.1677 0.3744 
 CRISPS_FOR_ 0.2783 0.1384 0.0541 0.0532 0.0711 0.2771 0.1279 
    CROMWELL 0.0574 0.0048 0.2001 0.0875 0.6309 0.0145 0.0047 
       D22/1 0.0059 0.1516 0.1444 0.1263 0.5441 0.0238 0.0039 
       D23/3 0.0838 0.1909 0.2679 0.0394 0.3789 0.0181 0.0211 
      D47-11 0.0065 0.0197 0.2223 0.0158 0.7030 0.0248 0.0079 
       D49/1 0.0650 0.0115 0.1395 0.0028 0.7468 0.0149 0.0196 
       DAISY 0.1088 0.0130 0.1982 0.0097 0.4173 0.1456 0.1073 
 DARK_RED_NO 0.2414 0.4140 0.0813 0.1166 0.0339 0.0196 0.0932 
     DARWINA 0.1551 0.1972 0.0948 0.0168 0.1168 0.4055 0.0138 
     DESIREE 0.3416 0.0644 0.1397 0.2769 0.0027 0.1585 0.0163 
       DITTA 0.3298 0.1966 0.1208 0.0184 0.0235 0.3002 0.0107 
 DR._MCINTOS 0.0288 0.5133 0.0275 0.0784 0.0396 0.0847 0.2277 
       DRAGA 0.0574 0.3252 0.0061 0.0587 0.1301 0.2918 0.1307 
 DUKE_OF_YOR 0.0044 0.4021 0.3349 0.0054 0.0033 0.2464 0.0034 
 DUNBAR_STAN 0.0497 0.4533 0.2229 0.0833 0.1687 0.0055 0.0166 
     DUNDROD 0.1723 0.0809 0.1338 0.0857 0.4454 0.0059 0.0760 
     ECLIPSE 0.1977 0.3001 0.3758 0.0025 0.0137 0.0035 0.1067 
        EDEN 0.0053 0.0102 0.1961 0.0063 0.5811 0.0054 0.1956 
 EDZELL_BLUE 0.0934 0.1335 0.3202 0.1328 0.0266 0.1904 0.1032 
   ELISABETH 0.3413 0.0597 0.0086 0.0081 0.0834 0.2589 0.2401 
     EMPEROR 0.2378 0.3086 0.0100 0.0070 0.1509 0.1157 0.1700 
         EOS 0.2766 0.1469 0.0145 0.0164 0.2070 0.1329 0.2058 
     EPICURE 0.1381 0.3219 0.3551 0.0139 0.0046 0.0363 0.1301 
  ERNTESTOLZ 0.1679 0.2095 0.2297 0.0539 0.0258 0.2641 0.0491 
      ESCORT 0.2447 0.0107 0.0169 0.0432 0.0953 0.3858 0.2034 
   ESMERALDA 0.1588 0.0207 0.1611 0.0737 0.0912 0.3129 0.1816 
      ESTIMA 0.1901 0.2204 0.0686 0.0061 0.1197 0.3158 0.0792 
 EVE_BALFOUR 0.0135 0.0705 0.2300 0.3464 0.0765 0.0221 0.2410 
   EXCALIBUR 0.0164 0.0037 0.0037 0.3067 0.3634 0.0340 0.2722 
     EXQUISA 0.3829 0.0057 0.1637 0.1277 0.0034 0.2828 0.0339 
    FESTIVAL 0.2432 0.0454 0.0062 0.0128 0.0958 0.4236 0.1730 
      FIANNA 0.0815 0.2346 0.0086 0.1730 0.0285 0.3642 0.1095 
   FIFTYFOLD 0.1456 0.1384 0.5287 0.0785 0.0540 0.0140 0.0407 
     FONTANE 0.2284 0.1569 0.0189 0.0056 0.1779 0.3568 0.0555 
   FORTYFOLD 0.0048 0.1904 0.5335 0.0197 0.0034 0.2432 0.0050 
 FRONTIER_RU 0.2560 0.4441 0.1196 0.0088 0.0799 0.0135 0.0781 
     G.81071 0.0526 0.2023 0.0825 0.1222 0.0896 0.1525 0.2983 
     G.88661 0.0936 0.3256 0.0040 0.0084 0.1509 0.1466 0.2710 
    G.886611 0.1771 0.2789 0.0034 0.0144 0.1348 0.0334 0.3579 
  G.8867Y%12 0.1801 0.3485 0.0041 0.0939 0.0233 0.0766 0.2736 
     G.88839 0.4475 0.0041 0.0188 0.0051 0.0043 0.3979 0.1223 
     G.88842 0.2156 0.1269 0.0104 0.0803 0.0072 0.4048 0.1547 
   GALACTICA 0.0098 0.1076 0.1506 0.3968 0.0116 0.3204 0.0032 
      GEMSON 0.0809 0.2815 0.1275 0.2511 0.0962 0.0188 0.1441 
  GL.76B/102 0.2377 0.1348 0.3155 0.0064 0.1620 0.1319 0.0118 
   GL.76B/94 0.0315 0.0205 0.5197 0.1460 0.0036 0.2743 0.0044 
  GL.77M/106 0.1425 0.0106 0.1920 0.1995 0.1229 0.0078 0.3247 
   GL.78/166 0.0270 0.1174 0.5739 0.0556 0.0667 0.1568 0.0026 
    GL.78/53 0.1642 0.0057 0.5242 0.0088 0.1484 0.0060 0.1426 
    GL.78/97 0.1368 0.0210 0.5619 0.0314 0.1016 0.0961 0.0512 
    GL.79/42 0.1832 0.0036 0.5322 0.0052 0.1191 0.0511 0.1055 
    GL.79/45 0.1496 0.0047 0.5670 0.0809 0.0499 0.0430 0.1050 
 GL.81_NT_25 0.0047 0.0090 0.3339 0.0547 0.5442 0.0506 0.0031 
   GLADIATOR 0.2786 0.1700 0.0052 0.1411 0.0851 0.2006 0.1194 
      GLAMIS 0.1863 0.1678 0.0134 0.0364 0.4163 0.0858 0.0941 
 GOLDEN_MILL 0.0086 0.0072 0.1127 0.0408 0.2847 0.0472 0.4987 
 GOLDEN_NUGG 0.0126 0.0084 0.0355 0.1839 0.0199 0.4591 0.2807 
 GOLDEN_WOND 0.1215 0.1305 0.5514 0.0244 0.0213 0.0893 0.0617 
     GRANOLA 0.4426 0.0060 0.1075 0.0096 0.0339 0.1479 0.2525 
    H1H3_101 0.0032 0.0111 0.2901 0.0064 0.6831 0.0037 0.0025 
      H1H3_3 0.0111 0.1611 0.1550 0.0249 0.3751 0.0800 0.1927 
 HARBOROUGH_ 0.0047 0.0088 0.0093 0.0029 0.4594 0.0155 0.4992 
   HARLEQUIN 0.4553 0.0095 0.1733 0.0825 0.0767 0.0222 0.1806 
      HERMES 0.3115 0.0542 0.0937 0.2360 0.0764 0.2248 0.0034 
 HIGHLAND_BU 0.0022 0.0120 0.7875 0.0036 0.0067 0.1145 0.0735 
  HOME_GUARD 0.0536 0.2789 0.2093 0.1115 0.1269 0.0213 0.1985 
     HORIZON 0.0609 0.0320 0.2319 0.0918 0.1019 0.4587 0.0228 
   INNOVATOR 0.0029 0.4714 0.1337 0.0644 0.0074 0.3049 0.0153 
 INTERNATION 0.0042 0.0783 0.8457 0.0091 0.0048 0.0546 0.0032 
 ISLE_OF_JUR 0.0931 0.0396 0.1228 0.1523 0.4101 0.0752 0.1069 
    JULIETTE 0.5310 0.0065 0.0579 0.0096 0.0095 0.2370 0.1484 
     KARLENA 0.0252 0.2499 0.1684 0.2516 0.0558 0.2454 0.0038 
 KERR'S_PINK 0.0472 0.3329 0.4153 0.0697 0.0679 0.0065 0.0604 
     KESTREL 0.1356 0.0192 0.0053 0.3790 0.3047 0.0039 0.1522 
       KIFLI 0.4966 0.0087 0.1842 0.0111 0.0761 0.0942 0.1292 
 KING_EDWARD 0.1152 0.1204 0.7004 0.0025 0.0395 0.0042 0.0178 
    KINGSTON 0.0075 0.0044 0.1815 0.0407 0.3727 0.1285 0.2647 
 KUFRI_CHAND 0.1251 0.3942 0.1415 0.0726 0.1074 0.1087 0.0505 
 KUFRI_JYOTI 0.0281 0.0602 0.1434 0.2494 0.0054 0.2478 0.2657 
      KURODA 0.1447 0.1868 0.0098 0.1333 0.0485 0.4651 0.0117 
 LADY_BALFOU 0.0151 0.1412 0.1408 0.3446 0.1474 0.0531 0.1577 
 LADY_CHRIST 0.0492 0.0582 0.2844 0.0285 0.0500 0.4442 0.0854 
 LADY_CLAIRE 0.0172 0.0371 0.2077 0.0178 0.0126 0.7049 0.0026 
     LADY_JO 0.0021 0.1095 0.2734 0.0091 0.0237 0.5796 0.0027 
 LADY_ROSETT 0.1142 0.1279 0.1290 0.0656 0.1063 0.3446 0.1124 
    LIBERTAS 0.0024 0.0059 0.2959 0.1481 0.0053 0.5397 0.0028 
       LINDA 0.5446 0.0098 0.2103 0.0541 0.0055 0.1274 0.0482 
      LINTON 0.2832 0.1795 0.0203 0.1653 0.1862 0.1560 0.0096 
 LINZER_DELI 0.3786 0.0364 0.1990 0.0207 0.0070 0.2207 0.1377 
   LIONHEART 0.0715 0.2062 0.0249 0.0604 0.0355 0.4777 0.1238 
   MADELEINE 0.3061 0.0102 0.0801 0.0236 0.0328 0.3745 0.1728 
   MADINGLEY 0.3711 0.0725 0.0303 0.2106 0.1452 0.1529 0.0174 
    MAJESTIC 0.0725 0.5160 0.0375 0.0950 0.0116 0.0781 0.1893 
     MARABEL 0.2884 0.1000 0.0075 0.0185 0.0109 0.4776 0.0971 
     MARFONA 0.0265 0.1749 0.1363 0.0628 0.1116 0.4669 0.0210 
     MARILYN 0.3144 0.0468 0.0894 0.1146 0.0073 0.2907 0.1368 
 MARIS_ANCHO 0.1634 0.2278 0.1634 0.0207 0.0555 0.2750 0.0943 
  MARIS_BARD 0.0015 0.2729 0.0980 0.0675 0.2462 0.2574 0.0564 
  MARIS_PEER 0.1049 0.3348 0.1225 0.1838 0.1522 0.0085 0.0933 
 MARIS_PIPER 0.0265 0.0058 0.1203 0.0058 0.8122 0.0152 0.0142 
     MARKIES 0.2901 0.0328 0.1213 0.0671 0.0235 0.4406 0.0246 
      MAXINE 0.1197 0.2710 0.0077 0.1160 0.3884 0.0082 0.0890 
      MEGARA 0.2650 0.0099 0.0783 0.0261 0.0543 0.4802 0.0862 
      MELODY 0.1625 0.0207 0.1612 0.1541 0.0682 0.3777 0.0557 
       MIDAS 0.2267 0.0045 0.1080 0.0071 0.4885 0.1495 0.0157 
       MILVA 0.2747 0.0238 0.1903 0.0210 0.0096 0.3571 0.1235 
        MIMI 0.0152 0.0069 0.1150 0.1245 0.2327 0.2972 0.2085 
        MIRA 0.0067 0.0782 0.2223 0.0655 0.0118 0.6037 0.0118 
       MOIRA 0.1865 0.1400 0.1281 0.1348 0.0374 0.2645 0.1086 
    MONTROSE 0.0050 0.0025 0.2476 0.0052 0.3736 0.0040 0.3620 
       MORAG 0.0057 0.1747 0.1930 0.2092 0.0677 0.0310 0.3188 
      MORENE 0.0094 0.1290 0.1636 0.1051 0.0039 0.5812 0.0079 
      MOZART 0.3016 0.0225 0.0025 0.0067 0.0068 0.3699 0.2901 
 MYATT'S_ASH 0.0081 0.0990 0.7086 0.0151 0.0037 0.1632 0.0024 
      NADINE 0.2078 0.0577 0.0065 0.1032 0.3777 0.0415 0.2056 
       NAVAN 0.0490 0.0893 0.0329 0.0540 0.6531 0.0189 0.1027 
 NDTX_4271_5 0.3185 0.2623 0.0104 0.0087 0.1339 0.0036 0.2624 
      NICOLA 0.4758 0.0555 0.1651 0.0091 0.0039 0.2859 0.0048 
     NOVELLA 0.1651 0.0942 0.0341 0.1574 0.0231 0.3868 0.1393 
     OLYMPUS 0.0974 0.1367 0.1259 0.0468 0.1877 0.0085 0.3969 
       OPERA 0.1990 0.0927 0.0136 0.1139 0.0851 0.3486 0.1470 
   ORCHESTRA 0.3257 0.0135 0.0764 0.0341 0.1134 0.3342 0.1028 
      ORIANA 0.1443 0.2102 0.0559 0.1765 0.0042 0.4020 0.0070 
     OTHELLO 0.1068 0.1088 0.0077 0.5193 0.1056 0.0032 0.1485 
     PALADIN 0.0046 0.0616 0.1924 0.0056 0.6329 0.0311 0.0718 
       PANDA 0.5323 0.0072 0.0192 0.0686 0.0780 0.1986 0.0962 
   PARAMOUNT 0.1243 0.0281 0.0670 0.4258 0.0055 0.1826 0.1667 
    PATRONES 0.1609 0.2143 0.1700 0.0574 0.0785 0.3086 0.0102 
 PENTLAND_AC 0.1243 0.1904 0.1369 0.1648 0.1332 0.1417 0.1088 
 PENTLAND_BE 0.0057 0.2968 0.3996 0.1830 0.0164 0.0915 0.0070 
 PENTLAND_CR 0.0029 0.1455 0.1048 0.0853 0.0164 0.3063 0.3387 
 PENTLAND_DE 0.0175 0.2528 0.2416 0.1623 0.0071 0.0272 0.2916 
 PENTLAND_IV 0.1651 0.3361 0.0559 0.1262 0.0255 0.0047 0.2865 
 PENTLAND_JA 0.0095 0.4292 0.0703 0.0451 0.0280 0.2165 0.2013 
 PENTLAND_MA 0.0343 0.1283 0.0980 0.2363 0.0055 0.3536 0.1440 
 PENTLAND_SQ 0.0158 0.2107 0.1916 0.0744 0.0123 0.1429 0.3523 
   PEPO_1978 0.3519 0.0508 0.1223 0.0219 0.0973 0.3057 0.0501 
     PICASSO 0.0578 0.0339 0.0031 0.5005 0.1395 0.2373 0.0279 
   PIMPERNEL 0.1262 0.0041 0.2105 0.1275 0.0142 0.4288 0.0887 
     PIONEER 0.5261 0.0118 0.1745 0.0049 0.0065 0.0972 0.1790 
       PIXIE 0.1282 0.0205 0.0059 0.2375 0.2567 0.0510 0.3003 
    PREMIERE 0.0026 0.1488 0.2340 0.0122 0.0618 0.5229 0.0177 
   PRODUCENT 0.1421 0.0614 0.0910 0.0063 0.1897 0.4158 0.0937 
     PROVOST 0.0599 0.2802 0.1318 0.1484 0.0092 0.1747 0.1958 
  R.P.LUSTRE 0.2350 0.1853 0.2195 0.0237 0.1419 0.0099 0.1847 
 RANGER_RUSS 0.0704 0.5410 0.1852 0.1190 0.0033 0.0788 0.0024 
       RATTE 0.1611 0.0296 0.4936 0.0080 0.0768 0.0116 0.2193 
      RECORD 0.0088 0.0073 0.2824 0.1036 0.0078 0.5861 0.0040 
   REMBRANDT 0.1053 0.1706 0.1231 0.0070 0.0872 0.4202 0.0867 
    RIO_ROJO 0.2275 0.3295 0.0445 0.1476 0.0326 0.0463 0.1719 
      ROBIJN 0.0573 0.0177 0.3033 0.0835 0.0040 0.5303 0.0039 
      ROCKET 0.0155 0.1262 0.1606 0.0502 0.4608 0.0227 0.1639 
   RODE_STAR 0.2329 0.0018 0.3953 0.0438 0.0111 0.3076 0.0076 
      ROMANO 0.1709 0.0094 0.0152 0.2904 0.0115 0.3393 0.1634 
       ROMEO 0.2461 0.0470 0.1994 0.2785 0.0073 0.0070 0.2148 
     ROOSTER 0.0267 0.1354 0.1421 0.1684 0.0100 0.1914 0.3261 
       ROYAL 0.3332 0.0054 0.0920 0.0669 0.3408 0.1487 0.0130 
 ROYAL_KIDNE 0.0026 0.5211 0.3726 0.0226 0.0035 0.0680 0.0097 
     RUBESSE 0.2734 0.1657 0.0695 0.0985 0.0115 0.2193 0.1622 
 RUSSET_BURB 0.1297 0.5477 0.1107 0.0410 0.0113 0.0826 0.0770 
 RUSSET_NORK 0.2684 0.5701 0.0254 0.0070 0.0172 0.0030 0.1089 
      SAFARI 0.0387 0.0480 0.0221 0.1468 0.0088 0.5044 0.2311 
     SANTANA 0.1162 0.1980 0.0774 0.0676 0.1410 0.3739 0.0260 
       SANTE 0.0548 0.0086 0.1137 0.0389 0.0906 0.4808 0.2126 
     SAPHIRE 0.0323 0.2647 0.0047 0.0219 0.0446 0.4563 0.1755 
  SARPO_MIRA 0.4223 0.0084 0.1634 0.1768 0.0636 0.1566 0.0089 
 SARPO_SHONA 0.3921 0.0084 0.0918 0.1681 0.0487 0.2651 0.0259 
       SASSY 0.1544 0.1478 0.2137 0.0757 0.0794 0.2757 0.0533 
     SATURNA 0.2586 0.0045 0.2702 0.0124 0.0428 0.4077 0.0039 
        SAVA 0.3736 0.1610 0.0276 0.0208 0.1152 0.2372 0.0647 
       SAXON 0.0146 0.0194 0.1287 0.0387 0.4698 0.0728 0.2561 
 SCARBOROUGH 0.0082 0.0041 0.0508 0.0022 0.5239 0.0044 0.4064 
 SEFTON_WOND 0.0048 0.3144 0.4074 0.0392 0.0914 0.0096 0.1332 
    SERAFINA 0.3712 0.0147 0.1367 0.0862 0.0035 0.2213 0.1665 
     SETANTA 0.0412 0.0458 0.0814 0.1154 0.1000 0.1126 0.5036 
 SHARPE'S_EX 0.1201 0.1135 0.5793 0.0332 0.0952 0.0466 0.0120 
     SHELAGH 0.0420 0.0186 0.2732 0.2430 0.1272 0.1601 0.1359 
    SHELFORD 0.3346 0.0731 0.1501 0.2485 0.0424 0.1488 0.0024 
     SHEPODY 0.0023 0.4218 0.1555 0.1755 0.0077 0.2312 0.0060 
      SLANEY 0.1361 0.0512 0.0071 0.3688 0.2301 0.0102 0.1965 
        SPEY 0.0684 0.0173 0.0032 0.4210 0.2184 0.0514 0.2203 
      SPUNTA 0.3076 0.0379 0.2100 0.1496 0.0575 0.0670 0.1704 
     STAMINA 0.0154 0.0712 0.0022 0.2272 0.6136 0.0254 0.0448 
    STEMSTER 0.1806 0.0337 0.1577 0.1270 0.3077 0.1813 0.0120 
 STORMONT_EN 0.0615 0.1240 0.1692 0.1642 0.1776 0.2748 0.0287 
    STIRLING 0.0110 0.1531 0.0111 0.2307 0.0585 0.1607 0.3749 
     SYLVANA 0.2013 0.2375 0.0370 0.0956 0.0893 0.2629 0.0763 
         TAY 0.0447 0.0189 0.0188 0.1570 0.2439 0.0290 0.4877 
      TIMATE 0.3705 0.0598 0.0375 0.0052 0.1106 0.3449 0.0715 
      TOLUCA 0.3155 0.0864 0.0296 0.1680 0.0049 0.3275 0.0681 
    TORRIDON 0.0506 0.0565 0.1135 0.2441 0.0223 0.3534 0.1596 
 ULSTER_SCEP 0.0066 0.3412 0.0349 0.0574 0.2806 0.1156 0.1637 
 UMATILLA_RU 0.0375 0.0395 0.3684 0.0427 0.2851 0.1520 0.0748 
 VALES_EMERA 0.3618 0.0458 0.1033 0.0383 0.1641 0.0164 0.2703 
 VALES_EVERE 0.0102 0.0531 0.1439 0.2996 0.1310 0.0157 0.3464 
 VALES_RUSSE 0.1576 0.4461 0.2068 0.0212 0.0237 0.0565 0.0881 
 VALES_SOVER 0.0130 0.0049 0.0033 0.5700 0.3003 0.0160 0.0925 
       VALOR 0.0058 0.0069 0.0027 0.3878 0.2697 0.0679 0.2593 
    VAN_GOGH 0.1131 0.0416 0.1559 0.0107 0.0776 0.5003 0.1009 
     VANTAGE 0.0087 0.2234 0.2733 0.0935 0.0233 0.3755 0.0024 
       VERDI 0.2727 0.0244 0.2021 0.0827 0.0979 0.3002 0.0199 
    VICTORIA 0.1651 0.2656 0.0255 0.0168 0.0229 0.4100 0.0941 
     VIVALDI 0.1093 0.2504 0.0179 0.1178 0.0034 0.4767 0.0245 
       WILJA 0.0020 0.1387 0.1707 0.1180 0.0162 0.5521 0.0021 
     WINSTON 0.1593 0.0616 0.0040 0.1859 0.3741 0.0065 0.2086 
      XD2-21 0.0532 0.2697 0.1725 0.1978 0.0597 0.0827 0.1645 
  YUKON_GOLD 0.2356 0.2919 0.0042 0.0057 0.1269 0.0650 0.2707 
       ZORBA 0.0089 0.2437 0.1427 0.1145 0.0115 0.4357 0.0430 
