  00C133-020 0.0050 0.3813 0.1106 0.2503 0.0258 0.1617 0.0040 0.0225 0.0322 0.0065 
 01C_071-002 0.1775 0.1191 0.0037 0.2565 0.0982 0.0463 0.0534 0.0338 0.0885 0.1231 
 02M_012-001 0.2259 0.3785 0.0268 0.0460 0.0354 0.2089 0.0031 0.0107 0.0062 0.0585 
 03M_016-002 0.2349 0.3243 0.0053 0.0142 0.0080 0.0125 0.1758 0.1921 0.0035 0.0294 
 03M_034-002 0.0129 0.3694 0.0045 0.0412 0.0020 0.2501 0.0049 0.1073 0.2063 0.0013 
 04C_055-004 0.1338 0.3779 0.1627 0.0086 0.0051 0.0208 0.0348 0.0055 0.0730 0.1777 
 04C_126-005 0.0232 0.2036 0.0517 0.2829 0.0306 0.1841 0.0102 0.0766 0.1282 0.0089 
 04M_034-013 0.1459 0.3747 0.0229 0.0068 0.0086 0.1003 0.1126 0.1208 0.0848 0.0226 
 05M_002-001 0.0351 0.1046 0.0075 0.0521 0.2208 0.0508 0.1211 0.0882 0.0974 0.2225 
 05M_004-003 0.0053 0.0958 0.0124 0.1709 0.3223 0.1397 0.0522 0.0107 0.0456 0.1452 
 05M_012-004 0.0273 0.0638 0.1182 0.0968 0.2089 0.2025 0.1493 0.0346 0.0928 0.0058 
 06C_127-002 0.0138 0.1135 0.1251 0.0735 0.0048 0.3434 0.1083 0.0272 0.0167 0.1736 
 12288_AF_23 0.0357 0.2772 0.3906 0.0353 0.0929 0.1049 0.0140 0.0035 0.0181 0.0276 
    12601AB1 0.2622 0.1120 0.0018 0.0033 0.0045 0.4140 0.0021 0.1943 0.0039 0.0021 
   12636_A_2 0.0191 0.3144 0.0659 0.0840 0.0477 0.2948 0.0092 0.1569 0.0050 0.0029 
  15119_AC_5 0.1615 0.2269 0.0081 0.4758 0.0054 0.0022 0.0164 0.0694 0.0331 0.0011 
     1512C16 0.0220 0.0062 0.1649 0.0923 0.1381 0.0803 0.1940 0.2379 0.0289 0.0354 
   15144_A_3 0.0047 0.0053 0.1208 0.5893 0.0037 0.0050 0.0024 0.0803 0.0141 0.1744 
     1563C14 0.2355 0.0043 0.1310 0.0100 0.1263 0.0041 0.0162 0.2757 0.0422 0.1546 
     2182EF7 0.0081 0.0246 0.0128 0.2933 0.0276 0.1999 0.2818 0.0574 0.0760 0.0186 
     3681AD1 0.1261 0.0064 0.0091 0.2357 0.2901 0.1287 0.0799 0.0050 0.0775 0.0414 
     5008AB6 0.1434 0.0042 0.0167 0.2163 0.0217 0.2085 0.0347 0.0133 0.2569 0.0845 
    8204_A_4 0.0075 0.0322 0.1165 0.2597 0.0181 0.2732 0.1518 0.0218 0.0878 0.0314 
       AGRIA 0.0028 0.0078 0.0023 0.0039 0.3976 0.0613 0.0410 0.0599 0.0076 0.4157 
       AILSA 0.0732 0.4141 0.0491 0.0126 0.0043 0.1937 0.0416 0.0604 0.0049 0.1462 
      ALMERA 0.0797 0.0675 0.0108 0.0316 0.1338 0.0030 0.2226 0.0035 0.2087 0.2389 
       ALPHA 0.1672 0.0197 0.1438 0.0075 0.1738 0.0165 0.0608 0.1136 0.2726 0.0246 
      ALWARA 0.1087 0.0136 0.1868 0.2065 0.0120 0.0082 0.0188 0.0075 0.2958 0.1421 
      AMADRA 0.1187 0.1324 0.0728 0.0075 0.1172 0.0884 0.0224 0.0713 0.1889 0.1805 
       AMOUR 0.0626 0.2801 0.0654 0.4202 0.0230 0.1056 0.0131 0.0103 0.0064 0.0134 
        ANNA 0.0189 0.0096 0.0034 0.6924 0.0054 0.0416 0.0669 0.1275 0.0325 0.0018 
   ANNABELLE 0.0194 0.0263 0.0040 0.0310 0.0167 0.0270 0.1273 0.0236 0.4129 0.3118 
        ANYA 0.0230 0.0083 0.1525 0.0294 0.0068 0.1053 0.0497 0.1986 0.1418 0.2848 
       ARGOS 0.0486 0.1906 0.1801 0.4319 0.0318 0.0029 0.0608 0.0033 0.0195 0.0307 
     ARIELLE 0.0103 0.0593 0.0381 0.0751 0.1072 0.0027 0.0833 0.1049 0.2238 0.2953 
      ARKULA 0.0137 0.0160 0.1433 0.0210 0.1640 0.0282 0.0551 0.1260 0.3900 0.0427 
      ARMADA 0.0231 0.1766 0.0906 0.0160 0.0614 0.0053 0.0822 0.0889 0.4008 0.0550 
   AVALANCHE 0.0260 0.4085 0.0245 0.0858 0.2092 0.0132 0.1139 0.0080 0.0834 0.0275 
     BAILLIE 0.0295 0.4253 0.0519 0.1181 0.0908 0.0585 0.0665 0.0049 0.0888 0.0657 
    BALMORAL 0.0641 0.0186 0.0165 0.4119 0.1340 0.0161 0.2293 0.0137 0.0913 0.0044 
     BAMBINO 0.0180 0.4102 0.1030 0.2005 0.0377 0.0923 0.0167 0.0094 0.0539 0.0582 
       BARNA 0.0123 0.0587 0.2721 0.3028 0.0078 0.0185 0.0102 0.0583 0.1806 0.0787 
 BELLE_DE_FO 0.1598 0.0049 0.0130 0.0473 0.0162 0.0021 0.0088 0.7143 0.0278 0.0058 
       BENOL 0.1337 0.3657 0.0015 0.0101 0.0590 0.3312 0.0140 0.0431 0.0086 0.0330 
       BF_15 0.0779 0.0065 0.0039 0.0364 0.0473 0.0033 0.0036 0.6228 0.1193 0.0790 
      BINTJE 0.0928 0.0744 0.0868 0.0384 0.1600 0.0105 0.1141 0.2617 0.1086 0.0526 
 BIONICA_EX_ 0.0919 0.0189 0.0066 0.1123 0.1385 0.2582 0.1162 0.0481 0.1847 0.0246 
 BLUE_DANUBE 0.2249 0.0050 0.0053 0.1012 0.2517 0.0056 0.1501 0.0077 0.2420 0.0065 
      BONNIE 0.0058 0.1724 0.1641 0.1333 0.0416 0.1243 0.0494 0.0395 0.2053 0.0645 
      BOUNTY 0.0179 0.3366 0.1601 0.1918 0.1445 0.1019 0.0064 0.0139 0.0059 0.0211 
 BRITISH_QUE 0.0226 0.0691 0.0035 0.0507 0.1615 0.0014 0.2810 0.3746 0.0308 0.0047 
     BRODICK 0.0059 0.2505 0.0114 0.0274 0.0103 0.5280 0.0298 0.0091 0.0800 0.0475 
      BRODIE 0.0094 0.0149 0.2156 0.4206 0.0254 0.0766 0.0957 0.1333 0.0034 0.0051 
      BUCHAN 0.0167 0.0492 0.2513 0.3615 0.0042 0.0853 0.0693 0.0851 0.0039 0.0736 
      BURREN 0.1195 0.0162 0.0992 0.4180 0.0630 0.0557 0.0319 0.0415 0.0312 0.1239 
     CABARET 0.1783 0.4325 0.0998 0.0188 0.0119 0.1020 0.0259 0.1212 0.0068 0.0029 
      CAESAR 0.0034 0.0036 0.1340 0.0259 0.2583 0.1094 0.0619 0.0028 0.1498 0.2509 
        CARA 0.0238 0.0602 0.1444 0.6424 0.0110 0.0428 0.0077 0.0469 0.0155 0.0053 
 CARLINGFORD 0.0224 0.0799 0.2144 0.0939 0.0037 0.0854 0.2851 0.0196 0.1329 0.0628 
  CASABLANCA 0.0027 0.2693 0.0028 0.2840 0.1415 0.0695 0.1234 0.0023 0.0981 0.0064 
      CELINE 0.0743 0.0274 0.2447 0.0489 0.1557 0.0825 0.0193 0.0144 0.3287 0.0042 
  CHALLENGER 0.0152 0.1323 0.0618 0.0029 0.2102 0.0733 0.1064 0.1113 0.0968 0.1898 
   CHARLOTTE 0.0101 0.0124 0.0947 0.0089 0.0031 0.2065 0.0043 0.1437 0.0871 0.4291 
     CHICAGO 0.1481 0.3841 0.0065 0.0271 0.0663 0.0910 0.0048 0.0043 0.1021 0.1656 
   CHIEFTAIN 0.0068 0.0051 0.2771 0.0103 0.0897 0.0985 0.2140 0.1241 0.0022 0.1722 
      CHOPIN 0.0533 0.0198 0.0335 0.0272 0.0840 0.0631 0.2480 0.0058 0.3353 0.1298 
      CLARET 0.0039 0.0754 0.1611 0.5486 0.0032 0.0103 0.0096 0.0801 0.0588 0.0492 
      CORINE 0.1571 0.0520 0.0077 0.1610 0.2956 0.1552 0.1427 0.0057 0.0171 0.0060 
      COSMOS 0.0114 0.1340 0.0434 0.0084 0.1875 0.0226 0.1663 0.0520 0.3297 0.0447 
     COURAGE 0.0537 0.0287 0.2282 0.0184 0.1429 0.0558 0.0886 0.0699 0.2913 0.0224 
     COURLAN 0.0496 0.0091 0.1491 0.1039 0.1410 0.0762 0.1672 0.0581 0.0035 0.2423 
 CRAIGS_ROYA 0.0126 0.1467 0.2878 0.2712 0.0322 0.0321 0.1183 0.0899 0.0028 0.0064 
 CRAIGS_SNOW 0.0831 0.1521 0.1137 0.0504 0.1098 0.0039 0.1954 0.2384 0.0040 0.0492 
     CRAMOND 0.0062 0.3215 0.0290 0.0402 0.0616 0.3251 0.0671 0.0046 0.1405 0.0040 
 CRISPS_FOR_ 0.0133 0.0527 0.2223 0.0100 0.1423 0.0464 0.0535 0.0816 0.1930 0.1848 
    CROMWELL 0.1695 0.5669 0.0187 0.0633 0.0251 0.0061 0.0022 0.0962 0.0082 0.0438 
       D22/1 0.1125 0.5191 0.1035 0.0515 0.0747 0.0020 0.0450 0.0824 0.0060 0.0032 
       D23/3 0.1693 0.3373 0.1167 0.0083 0.0562 0.0072 0.0968 0.1635 0.0038 0.0410 
      D47-11 0.3129 0.6123 0.0032 0.0100 0.0139 0.0123 0.0121 0.0088 0.0111 0.0035 
       D49/1 0.1882 0.6759 0.0156 0.0023 0.0025 0.0195 0.0080 0.0148 0.0552 0.0180 
       DAISY 0.1472 0.3616 0.0348 0.0057 0.0944 0.1085 0.0085 0.0851 0.0667 0.0874 
 DARK_RED_NO 0.1253 0.0155 0.0591 0.1441 0.0121 0.0157 0.3710 0.0557 0.0200 0.1817 
     DARWINA 0.1379 0.0651 0.0905 0.0058 0.2343 0.0044 0.1317 0.0267 0.1737 0.1297 
     DESIREE 0.0460 0.0023 0.3014 0.0919 0.0184 0.0025 0.0135 0.1215 0.2541 0.1484 
       DITTA 0.0070 0.0395 0.0058 0.0245 0.1576 0.0033 0.1284 0.1475 0.1490 0.3375 
 DR._MCINTOS 0.0065 0.0689 0.1886 0.0366 0.0057 0.0575 0.4075 0.0742 0.1503 0.0041 
       DRAGA 0.0055 0.0874 0.0118 0.0945 0.2507 0.1098 0.2750 0.0063 0.0753 0.0837 
 DUKE_OF_YOR 0.0144 0.0076 0.0015 0.0069 0.1162 0.0025 0.3242 0.3490 0.1727 0.0050 
 DUNBAR_STAN 0.0063 0.1756 0.1179 0.0575 0.0631 0.0054 0.2521 0.3055 0.0037 0.0130 
     DUNDROD 0.1309 0.3937 0.0700 0.0787 0.0134 0.0685 0.0339 0.0669 0.0043 0.1396 
     ECLIPSE 0.1039 0.0215 0.1262 0.0021 0.0018 0.0381 0.2491 0.3309 0.0290 0.0974 
        EDEN 0.1383 0.5363 0.0096 0.0031 0.0052 0.2183 0.0080 0.0685 0.0097 0.0030 
 EDZELL_BLUE 0.1597 0.0098 0.1012 0.0605 0.1716 0.0918 0.0680 0.2138 0.0778 0.0459 
   ELISABETH 0.0078 0.1012 0.1968 0.0029 0.0037 0.0718 0.0565 0.0067 0.3358 0.2167 
     EMPEROR 0.0366 0.0975 0.0895 0.0076 0.1746 0.1144 0.2393 0.0077 0.0060 0.2268 
         EOS 0.0097 0.1901 0.2117 0.0049 0.0285 0.0902 0.1162 0.0249 0.1398 0.1839 
     EPICURE 0.0642 0.0054 0.1786 0.0035 0.0038 0.0395 0.2150 0.3173 0.1588 0.0138 
  ERNTESTOLZ 0.0642 0.0191 0.0046 0.0854 0.1492 0.0306 0.1577 0.2018 0.1017 0.1857 
      ESCORT 0.0156 0.0700 0.1361 0.0204 0.1524 0.1355 0.0115 0.0073 0.2596 0.1914 
   ESMERALDA 0.0090 0.0994 0.1793 0.0120 0.0956 0.0926 0.0041 0.1470 0.2937 0.0672 
      ESTIMA 0.0106 0.1283 0.1134 0.0040 0.0679 0.0312 0.1516 0.0850 0.2955 0.1125 
 EVE_BALFOUR 0.0582 0.0637 0.0192 0.3525 0.0099 0.2203 0.0575 0.1708 0.0435 0.0044 
   EXCALIBUR 0.0023 0.3430 0.0230 0.3470 0.0713 0.1702 0.0027 0.0033 0.0100 0.0273 
     EXQUISA 0.1081 0.0042 0.0269 0.1165 0.0051 0.0075 0.0086 0.0919 0.3454 0.2856 
    FESTIVAL 0.0097 0.0966 0.1172 0.0067 0.1460 0.0756 0.0442 0.0047 0.2985 0.2010 
      FIANNA 0.0280 0.0301 0.0465 0.1642 0.1544 0.0455 0.2300 0.0046 0.2258 0.0709 
   FIFTYFOLD 0.1911 0.0342 0.1452 0.0232 0.0446 0.0275 0.0607 0.4044 0.0136 0.0557 
     FONTANE 0.0036 0.1233 0.0271 0.0048 0.3912 0.0345 0.0589 0.0584 0.0059 0.2923 
   FORTYFOLD 0.2742 0.0018 0.0039 0.0071 0.2036 0.0098 0.1298 0.3354 0.0303 0.0041 
 FRONTIER_RU 0.0395 0.0658 0.1184 0.0055 0.0673 0.0228 0.3417 0.1511 0.0061 0.1817 
     G.81071 0.0258 0.0860 0.1133 0.1271 0.0160 0.1972 0.1765 0.0705 0.1666 0.0211 
     G.88661 0.0060 0.1773 0.1559 0.0094 0.0389 0.1029 0.2972 0.0037 0.1498 0.0589 
    G.886611 0.0020 0.1450 0.2363 0.0064 0.0031 0.1374 0.2521 0.0032 0.1179 0.0967 
  G.8867Y%12 0.0025 0.0668 0.1776 0.0897 0.0037 0.0432 0.3314 0.0049 0.1681 0.1121 
     G.88839 0.1216 0.0027 0.0118 0.0052 0.0026 0.0248 0.0119 0.0025 0.4915 0.3256 
     G.88842 0.0131 0.0255 0.0071 0.1307 0.0079 0.0453 0.1569 0.0085 0.4221 0.1830 
   GALACTICA 0.1621 0.0051 0.0027 0.3858 0.1505 0.0018 0.0932 0.0403 0.1499 0.0087 
      GEMSON 0.0259 0.0969 0.1762 0.2174 0.0385 0.0322 0.2008 0.1512 0.0113 0.0495 
  GL.76B/102 0.4703 0.0549 0.0090 0.0050 0.0079 0.0084 0.1847 0.0135 0.0562 0.1902 
   GL.76B/94 0.4919 0.0015 0.0023 0.1080 0.0686 0.0046 0.0297 0.1366 0.1448 0.0119 
  GL.77M/106 0.1339 0.0499 0.1047 0.1870 0.0052 0.2993 0.0115 0.0962 0.0066 0.1056 
   GL.78/166 0.6051 0.0090 0.0036 0.0158 0.0351 0.0026 0.1556 0.1286 0.0255 0.0189 
    GL.78/53 0.5534 0.0195 0.0537 0.0050 0.0019 0.1413 0.0160 0.1024 0.0025 0.1045 
    GL.78/97 0.4991 0.0112 0.0232 0.0144 0.0105 0.0651 0.0675 0.1937 0.0149 0.1004 
    GL.79/42 0.4561 0.0149 0.1640 0.0023 0.0088 0.0733 0.0020 0.1828 0.0220 0.0739 
    GL.79/45 0.5230 0.0057 0.1145 0.0138 0.0020 0.0706 0.0040 0.1399 0.0946 0.0319 
 GL.81_NT_25 0.2756 0.4774 0.0020 0.0408 0.0643 0.0049 0.0045 0.1204 0.0038 0.0063 
   GLADIATOR 0.0791 0.0105 0.2410 0.0720 0.1938 0.0415 0.1260 0.0031 0.0371 0.1961 
      GLAMIS 0.0075 0.4069 0.1450 0.0137 0.0364 0.0293 0.0794 0.0390 0.1075 0.1353 
 GOLDEN_MILL 0.0193 0.2506 0.0081 0.1050 0.0146 0.4661 0.0075 0.0483 0.0684 0.0119 
 GOLDEN_NUGG 0.0452 0.0051 0.3871 0.0139 0.2255 0.1022 0.0043 0.0034 0.2091 0.0040 
 GOLDEN_WOND 0.0841 0.0294 0.0856 0.0101 0.1090 0.0468 0.0167 0.4954 0.0693 0.0536 
     GRANOLA 0.1407 0.0131 0.0482 0.0245 0.0063 0.1973 0.0196 0.0155 0.1569 0.3778 
    H1H3_101 0.2250 0.6324 0.0011 0.0052 0.0035 0.0032 0.0044 0.1198 0.0020 0.0034 
      H1H3_3 0.0429 0.3418 0.1057 0.0105 0.0996 0.1579 0.0952 0.1206 0.0194 0.0064 
 HARBOROUGH_ 0.0034 0.4069 0.0036 0.0059 0.0448 0.5072 0.0097 0.0033 0.0082 0.0071 
   HARLEQUIN 0.0649 0.0199 0.1611 0.0262 0.0521 0.1426 0.0040 0.1361 0.0052 0.3878 
      HERMES 0.1280 0.0200 0.0082 0.2197 0.2091 0.0036 0.0288 0.0504 0.0323 0.3000 
 HIGHLAND_BU 0.3109 0.0036 0.0021 0.0027 0.0085 0.0674 0.0091 0.5056 0.0884 0.0016 
  HOME_GUARD 0.0031 0.1353 0.1539 0.0866 0.0908 0.0871 0.1423 0.2634 0.0059 0.0317 
     HORIZON 0.1642 0.0691 0.0933 0.0284 0.2368 0.0073 0.0106 0.1029 0.2458 0.0416 
   INNOVATOR 0.0745 0.0033 0.0034 0.0712 0.2351 0.0060 0.4081 0.1131 0.0827 0.0027 
 INTERNATION 0.2269 0.0036 0.0018 0.0053 0.0805 0.0035 0.0171 0.6545 0.0031 0.0037 
 ISLE_OF_JUR 0.0344 0.4158 0.0065 0.1570 0.0048 0.0373 0.0789 0.0659 0.1234 0.0761 
    JULIETTE 0.0030 0.0064 0.0061 0.0230 0.1025 0.1000 0.0043 0.1100 0.0738 0.5708 
     KARLENA 0.1464 0.0087 0.0035 0.2314 0.2863 0.0100 0.1754 0.1004 0.0068 0.0312 
 KERR'S_PINK 0.1279 0.0645 0.1036 0.0505 0.0435 0.0256 0.2104 0.3613 0.0038 0.0089 
     KESTREL 0.0128 0.2645 0.3067 0.3111 0.0064 0.0342 0.0072 0.0053 0.0050 0.0469 
       KIFLI 0.2378 0.0150 0.0645 0.0088 0.0069 0.1398 0.0111 0.0219 0.1255 0.3688 
 KING_EDWARD 0.1965 0.0455 0.0728 0.0017 0.0037 0.0149 0.0554 0.5599 0.0092 0.0403 
    KINGSTON 0.0800 0.3414 0.0099 0.0748 0.0854 0.2406 0.0040 0.0937 0.0542 0.0159 
 KUFRI_CHAND 0.0240 0.0972 0.0898 0.0581 0.1621 0.0059 0.2758 0.1648 0.0114 0.1109 
 KUFRI_JYOTI 0.1680 0.0033 0.0312 0.2585 0.0645 0.1853 0.1214 0.0116 0.1275 0.0288 
      KURODA 0.0742 0.0171 0.0071 0.1154 0.2795 0.0054 0.1709 0.0040 0.1801 0.1462 
 LADY_BALFOU 0.0517 0.1393 0.1034 0.3342 0.0167 0.0721 0.1203 0.1036 0.0524 0.0064 
 LADY_CHRIST 0.1931 0.0093 0.0899 0.0049 0.2339 0.0724 0.0228 0.1370 0.2238 0.0128 
 LADY_CLAIRE 0.0953 0.0055 0.0010 0.0065 0.4303 0.0040 0.0101 0.1039 0.2224 0.1210 
     LADY_JO 0.1363 0.0116 0.0036 0.0038 0.3752 0.0030 0.0534 0.1735 0.2374 0.0022 
 LADY_ROSETT 0.0312 0.0771 0.2636 0.0049 0.2213 0.0365 0.0131 0.1164 0.2290 0.0072 
    LIBERTAS 0.2099 0.0026 0.0139 0.0259 0.3887 0.0034 0.0025 0.1209 0.2308 0.0014 
       LINDA 0.0967 0.0033 0.0065 0.0796 0.0084 0.0208 0.0086 0.1618 0.1157 0.4984 
      LINTON 0.1153 0.0875 0.0963 0.1123 0.2110 0.0049 0.1150 0.0049 0.0031 0.2498 
 LINZER_DELI 0.0930 0.0038 0.1589 0.0038 0.0628 0.0885 0.0151 0.1265 0.1845 0.2632 
   LIONHEART 0.0075 0.0335 0.0483 0.0533 0.2817 0.0810 0.1481 0.0260 0.2490 0.0716 
   MADELEINE 0.0358 0.0447 0.0868 0.0156 0.0904 0.0927 0.0080 0.0511 0.3223 0.2526 
   MADINGLEY 0.1676 0.0323 0.0769 0.1691 0.1465 0.0233 0.0675 0.0042 0.0119 0.3006 
    MAJESTIC 0.0027 0.0227 0.1107 0.0977 0.0332 0.0762 0.4155 0.1226 0.0796 0.0390 
     MARABEL 0.0085 0.0183 0.0334 0.0279 0.0908 0.0323 0.1299 0.0058 0.3959 0.2572 
     MARFONA 0.0328 0.1018 0.0716 0.0199 0.3097 0.0050 0.1030 0.1191 0.2265 0.0108 
     MARILYN 0.0397 0.0095 0.0353 0.1229 0.0673 0.0848 0.0599 0.0717 0.2166 0.2922 
 MARIS_ANCHO 0.0083 0.1004 0.0572 0.0124 0.0507 0.0374 0.1711 0.1736 0.2951 0.0938 
  MARIS_BARD 0.0183 0.2636 0.0059 0.0592 0.1651 0.0219 0.2071 0.0976 0.1600 0.0012 
  MARIS_PEER 0.0185 0.1587 0.1154 0.1646 0.0493 0.0176 0.2406 0.1454 0.0039 0.0861 
 MARIS_PIPER 0.1060 0.7517 0.0028 0.0059 0.0353 0.0235 0.0023 0.0331 0.0066 0.0327 
     MARKIES 0.0279 0.0075 0.0636 0.0166 0.3133 0.0149 0.0052 0.1077 0.1802 0.2632 
      MAXINE 0.0189 0.3618 0.2675 0.0356 0.0447 0.0116 0.1790 0.0157 0.0097 0.0556 
      MEGARA 0.0792 0.0198 0.0253 0.0239 0.2984 0.0522 0.0062 0.0331 0.1743 0.2877 
      MELODY 0.1441 0.0407 0.0192 0.1310 0.1798 0.0586 0.0194 0.0640 0.1992 0.1440 
       MIDAS 0.2213 0.3964 0.0307 0.0060 0.0744 0.0159 0.0026 0.0043 0.0436 0.2049 
       MILVA 0.1662 0.0061 0.0086 0.0255 0.0442 0.0876 0.0796 0.0422 0.2959 0.2441 
        MIMI 0.1342 0.1612 0.2728 0.0108 0.1096 0.1301 0.0039 0.0061 0.1664 0.0049 
        MIRA 0.0574 0.0362 0.0032 0.0330 0.1956 0.0066 0.0620 0.1512 0.4511 0.0038 
       MOIRA 0.1331 0.0401 0.0143 0.1574 0.0139 0.0428 0.1532 0.0401 0.2418 0.1634 
    MONTROSE 0.1954 0.2895 0.0034 0.0094 0.0040 0.4126 0.0029 0.0754 0.0031 0.0044 
       MORAG 0.1493 0.0258 0.1845 0.1363 0.0083 0.2308 0.1393 0.0705 0.0525 0.0026 
      MORENE 0.0097 0.0040 0.0066 0.0681 0.3159 0.0085 0.0772 0.1576 0.3457 0.0066 
      MOZART 0.0020 0.0056 0.0850 0.0081 0.1454 0.1978 0.0444 0.0019 0.2414 0.2686 
 MYATT'S_ASH 0.1803 0.0037 0.0012 0.0142 0.1279 0.0022 0.0440 0.5711 0.0271 0.0283 
      NADINE 0.0068 0.3309 0.2743 0.0187 0.0569 0.1193 0.0106 0.0068 0.0604 0.1153 
       NAVAN 0.0161 0.6472 0.1112 0.0200 0.0066 0.0356 0.0507 0.0128 0.0879 0.0119 
 NDTX_4271_5 0.0487 0.0809 0.3448 0.0024 0.0062 0.1180 0.1956 0.0091 0.0039 0.1903 
      NICOLA 0.1001 0.0037 0.0046 0.0091 0.0473 0.0029 0.0502 0.1192 0.2219 0.4411 
     NOVELLA 0.0051 0.0486 0.1030 0.1031 0.1126 0.0451 0.0837 0.0408 0.3307 0.1273 
     OLYMPUS 0.0500 0.1369 0.1440 0.0286 0.0352 0.3502 0.0989 0.0885 0.0063 0.0613 
       OPERA 0.0042 0.0307 0.0958 0.0933 0.2814 0.1189 0.0343 0.0375 0.1186 0.1854 
   ORCHESTRA 0.0114 0.0948 0.0683 0.0171 0.1497 0.0631 0.0053 0.0811 0.2113 0.2979 
      ORIANA 0.0751 0.0040 0.0057 0.1631 0.0821 0.0028 0.2063 0.0205 0.3511 0.0893 
     OTHELLO 0.0053 0.0879 0.2356 0.4851 0.0218 0.0272 0.0392 0.0342 0.0024 0.0614 
     PALADIN 0.2130 0.5539 0.0046 0.0037 0.0725 0.0883 0.0250 0.0329 0.0031 0.0030 
       PANDA 0.0320 0.0536 0.0874 0.0650 0.0580 0.0613 0.0051 0.0146 0.1559 0.4672 
   PARAMOUNT 0.0477 0.0037 0.2524 0.3003 0.0431 0.0568 0.0175 0.0371 0.2254 0.0159 
    PATRONES 0.0858 0.0547 0.0276 0.0420 0.1940 0.0081 0.1579 0.1489 0.1308 0.1502 
 PENTLAND_AC 0.0087 0.1411 0.2217 0.0885 0.0883 0.0198 0.0886 0.1625 0.1310 0.0499 
 PENTLAND_BE 0.0783 0.0641 0.0141 0.1497 0.0128 0.0029 0.1915 0.3560 0.1286 0.0021 
 PENTLAND_CR 0.0448 0.0102 0.0051 0.1300 0.1764 0.2859 0.1764 0.0462 0.1195 0.0054 
 PENTLAND_DE 0.0190 0.0105 0.1113 0.1306 0.0044 0.2089 0.1882 0.2226 0.0996 0.0049 
 PENTLAND_IV 0.0156 0.0191 0.2672 0.0876 0.0027 0.1282 0.2811 0.0866 0.0113 0.1007 
 PENTLAND_JA 0.0710 0.0148 0.0269 0.0782 0.1601 0.1421 0.3870 0.0485 0.0606 0.0108 
 PENTLAND_MA 0.1607 0.0050 0.0056 0.2419 0.0613 0.0586 0.1788 0.0052 0.2621 0.0207 
 PENTLAND_SQ 0.0198 0.0107 0.0185 0.1258 0.0708 0.2865 0.2023 0.1587 0.0804 0.0264 
   PEPO_1978 0.1821 0.0761 0.0022 0.0358 0.0051 0.0117 0.1004 0.0064 0.2866 0.2936 
     PICASSO 0.0061 0.1187 0.0354 0.5200 0.0938 0.0037 0.0424 0.0021 0.1243 0.0535 
   PIMPERNEL 0.1071 0.0074 0.0574 0.0512 0.2482 0.0985 0.0022 0.0992 0.2644 0.0645 
     PIONEER 0.0184 0.0054 0.0046 0.0101 0.0161 0.1333 0.0311 0.1801 0.0456 0.5552 
       PIXIE 0.0164 0.1792 0.3037 0.1685 0.0985 0.1652 0.0052 0.0034 0.0091 0.0508 
    PREMIERE 0.0261 0.0998 0.0022 0.0079 0.1980 0.0071 0.1094 0.1907 0.3563 0.0024 
   PRODUCENT 0.1214 0.1181 0.1161 0.0027 0.2835 0.0598 0.0218 0.0188 0.1392 0.1187 
     PROVOST 0.1251 0.0054 0.0623 0.1491 0.0740 0.1311 0.2718 0.0518 0.0993 0.0300 
  R.P.LUSTRE 0.0036 0.1660 0.0995 0.0133 0.0021 0.1049 0.1026 0.2441 0.1283 0.1357 
 RANGER_RUSS 0.0461 0.0026 0.0060 0.1202 0.1576 0.0014 0.4041 0.2179 0.0077 0.0364 
       RATTE 0.3479 0.0042 0.1635 0.0022 0.0039 0.2097 0.0157 0.2119 0.0038 0.0372 
      RECORD 0.1137 0.0044 0.0132 0.0101 0.3528 0.0031 0.0018 0.1825 0.3155 0.0028 
   REMBRANDT 0.0335 0.0289 0.0121 0.0058 0.4233 0.0904 0.0951 0.1096 0.0098 0.1914 
    RIO_ROJO 0.1391 0.0053 0.2634 0.0429 0.0725 0.0846 0.2522 0.0082 0.0244 0.1074 
      ROBIJN 0.2596 0.0031 0.0059 0.0252 0.1906 0.0047 0.0222 0.1026 0.3735 0.0126 
      ROCKET 0.2150 0.3838 0.1541 0.0071 0.0035 0.0973 0.0861 0.0098 0.0412 0.0021 
   RODE_STAR 0.2510 0.0035 0.1076 0.0038 0.0667 0.0100 0.0010 0.1869 0.2853 0.0842 
      ROMANO 0.0147 0.0114 0.2199 0.1565 0.0716 0.0956 0.0073 0.0084 0.3907 0.0238 
       ROMEO 0.0049 0.0080 0.2216 0.2081 0.0067 0.1351 0.0084 0.2129 0.0476 0.1466 
     ROOSTER 0.0093 0.0113 0.0201 0.1798 0.0887 0.2758 0.1340 0.1158 0.1414 0.0238 
       ROYAL 0.2315 0.2383 0.0472 0.0508 0.1005 0.0159 0.0038 0.0035 0.0244 0.2841 
 ROYAL_KIDNE 0.0166 0.0054 0.0201 0.0248 0.1334 0.0043 0.3673 0.4104 0.0159 0.0020 
     RUBESSE 0.0033 0.0080 0.1661 0.0444 0.1617 0.0948 0.0766 0.1069 0.1193 0.2188 
 RUSSET_BURB 0.0188 0.0093 0.1539 0.0151 0.1257 0.0186 0.4014 0.1612 0.0494 0.0463 
 RUSSET_NORK 0.0409 0.0139 0.1968 0.0058 0.0058 0.0097 0.4574 0.0824 0.0024 0.1848 
      SAFARI 0.0170 0.0098 0.1601 0.0756 0.2006 0.1110 0.0664 0.0050 0.3343 0.0201 
     SANTANA 0.1314 0.0619 0.1127 0.0220 0.3082 0.0203 0.1443 0.0199 0.0906 0.0888 
       SANTE 0.0651 0.0262 0.2229 0.0060 0.2427 0.1284 0.0035 0.0410 0.2527 0.0115 
     SAPHIRE 0.0071 0.0110 0.0731 0.0166 0.3706 0.1169 0.2192 0.0038 0.1019 0.0798 
  SARPO_MIRA 0.1807 0.0072 0.2726 0.0147 0.0744 0.0048 0.0032 0.0606 0.1398 0.2421 
 SARPO_SHONA 0.0924 0.0126 0.2247 0.0263 0.1188 0.0148 0.0031 0.0435 0.2369 0.2269 
       SASSY 0.1008 0.0577 0.0977 0.0198 0.2155 0.0418 0.0723 0.1519 0.1511 0.0914 
     SATURNA 0.2288 0.0163 0.0111 0.0064 0.1575 0.0050 0.0034 0.1000 0.2817 0.1896 
        SAVA 0.0562 0.0838 0.1739 0.0067 0.0978 0.0081 0.0983 0.0198 0.1436 0.3118 
       SAXON 0.0339 0.4776 0.0067 0.0653 0.0055 0.1904 0.0223 0.0575 0.1243 0.0163 
 SCARBOROUGH 0.0234 0.4907 0.0084 0.0032 0.0020 0.4129 0.0103 0.0144 0.0271 0.0076 
 SEFTON_WOND 0.0317 0.1181 0.0842 0.0269 0.0687 0.0801 0.1738 0.4088 0.0049 0.0029 
    SERAFINA 0.0867 0.0033 0.1307 0.0332 0.0076 0.1097 0.0161 0.0653 0.2918 0.2556 
     SETANTA 0.0027 0.0660 0.0333 0.1311 0.0549 0.4656 0.0523 0.0633 0.1143 0.0165 
 SHARPE'S_EX 0.1244 0.0831 0.0656 0.0106 0.1146 0.0040 0.0094 0.4922 0.0066 0.0897 
     SHELAGH 0.2465 0.0634 0.0846 0.2113 0.1150 0.1002 0.0255 0.1037 0.0185 0.0312 
    SHELFORD 0.1582 0.0059 0.0503 0.1983 0.1788 0.0025 0.0331 0.0935 0.0167 0.2627 
     SHEPODY 0.0994 0.0038 0.0050 0.1603 0.2313 0.0038 0.3473 0.1209 0.0264 0.0018 
      SLANEY 0.0110 0.2093 0.1856 0.3413 0.0137 0.0865 0.0239 0.0082 0.0066 0.1138 
        SPEY 0.0037 0.1702 0.2051 0.3741 0.0838 0.1109 0.0068 0.0030 0.0081 0.0342 
      SPUNTA 0.1075 0.0238 0.1558 0.1150 0.0130 0.1155 0.0245 0.1509 0.0629 0.2310 
     STAMINA 0.0035 0.5614 0.1579 0.1382 0.1026 0.0081 0.0141 0.0018 0.0051 0.0072 
    STEMSTER 0.0789 0.3026 0.0779 0.0538 0.0622 0.0094 0.0107 0.1049 0.2002 0.0993 
 STORMONT_EN 0.1135 0.1606 0.1353 0.0609 0.1375 0.0056 0.0660 0.0901 0.2252 0.0054 
    STIRLING 0.0049 0.0654 0.0385 0.2868 0.0585 0.2538 0.1926 0.0078 0.0624 0.0293 
     SYLVANA 0.0123 0.1134 0.0904 0.0776 0.0583 0.0111 0.1888 0.0627 0.2447 0.1407 
         TAY 0.0150 0.1823 0.0552 0.1951 0.0045 0.4242 0.0475 0.0040 0.0553 0.0169 
      TIMATE 0.0251 0.0956 0.0587 0.0045 0.1495 0.0467 0.0349 0.0418 0.2336 0.3096 
      TOLUCA 0.0592 0.0046 0.0097 0.1874 0.0087 0.0186 0.1242 0.0164 0.3087 0.2625 
    TORRIDON 0.1371 0.0095 0.0047 0.2508 0.1400 0.1142 0.0859 0.0110 0.1763 0.0705 
 ULSTER_SCEP 0.0035 0.3114 0.1229 0.0227 0.0357 0.0415 0.2494 0.0809 0.1284 0.0038 
 UMATILLA_RU 0.2602 0.2515 0.0198 0.0229 0.0151 0.0805 0.0375 0.1629 0.1347 0.0150 
 VALES_EMERA 0.0326 0.1417 0.1411 0.0205 0.0050 0.1781 0.0484 0.0759 0.0679 0.2889 
 VALES_EVERE 0.0131 0.0997 0.1186 0.2991 0.0290 0.2774 0.0256 0.1221 0.0086 0.0068 
 VALES_RUSSE 0.1443 0.0080 0.0213 0.0175 0.0872 0.0694 0.3761 0.1516 0.0055 0.1191 
 VALES_SOVER 0.0046 0.2778 0.0127 0.6060 0.0064 0.0476 0.0059 0.0023 0.0251 0.0115 
       VALOR 0.0029 0.2072 0.1969 0.3278 0.1161 0.1370 0.0022 0.0019 0.0043 0.0037 
    VAN_GOGH 0.0088 0.1103 0.0166 0.0072 0.2164 0.0664 0.0117 0.1335 0.3387 0.0904 
     VANTAGE 0.2258 0.0075 0.0538 0.0118 0.2614 0.0022 0.1376 0.1428 0.1538 0.0033 
       VERDI 0.1197 0.0950 0.0047 0.0813 0.0373 0.0291 0.0204 0.1126 0.2769 0.2230 
    VICTORIA 0.0043 0.0133 0.0202 0.0176 0.3358 0.0536 0.1789 0.0750 0.0827 0.2186 
     VIVALDI 0.0082 0.0049 0.0023 0.1499 0.0349 0.0039 0.2588 0.0258 0.4567 0.0546 
       WILJA 0.0788 0.0360 0.0028 0.0585 0.3328 0.0016 0.0833 0.1185 0.2862 0.0016 
     WINSTON 0.0025 0.3578 0.3715 0.0626 0.0100 0.0794 0.0109 0.0052 0.0661 0.0340 
      XD2-21 0.0054 0.0868 0.2126 0.1124 0.0340 0.0608 0.1385 0.2075 0.1369 0.0051 
  YUKON_GOLD 0.0069 0.0609 0.1446 0.0063 0.1153 0.2086 0.2497 0.0044 0.0108 0.1925 
       ZORBA 0.0924 0.0104 0.0048 0.1202 0.2106 0.0193 0.2331 0.0919 0.1987 0.0187 
