  00C133-020 0.5146 0.3575 0.0165 0.0964 0.0150 
 01C_071-002 0.2031 0.2549 0.1528 0.0873 0.3019 
 02M_012-001 0.6129 0.0360 0.1462 0.1053 0.0996 
 03M_016-002 0.3718 0.0990 0.4386 0.0439 0.0467 
 03M_034-002 0.5283 0.2082 0.1887 0.0293 0.0454 
 04C_055-004 0.4800 0.0313 0.0675 0.3023 0.1189 
 04C_126-005 0.3131 0.3678 0.0921 0.1121 0.1149 
 04M_034-013 0.4718 0.0475 0.2698 0.1206 0.0903 
 05M_002-001 0.1420 0.1367 0.1388 0.2128 0.3697 
 05M_004-003 0.2026 0.2801 0.0097 0.1386 0.3690 
 05M_012-004 0.1973 0.3513 0.0893 0.1446 0.2174 
 06C_127-002 0.3259 0.1684 0.0378 0.4596 0.0083 
 12288_AF_23 0.4326 0.2681 0.0159 0.2460 0.0373 
    12601AB1 0.4719 0.0232 0.4397 0.0543 0.0109 
   12636_A_2 0.4918 0.2325 0.2199 0.0467 0.0092 
  15119_AC_5 0.2450 0.5277 0.1919 0.0030 0.0324 
     1512C16 0.0175 0.3405 0.3186 0.2243 0.0992 
   15144_A_3 0.0376 0.5713 0.0323 0.2819 0.0768 
     1563C14 0.0236 0.0432 0.4406 0.2260 0.2667 
     2182EF7 0.0933 0.4978 0.1254 0.2229 0.0606 
     3681AD1 0.0966 0.3667 0.0500 0.1076 0.3792 
     5008AB6 0.0613 0.2952 0.0903 0.2823 0.2708 
    8204_A_4 0.1871 0.4261 0.0401 0.3249 0.0219 
       AGRIA 0.0775 0.0091 0.0474 0.3451 0.5207 
       AILSA 0.5665 0.0265 0.1266 0.2730 0.0075 
      ALMERA 0.0605 0.1792 0.0601 0.2487 0.4515 
       ALPHA 0.0635 0.1252 0.2290 0.1603 0.4220 
      ALWARA 0.0448 0.2766 0.0355 0.2884 0.3547 
      AMADRA 0.2216 0.0326 0.1420 0.2729 0.3308 
       AMOUR 0.4150 0.4406 0.0390 0.0790 0.0264 
        ANNA 0.0234 0.7926 0.1592 0.0067 0.0182 
   ANNABELLE 0.0193 0.0506 0.0312 0.4330 0.4659 
        ANYA 0.0504 0.0689 0.2177 0.4987 0.1643 
       ARGOS 0.2409 0.5730 0.0099 0.0519 0.1242 
     ARIELLE 0.0312 0.1183 0.1154 0.3234 0.4117 
      ARKULA 0.0196 0.1978 0.1239 0.2098 0.4488 
      ARMADA 0.1118 0.1727 0.1350 0.1921 0.3884 
   AVALANCHE 0.4443 0.2166 0.0447 0.0121 0.2823 
     BAILLIE 0.4897 0.2069 0.0164 0.1068 0.1803 
    BALMORAL 0.0283 0.6221 0.0895 0.0182 0.2418 
     BAMBINO 0.5049 0.2703 0.0153 0.1240 0.0856 
       BARNA 0.1080 0.4199 0.0548 0.3193 0.0980 
 BELLE_DE_FO 0.0033 0.0687 0.8568 0.0061 0.0650 
       BENOL 0.6082 0.0513 0.1635 0.0798 0.0973 
       BF_15 0.0055 0.0287 0.6934 0.0544 0.2181 
      BINTJE 0.0706 0.1799 0.3661 0.1252 0.2582 
 BIONICA_EX_ 0.1388 0.2646 0.1364 0.1849 0.2753 
 BLUE_DANUBE 0.0170 0.2590 0.1513 0.0077 0.5650 
      BONNIE 0.2542 0.2781 0.0336 0.2592 0.1750 
      BOUNTY 0.4606 0.3146 0.0190 0.1062 0.0996 
 BRITISH_QUE 0.0079 0.2829 0.4919 0.0048 0.2125 
     BRODICK 0.5560 0.1153 0.0098 0.3089 0.0100 
      BRODIE 0.0907 0.6008 0.1432 0.1579 0.0074 
      BUCHAN 0.1394 0.4914 0.0866 0.2787 0.0040 
      BURREN 0.0987 0.4427 0.0983 0.1984 0.1619 
     CABARET 0.5265 0.1461 0.2956 0.0164 0.0154 
      CAESAR 0.0471 0.1606 0.0048 0.4019 0.3855 
        CARA 0.1533 0.6939 0.0453 0.0888 0.0186 
 CARLINGFORD 0.1155 0.4062 0.1031 0.3458 0.0293 
  CASABLANCA 0.3167 0.4318 0.0051 0.0089 0.2376 
      CELINE 0.1145 0.2912 0.0638 0.1165 0.4139 
  CHALLENGER 0.2073 0.0438 0.1552 0.2632 0.3305 
   CHARLOTTE 0.1422 0.0077 0.1071 0.6671 0.0759 
     CHICAGO 0.5235 0.0129 0.0377 0.1516 0.2743 
   CHIEFTAIN 0.0309 0.2812 0.2118 0.4652 0.0109 
      CHOPIN 0.0310 0.2112 0.0789 0.2762 0.4028 
      CLARET 0.1212 0.6101 0.0437 0.1980 0.0271 
      CORINE 0.1934 0.3540 0.1118 0.0103 0.3304 
      COSMOS 0.1241 0.1867 0.1026 0.1188 0.4677 
     COURAGE 0.0726 0.2243 0.1185 0.2314 0.3533 
     COURLAN 0.1053 0.2610 0.1453 0.3500 0.1384 
 CRAIGS_ROYA 0.2168 0.4815 0.1285 0.1680 0.0051 
 CRAIGS_SNOW 0.1556 0.2507 0.3874 0.1213 0.0849 
     CRAMOND 0.4970 0.2291 0.0159 0.1524 0.1056 
 CRISPS_FOR_ 0.1118 0.1356 0.0779 0.3660 0.3088 
    CROMWELL 0.6602 0.0163 0.1916 0.0115 0.1205 
       D22/1 0.5176 0.2120 0.2000 0.0058 0.0646 
       D23/3 0.3861 0.1196 0.3421 0.0811 0.0711 
      D47-11 0.6954 0.0135 0.2210 0.0035 0.0665 
       D49/1 0.7684 0.0033 0.1486 0.0208 0.0589 
       DAISY 0.4849 0.0139 0.1874 0.1172 0.1966 
 DARK_RED_NO 0.0347 0.3196 0.2393 0.3382 0.0681 
     DARWINA 0.1034 0.1408 0.1413 0.1584 0.4561 
     DESIREE 0.0047 0.2254 0.1442 0.3769 0.2488 
       DITTA 0.0176 0.0774 0.1630 0.3239 0.4181 
 DR._MCINTOS 0.0535 0.4865 0.1855 0.2442 0.0303 
       DRAGA 0.1612 0.3316 0.0382 0.1610 0.3079 
 DUKE_OF_YOR 0.0036 0.2273 0.4634 0.0120 0.2936 
 DUNBAR_STAN 0.1523 0.3079 0.4260 0.0984 0.0155 
     DUNDROD 0.4936 0.0946 0.1876 0.1941 0.0301 
     ECLIPSE 0.0571 0.0599 0.5141 0.3588 0.0101 
        EDEN 0.7081 0.0325 0.2189 0.0294 0.0111 
 EDZELL_BLUE 0.0781 0.1928 0.3484 0.1406 0.2401 
   ELISABETH 0.1655 0.0317 0.0104 0.5469 0.2456 
     EMPEROR 0.1972 0.1727 0.0925 0.3592 0.1783 
         EOS 0.2802 0.1127 0.0391 0.4295 0.1384 
     EPICURE 0.0120 0.1916 0.4523 0.2862 0.0579 
  ERNTESTOLZ 0.0345 0.1681 0.2793 0.1925 0.3256 
      ESCORT 0.1769 0.0739 0.0070 0.3542 0.3881 
   ESMERALDA 0.1677 0.1154 0.1383 0.2638 0.3148 
      ESTIMA 0.1502 0.1021 0.1306 0.2709 0.3461 
 EVE_BALFOUR 0.1998 0.4411 0.2406 0.0991 0.0194 
   EXCALIBUR 0.4984 0.3757 0.0037 0.0987 0.0236 
     EXQUISA 0.0081 0.0512 0.1338 0.4336 0.3733 
    FESTIVAL 0.1490 0.0703 0.0080 0.3662 0.4065 
      FIANNA 0.0501 0.3768 0.0329 0.1827 0.3575 
   FIFTYFOLD 0.0884 0.1035 0.5714 0.1656 0.0711 
     FONTANE 0.2058 0.0484 0.0557 0.2531 0.4369 
   FORTYFOLD 0.0044 0.1062 0.5722 0.0063 0.3108 
 FRONTIER_RU 0.0928 0.1976 0.2873 0.3442 0.0781 
     G.81071 0.1791 0.3467 0.1252 0.2402 0.1087 
     G.88661 0.2315 0.2958 0.0328 0.3538 0.0860 
    G.886611 0.2226 0.2719 0.0107 0.4844 0.0104 
  G.8867Y%12 0.0660 0.4150 0.0249 0.4638 0.0303 
     G.88839 0.0090 0.0079 0.0077 0.5194 0.4561 
     G.88842 0.0148 0.2417 0.0187 0.3394 0.3854 
   GALACTICA 0.0104 0.4417 0.1626 0.0052 0.3801 
      GEMSON 0.1260 0.4421 0.2172 0.1896 0.0251 
  GL.76B/102 0.1695 0.0173 0.3527 0.2017 0.2588 
   GL.76B/94 0.0066 0.1209 0.5042 0.0105 0.3577 
  GL.77M/106 0.2850 0.2308 0.1731 0.3002 0.0108 
   GL.78/166 0.0548 0.0666 0.5936 0.0078 0.2772 
    GL.78/53 0.2516 0.0069 0.5108 0.2051 0.0256 
    GL.78/97 0.1511 0.0142 0.5409 0.1115 0.1823 
    GL.79/42 0.1844 0.0030 0.4952 0.2267 0.0907 
    GL.79/45 0.1426 0.0189 0.5268 0.2056 0.1062 
 GL.81_NT_25 0.5366 0.0207 0.3219 0.0031 0.1177 
   GLADIATOR 0.1192 0.2328 0.0155 0.3792 0.2533 
      GLAMIS 0.4361 0.1403 0.0561 0.2325 0.1351 
 GOLDEN_MILL 0.5249 0.1714 0.0885 0.1925 0.0226 
 GOLDEN_NUGG 0.1323 0.3113 0.0153 0.1645 0.3766 
 GOLDEN_WOND 0.0568 0.0529 0.5862 0.1552 0.1488 
     GRANOLA 0.1409 0.0087 0.0690 0.5696 0.2117 
    H1H3_101 0.6741 0.0047 0.3091 0.0025 0.0096 
      H1H3_3 0.4523 0.1965 0.2115 0.0672 0.0725 
 HARBOROUGH_ 0.7217 0.0886 0.0114 0.1653 0.0130 
   HARLEQUIN 0.1617 0.0201 0.1521 0.5384 0.1277 
      HERMES 0.0729 0.1848 0.1229 0.2214 0.3981 
 HIGHLAND_BU 0.0234 0.0168 0.7834 0.0054 0.1710 
  HOME_GUARD 0.1848 0.3042 0.3045 0.1867 0.0199 
     HORIZON 0.1070 0.1260 0.2182 0.0722 0.4766 
   INNOVATOR 0.0059 0.3874 0.2961 0.0085 0.3022 
 INTERNATION 0.0064 0.0142 0.8579 0.0042 0.1173 
 ISLE_OF_JUR 0.4531 0.1941 0.1259 0.1320 0.0948 
    JULIETTE 0.0337 0.0065 0.0224 0.5849 0.3525 
     KARLENA 0.0288 0.3707 0.2458 0.0104 0.3443 
 KERR'S_PINK 0.0865 0.2395 0.5502 0.1054 0.0184 
     KESTREL 0.3806 0.3796 0.0075 0.2270 0.0053 
       KIFLI 0.1383 0.0059 0.1301 0.4900 0.2357 
 KING_EDWARD 0.0724 0.0055 0.7690 0.1403 0.0129 
    KINGSTON 0.5205 0.1181 0.1538 0.0938 0.1138 
 KUFRI_CHAND 0.0850 0.2956 0.2661 0.1927 0.1606 
 KUFRI_JYOTI 0.0514 0.3847 0.1434 0.2205 0.2000 
      KURODA 0.0384 0.2582 0.0296 0.1442 0.5296 
 LADY_BALFOU 0.1983 0.4686 0.1729 0.1126 0.0476 
 LADY_CHRIST 0.0995 0.0899 0.2719 0.0844 0.4543 
 LADY_CLAIRE 0.0117 0.0429 0.1782 0.0057 0.7615 
     LADY_JO 0.0204 0.0908 0.2769 0.0027 0.6093 
 LADY_ROSETT 0.1540 0.1469 0.1349 0.2052 0.3590 
    LIBERTAS 0.0097 0.1463 0.2617 0.0030 0.5793 
       LINDA 0.0079 0.0060 0.1846 0.5404 0.2611 
      LINTON 0.1840 0.2049 0.0836 0.2417 0.2858 
 LINZER_DELI 0.0358 0.0224 0.1775 0.4449 0.3193 
   LIONHEART 0.0662 0.2383 0.0762 0.1630 0.4563 
   MADELEINE 0.1013 0.0348 0.0528 0.4125 0.3986 
   MADINGLEY 0.1603 0.1575 0.0455 0.3254 0.3114 
    MAJESTIC 0.0212 0.4510 0.2151 0.2610 0.0517 
     MARABEL 0.0179 0.1167 0.0099 0.3560 0.4994 
     MARFONA 0.1164 0.1876 0.1777 0.0345 0.4838 
     MARILYN 0.0291 0.1505 0.0813 0.3926 0.3465 
 MARIS_ANCHO 0.0797 0.1565 0.2212 0.2462 0.2964 
  MARIS_BARD 0.2360 0.3490 0.1936 0.0036 0.2178 
  MARIS_PEER 0.1620 0.3803 0.2423 0.1958 0.0196 
 MARIS_PIPER 0.8217 0.0057 0.1141 0.0058 0.0527 
     MARKIES 0.0300 0.0397 0.1147 0.3011 0.5144 
      MAXINE 0.4119 0.2740 0.0844 0.2058 0.0239 
      MEGARA 0.0896 0.0324 0.0443 0.3012 0.5325 
      MELODY 0.1143 0.1502 0.1433 0.1677 0.4245 
       MIDAS 0.5064 0.0057 0.0885 0.1531 0.2463 
       MILVA 0.0254 0.0459 0.1675 0.3571 0.4041 
        MIMI 0.3530 0.1809 0.0761 0.1047 0.2852 
        MIRA 0.0117 0.1700 0.2091 0.0073 0.6018 
       MOIRA 0.0551 0.2422 0.1534 0.2575 0.2917 
    MONTROSE 0.6105 0.0288 0.2362 0.1144 0.0102 
       MORAG 0.1762 0.4189 0.2408 0.1500 0.0142 
      MORENE 0.0040 0.2283 0.1722 0.0135 0.5821 
      MOZART 0.0867 0.0704 0.0029 0.5000 0.3399 
 MYATT'S_ASH 0.0048 0.0146 0.7248 0.0059 0.2499 
      NADINE 0.4559 0.1510 0.0109 0.3249 0.0573 
       NAVAN 0.6909 0.1420 0.0561 0.0836 0.0274 
 NDTX_4271_5 0.2206 0.1293 0.0879 0.5566 0.0055 
      NICOLA 0.0039 0.0060 0.1585 0.4142 0.4175 
     NOVELLA 0.0466 0.2736 0.0377 0.2621 0.3800 
     OLYMPUS 0.3359 0.1864 0.1481 0.3214 0.0083 
       OPERA 0.1483 0.1846 0.0187 0.2729 0.3755 
   ORCHESTRA 0.1531 0.0250 0.0567 0.3606 0.4046 
      ORIANA 0.0044 0.2890 0.1033 0.1574 0.4459 
     OTHELLO 0.1631 0.5935 0.0227 0.2152 0.0056 
     PALADIN 0.6804 0.0251 0.2200 0.0052 0.0693 
       PANDA 0.1111 0.0175 0.0140 0.5410 0.3165 
   PARAMOUNT 0.0257 0.4864 0.0560 0.2388 0.1931 
    PATRONES 0.0643 0.1690 0.2289 0.1635 0.3742 
 PENTLAND_AC 0.1550 0.2793 0.1973 0.2162 0.1522 
 PENTLAND_BE 0.0143 0.3375 0.4995 0.0094 0.1394 
 PENTLAND_CR 0.1488 0.3560 0.1272 0.1233 0.2447 
 PENTLAND_DE 0.0590 0.4006 0.3061 0.2177 0.0166 
 PENTLAND_IV 0.0858 0.3596 0.1566 0.3935 0.0044 
 PENTLAND_JA 0.0723 0.3853 0.2026 0.1458 0.1940 
 PENTLAND_MA 0.0088 0.4144 0.1157 0.1166 0.3444 
 PENTLAND_SQ 0.1191 0.3387 0.2294 0.2197 0.0931 
   PEPO_1978 0.1107 0.0279 0.1122 0.3470 0.4022 
     PICASSO 0.1468 0.5461 0.0038 0.0493 0.2539 
   PIMPERNEL 0.0847 0.0968 0.1583 0.1653 0.4949 
     PIONEER 0.0225 0.0065 0.1425 0.6134 0.2152 
       PIXIE 0.3758 0.3105 0.0062 0.2786 0.0290 
    PREMIERE 0.0492 0.1726 0.2748 0.0068 0.4967 
   PRODUCENT 0.2320 0.0432 0.0914 0.1796 0.4538 
     PROVOST 0.0409 0.3815 0.2030 0.2092 0.1653 
  R.P.LUSTRE 0.2043 0.1174 0.2779 0.3777 0.0227 
 RANGER_RUSS 0.0031 0.3819 0.3735 0.0392 0.2024 
       RATTE 0.1884 0.0099 0.4795 0.2756 0.0466 
      RECORD 0.0084 0.1113 0.2478 0.0070 0.6255 
   REMBRANDT 0.1361 0.0956 0.1577 0.1494 0.4611 
    RIO_ROJO 0.0733 0.3136 0.1608 0.3658 0.0864 
      ROBIJN 0.0063 0.0910 0.2758 0.0295 0.5974 
      ROCKET 0.5255 0.1650 0.1991 0.0905 0.0200 
   RODE_STAR 0.0434 0.0045 0.3285 0.1903 0.4333 
      ROMANO 0.0503 0.3243 0.0121 0.2796 0.3338 
       ROMEO 0.0679 0.3004 0.2031 0.4115 0.0171 
     ROOSTER 0.1079 0.3579 0.1518 0.2240 0.1584 
       ROYAL 0.3616 0.0110 0.0768 0.2654 0.2852 
 ROYAL_KIDNE 0.0035 0.3336 0.5607 0.0157 0.0866 
     RUBESSE 0.0455 0.2009 0.1069 0.4028 0.2439 
 RUSSET_BURB 0.0137 0.3464 0.2925 0.2208 0.1267 
 RUSSET_NORK 0.0388 0.2574 0.2612 0.4347 0.0078 
      SAFARI 0.0441 0.3209 0.0096 0.1990 0.4264 
     SANTANA 0.1422 0.1886 0.1246 0.1266 0.4180 
       SANTE 0.1921 0.1142 0.0702 0.1815 0.4421 
     SAPHIRE 0.1011 0.2731 0.0256 0.1710 0.4292 
  SARPO_MIRA 0.0859 0.0431 0.1431 0.4028 0.3251 
 SARPO_SHONA 0.0869 0.0626 0.0558 0.3881 0.4067 
       SASSY 0.0989 0.1337 0.2450 0.1891 0.3333 
     SATURNA 0.0448 0.0051 0.2276 0.1916 0.5308 
        SAVA 0.1341 0.0627 0.0615 0.4336 0.3082 
       SAXON 0.5718 0.1429 0.1207 0.1240 0.0406 
 SCARBOROUGH 0.7573 0.0257 0.0441 0.1668 0.0061 
 SEFTON_WOND 0.1578 0.2422 0.5301 0.0558 0.0142 
    SERAFINA 0.0147 0.0748 0.1189 0.4920 0.2996 
     SETANTA 0.3126 0.2825 0.0474 0.3130 0.0444 
 SHARPE'S_EX 0.1033 0.0396 0.6068 0.1106 0.1398 
     SHELAGH 0.1891 0.2760 0.2526 0.1189 0.1634 
    SHELFORD 0.0261 0.1949 0.1937 0.2324 0.3529 
     SHEPODY 0.0065 0.4602 0.2928 0.0038 0.2367 
      SLANEY 0.3019 0.4306 0.0097 0.2458 0.0120 
        SPEY 0.2983 0.4937 0.0045 0.1702 0.0332 
      SPUNTA 0.1331 0.1378 0.2048 0.4041 0.1201 
     STAMINA 0.6231 0.2962 0.0039 0.0138 0.0630 
    STEMSTER 0.3222 0.0921 0.1591 0.1521 0.2745 
 STORMONT_EN 0.1859 0.2405 0.1900 0.0826 0.3010 
    STIRLING 0.1804 0.4848 0.0152 0.2551 0.0645 
     SYLVANA 0.1004 0.2362 0.1167 0.2651 0.2815 
         TAY 0.4345 0.2783 0.0095 0.2703 0.0074 
      TIMATE 0.1363 0.0094 0.0415 0.3883 0.4245 
      TOLUCA 0.0074 0.2051 0.0447 0.3743 0.3685 
    TORRIDON 0.0829 0.3401 0.1026 0.1296 0.3449 
 ULSTER_SCEP 0.3041 0.3593 0.1717 0.0864 0.0784 
 UMATILLA_RU 0.3376 0.0662 0.3619 0.0382 0.1961 
 VALES_EMERA 0.2643 0.0749 0.0998 0.5163 0.0448 
 VALES_EVERE 0.2835 0.4235 0.1328 0.1506 0.0097 
 VALES_RUSSE 0.0339 0.2430 0.3586 0.2357 0.1288 
 VALES_SOVER 0.3527 0.5866 0.0035 0.0251 0.0321 
       VALOR 0.3920 0.4824 0.0036 0.0889 0.0332 
    VAN_GOGH 0.1164 0.0642 0.1364 0.1676 0.5154 
     VANTAGE 0.0113 0.1922 0.3431 0.0071 0.4463 
       VERDI 0.1235 0.0524 0.1773 0.2232 0.4236 
    VICTORIA 0.0404 0.1769 0.1055 0.2462 0.4310 
     VIVALDI 0.0045 0.2955 0.0722 0.1745 0.4533 
       WILJA 0.0103 0.2319 0.1878 0.0024 0.5675 
     WINSTON 0.4450 0.2453 0.0055 0.2955 0.0086 
      XD2-21 0.1027 0.3765 0.2554 0.1948 0.0707 
  YUKON_GOLD 0.2395 0.1748 0.0254 0.4570 0.1033 
       ZORBA 0.0105 0.3283 0.2018 0.0215 0.4379 
