  00C133-020 0.0336 0.3551 0.0133 0.0175 0.4881 0.0923 
 01C_071-002 0.1766 0.2441 0.0434 0.2564 0.1786 0.1009 
 02M_012-001 0.2071 0.0791 0.0043 0.0591 0.5442 0.1062 
 03M_016-002 0.3925 0.0142 0.2178 0.0144 0.3358 0.0253 
 03M_034-002 0.2309 0.2073 0.0139 0.0445 0.4856 0.0179 
 04C_055-004 0.1049 0.0223 0.0431 0.0976 0.4591 0.2731 
 04C_126-005 0.1178 0.3776 0.0149 0.1044 0.2754 0.1099 
 04M_034-013 0.2580 0.0087 0.1435 0.0569 0.4448 0.0881 
 05M_002-001 0.1146 0.0526 0.1611 0.3271 0.1420 0.2025 
 05M_004-003 0.0072 0.2080 0.0973 0.3546 0.2078 0.1251 
 05M_012-004 0.0350 0.2270 0.2092 0.2111 0.2073 0.1104 
 06C_127-002 0.0338 0.1451 0.0775 0.0058 0.3169 0.4210 
 12288_AF_23 0.0116 0.1910 0.1130 0.0396 0.4378 0.2071 
    12601AB1 0.4871 0.0885 0.0034 0.0049 0.3691 0.0471 
   12636_A_2 0.2173 0.2136 0.0727 0.0082 0.4573 0.0307 
  15119_AC_5 0.2182 0.5367 0.0214 0.0212 0.2001 0.0025 
     1512C16 0.2231 0.1829 0.3167 0.0604 0.0176 0.1993 
   15144_A_3 0.0398 0.6235 0.0059 0.0294 0.0100 0.2915 
     1563C14 0.4482 0.0381 0.0687 0.2011 0.0123 0.2315 
     2182EF7 0.0421 0.3484 0.2791 0.0440 0.1071 0.1793 
     3681AD1 0.0536 0.3158 0.0805 0.3555 0.0922 0.1025 
     5008AB6 0.1147 0.3221 0.0121 0.2251 0.0322 0.2938 
    8204_A_4 0.0141 0.3527 0.1348 0.0217 0.1893 0.2873 
       AGRIA 0.0302 0.0034 0.1095 0.4664 0.0781 0.3124 
       AILSA 0.1329 0.0124 0.0549 0.0059 0.5430 0.2508 
      ALMERA 0.0243 0.0232 0.2219 0.4174 0.0815 0.2317 
       ALPHA 0.2325 0.0545 0.1141 0.3846 0.0642 0.1500 
      ALWARA 0.0508 0.2910 0.0241 0.3091 0.0307 0.2943 
      AMADRA 0.1696 0.0201 0.0330 0.3011 0.2151 0.2611 
       AMOUR 0.0516 0.4325 0.0283 0.0256 0.3920 0.0700 
        ANNA 0.1365 0.7536 0.0731 0.0146 0.0165 0.0057 
   ANNABELLE 0.0301 0.0187 0.0867 0.4259 0.0191 0.4195 
        ANYA 0.2085 0.0634 0.0795 0.1216 0.0344 0.4927 
       ARGOS 0.0080 0.4992 0.0925 0.1152 0.2366 0.0484 
     ARIELLE 0.0937 0.0559 0.1381 0.3681 0.0308 0.3135 
      ARKULA 0.1255 0.1298 0.1093 0.4162 0.0171 0.2021 
      ARMADA 0.1317 0.0815 0.1344 0.3607 0.1182 0.1735 
   AVALANCHE 0.0261 0.0746 0.1789 0.2689 0.4441 0.0074 
     BAILLIE 0.0229 0.1329 0.0987 0.1719 0.4778 0.0958 
    BALMORAL 0.0203 0.4516 0.2601 0.2192 0.0382 0.0106 
     BAMBINO 0.0364 0.2399 0.0385 0.0861 0.4888 0.1103 
       BARNA 0.0453 0.4052 0.0540 0.0869 0.0990 0.3096 
 BELLE_DE_FO 0.8345 0.0642 0.0775 0.0144 0.0022 0.0072 
       BENOL 0.2232 0.0475 0.0107 0.0816 0.5665 0.0704 
       BF_15 0.6992 0.0524 0.0341 0.1422 0.0029 0.0692 
      BINTJE 0.3260 0.0933 0.1972 0.2054 0.0674 0.1107 
 BIONICA_EX_ 0.1389 0.2023 0.0955 0.2518 0.1337 0.1777 
 BLUE_DANUBE 0.1496 0.1619 0.1533 0.5161 0.0118 0.0073 
      BONNIE 0.0251 0.2160 0.1013 0.1709 0.2543 0.2323 
      BOUNTY 0.0274 0.2887 0.0317 0.1077 0.4440 0.1006 
 BRITISH_QUE 0.3721 0.0370 0.4399 0.1401 0.0076 0.0033 
     BRODICK 0.0190 0.1125 0.0175 0.0136 0.5468 0.2906 
      BRODIE 0.0742 0.5111 0.1960 0.0044 0.0835 0.1309 
      BUCHAN 0.0431 0.4386 0.1225 0.0034 0.1335 0.2589 
      BURREN 0.1120 0.4595 0.0179 0.1315 0.0728 0.2063 
     CABARET 0.3010 0.1034 0.0819 0.0096 0.4930 0.0111 
      CAESAR 0.0028 0.0746 0.0954 0.3781 0.0790 0.3701 
        CARA 0.0411 0.7106 0.0153 0.0154 0.1217 0.0959 
 CARLINGFORD 0.0178 0.2007 0.3224 0.0223 0.1416 0.2952 
  CASABLANCA 0.0034 0.2803 0.1355 0.2442 0.3319 0.0047 
      CELINE 0.0872 0.2753 0.0292 0.3955 0.1002 0.1126 
  CHALLENGER 0.0985 0.0047 0.1876 0.2916 0.1989 0.2187 
   CHARLOTTE 0.1403 0.0152 0.0064 0.0500 0.1350 0.6533 
     CHICAGO 0.1000 0.0147 0.0063 0.2474 0.4873 0.1442 
   CHIEFTAIN 0.0796 0.0839 0.3724 0.0072 0.0547 0.4021 
      CHOPIN 0.0234 0.0436 0.2476 0.3856 0.0563 0.2435 
      CLARET 0.0304 0.6127 0.0454 0.0171 0.0985 0.1959 
      CORINE 0.0968 0.2362 0.1707 0.3022 0.1858 0.0083 
      COSMOS 0.0554 0.0297 0.2373 0.4513 0.1439 0.0826 
     COURAGE 0.1001 0.1426 0.1611 0.3168 0.0714 0.2081 
     COURLAN 0.0653 0.1177 0.2572 0.1167 0.1234 0.3196 
 CRAIGS_ROYA 0.0586 0.3578 0.2241 0.0039 0.2254 0.1302 
 CRAIGS_SNOW 0.2977 0.0700 0.3349 0.0466 0.1661 0.0848 
     CRAMOND 0.0191 0.1546 0.0857 0.1199 0.4955 0.1252 
 CRISPS_FOR_ 0.0556 0.0458 0.1533 0.2869 0.1233 0.3351 
    CROMWELL 0.2709 0.0466 0.0046 0.0773 0.5913 0.0093 
       D22/1 0.1975 0.0976 0.1534 0.0469 0.5008 0.0038 
       D23/3 0.3159 0.0264 0.1858 0.0370 0.3683 0.0666 
      D47-11 0.2864 0.0101 0.0108 0.0451 0.6444 0.0033 
       D49/1 0.2099 0.0026 0.0069 0.0381 0.7280 0.0146 
       DAISY 0.2351 0.0114 0.0167 0.1706 0.4526 0.1135 
 DARK_RED_NO 0.1049 0.1055 0.4021 0.0376 0.0576 0.2924 
     DARWINA 0.1155 0.0152 0.1963 0.4198 0.1123 0.1408 
     DESIREE 0.1314 0.2304 0.0625 0.1918 0.0033 0.3806 
       DITTA 0.1296 0.0105 0.1848 0.3537 0.0185 0.3030 
 DR._MCINTOS 0.0239 0.1458 0.5204 0.0210 0.1093 0.1796 
       DRAGA 0.0059 0.0834 0.3394 0.2880 0.1820 0.1012 
 DUKE_OF_YOR 0.3423 0.0076 0.4194 0.2229 0.0029 0.0049 
 DUNBAR_STAN 0.2568 0.0691 0.4536 0.0081 0.1715 0.0408 
     DUNDROD 0.1952 0.0743 0.0793 0.0159 0.4611 0.1743 
     ECLIPSE 0.3860 0.0029 0.2931 0.0031 0.0329 0.2820 
        EDEN 0.2575 0.0275 0.0218 0.0114 0.6597 0.0221 
 EDZELL_BLUE 0.3239 0.1525 0.1368 0.1863 0.0538 0.1468 
   ELISABETH 0.0086 0.0154 0.0591 0.2349 0.1779 0.5041 
     EMPEROR 0.0133 0.0073 0.3164 0.1530 0.2221 0.2880 
         EOS 0.0184 0.0210 0.1561 0.1327 0.2955 0.3763 
     EPICURE 0.3607 0.0257 0.3336 0.0212 0.0100 0.2488 
  ERNTESTOLZ 0.2385 0.0559 0.2113 0.2756 0.0380 0.1808 
      ESCORT 0.0157 0.0743 0.0113 0.3778 0.1821 0.3388 
   ESMERALDA 0.1610 0.1046 0.0297 0.2917 0.1610 0.2520 
      ESTIMA 0.0687 0.0084 0.2312 0.3109 0.1518 0.2290 
 EVE_BALFOUR 0.2219 0.4248 0.0743 0.0135 0.1652 0.1003 
   EXCALIBUR 0.0048 0.3916 0.0045 0.0356 0.4665 0.0970 
     EXQUISA 0.1620 0.1072 0.0057 0.2893 0.0049 0.4309 
    FESTIVAL 0.0079 0.0284 0.0543 0.3947 0.1678 0.3469 
      FIANNA 0.0091 0.2086 0.2428 0.3294 0.0596 0.1506 
   FIFTYFOLD 0.5496 0.0664 0.1356 0.0187 0.0585 0.1712 
     FONTANE 0.0222 0.0043 0.1613 0.3952 0.2090 0.2080 
   FORTYFOLD 0.5432 0.0178 0.1950 0.2358 0.0032 0.0050 
 FRONTIER_RU 0.1338 0.0058 0.4346 0.0320 0.1123 0.2815 
     G.81071 0.0705 0.2128 0.2175 0.0996 0.1921 0.2076 
     G.88661 0.0049 0.0301 0.3411 0.0932 0.2763 0.2544 
    G.886611 0.0034 0.0525 0.2790 0.0116 0.2687 0.3848 
  G.8867Y%12 0.0041 0.1396 0.3523 0.0301 0.1126 0.3612 
     G.88839 0.0167 0.0051 0.0050 0.4028 0.0070 0.5633 
     G.88842 0.0107 0.1430 0.1368 0.3617 0.0173 0.3305 
   GALACTICA 0.1510 0.3902 0.1097 0.3384 0.0059 0.0048 
      GEMSON 0.1292 0.2807 0.2818 0.0161 0.1348 0.1573 
  GL.76B/102 0.3575 0.0055 0.1117 0.1915 0.1413 0.1925 
   GL.76B/94 0.5358 0.1496 0.0139 0.2743 0.0032 0.0232 
  GL.77M/106 0.1836 0.2658 0.0107 0.0063 0.2455 0.2882 
   GL.78/166 0.6131 0.0453 0.1137 0.1986 0.0201 0.0091 
    GL.78/53 0.5492 0.0129 0.0066 0.0096 0.2075 0.2142 
    GL.78/97 0.5832 0.0236 0.0219 0.1163 0.1096 0.1454 
    GL.79/42 0.5523 0.0068 0.0041 0.0404 0.1448 0.2515 
    GL.79/45 0.5779 0.1054 0.0050 0.0310 0.0592 0.2216 
 GL.81_NT_25 0.3922 0.0300 0.0096 0.0799 0.4851 0.0032 
   GLADIATOR 0.0059 0.1235 0.1728 0.2347 0.1332 0.3299 
      GLAMIS 0.0420 0.0294 0.1625 0.1247 0.4402 0.2013 
 GOLDEN_MILL 0.1234 0.1963 0.0090 0.0173 0.4841 0.1700 
 GOLDEN_NUGG 0.0195 0.3071 0.0157 0.3720 0.1235 0.1622 
 GOLDEN_WOND 0.5584 0.0257 0.1341 0.0922 0.0383 0.1512 
     GRANOLA 0.1066 0.0120 0.0072 0.1809 0.1310 0.5622 
    H1H3_101 0.3675 0.0043 0.0085 0.0053 0.6121 0.0022 
      H1H3_3 0.1803 0.0789 0.1760 0.0704 0.4477 0.0467 
 HARBOROUGH_ 0.0222 0.0559 0.0297 0.0278 0.7228 0.1415 
   HARLEQUIN 0.1744 0.0466 0.0132 0.0792 0.1478 0.5387 
      HERMES 0.1354 0.1619 0.0678 0.3460 0.0573 0.2315 
 HIGHLAND_BU 0.8086 0.0220 0.0482 0.1056 0.0084 0.0071 
  HOME_GUARD 0.2022 0.1466 0.2826 0.0167 0.2020 0.1500 
     HORIZON 0.2486 0.1147 0.0350 0.4304 0.0859 0.0855 
   INNOVATOR 0.1393 0.0965 0.4854 0.2669 0.0071 0.0048 
 INTERNATION 0.8568 0.0080 0.0816 0.0452 0.0047 0.0037 
 ISLE_OF_JUR 0.1503 0.1583 0.0568 0.0875 0.4326 0.1146 
    JULIETTE 0.0526 0.0081 0.0059 0.3076 0.0302 0.5956 
     KARLENA 0.1847 0.2301 0.2603 0.2883 0.0282 0.0085 
 KERR'S_PINK 0.4332 0.0693 0.3313 0.0068 0.0895 0.0699 
     KESTREL 0.0065 0.3777 0.0220 0.0049 0.3804 0.2086 
       KIFLI 0.1838 0.0084 0.0073 0.1762 0.1179 0.5064 
 KING_EDWARD 0.7191 0.0027 0.1119 0.0046 0.0321 0.1295 
    KINGSTON 0.2097 0.1450 0.0048 0.0961 0.4725 0.0719 
 KUFRI_CHAND 0.1560 0.0637 0.3965 0.1213 0.1154 0.1471 
 KUFRI_JYOTI 0.1307 0.3671 0.0778 0.1731 0.0365 0.2148 
      KURODA 0.0186 0.1243 0.1949 0.4827 0.0468 0.1328 
 LADY_BALFOU 0.1400 0.3899 0.1522 0.0326 0.1903 0.0949 
 LADY_CHRIST 0.2858 0.0582 0.0716 0.4139 0.0854 0.0850 
 LADY_CLAIRE 0.2198 0.0198 0.0399 0.7064 0.0080 0.0061 
     LADY_JO 0.2876 0.0142 0.1261 0.5553 0.0147 0.0020 
 LADY_ROSETT 0.1289 0.0799 0.1380 0.3288 0.1518 0.1727 
    LIBERTAS 0.3028 0.1667 0.0084 0.5158 0.0037 0.0026 
       LINDA 0.2096 0.0090 0.0064 0.2093 0.0062 0.5594 
      LINTON 0.0403 0.0964 0.1837 0.2624 0.1928 0.2244 
 LINZER_DELI 0.1963 0.0140 0.0510 0.2631 0.0283 0.4473 
   LIONHEART 0.0229 0.1076 0.2116 0.4427 0.0901 0.1251 
   MADELEINE 0.0806 0.0424 0.0131 0.3678 0.0951 0.4010 
   MADINGLEY 0.0539 0.1348 0.0709 0.2629 0.1472 0.3304 
    MAJESTIC 0.0359 0.1508 0.5283 0.0280 0.0515 0.2055 
     MARABEL 0.0105 0.0308 0.1103 0.4788 0.0245 0.3451 
     MARFONA 0.1467 0.0614 0.1901 0.4573 0.1244 0.0200 
     MARILYN 0.0895 0.1360 0.0534 0.3072 0.0272 0.3868 
 MARIS_ANCHO 0.1727 0.0262 0.2396 0.2597 0.0816 0.2202 
  MARIS_BARD 0.1160 0.1410 0.2881 0.2024 0.2501 0.0024 
  MARIS_PEER 0.1387 0.1877 0.3336 0.0107 0.1730 0.1562 
 MARIS_PIPER 0.1830 0.0052 0.0047 0.0342 0.7686 0.0043 
     MARKIES 0.1312 0.0415 0.0394 0.4646 0.0218 0.3016 
      MAXINE 0.0195 0.0954 0.2858 0.0227 0.4261 0.1505 
      MEGARA 0.0825 0.0336 0.0136 0.4897 0.0832 0.2974 
      MELODY 0.1697 0.1617 0.0236 0.3821 0.0849 0.1780 
       MIDAS 0.1585 0.0062 0.0038 0.2060 0.4632 0.1623 
       MILVA 0.1965 0.0477 0.0276 0.3572 0.0175 0.3535 
        MIMI 0.1239 0.2000 0.0083 0.2606 0.3173 0.0899 
        MIRA 0.2271 0.1171 0.0916 0.5486 0.0076 0.0080 
       MOIRA 0.1295 0.1708 0.1306 0.2569 0.0608 0.2514 
    MONTROSE 0.2853 0.0704 0.0040 0.0047 0.5372 0.0984 
       MORAG 0.1800 0.3249 0.1845 0.0089 0.1672 0.1345 
      MORENE 0.1635 0.1410 0.1430 0.5394 0.0029 0.0102 
      MOZART 0.0025 0.0180 0.0513 0.3464 0.1156 0.4662 
 MYATT'S_ASH 0.7231 0.0095 0.0981 0.1616 0.0028 0.0048 
      NADINE 0.0092 0.1018 0.0753 0.0634 0.4608 0.2894 
       NAVAN 0.0843 0.0670 0.0889 0.0294 0.6788 0.0516 
 NDTX_4271_5 0.0096 0.0092 0.2589 0.0039 0.2371 0.4813 
      NICOLA 0.1722 0.0041 0.0263 0.3604 0.0029 0.4341 
     NOVELLA 0.0251 0.2007 0.1087 0.3556 0.0575 0.2524 
     OLYMPUS 0.1153 0.1255 0.1391 0.0059 0.3306 0.2836 
       OPERA 0.0133 0.1243 0.1007 0.3587 0.1535 0.2496 
   ORCHESTRA 0.0824 0.0263 0.0200 0.3674 0.1480 0.3559 
      ORIANA 0.0647 0.1731 0.2055 0.3979 0.0033 0.1556 
     OTHELLO 0.0078 0.5259 0.1171 0.0048 0.1594 0.1850 
     PALADIN 0.2481 0.0090 0.0600 0.0428 0.6363 0.0037 
       PANDA 0.0322 0.0187 0.0080 0.2755 0.1123 0.5533 
   PARAMOUNT 0.0560 0.4794 0.0381 0.1692 0.0153 0.2420 
    PATRONES 0.1890 0.0330 0.2235 0.3303 0.0761 0.1481 
 PENTLAND_AC 0.1433 0.1873 0.1895 0.1239 0.1581 0.1979 
 PENTLAND_BE 0.4170 0.1901 0.2972 0.0783 0.0113 0.0062 
 PENTLAND_CR 0.0933 0.2349 0.1830 0.2340 0.1584 0.0965 
 PENTLAND_DE 0.2207 0.2552 0.2604 0.0085 0.0665 0.1887 
 PENTLAND_IV 0.0389 0.1733 0.3267 0.0034 0.1194 0.3383 
 PENTLAND_JA 0.0711 0.1099 0.4409 0.1716 0.1096 0.0969 
 PENTLAND_MA 0.0927 0.3290 0.1340 0.3045 0.0079 0.1319 
 PENTLAND_SQ 0.1682 0.2008 0.2320 0.0771 0.1260 0.1959 
   PEPO_1978 0.1445 0.0154 0.0363 0.3521 0.1029 0.3488 
     PICASSO 0.0032 0.4963 0.0450 0.2651 0.1521 0.0383 
   PIMPERNEL 0.2092 0.1507 0.0045 0.4275 0.0356 0.1725 
     PIONEER 0.1675 0.0056 0.0152 0.1743 0.0228 0.6147 
       PIXIE 0.0051 0.2869 0.0189 0.0444 0.3862 0.2583 
    PREMIERE 0.2462 0.0598 0.1825 0.4598 0.0469 0.0047 
   PRODUCENT 0.1112 0.0084 0.0679 0.4212 0.2301 0.1612 
     PROVOST 0.1260 0.2090 0.2878 0.1405 0.0527 0.1840 
  R.P.LUSTRE 0.2305 0.0340 0.1821 0.0134 0.2036 0.3366 
 RANGER_RUSS 0.2076 0.0847 0.5405 0.1477 0.0030 0.0166 
       RATTE 0.4981 0.0140 0.0364 0.0157 0.1567 0.2791 
      RECORD 0.2928 0.1193 0.0130 0.5632 0.0051 0.0067 
   REMBRANDT 0.1271 0.0113 0.1792 0.4219 0.1358 0.1247 
    RIO_ROJO 0.0559 0.1470 0.3234 0.0591 0.0949 0.3198 
      ROBIJN 0.3164 0.0843 0.0212 0.5266 0.0040 0.0475 
      ROCKET 0.2015 0.0847 0.1250 0.0163 0.5082 0.0643 
   RODE_STAR 0.4077 0.0198 0.0018 0.3371 0.0077 0.2259 
      ROMANO 0.0127 0.3375 0.0131 0.3146 0.0394 0.2826 
       ROMEO 0.1847 0.3079 0.0600 0.0079 0.0439 0.3957 
     ROOSTER 0.1194 0.2859 0.1556 0.1294 0.1061 0.2036 
       ROYAL 0.1356 0.0186 0.0058 0.2385 0.3264 0.2751 
 ROYAL_KIDNE 0.3793 0.0415 0.5321 0.0388 0.0038 0.0045 
     RUBESSE 0.0627 0.1198 0.1739 0.2190 0.0468 0.3778 
 RUSSET_BURB 0.1172 0.0298 0.5525 0.0938 0.0398 0.1670 
 RUSSET_NORK 0.0365 0.0051 0.5543 0.0044 0.0702 0.3295 
      SAFARI 0.0127 0.2514 0.0654 0.4214 0.0532 0.1958 
     SANTANA 0.0853 0.0471 0.2126 0.3923 0.1614 0.1013 
       SANTE 0.1062 0.1188 0.0123 0.4202 0.1750 0.1675 
     SAPHIRE 0.0053 0.0526 0.2829 0.4141 0.1356 0.1096 
  SARPO_MIRA 0.1772 0.0974 0.0098 0.2592 0.0480 0.4084 
 SARPO_SHONA 0.1015 0.1121 0.0074 0.3401 0.0514 0.3876 
       SASSY 0.2306 0.0737 0.1505 0.2799 0.0858 0.1795 
     SATURNA 0.2932 0.0077 0.0055 0.4553 0.0214 0.2169 
        SAVA 0.0364 0.0108 0.1459 0.2724 0.1361 0.3984 
       SAXON 0.1568 0.1235 0.0251 0.0432 0.5468 0.1045 
 SCARBOROUGH 0.0877 0.0223 0.0097 0.0053 0.7297 0.1453 
 SEFTON_WOND 0.4182 0.0699 0.3235 0.0067 0.1582 0.0235 
    SERAFINA 0.1384 0.1036 0.0143 0.2469 0.0101 0.4867 
     SETANTA 0.0513 0.2527 0.0732 0.0342 0.3043 0.2843 
 SHARPE'S_EX 0.5982 0.0155 0.1168 0.0743 0.0848 0.1104 
     SHELAGH 0.2774 0.2938 0.0197 0.1312 0.1553 0.1226 
    SHELFORD 0.1889 0.1681 0.0912 0.2904 0.0171 0.2444 
     SHEPODY 0.1584 0.1912 0.4341 0.2069 0.0065 0.0029 
      SLANEY 0.0083 0.3952 0.0573 0.0131 0.2959 0.2301 
        SPEY 0.0031 0.4733 0.0206 0.0461 0.2920 0.1648 
      SPUNTA 0.2080 0.1455 0.0370 0.0897 0.1225 0.3974 
     STAMINA 0.0037 0.2051 0.0830 0.0679 0.6273 0.0130 
    STEMSTER 0.1997 0.0999 0.0228 0.2288 0.2878 0.1609 
 STORMONT_EN 0.1881 0.1626 0.1379 0.2706 0.1774 0.0634 
    STIRLING 0.0070 0.3498 0.1744 0.0808 0.1946 0.1934 
     SYLVANA 0.0503 0.0867 0.2404 0.2635 0.1194 0.2398 
         TAY 0.0131 0.2742 0.0165 0.0088 0.4315 0.2560 
      TIMATE 0.0548 0.0045 0.0470 0.3912 0.1326 0.3700 
      TOLUCA 0.0341 0.1689 0.0857 0.3314 0.0051 0.3748 
    TORRIDON 0.1099 0.3068 0.0671 0.3165 0.0639 0.1358 
 ULSTER_SCEP 0.0649 0.1337 0.3560 0.0683 0.3331 0.0439 
 UMATILLA_RU 0.4025 0.0590 0.0428 0.1574 0.2957 0.0425 
 VALES_EMERA 0.1077 0.0498 0.0539 0.0345 0.2604 0.4936 
 VALES_EVERE 0.1237 0.3974 0.0626 0.0081 0.2679 0.1403 
 VALES_RUSSE 0.2199 0.0181 0.4450 0.0755 0.0518 0.1896 
 VALES_SOVER 0.0044 0.5905 0.0092 0.0436 0.3325 0.0198 
       VALOR 0.0033 0.4612 0.0108 0.0640 0.3840 0.0768 
    VAN_GOGH 0.1631 0.0303 0.0532 0.4797 0.1134 0.1602 
     VANTAGE 0.2990 0.0674 0.2286 0.3901 0.0092 0.0056 
       VERDI 0.2227 0.0571 0.0192 0.3644 0.0990 0.2377 
    VICTORIA 0.0280 0.0248 0.2751 0.4069 0.0640 0.2012 
     VIVALDI 0.0155 0.1399 0.2515 0.4337 0.0040 0.1555 
       WILJA 0.1820 0.1328 0.1429 0.5321 0.0084 0.0018 
     WINSTON 0.0047 0.1887 0.0670 0.0101 0.4573 0.2722 
      XD2-21 0.1714 0.2368 0.2747 0.0469 0.1059 0.1643 
  YUKON_GOLD 0.0045 0.0123 0.3009 0.0749 0.2498 0.3576 
       ZORBA 0.1464 0.1700 0.2582 0.3993 0.0117 0.0144 
