  00C133-020 0.1046 0.0118 0.3604 0.5065 0.0168 
 01C_071-002 0.0793 0.3013 0.2577 0.2082 0.1535 
 02M_012-001 0.1041 0.0994 0.0380 0.6171 0.1414 
 03M_016-002 0.0444 0.0408 0.0975 0.3781 0.4391 
 03M_034-002 0.0376 0.0439 0.2103 0.5265 0.1817 
 04C_055-004 0.3046 0.1201 0.0299 0.4815 0.0639 
 04C_126-005 0.1141 0.1140 0.3693 0.3081 0.0945 
 04M_034-013 0.1258 0.0896 0.0479 0.4745 0.2622 
 05M_002-001 0.2138 0.3672 0.1358 0.1451 0.1380 
 05M_004-003 0.1448 0.3598 0.2888 0.1980 0.0085 
 05M_012-004 0.1556 0.2103 0.3525 0.1898 0.0918 
 06C_127-002 0.4693 0.0095 0.1605 0.3227 0.0380 
 12288_AF_23 0.2542 0.0355 0.2663 0.4279 0.0161 
    12601AB1 0.0587 0.0095 0.0232 0.4770 0.4315 
   12636_A_2 0.0526 0.0088 0.2337 0.4928 0.2120 
  15119_AC_5 0.0028 0.0292 0.5360 0.2353 0.1967 
     1512C16 0.2329 0.0973 0.3343 0.0136 0.3219 
   15144_A_3 0.2809 0.0891 0.5683 0.0257 0.0360 
     1563C14 0.2209 0.2700 0.0392 0.0267 0.4432 
     2182EF7 0.2295 0.0583 0.4947 0.0877 0.1298 
     3681AD1 0.1070 0.3734 0.3757 0.0949 0.0490 
     5008AB6 0.2859 0.2638 0.2941 0.0594 0.0967 
    8204_A_4 0.3374 0.0206 0.4212 0.1782 0.0426 
       AGRIA 0.3419 0.5198 0.0100 0.0806 0.0476 
       AILSA 0.2777 0.0079 0.0261 0.5650 0.1233 
      ALMERA 0.2433 0.4522 0.1789 0.0627 0.0628 
       ALPHA 0.1617 0.4152 0.1337 0.0596 0.2298 
      ALWARA 0.2869 0.3604 0.2755 0.0483 0.0288 
      AMADRA 0.2737 0.3309 0.0277 0.2275 0.1403 
       AMOUR 0.0852 0.0221 0.4419 0.4111 0.0397 
        ANNA 0.0055 0.0170 0.7928 0.0186 0.1662 
   ANNABELLE 0.4334 0.4729 0.0480 0.0168 0.0289 
        ANYA 0.5013 0.1756 0.0551 0.0473 0.2207 
       ARGOS 0.0594 0.1175 0.5768 0.2349 0.0114 
     ARIELLE 0.3187 0.4130 0.1241 0.0250 0.1192 
      ARKULA 0.2116 0.4390 0.2031 0.0155 0.1308 
      ARMADA 0.1904 0.3849 0.1784 0.1085 0.1378 
   AVALANCHE 0.0112 0.2761 0.2240 0.4451 0.0435 
     BAILLIE 0.1097 0.1753 0.2107 0.4894 0.0149 
    BALMORAL 0.0210 0.2351 0.6253 0.0266 0.0920 
     BAMBINO 0.1273 0.0787 0.2787 0.5005 0.0148 
       BARNA 0.3269 0.1002 0.4141 0.1010 0.0578 
 BELLE_DE_FO 0.0064 0.0636 0.0677 0.0037 0.8585 
       BENOL 0.0765 0.0969 0.0556 0.6121 0.1590 
       BF_15 0.0496 0.2212 0.0301 0.0050 0.6942 
      BINTJE 0.1256 0.2546 0.1758 0.0774 0.3666 
 BIONICA_EX_ 0.1849 0.2765 0.2663 0.1355 0.1369 
 BLUE_DANUBE 0.0072 0.5544 0.2715 0.0179 0.1490 
      BONNIE 0.2672 0.1736 0.2782 0.2504 0.0306 
      BOUNTY 0.1070 0.0965 0.3203 0.4575 0.0187 
 BRITISH_QUE 0.0051 0.2085 0.2816 0.0091 0.4957 
     BRODICK 0.3165 0.0104 0.1153 0.5480 0.0099 
      BRODIE 0.1655 0.0068 0.5976 0.0790 0.1510 
      BUCHAN 0.2906 0.0045 0.4829 0.1311 0.0910 
      BURREN 0.1998 0.1644 0.4401 0.0938 0.1020 
     CABARET 0.0162 0.0161 0.1497 0.5250 0.2929 
      CAESAR 0.4095 0.3850 0.1621 0.0391 0.0043 
        CARA 0.0917 0.0178 0.6977 0.1443 0.0485 
 CARLINGFORD 0.3578 0.0316 0.3961 0.1061 0.1083 
  CASABLANCA 0.0102 0.2329 0.4372 0.3150 0.0047 
      CELINE 0.1122 0.4101 0.2968 0.1136 0.0673 
  CHALLENGER 0.2649 0.3272 0.0503 0.2054 0.1523 
   CHARLOTTE 0.6573 0.0911 0.0058 0.1349 0.1109 
     CHICAGO 0.1499 0.2745 0.0128 0.5307 0.0320 
   CHIEFTAIN 0.4783 0.0098 0.2675 0.0264 0.2180 
      CHOPIN 0.2801 0.4002 0.2074 0.0335 0.0789 
      CLARET 0.2020 0.0274 0.6118 0.1115 0.0473 
      CORINE 0.0087 0.3259 0.3600 0.1907 0.1148 
      COSMOS 0.1260 0.4597 0.1903 0.1220 0.1020 
     COURAGE 0.2367 0.3482 0.2233 0.0722 0.1197 
     COURLAN 0.3527 0.1446 0.2543 0.1030 0.1453 
 CRAIGS_ROYA 0.1787 0.0059 0.4760 0.2073 0.1322 
 CRAIGS_SNOW 0.1234 0.0845 0.2477 0.1540 0.3904 
     CRAMOND 0.1588 0.0977 0.2369 0.4933 0.0132 
 CRISPS_FOR_ 0.3719 0.3049 0.1333 0.1093 0.0806 
    CROMWELL 0.0098 0.1172 0.0179 0.6693 0.1858 
       D22/1 0.0053 0.0650 0.2170 0.5178 0.1949 
       D23/3 0.0850 0.0710 0.1151 0.3904 0.3384 
      D47-11 0.0039 0.0637 0.0136 0.7051 0.2137 
       D49/1 0.0180 0.0575 0.0043 0.7748 0.1455 
       DAISY 0.1193 0.1975 0.0153 0.4876 0.1803 
 DARK_RED_NO 0.3430 0.0775 0.3071 0.0282 0.2443 
     DARWINA 0.1576 0.4534 0.1466 0.1052 0.1372 
     DESIREE 0.3768 0.2550 0.2156 0.0048 0.1478 
       DITTA 0.3255 0.4181 0.0740 0.0191 0.1633 
 DR._MCINTOS 0.2563 0.0284 0.4779 0.0443 0.1931 
       DRAGA 0.1637 0.3047 0.3332 0.1565 0.0419 
 DUKE_OF_YOR 0.0129 0.2910 0.2240 0.0037 0.4685 
 DUNBAR_STAN 0.1058 0.0141 0.3012 0.1497 0.4292 
     DUNDROD 0.1960 0.0331 0.0935 0.4953 0.1821 
     ECLIPSE 0.3651 0.0099 0.0532 0.0516 0.5202 
        EDEN 0.0329 0.0118 0.0349 0.7109 0.2096 
 EDZELL_BLUE 0.1414 0.2377 0.1920 0.0805 0.3484 
   ELISABETH 0.5580 0.2455 0.0271 0.1584 0.0110 
     EMPEROR 0.3650 0.1836 0.1628 0.1961 0.0924 
         EOS 0.4374 0.1377 0.1053 0.2761 0.0435 
     EPICURE 0.2913 0.0592 0.1812 0.0103 0.4579 
  ERNTESTOLZ 0.1921 0.3273 0.1644 0.0373 0.2789 
      ESCORT 0.3546 0.3864 0.0777 0.1740 0.0073 
   ESMERALDA 0.2648 0.3129 0.1209 0.1659 0.1355 
      ESTIMA 0.2740 0.3391 0.1053 0.1487 0.1329 
 EVE_BALFOUR 0.0999 0.0261 0.4372 0.1962 0.2406 
   EXCALIBUR 0.1029 0.0218 0.3848 0.4866 0.0038 
     EXQUISA 0.4298 0.3778 0.0457 0.0099 0.1368 
    FESTIVAL 0.3735 0.3991 0.0672 0.1510 0.0091 
      FIANNA 0.1842 0.3529 0.3769 0.0508 0.0352 
   FIFTYFOLD 0.1686 0.0775 0.0909 0.0907 0.5723 
     FONTANE 0.2566 0.4374 0.0486 0.2077 0.0497 
   FORTYFOLD 0.0062 0.3074 0.1074 0.0048 0.5743 
 FRONTIER_RU 0.3514 0.0859 0.1831 0.0884 0.2911 
     G.81071 0.2469 0.1070 0.3424 0.1746 0.1292 
     G.88661 0.3661 0.0864 0.2906 0.2238 0.0331 
    G.886611 0.4995 0.0083 0.2680 0.2135 0.0107 
  G.8867Y%12 0.4788 0.0302 0.3999 0.0630 0.0281 
     G.88839 0.5105 0.4659 0.0068 0.0088 0.0080 
     G.88842 0.3388 0.3889 0.2415 0.0124 0.0185 
   GALACTICA 0.0051 0.3720 0.4480 0.0096 0.1654 
      GEMSON 0.1979 0.0239 0.4381 0.1198 0.2203 
  GL.76B/102 0.1944 0.2665 0.0131 0.1756 0.3505 
   GL.76B/94 0.0114 0.3560 0.1244 0.0057 0.5024 
  GL.77M/106 0.3071 0.0131 0.2204 0.2874 0.1721 
   GL.78/166 0.0077 0.2763 0.0664 0.0605 0.5891 
    GL.78/53 0.1999 0.0356 0.0069 0.2521 0.5056 
    GL.78/97 0.1012 0.1893 0.0136 0.1608 0.5351 
    GL.79/42 0.2206 0.0957 0.0030 0.1863 0.4944 
    GL.79/45 0.1983 0.1120 0.0169 0.1469 0.5259 
 GL.81_NT_25 0.0032 0.1154 0.0249 0.5419 0.3145 
   GLADIATOR 0.3842 0.2536 0.2269 0.1208 0.0146 
      GLAMIS 0.2371 0.1307 0.1420 0.4337 0.0565 
 GOLDEN_MILL 0.1947 0.0238 0.1730 0.5203 0.0881 
 GOLDEN_NUGG 0.1692 0.3689 0.3159 0.1302 0.0158 
 GOLDEN_WOND 0.1586 0.1464 0.0557 0.0510 0.5883 
     GRANOLA 0.5668 0.2201 0.0077 0.1353 0.0702 
    H1H3_101 0.0026 0.0097 0.0063 0.6820 0.2994 
      H1H3_3 0.0757 0.0681 0.2004 0.4499 0.2059 
 HARBOROUGH_ 0.1694 0.0119 0.0901 0.7198 0.0088 
   HARLEQUIN 0.5330 0.1382 0.0161 0.1609 0.1517 
      HERMES 0.2165 0.4020 0.1828 0.0765 0.1222 
 HIGHLAND_BU 0.0060 0.1675 0.0201 0.0234 0.7829 
  HOME_GUARD 0.1902 0.0229 0.3013 0.1792 0.3065 
     HORIZON 0.0754 0.4696 0.1302 0.1084 0.2165 
   INNOVATOR 0.0078 0.2972 0.3891 0.0058 0.3001 
 INTERNATION 0.0039 0.1192 0.0149 0.0065 0.8555 
 ISLE_OF_JUR 0.1374 0.0971 0.1915 0.4527 0.1213 
    JULIETTE 0.5758 0.3628 0.0062 0.0336 0.0215 
     KARLENA 0.0108 0.3406 0.3702 0.0339 0.2446 
 KERR'S_PINK 0.1076 0.0186 0.2327 0.0870 0.5541 
     KESTREL 0.2388 0.0055 0.3788 0.3701 0.0068 
       KIFLI 0.4784 0.2497 0.0051 0.1395 0.1274 
 KING_EDWARD 0.1415 0.0118 0.0049 0.0700 0.7719 
    KINGSTON 0.0889 0.1113 0.1258 0.5200 0.1540 
 KUFRI_CHAND 0.1933 0.1615 0.2922 0.0830 0.2700 
 KUFRI_JYOTI 0.2278 0.1971 0.3836 0.0451 0.1464 
      KURODA 0.1457 0.5241 0.2642 0.0335 0.0326 
 LADY_BALFOU 0.1199 0.0377 0.4706 0.1929 0.1788 
 LADY_CHRIST 0.0838 0.4490 0.0962 0.1013 0.2698 
 LADY_CLAIRE 0.0051 0.7555 0.0511 0.0135 0.1748 
     LADY_JO 0.0026 0.5995 0.1009 0.0204 0.2766 
 LADY_ROSETT 0.2118 0.3510 0.1505 0.1485 0.1383 
    LIBERTAS 0.0026 0.5660 0.1596 0.0081 0.2638 
       LINDA 0.5278 0.2762 0.0049 0.0071 0.1840 
      LINTON 0.2396 0.2928 0.1983 0.1834 0.0859 
 LINZER_DELI 0.4419 0.3250 0.0182 0.0392 0.1758 
   LIONHEART 0.1687 0.4497 0.2408 0.0675 0.0733 
   MADELEINE 0.4130 0.4009 0.0380 0.0988 0.0493 
   MADINGLEY 0.3274 0.3155 0.1498 0.1639 0.0434 
    MAJESTIC 0.2737 0.0481 0.4419 0.0172 0.2190 
     MARABEL 0.3563 0.4998 0.1161 0.0156 0.0122 
     MARFONA 0.0337 0.4723 0.1994 0.1154 0.1792 
     MARILYN 0.3921 0.3517 0.1436 0.0288 0.0839 
 MARIS_ANCHO 0.2513 0.2937 0.1556 0.0720 0.2273 
  MARIS_BARD 0.0034 0.2100 0.3611 0.2343 0.1913 
  MARIS_PEER 0.2024 0.0184 0.3758 0.1566 0.2467 
 MARIS_PIPER 0.0051 0.0498 0.0083 0.8305 0.1063 
     MARKIES 0.3029 0.5150 0.0428 0.0269 0.1124 
      MAXINE 0.2105 0.0213 0.2717 0.4075 0.0891 
      MEGARA 0.2984 0.5343 0.0342 0.0893 0.0438 
      MELODY 0.1685 0.4264 0.1543 0.1118 0.1390 
       MIDAS 0.1516 0.2480 0.0053 0.5113 0.0839 
       MILVA 0.3553 0.4035 0.0487 0.0252 0.1673 
        MIMI 0.1048 0.2796 0.1880 0.3545 0.0730 
        MIRA 0.0088 0.5877 0.1850 0.0084 0.2100 
       MOIRA 0.2572 0.2934 0.2431 0.0516 0.1546 
    MONTROSE 0.1155 0.0083 0.0298 0.6170 0.2294 
       MORAG 0.1537 0.0107 0.4175 0.1718 0.2463 
      MORENE 0.0134 0.5740 0.2347 0.0040 0.1739 
      MOZART 0.5142 0.3449 0.0563 0.0815 0.0031 
 MYATT'S_ASH 0.0044 0.2481 0.0184 0.0046 0.7244 
      NADINE 0.3345 0.0509 0.1524 0.4546 0.0076 
       NAVAN 0.0929 0.0201 0.1478 0.6899 0.0493 
 NDTX_4271_5 0.5739 0.0057 0.1128 0.2165 0.0911 
      NICOLA 0.4038 0.4292 0.0052 0.0037 0.1582 
     NOVELLA 0.2679 0.3804 0.2752 0.0399 0.0366 
     OLYMPUS 0.3309 0.0075 0.1778 0.3355 0.1483 
       OPERA 0.2772 0.3742 0.1888 0.1437 0.0162 
   ORCHESTRA 0.3572 0.4046 0.0222 0.1565 0.0596 
      ORIANA 0.1550 0.4429 0.2892 0.0050 0.1079 
     OTHELLO 0.2236 0.0053 0.5902 0.1536 0.0274 
     PALADIN 0.0060 0.0690 0.0333 0.6801 0.2116 
       PANDA 0.5337 0.3303 0.0154 0.1063 0.0143 
   PARAMOUNT 0.2434 0.1938 0.4843 0.0233 0.0552 
    PATRONES 0.1623 0.3667 0.1736 0.0659 0.2316 
 PENTLAND_AC 0.2216 0.1455 0.2776 0.1518 0.2035 
 PENTLAND_BE 0.0108 0.1337 0.3371 0.0131 0.5053 
 PENTLAND_CR 0.1248 0.2414 0.3605 0.1451 0.1281 
 PENTLAND_DE 0.2211 0.0148 0.3894 0.0643 0.3104 
 PENTLAND_IV 0.4065 0.0051 0.3493 0.0789 0.1603 
 PENTLAND_JA 0.1539 0.1958 0.3821 0.0650 0.2032 
 PENTLAND_MA 0.1114 0.3407 0.4157 0.0089 0.1233 
 PENTLAND_SQ 0.2227 0.0992 0.3332 0.1131 0.2318 
   PEPO_1978 0.3412 0.4077 0.0248 0.1121 0.1142 
     PICASSO 0.0579 0.2456 0.5546 0.1378 0.0041 
   PIMPERNEL 0.1605 0.4905 0.1073 0.0842 0.1575 
     PIONEER 0.6038 0.2263 0.0058 0.0177 0.1464 
       PIXIE 0.2881 0.0291 0.3079 0.3685 0.0063 
    PREMIERE 0.0067 0.4833 0.1824 0.0524 0.2751 
   PRODUCENT 0.1757 0.4488 0.0477 0.2351 0.0927 
     PROVOST 0.2159 0.1623 0.3799 0.0321 0.2098 
  R.P.LUSTRE 0.3872 0.0209 0.1079 0.2032 0.2809 
 RANGER_RUSS 0.0453 0.2001 0.3731 0.0028 0.3787 
       RATTE 0.2734 0.0478 0.0076 0.1925 0.4788 
      RECORD 0.0073 0.6116 0.1232 0.0091 0.2487 
   REMBRANDT 0.1500 0.4559 0.1054 0.1307 0.1580 
    RIO_ROJO 0.3746 0.0941 0.2989 0.0694 0.1630 
      ROBIJN 0.0231 0.5923 0.1005 0.0057 0.2785 
      ROCKET 0.0948 0.0185 0.1647 0.5247 0.1974 
   RODE_STAR 0.1870 0.4349 0.0056 0.0482 0.3243 
      ROMANO 0.2880 0.3325 0.3241 0.0431 0.0123 
       ROMEO 0.4164 0.0227 0.2868 0.0660 0.2080 
     ROOSTER 0.2350 0.1533 0.3528 0.1027 0.1561 
       ROYAL 0.2586 0.2915 0.0116 0.3636 0.0747 
 ROYAL_KIDNE 0.0138 0.0823 0.3319 0.0041 0.5680 
     RUBESSE 0.4077 0.2449 0.1965 0.0390 0.1119 
 RUSSET_BURB 0.2244 0.1242 0.3380 0.0139 0.2995 
 RUSSET_NORK 0.4454 0.0082 0.2457 0.0314 0.2693 
      SAFARI 0.2055 0.4194 0.3263 0.0381 0.0107 
     SANTANA 0.1240 0.4151 0.1932 0.1419 0.1258 
       SANTE 0.1879 0.4334 0.1218 0.1917 0.0652 
     SAPHIRE 0.1808 0.4186 0.2769 0.0934 0.0303 
  SARPO_MIRA 0.3992 0.3361 0.0326 0.0873 0.1448 
 SARPO_SHONA 0.3852 0.4112 0.0561 0.0883 0.0591 
       SASSY 0.1912 0.3278 0.1342 0.0986 0.2482 
     SATURNA 0.1836 0.5328 0.0052 0.0510 0.2274 
        SAVA 0.4358 0.3134 0.0543 0.1306 0.0658 
       SAXON 0.1303 0.0403 0.1438 0.5712 0.1144 
 SCARBOROUGH 0.1692 0.0049 0.0296 0.7568 0.0395 
 SEFTON_WOND 0.0644 0.0129 0.2382 0.1519 0.5326 
    SERAFINA 0.4898 0.3054 0.0705 0.0159 0.1184 
     SETANTA 0.3235 0.0378 0.2776 0.3105 0.0506 
 SHARPE'S_EX 0.1077 0.1419 0.0342 0.1090 0.6072 
     SHELAGH 0.1219 0.1612 0.2781 0.1869 0.2518 
    SHELFORD 0.2283 0.3581 0.1856 0.0351 0.1928 
     SHEPODY 0.0039 0.2324 0.4615 0.0054 0.2968 
      SLANEY 0.2558 0.0128 0.4292 0.2931 0.0091 
        SPEY 0.1770 0.0336 0.4950 0.2902 0.0042 
      SPUNTA 0.4071 0.1271 0.1289 0.1305 0.2065 
     STAMINA 0.0199 0.0536 0.3055 0.6165 0.0044 
    STEMSTER 0.1537 0.2724 0.0904 0.3297 0.1539 
 STORMONT_EN 0.0853 0.2933 0.2446 0.1848 0.1920 
    STIRLING 0.2692 0.0660 0.4814 0.1669 0.0165 
     SYLVANA 0.2695 0.2792 0.2338 0.1002 0.1172 
         TAY 0.2817 0.0074 0.2722 0.4302 0.0084 
      TIMATE 0.3903 0.4262 0.0086 0.1352 0.0397 
      TOLUCA 0.3739 0.3751 0.1968 0.0067 0.0475 
    TORRIDON 0.1307 0.3405 0.3442 0.0773 0.1073 
 ULSTER_SCEP 0.0981 0.0713 0.3622 0.2958 0.1726 
 UMATILLA_RU 0.0371 0.1945 0.0687 0.3418 0.3579 
 VALES_EMERA 0.5209 0.0520 0.0630 0.2606 0.1035 
 VALES_EVERE 0.1596 0.0083 0.4267 0.2734 0.1322 
 VALES_RUSSE 0.2388 0.1298 0.2337 0.0341 0.3637 
 VALES_SOVER 0.0266 0.0278 0.5953 0.3461 0.0043 
       VALOR 0.0958 0.0335 0.4859 0.3816 0.0032 
    VAN_GOGH 0.1667 0.5069 0.0730 0.1180 0.1354 
     VANTAGE 0.0065 0.4385 0.2004 0.0106 0.3439 
       VERDI 0.2212 0.4257 0.0515 0.1241 0.1775 
    VICTORIA 0.2507 0.4270 0.1778 0.0390 0.1056 
     VIVALDI 0.1768 0.4483 0.2969 0.0039 0.0740 
       WILJA 0.0023 0.5550 0.2445 0.0080 0.1902 
     WINSTON 0.3054 0.0080 0.2443 0.4367 0.0056 
      XD2-21 0.2042 0.0668 0.3715 0.0967 0.2608 
  YUKON_GOLD 0.4686 0.1059 0.1636 0.2365 0.0254 
       ZORBA 0.0149 0.4323 0.3361 0.0120 0.2046 
