  00C133-020 0.0161 0.0128 0.1003 0.3619 0.5090 
 01C_071-002 0.1545 0.3014 0.0797 0.2605 0.2040 
 02M_012-001 0.1468 0.1018 0.1015 0.0349 0.6150 
 03M_016-002 0.4415 0.0372 0.0477 0.1026 0.3710 
 03M_034-002 0.1872 0.0495 0.0269 0.2118 0.5247 
 04C_055-004 0.0635 0.1219 0.3045 0.0293 0.4807 
 04C_126-005 0.0954 0.1148 0.1094 0.3751 0.3053 
 04M_034-013 0.2694 0.0903 0.1265 0.0413 0.4724 
 05M_002-001 0.1413 0.3643 0.2154 0.1402 0.1387 
 05M_004-003 0.0095 0.3626 0.1439 0.2872 0.1969 
 05M_012-004 0.0895 0.2097 0.1578 0.3542 0.1889 
 06C_127-002 0.0389 0.0095 0.4651 0.1672 0.3194 
 12288_AF_23 0.0150 0.0299 0.2552 0.2688 0.4311 
    12601AB1 0.4425 0.0104 0.0489 0.0254 0.4727 
   12636_A_2 0.2176 0.0073 0.0506 0.2362 0.4884 
  15119_AC_5 0.1934 0.0271 0.0029 0.5369 0.2397 
     1512C16 0.3240 0.0960 0.2267 0.3388 0.0146 
   15144_A_3 0.0319 0.0903 0.2751 0.5719 0.0308 
     1563C14 0.4444 0.2689 0.2225 0.0359 0.0284 
     2182EF7 0.1302 0.0547 0.2312 0.5032 0.0808 
     3681AD1 0.0514 0.3718 0.1053 0.3762 0.0952 
     5008AB6 0.0962 0.2689 0.2823 0.2973 0.0552 
    8204_A_4 0.0434 0.0203 0.3325 0.4271 0.1766 
       AGRIA 0.0417 0.5203 0.3468 0.0091 0.0820 
       AILSA 0.1282 0.0073 0.2798 0.0198 0.5649 
      ALMERA 0.0621 0.4547 0.2442 0.1814 0.0577 
       ALPHA 0.2316 0.4170 0.1601 0.1274 0.0639 
      ALWARA 0.0311 0.3591 0.2814 0.2754 0.0530 
      AMADRA 0.1435 0.3301 0.2719 0.0274 0.2270 
       AMOUR 0.0376 0.0245 0.0776 0.4462 0.4142 
        ANNA 0.1592 0.0153 0.0066 0.8003 0.0187 
   ANNABELLE 0.0279 0.4728 0.4284 0.0539 0.0170 
        ANYA 0.2186 0.1756 0.4958 0.0610 0.0489 
       ARGOS 0.0115 0.1203 0.0498 0.5809 0.2375 
     ARIELLE 0.1134 0.4135 0.3210 0.1278 0.0243 
      ARKULA 0.1283 0.4433 0.2106 0.2041 0.0138 
      ARMADA 0.1354 0.3821 0.1927 0.1775 0.1123 
   AVALANCHE 0.0510 0.2732 0.0120 0.2214 0.4424 
     BAILLIE 0.0152 0.1740 0.1109 0.2106 0.4893 
    BALMORAL 0.0911 0.2314 0.0231 0.6304 0.0241 
     BAMBINO 0.0177 0.0782 0.1262 0.2760 0.5019 
       BARNA 0.0506 0.1047 0.3228 0.4130 0.1089 
 BELLE_DE_FO 0.8605 0.0654 0.0066 0.0639 0.0036 
       BENOL 0.1660 0.0965 0.0728 0.0536 0.6110 
       BF_15 0.6968 0.2189 0.0488 0.0298 0.0057 
      BINTJE 0.3684 0.2549 0.1264 0.1803 0.0700 
 BIONICA_EX_ 0.1384 0.2729 0.1866 0.2671 0.1350 
 BLUE_DANUBE 0.1507 0.5544 0.0074 0.2682 0.0193 
      BONNIE 0.0348 0.1748 0.2649 0.2728 0.2527 
      BOUNTY 0.0190 0.0969 0.1068 0.3211 0.4562 
 BRITISH_QUE 0.4968 0.2024 0.0053 0.2874 0.0080 
     BRODICK 0.0095 0.0104 0.3141 0.1156 0.5504 
      BRODIE 0.1490 0.0072 0.1598 0.6046 0.0794 
      BUCHAN 0.0869 0.0046 0.2869 0.4863 0.1353 
      BURREN 0.1027 0.1579 0.1982 0.4474 0.0937 
     CABARET 0.2993 0.0121 0.0168 0.1488 0.5230 
      CAESAR 0.0041 0.3869 0.4083 0.1569 0.0437 
        CARA 0.0457 0.0190 0.0893 0.6985 0.1474 
 CARLINGFORD 0.1078 0.0269 0.3578 0.4024 0.1051 
  CASABLANCA 0.0053 0.2279 0.0107 0.4394 0.3168 
      CELINE 0.0661 0.4086 0.1129 0.3009 0.1116 
  CHALLENGER 0.1539 0.3284 0.2663 0.0438 0.2076 
   CHARLOTTE 0.1058 0.0893 0.6603 0.0061 0.1385 
     CHICAGO 0.0402 0.2706 0.1494 0.0148 0.5251 
   CHIEFTAIN 0.2155 0.0096 0.4806 0.2720 0.0223 
      CHOPIN 0.0775 0.4042 0.2814 0.2068 0.0301 
      CLARET 0.0427 0.0248 0.1973 0.6165 0.1186 
      CORINE 0.1157 0.3235 0.0094 0.3627 0.1887 
      COSMOS 0.1059 0.4647 0.1186 0.1847 0.1262 
     COURAGE 0.1170 0.3511 0.2318 0.2242 0.0759 
     COURLAN 0.1421 0.1458 0.3538 0.2559 0.1024 
 CRAIGS_ROYA 0.1321 0.0051 0.1778 0.4781 0.2069 
 CRAIGS_SNOW 0.3912 0.0859 0.1227 0.2481 0.1521 
     CRAMOND 0.0152 0.1001 0.1590 0.2315 0.4942 
 CRISPS_FOR_ 0.0782 0.3093 0.3736 0.1283 0.1106 
    CROMWELL 0.1908 0.1163 0.0087 0.0189 0.6652 
       D22/1 0.2024 0.0601 0.0049 0.2179 0.5148 
       D23/3 0.3419 0.0672 0.0856 0.1197 0.3857 
      D47-11 0.2232 0.0579 0.0032 0.0165 0.6991 
       D49/1 0.1469 0.0592 0.0177 0.0037 0.7725 
       DAISY 0.1866 0.1931 0.1198 0.0122 0.4882 
 DARK_RED_NO 0.2410 0.0747 0.3449 0.3135 0.0260 
     DARWINA 0.1404 0.4530 0.1583 0.1427 0.1057 
     DESIREE 0.1448 0.2549 0.3727 0.2228 0.0048 
       DITTA 0.1627 0.4176 0.3259 0.0721 0.0217 
 DR._MCINTOS 0.1896 0.0253 0.2571 0.4810 0.0469 
       DRAGA 0.0436 0.3014 0.1650 0.3362 0.1539 
 DUKE_OF_YOR 0.4694 0.2886 0.0125 0.2257 0.0038 
 DUNBAR_STAN 0.4290 0.0133 0.1041 0.3022 0.1514 
     DUNDROD 0.1874 0.0308 0.1928 0.0944 0.4945 
     ECLIPSE 0.5178 0.0098 0.3655 0.0451 0.0618 
        EDEN 0.2170 0.0113 0.0304 0.0348 0.7065 
 EDZELL_BLUE 0.3533 0.2358 0.1435 0.1945 0.0729 
   ELISABETH 0.0097 0.2492 0.5536 0.0254 0.1622 
     EMPEROR 0.0928 0.1759 0.3705 0.1649 0.1960 
         EOS 0.0421 0.1382 0.4399 0.1020 0.2778 
     EPICURE 0.4555 0.0608 0.2903 0.1825 0.0108 
  ERNTESTOLZ 0.2795 0.3252 0.1932 0.1648 0.0373 
      ESCORT 0.0090 0.3880 0.3523 0.0745 0.1761 
   ESMERALDA 0.1371 0.3139 0.2639 0.1153 0.1698 
      ESTIMA 0.1349 0.3412 0.2757 0.0970 0.1512 
 EVE_BALFOUR 0.2412 0.0205 0.0989 0.4391 0.2003 
   EXCALIBUR 0.0035 0.0233 0.0966 0.3854 0.4912 
     EXQUISA 0.1339 0.3838 0.4273 0.0457 0.0093 
    FESTIVAL 0.0082 0.4031 0.3733 0.0676 0.1478 
      FIANNA 0.0388 0.3519 0.1829 0.3810 0.0454 
   FIFTYFOLD 0.5748 0.0742 0.1668 0.0933 0.0909 
     FONTANE 0.0501 0.4342 0.2616 0.0490 0.2051 
   FORTYFOLD 0.5765 0.3034 0.0053 0.1097 0.0051 
 FRONTIER_RU 0.2879 0.0792 0.3540 0.1851 0.0938 
     G.81071 0.1280 0.1054 0.2452 0.3473 0.1741 
     G.88661 0.0272 0.0818 0.3694 0.2946 0.2270 
    G.886611 0.0110 0.0099 0.4997 0.2650 0.2143 
  G.8867Y%12 0.0262 0.0349 0.4763 0.4037 0.0589 
     G.88839 0.0070 0.4703 0.5078 0.0064 0.0085 
     G.88842 0.0203 0.3871 0.3372 0.2416 0.0138 
   GALACTICA 0.1625 0.3729 0.0052 0.4497 0.0096 
      GEMSON 0.2194 0.0226 0.1947 0.4452 0.1181 
  GL.76B/102 0.3531 0.2610 0.1986 0.0147 0.1726 
   GL.76B/94 0.5039 0.3544 0.0104 0.1241 0.0073 
  GL.77M/106 0.1739 0.0109 0.3036 0.2260 0.2855 
   GL.78/166 0.5912 0.2759 0.0087 0.0673 0.0569 
    GL.78/53 0.5082 0.0352 0.2001 0.0071 0.2494 
    GL.78/97 0.5380 0.1879 0.1024 0.0143 0.1573 
    GL.79/42 0.4978 0.0904 0.2230 0.0035 0.1853 
    GL.79/45 0.5286 0.1079 0.2004 0.0188 0.1442 
 GL.81_NT_25 0.3226 0.1117 0.0031 0.0234 0.5391 
   GLADIATOR 0.0129 0.2551 0.3847 0.2308 0.1165 
      GLAMIS 0.0577 0.1291 0.2404 0.1396 0.4332 
 GOLDEN_MILL 0.0891 0.0199 0.1933 0.1771 0.5207 
 GOLDEN_NUGG 0.0146 0.3697 0.1728 0.3202 0.1226 
 GOLDEN_WOND 0.5885 0.1493 0.1580 0.0524 0.0518 
     GRANOLA 0.0657 0.2221 0.5661 0.0077 0.1384 
    H1H3_101 0.3079 0.0090 0.0025 0.0058 0.6748 
      H1H3_3 0.2123 0.0701 0.0748 0.1956 0.4472 
 HARBOROUGH_ 0.0103 0.0117 0.1698 0.0870 0.7211 
   HARLEQUIN 0.1482 0.1393 0.5341 0.0158 0.1626 
      HERMES 0.1225 0.4031 0.2139 0.1911 0.0695 
 HIGHLAND_BU 0.7861 0.1659 0.0048 0.0215 0.0216 
  HOME_GUARD 0.3049 0.0184 0.1934 0.3031 0.1802 
     HORIZON 0.2223 0.4723 0.0680 0.1287 0.1088 
   INNOVATOR 0.3005 0.2943 0.0069 0.3925 0.0059 
 INTERNATION 0.8599 0.1158 0.0036 0.0142 0.0065 
 ISLE_OF_JUR 0.1251 0.0950 0.1352 0.1992 0.4455 
    JULIETTE 0.0209 0.3667 0.5769 0.0061 0.0294 
     KARLENA 0.2459 0.3373 0.0122 0.3739 0.0307 
 KERR'S_PINK 0.5552 0.0164 0.1056 0.2345 0.0883 
     KESTREL 0.0064 0.0050 0.2345 0.3765 0.3775 
       KIFLI 0.1327 0.2458 0.4793 0.0051 0.1370 
 KING_EDWARD 0.7717 0.0157 0.1422 0.0044 0.0659 
    KINGSTON 0.1564 0.1087 0.0922 0.1225 0.5202 
 KUFRI_CHAND 0.2669 0.1572 0.1952 0.2932 0.0875 
 KUFRI_JYOTI 0.1449 0.2004 0.2216 0.3900 0.0430 
      KURODA 0.0345 0.5215 0.1444 0.2655 0.0341 
 LADY_BALFOU 0.1743 0.0435 0.1168 0.4709 0.1946 
 LADY_CHRIST 0.2734 0.4510 0.0843 0.0901 0.1012 
 LADY_CLAIRE 0.1765 0.7548 0.0051 0.0530 0.0105 
     LADY_JO 0.2802 0.6010 0.0027 0.0969 0.0192 
 LADY_ROSETT 0.1373 0.3518 0.2096 0.1477 0.1537 
    LIBERTAS 0.2642 0.5700 0.0028 0.1548 0.0083 
       LINDA 0.1837 0.2750 0.5283 0.0061 0.0069 
      LINTON 0.0836 0.2877 0.2436 0.2011 0.1840 
 LINZER_DELI 0.1787 0.3272 0.4382 0.0177 0.0382 
   LIONHEART 0.0719 0.4515 0.1687 0.2412 0.0667 
   MADELEINE 0.0529 0.4017 0.4158 0.0309 0.0987 
   MADINGLEY 0.0434 0.3164 0.3225 0.1578 0.1600 
    MAJESTIC 0.2148 0.0490 0.2685 0.4472 0.0205 
     MARABEL 0.0112 0.5012 0.3560 0.1172 0.0145 
     MARFONA 0.1777 0.4734 0.0369 0.1971 0.1149 
     MARILYN 0.0815 0.3514 0.3903 0.1486 0.0282 
 MARIS_ANCHO 0.2243 0.2964 0.2504 0.1521 0.0768 
  MARIS_BARD 0.1962 0.2079 0.0036 0.3609 0.2314 
  MARIS_PEER 0.2452 0.0134 0.2025 0.3841 0.1549 
 MARIS_PIPER 0.1129 0.0530 0.0055 0.0064 0.8222 
     MARKIES 0.1124 0.5145 0.3057 0.0364 0.0309 
      MAXINE 0.0858 0.0210 0.2147 0.2733 0.4052 
      MEGARA 0.0450 0.5332 0.3026 0.0309 0.0883 
      MELODY 0.1401 0.4243 0.1668 0.1598 0.1090 
       MIDAS 0.0866 0.2510 0.1486 0.0051 0.5087 
       MILVA 0.1671 0.4066 0.3552 0.0491 0.0220 
        MIMI 0.0758 0.2770 0.1043 0.1889 0.3541 
        MIRA 0.2089 0.5919 0.0073 0.1798 0.0121 
       MOIRA 0.1535 0.2927 0.2570 0.2445 0.0522 
    MONTROSE 0.2352 0.0087 0.1154 0.0289 0.6118 
       MORAG 0.2455 0.0115 0.1556 0.4221 0.1654 
      MORENE 0.1745 0.5738 0.0130 0.2351 0.0037 
      MOZART 0.0030 0.3465 0.5084 0.0554 0.0866 
 MYATT'S_ASH 0.7283 0.2457 0.0049 0.0166 0.0044 
      NADINE 0.0120 0.0504 0.3346 0.1476 0.4554 
       NAVAN 0.0528 0.0252 0.0888 0.1444 0.6888 
 NDTX_4271_5 0.0862 0.0058 0.5751 0.1152 0.2177 
      NICOLA 0.1546 0.4310 0.4056 0.0051 0.0037 
     NOVELLA 0.0337 0.3793 0.2658 0.2749 0.0462 
     OLYMPUS 0.1523 0.0070 0.3269 0.1818 0.3320 
       OPERA 0.0169 0.3744 0.2749 0.1853 0.1485 
   ORCHESTRA 0.0587 0.4036 0.3567 0.0250 0.1561 
      ORIANA 0.1081 0.4476 0.1476 0.2923 0.0044 
     OTHELLO 0.0239 0.0053 0.2210 0.5945 0.1552 
     PALADIN 0.2228 0.0620 0.0057 0.0307 0.6788 
       PANDA 0.0127 0.3295 0.5347 0.0131 0.1100 
   PARAMOUNT 0.0531 0.1942 0.2403 0.4845 0.0280 
    PATRONES 0.2314 0.3688 0.1651 0.1674 0.0673 
 PENTLAND_AC 0.2034 0.1435 0.2200 0.2841 0.1489 
 PENTLAND_BE 0.5028 0.1333 0.0083 0.3408 0.0147 
 PENTLAND_CR 0.1269 0.2404 0.1254 0.3647 0.1425 
 PENTLAND_DE 0.3087 0.0166 0.2215 0.3936 0.0596 
 PENTLAND_IV 0.1573 0.0047 0.4051 0.3565 0.0764 
 PENTLAND_JA 0.2068 0.1866 0.1534 0.3840 0.0692 
 PENTLAND_MA 0.1216 0.3370 0.1114 0.4222 0.0078 
 PENTLAND_SQ 0.2325 0.0924 0.2244 0.3437 0.1070 
   PEPO_1978 0.1100 0.4105 0.3387 0.0268 0.1140 
     PICASSO 0.0038 0.2479 0.0499 0.5551 0.1433 
   PIMPERNEL 0.1579 0.4938 0.1571 0.1025 0.0887 
     PIONEER 0.1411 0.2284 0.6061 0.0053 0.0190 
       PIXIE 0.0057 0.0259 0.2871 0.3094 0.3719 
    PREMIERE 0.2770 0.4878 0.0067 0.1870 0.0416 
   PRODUCENT 0.0968 0.4474 0.1774 0.0403 0.2381 
     PROVOST 0.2102 0.1603 0.2133 0.3826 0.0337 
  R.P.LUSTRE 0.2806 0.0244 0.3834 0.1084 0.2032 
 RANGER_RUSS 0.3774 0.1954 0.0419 0.3824 0.0029 
       RATTE 0.4822 0.0455 0.2716 0.0080 0.1928 
      RECORD 0.2498 0.6156 0.0060 0.1189 0.0098 
   REMBRANDT 0.1595 0.4558 0.1530 0.1006 0.1312 
    RIO_ROJO 0.1605 0.0878 0.3756 0.3045 0.0716 
      ROBIJN 0.2794 0.5948 0.0200 0.0997 0.0061 
      ROCKET 0.2037 0.0186 0.0905 0.1654 0.5217 
   RODE_STAR 0.3263 0.4413 0.1798 0.0048 0.0477 
      ROMANO 0.0143 0.3333 0.2772 0.3284 0.0468 
       ROMEO 0.2056 0.0197 0.4151 0.2946 0.0650 
     ROOSTER 0.1542 0.1518 0.2295 0.3636 0.1009 
       ROYAL 0.0770 0.2903 0.2599 0.0103 0.3626 
 ROYAL_KIDNE 0.5662 0.0811 0.0176 0.3320 0.0031 
     RUBESSE 0.1087 0.2440 0.4116 0.2013 0.0343 
 RUSSET_BURB 0.2966 0.1263 0.2245 0.3395 0.0129 
 RUSSET_NORK 0.2629 0.0078 0.4478 0.2486 0.0329 
      SAFARI 0.0108 0.4229 0.2037 0.3254 0.0372 
     SANTANA 0.1245 0.4127 0.1277 0.1919 0.1432 
       SANTE 0.0670 0.4375 0.1875 0.1142 0.1937 
     SAPHIRE 0.0274 0.4201 0.1790 0.2739 0.0997 
  SARPO_MIRA 0.1418 0.3322 0.3962 0.0412 0.0886 
 SARPO_SHONA 0.0574 0.4147 0.3846 0.0622 0.0811 
       SASSY 0.2494 0.3288 0.1903 0.1279 0.1037 
     SATURNA 0.2260 0.5379 0.1851 0.0051 0.0460 
        SAVA 0.0628 0.3132 0.4352 0.0600 0.1289 
       SAXON 0.1199 0.0358 0.1285 0.1481 0.5677 
 SCARBOROUGH 0.0406 0.0045 0.1709 0.0291 0.7550 
 SEFTON_WOND 0.5321 0.0114 0.0668 0.2410 0.1487 
    SERAFINA 0.1168 0.3078 0.4897 0.0692 0.0164 
     SETANTA 0.0485 0.0432 0.3177 0.2811 0.3096 
 SHARPE'S_EX 0.6109 0.1378 0.1121 0.0344 0.1047 
     SHELAGH 0.2543 0.1590 0.1207 0.2822 0.1839 
    SHELFORD 0.1912 0.3605 0.2275 0.1915 0.0294 
     SHEPODY 0.2969 0.2296 0.0041 0.4634 0.0060 
      SLANEY 0.0104 0.0137 0.2502 0.4301 0.2955 
        SPEY 0.0044 0.0336 0.1733 0.5002 0.2886 
      SPUNTA 0.2065 0.1287 0.4037 0.1309 0.1302 
     STAMINA 0.0040 0.0486 0.0172 0.3095 0.6207 
    STEMSTER 0.1577 0.2734 0.1476 0.0930 0.3283 
 STORMONT_EN 0.1956 0.2954 0.0838 0.2458 0.1794 
    STIRLING 0.0169 0.0542 0.2713 0.4898 0.1679 
     SYLVANA 0.1130 0.2818 0.2697 0.2359 0.0996 
         TAY 0.0082 0.0080 0.2765 0.2758 0.4317 
      TIMATE 0.0415 0.4266 0.3863 0.0089 0.1368 
      TOLUCA 0.0451 0.3756 0.3705 0.2030 0.0057 
    TORRIDON 0.1078 0.3393 0.1317 0.3464 0.0749 
 ULSTER_SCEP 0.1757 0.0630 0.0985 0.3665 0.2963 
 UMATILLA_RU 0.3624 0.1936 0.0336 0.0706 0.3398 
 VALES_EMERA 0.1036 0.0460 0.5203 0.0688 0.2612 
 VALES_EVERE 0.1307 0.0110 0.1565 0.4261 0.2757 
 VALES_RUSSE 0.3596 0.1295 0.2397 0.2368 0.0344 
 VALES_SOVER 0.0038 0.0290 0.0199 0.5978 0.3495 
       VALOR 0.0033 0.0342 0.0930 0.4860 0.3834 
    VAN_GOGH 0.1379 0.5100 0.1681 0.0704 0.1135 
     VANTAGE 0.3470 0.4388 0.0061 0.1960 0.0122 
       VERDI 0.1746 0.4281 0.2203 0.0493 0.1276 
    VICTORIA 0.1052 0.4271 0.2535 0.1787 0.0355 
     VIVALDI 0.0694 0.4509 0.1782 0.2969 0.0046 
       WILJA 0.1909 0.5547 0.0024 0.2424 0.0097 
     WINSTON 0.0052 0.0072 0.3045 0.2453 0.4377 
      XD2-21 0.2616 0.0622 0.2045 0.3759 0.0959 
  YUKON_GOLD 0.0242 0.0992 0.4716 0.1701 0.2349 
       ZORBA 0.2023 0.4297 0.0215 0.3360 0.0104 
