  00C133-020 0.3808 0.0335 0.0571 0.0116 0.2778 0.0273 0.0061 0.2058 
 01C_071-002 0.0836 0.1715 0.2301 0.1270 0.2460 0.0175 0.0820 0.0424 
 02M_012-001 0.3055 0.0193 0.3294 0.0672 0.0692 0.0087 0.0036 0.1971 
 03M_016-002 0.2270 0.0048 0.3540 0.0311 0.0134 0.1582 0.2015 0.0100 
 03M_034-002 0.2828 0.0641 0.1615 0.0029 0.0833 0.1084 0.0064 0.2906 
 04C_055-004 0.3597 0.0313 0.2042 0.2705 0.0401 0.0078 0.0399 0.0465 
 04C_126-005 0.1824 0.1176 0.0885 0.0186 0.2979 0.0698 0.0118 0.2135 
 04M_034-013 0.3046 0.0359 0.2747 0.0609 0.0073 0.0974 0.1198 0.0993 
 05M_002-001 0.1048 0.2870 0.1040 0.1776 0.0551 0.0724 0.1424 0.0567 
 05M_004-003 0.1628 0.3524 0.0127 0.0683 0.1708 0.0139 0.0691 0.1502 
 05M_012-004 0.1269 0.2461 0.0218 0.0085 0.1369 0.0584 0.1694 0.2321 
 06C_127-002 0.1462 0.0084 0.0486 0.2165 0.0873 0.0162 0.0873 0.3895 
 12288_AF_23 0.3654 0.0258 0.0385 0.1502 0.2157 0.0121 0.0547 0.1376 
    12601AB1 0.0229 0.0037 0.3914 0.0026 0.0053 0.1590 0.0027 0.4125 
   12636_A_2 0.2880 0.0076 0.1197 0.0035 0.1068 0.1507 0.0155 0.3081 
  15119_AC_5 0.1453 0.0110 0.2451 0.0021 0.5103 0.0505 0.0321 0.0036 
     1512C16 0.0414 0.0864 0.0134 0.0978 0.1513 0.2572 0.2325 0.1202 
   15144_A_3 0.0177 0.0064 0.0093 0.2415 0.6305 0.0589 0.0046 0.0311 
     1563C14 0.0172 0.1501 0.1999 0.2327 0.0387 0.3014 0.0501 0.0099 
     2182EF7 0.0277 0.1011 0.0240 0.0137 0.2598 0.0377 0.2932 0.2428 
     3681AD1 0.0230 0.3455 0.1004 0.0248 0.2502 0.0079 0.1113 0.1368 
     5008AB6 0.0037 0.2431 0.1307 0.1297 0.2177 0.0179 0.0235 0.2336 
    8204_A_4 0.0760 0.0880 0.0088 0.0679 0.2580 0.0257 0.1455 0.3300 
       AGRIA 0.0732 0.4125 0.0077 0.2923 0.0034 0.0677 0.0690 0.0743 
       AILSA 0.3680 0.0044 0.1855 0.1646 0.0091 0.0342 0.0282 0.2061 
      ALMERA 0.0766 0.3456 0.0761 0.2281 0.0260 0.0056 0.2360 0.0059 
       ALPHA 0.0643 0.3671 0.1136 0.1242 0.0419 0.1706 0.0854 0.0328 
      ALWARA 0.0225 0.2317 0.0843 0.2847 0.3162 0.0173 0.0263 0.0170 
      AMADRA 0.1413 0.2720 0.1371 0.2248 0.0151 0.0874 0.0233 0.0990 
       AMOUR 0.2732 0.0114 0.1209 0.0294 0.4061 0.0089 0.0250 0.1250 
        ANNA 0.0145 0.0181 0.0445 0.0025 0.6512 0.1070 0.0627 0.0997 
   ANNABELLE 0.0171 0.4157 0.0265 0.3511 0.0126 0.0284 0.0916 0.0570 
        ANYA 0.0187 0.0940 0.0364 0.3856 0.0694 0.1944 0.0514 0.1500 
       ARGOS 0.2424 0.0548 0.0507 0.0595 0.5039 0.0047 0.0779 0.0060 
     ARIELLE 0.0845 0.2747 0.0104 0.3297 0.0846 0.1177 0.0945 0.0040 
      ARKULA 0.0541 0.4324 0.0055 0.1315 0.0892 0.1775 0.0532 0.0566 
      ARMADA 0.1559 0.3609 0.0337 0.1497 0.0684 0.1385 0.0788 0.0141 
   AVALANCHE 0.3807 0.2280 0.1257 0.0124 0.0999 0.0074 0.1348 0.0112 
     BAILLIE 0.3816 0.1278 0.1353 0.0763 0.1422 0.0059 0.0675 0.0634 
    BALMORAL 0.0302 0.2021 0.0529 0.0055 0.4034 0.0098 0.2680 0.0281 
     BAMBINO 0.3899 0.0732 0.1110 0.0659 0.2206 0.0102 0.0158 0.1134 
       BARNA 0.1192 0.0646 0.0061 0.2375 0.3981 0.0791 0.0278 0.0677 
 BELLE_DE_FO 0.0029 0.0111 0.1827 0.0082 0.0504 0.7306 0.0113 0.0029 
       BENOL 0.2832 0.0822 0.2714 0.0059 0.0055 0.0150 0.0081 0.3287 
       BF_15 0.0043 0.1327 0.1123 0.0683 0.0343 0.6379 0.0048 0.0054 
      BINTJE 0.0941 0.1922 0.0992 0.0931 0.0809 0.2846 0.1375 0.0184 
 BIONICA_EX_ 0.0143 0.2900 0.1169 0.0299 0.1071 0.0555 0.1050 0.2813 
 BLUE_DANUBE 0.0043 0.4607 0.2079 0.0061 0.1356 0.0159 0.1659 0.0036 
      BONNIE 0.2139 0.1974 0.0070 0.1253 0.1680 0.0786 0.0425 0.1674 
      BOUNTY 0.3682 0.1172 0.0549 0.0370 0.2460 0.0260 0.0137 0.1369 
 BRITISH_QUE 0.0705 0.1238 0.0725 0.0033 0.0364 0.3635 0.3283 0.0017 
     BRODICK 0.2275 0.0382 0.0829 0.0547 0.0123 0.0075 0.0221 0.5548 
      BRODIE 0.0894 0.0053 0.0057 0.0219 0.4672 0.1387 0.1374 0.1345 
      BUCHAN 0.1301 0.0035 0.0076 0.1438 0.4058 0.0834 0.0855 0.1403 
      BURREN 0.0347 0.0936 0.1015 0.1576 0.4420 0.0344 0.0493 0.0869 
     CABARET 0.3751 0.0090 0.2585 0.0065 0.0567 0.1448 0.0337 0.1157 
      CAESAR 0.0513 0.3710 0.0030 0.2734 0.0600 0.0037 0.0897 0.1479 
        CARA 0.1183 0.0150 0.0209 0.0309 0.6649 0.0429 0.0118 0.0953 
 CARLINGFORD 0.1184 0.0329 0.0177 0.1639 0.1700 0.0356 0.3123 0.1494 
  CASABLANCA 0.2836 0.2524 0.0104 0.0026 0.2406 0.0029 0.1201 0.0874 
      CELINE 0.0733 0.4414 0.0231 0.0201 0.1913 0.0852 0.0203 0.1453 
  CHALLENGER 0.1801 0.2824 0.0335 0.1769 0.0043 0.1264 0.1144 0.0819 
   CHARLOTTE 0.0476 0.0223 0.0238 0.5035 0.0092 0.1240 0.0051 0.2645 
     CHICAGO 0.3378 0.1816 0.2288 0.1498 0.0133 0.0049 0.0056 0.0783 
   CHIEFTAIN 0.0613 0.0065 0.0044 0.2593 0.0607 0.1469 0.3023 0.1585 
      CHOPIN 0.0279 0.3769 0.0543 0.1751 0.0296 0.0094 0.2457 0.0811 
      CLARET 0.1188 0.0081 0.0063 0.1332 0.5975 0.0770 0.0154 0.0437 
      CORINE 0.0568 0.2545 0.1746 0.0034 0.1868 0.0066 0.1828 0.1345 
      COSMOS 0.1394 0.4375 0.0193 0.0674 0.0200 0.0933 0.1909 0.0321 
     COURAGE 0.0795 0.3238 0.0231 0.1345 0.1087 0.1242 0.1140 0.0922 
     COURLAN 0.0777 0.0414 0.0468 0.2844 0.1421 0.0503 0.2466 0.1108 
 CRAIGS_ROYA 0.2222 0.0040 0.0106 0.0646 0.3594 0.1023 0.1617 0.0752 
 CRAIGS_SNOW 0.1827 0.0166 0.1149 0.0946 0.0852 0.2503 0.2482 0.0077 
     CRAMOND 0.3044 0.1709 0.0555 0.0061 0.0477 0.0075 0.0563 0.3516 
 CRISPS_FOR_ 0.1379 0.2714 0.0072 0.2720 0.0440 0.1121 0.0734 0.0820 
    CROMWELL 0.4550 0.0113 0.3200 0.0460 0.0817 0.0781 0.0029 0.0051 
       D22/1 0.4678 0.0192 0.2125 0.0060 0.1124 0.1002 0.0789 0.0031 
       D23/3 0.3163 0.0181 0.2250 0.0745 0.0362 0.1857 0.1286 0.0155 
      D47-11 0.4695 0.0184 0.4638 0.0038 0.0143 0.0095 0.0134 0.0072 
       D49/1 0.5568 0.0151 0.3479 0.0423 0.0029 0.0126 0.0065 0.0159 
       DAISY 0.3239 0.1345 0.2317 0.0993 0.0061 0.0939 0.0087 0.1020 
 DARK_RED_NO 0.0249 0.0117 0.1310 0.2324 0.1147 0.0192 0.4264 0.0396 
     DARWINA 0.1052 0.3703 0.1295 0.1525 0.0157 0.0442 0.1757 0.0069 
     DESIREE 0.0054 0.1457 0.0122 0.3522 0.2753 0.1665 0.0332 0.0096 
       DITTA 0.0809 0.2920 0.0098 0.3138 0.0096 0.1567 0.1322 0.0051 
 DR._MCINTOS 0.1282 0.0633 0.0043 0.0388 0.0892 0.1024 0.4521 0.1217 
       DRAGA 0.1251 0.2814 0.0187 0.0419 0.0731 0.0089 0.3294 0.1214 
 DUKE_OF_YOR 0.0052 0.2343 0.0522 0.0037 0.0057 0.3464 0.3489 0.0035 
 DUNBAR_STAN 0.2336 0.0078 0.0190 0.0287 0.0815 0.3193 0.3032 0.0069 
     DUNDROD 0.3339 0.0061 0.2401 0.1629 0.0852 0.0429 0.0591 0.0698 
     ECLIPSE 0.0333 0.0030 0.1072 0.2086 0.0021 0.3186 0.2600 0.0672 
        EDEN 0.4202 0.0054 0.3031 0.0051 0.0053 0.0399 0.0063 0.2147 
 EDZELL_BLUE 0.0217 0.1638 0.1509 0.0985 0.1267 0.2388 0.0954 0.1043 
   ELISABETH 0.1655 0.2491 0.0070 0.3620 0.0095 0.0169 0.0401 0.1499 
     EMPEROR 0.1597 0.1066 0.0524 0.2266 0.0065 0.0095 0.3029 0.1358 
         EOS 0.2534 0.1265 0.0086 0.2813 0.0203 0.0486 0.1246 0.1367 
     EPICURE 0.0162 0.0298 0.0758 0.1549 0.0160 0.3408 0.2686 0.0979 
  ERNTESTOLZ 0.0382 0.2379 0.0949 0.1593 0.0446 0.1944 0.1815 0.0492 
      ESCORT 0.1281 0.3723 0.0098 0.2452 0.0481 0.0194 0.0087 0.1683 
   ESMERALDA 0.1466 0.3002 0.0087 0.1548 0.0533 0.1984 0.0051 0.1329 
      ESTIMA 0.1570 0.2944 0.0090 0.1827 0.0064 0.1332 0.1556 0.0618 
 EVE_BALFOUR 0.0428 0.0150 0.1184 0.0095 0.3449 0.1447 0.0764 0.2483 
   EXCALIBUR 0.3801 0.0492 0.0079 0.0269 0.3105 0.0044 0.0033 0.2178 
     EXQUISA 0.0036 0.2564 0.1101 0.3961 0.1291 0.0792 0.0076 0.0181 
    FESTIVAL 0.1425 0.4061 0.0128 0.2522 0.0193 0.0092 0.0400 0.1178 
      FIANNA 0.0320 0.3262 0.0437 0.0936 0.1814 0.0046 0.2491 0.0695 
   FIFTYFOLD 0.0453 0.0108 0.2047 0.1412 0.0618 0.4099 0.0869 0.0394 
     FONTANE 0.2180 0.3581 0.0062 0.2013 0.0046 0.0794 0.0919 0.0405 
   FORTYFOLD 0.0016 0.2004 0.2527 0.0039 0.0110 0.3591 0.1641 0.0073 
 FRONTIER_RU 0.1093 0.0136 0.0465 0.2381 0.0078 0.1357 0.4006 0.0484 
     G.81071 0.1205 0.1410 0.0273 0.0585 0.1358 0.0862 0.1874 0.2434 
     G.88661 0.2460 0.1384 0.0055 0.1182 0.0119 0.0079 0.3152 0.1569 
    G.886611 0.2540 0.0344 0.0021 0.2070 0.0172 0.0079 0.2600 0.2174 
  G.8867Y%12 0.1541 0.0720 0.0025 0.2085 0.0959 0.0082 0.3352 0.1236 
     G.88839 0.0035 0.3662 0.0853 0.4570 0.0062 0.0039 0.0048 0.0730 
     G.88842 0.0184 0.3715 0.0158 0.2296 0.1063 0.0114 0.1506 0.0964 
   GALACTICA 0.0043 0.2767 0.1557 0.0115 0.3816 0.0444 0.1231 0.0027 
      GEMSON 0.1534 0.0136 0.0184 0.0859 0.2566 0.1646 0.2237 0.0839 
  GL.76B/102 0.0177 0.0691 0.4453 0.2391 0.0048 0.0110 0.2035 0.0096 
   GL.76B/94 0.0013 0.1993 0.4312 0.0517 0.1014 0.1539 0.0566 0.0045 
  GL.77M/106 0.0634 0.0058 0.1579 0.1471 0.2051 0.0763 0.0127 0.3318 
   GL.78/166 0.0021 0.0897 0.5507 0.0284 0.0250 0.1321 0.1696 0.0024 
    GL.78/53 0.0077 0.0036 0.5205 0.1819 0.0058 0.1049 0.0295 0.1462 
    GL.78/97 0.0044 0.0434 0.4773 0.1456 0.0130 0.1894 0.0671 0.0598 
    GL.79/42 0.0298 0.0223 0.3977 0.2152 0.0054 0.2241 0.0041 0.1014 
    GL.79/45 0.0037 0.0151 0.4734 0.1905 0.0762 0.1647 0.0060 0.0705 
 GL.81_NT_25 0.3635 0.0417 0.4169 0.0046 0.0496 0.1111 0.0084 0.0043 
   GLADIATOR 0.1020 0.1809 0.0376 0.2813 0.1460 0.0043 0.1759 0.0721 
      GLAMIS 0.3966 0.1006 0.0640 0.1770 0.0463 0.0585 0.0907 0.0663 
 GOLDEN_MILL 0.2199 0.0445 0.1165 0.0100 0.0787 0.0297 0.0098 0.4909 
 GOLDEN_NUGG 0.0786 0.4393 0.0105 0.0198 0.2059 0.0266 0.0078 0.2115 
 GOLDEN_WOND 0.0648 0.0963 0.0914 0.1166 0.0147 0.5239 0.0303 0.0619 
     GRANOLA 0.0125 0.1296 0.1353 0.4506 0.0120 0.0145 0.0149 0.2307 
    H1H3_101 0.4509 0.0031 0.4533 0.0028 0.0048 0.0757 0.0066 0.0028 
      H1H3_3 0.3390 0.0862 0.1201 0.0080 0.0288 0.1371 0.1046 0.1763 
 HARBOROUGH_ 0.3656 0.0231 0.0833 0.0040 0.0037 0.0030 0.0088 0.5085 
   HARLEQUIN 0.0769 0.0217 0.0760 0.4473 0.0600 0.1284 0.0071 0.1827 
      HERMES 0.0349 0.2101 0.1370 0.2936 0.2155 0.0347 0.0695 0.0046 
 HIGHLAND_BU 0.0023 0.0815 0.3261 0.0026 0.0025 0.5249 0.0102 0.0499 
  HOME_GUARD 0.2255 0.0281 0.0039 0.0518 0.0994 0.2918 0.1702 0.1293 
     HORIZON 0.0831 0.4274 0.1540 0.0671 0.0870 0.1482 0.0169 0.0163 
   INNOVATOR 0.0045 0.2593 0.0969 0.0030 0.0671 0.0941 0.4666 0.0085 
 INTERNATION 0.0032 0.0246 0.2716 0.0039 0.0038 0.6473 0.0414 0.0041 
 ISLE_OF_JUR 0.3311 0.0771 0.1754 0.0838 0.1479 0.0400 0.0676 0.0773 
    JULIETTE 0.0178 0.2281 0.0072 0.5137 0.0068 0.0838 0.0037 0.1389 
     KARLENA 0.0075 0.2081 0.1849 0.0159 0.2450 0.0748 0.2576 0.0061 
 KERR'S_PINK 0.0867 0.0063 0.1474 0.0353 0.0589 0.3628 0.2478 0.0548 
     KESTREL 0.3463 0.0038 0.0144 0.1497 0.3794 0.0074 0.0126 0.0864 
       KIFLI 0.0136 0.0823 0.2379 0.4757 0.0110 0.0183 0.0152 0.1459 
 KING_EDWARD 0.0376 0.0033 0.2249 0.1130 0.0022 0.5528 0.0492 0.0171 
    KINGSTON 0.2840 0.1230 0.1964 0.0077 0.0560 0.0758 0.0043 0.2530 
 KUFRI_CHAND 0.1454 0.1066 0.0488 0.1149 0.0716 0.1672 0.3287 0.0168 
 KUFRI_JYOTI 0.0029 0.1840 0.1550 0.0569 0.2560 0.0110 0.1240 0.2104 
      KURODA 0.0379 0.4165 0.0674 0.1366 0.1242 0.0052 0.2040 0.0081 
 LADY_BALFOU 0.1415 0.0449 0.0947 0.0226 0.3532 0.0953 0.1362 0.1117 
 LADY_CHRIST 0.0306 0.4042 0.1554 0.0542 0.0259 0.1907 0.0495 0.0895 
 LADY_CLAIRE 0.0050 0.6624 0.1507 0.0123 0.0108 0.1280 0.0270 0.0038 
     LADY_JO 0.0106 0.5397 0.1516 0.0020 0.0078 0.2089 0.0766 0.0029 
 LADY_ROSETT 0.1715 0.3426 0.0123 0.1095 0.0626 0.1868 0.0377 0.0769 
    LIBERTAS 0.0029 0.4933 0.1707 0.0023 0.1330 0.1917 0.0033 0.0028 
       LINDA 0.0043 0.1202 0.1075 0.5425 0.0352 0.1391 0.0089 0.0424 
      LINTON 0.1510 0.1393 0.1086 0.2616 0.1463 0.0067 0.1796 0.0068 
 LINZER_DELI 0.0118 0.2022 0.0748 0.3791 0.0140 0.1529 0.0326 0.1327 
   LIONHEART 0.0765 0.4617 0.0109 0.0634 0.0652 0.0518 0.1754 0.0951 
   MADELEINE 0.0692 0.3522 0.0320 0.3167 0.0235 0.0735 0.0069 0.1260 
   MADINGLEY 0.0590 0.1113 0.1736 0.3394 0.1892 0.0031 0.1051 0.0193 
    MAJESTIC 0.0734 0.0593 0.0030 0.0722 0.1006 0.1183 0.4521 0.1212 
     MARABEL 0.0208 0.4509 0.0096 0.2940 0.0243 0.0099 0.1285 0.0620 
     MARFONA 0.1477 0.4528 0.0272 0.0143 0.0575 0.1698 0.1233 0.0074 
     MARILYN 0.0114 0.2713 0.0389 0.3187 0.1141 0.0724 0.0580 0.1152 
 MARIS_ANCHO 0.1001 0.2621 0.0253 0.1618 0.0177 0.1966 0.1751 0.0613 
  MARIS_BARD 0.2267 0.2384 0.0886 0.0014 0.0860 0.1090 0.2197 0.0302 
  MARIS_PEER 0.1835 0.0073 0.0528 0.1036 0.1848 0.1420 0.2816 0.0444 
 MARIS_PIPER 0.6232 0.0141 0.3086 0.0145 0.0058 0.0171 0.0032 0.0135 
     MARKIES 0.0354 0.4201 0.0334 0.2850 0.0564 0.1335 0.0139 0.0222 
      MAXINE 0.3938 0.0119 0.0588 0.1234 0.1309 0.0302 0.2153 0.0358 
      MEGARA 0.0639 0.4540 0.0596 0.2626 0.0261 0.0546 0.0114 0.0678 
      MELODY 0.0316 0.3356 0.1558 0.1673 0.1505 0.0671 0.0308 0.0612 
       MIDAS 0.3524 0.1283 0.2859 0.2057 0.0064 0.0055 0.0037 0.0121 
       MILVA 0.0045 0.3159 0.1523 0.2836 0.0203 0.0567 0.0647 0.1020 
        MIMI 0.2145 0.2897 0.1063 0.0214 0.1347 0.0532 0.0051 0.1751 
        MIRA 0.0144 0.5668 0.0911 0.0072 0.0703 0.1906 0.0505 0.0091 
       MOIRA 0.0235 0.2358 0.1256 0.1977 0.1412 0.0464 0.1578 0.0721 
    MONTROSE 0.1951 0.0039 0.3421 0.0051 0.0081 0.0302 0.0037 0.4118 
       MORAG 0.0613 0.0247 0.1266 0.0091 0.2231 0.1084 0.1606 0.2862 
      MORENE 0.0053 0.5552 0.0168 0.0070 0.1113 0.1970 0.0983 0.0090 
      MOZART 0.0487 0.3586 0.0021 0.3082 0.0074 0.0028 0.0339 0.2382 
 MYATT'S_ASH 0.0034 0.1521 0.2027 0.0074 0.0056 0.5750 0.0512 0.0025 
      NADINE 0.3944 0.0604 0.0180 0.2200 0.1169 0.0192 0.0152 0.1557 
       NAVAN 0.5687 0.0242 0.1595 0.0488 0.0662 0.0167 0.0537 0.0621 
 NDTX_4271_5 0.1827 0.0037 0.0158 0.3340 0.0103 0.0165 0.2486 0.1884 
      NICOLA 0.0037 0.2663 0.0882 0.4666 0.0057 0.1230 0.0423 0.0042 
     NOVELLA 0.0869 0.3620 0.0050 0.1720 0.1539 0.0768 0.0643 0.0792 
     OLYMPUS 0.1445 0.0071 0.0973 0.0992 0.0572 0.0800 0.1262 0.3885 
       OPERA 0.1232 0.3408 0.0062 0.1862 0.1131 0.0505 0.0493 0.1307 
   ORCHESTRA 0.1303 0.3213 0.0146 0.3100 0.0209 0.1029 0.0058 0.0942 
      ORIANA 0.0029 0.3527 0.0916 0.1406 0.1758 0.0153 0.2166 0.0045 
     OTHELLO 0.1833 0.0033 0.0034 0.1162 0.5179 0.0370 0.0676 0.0712 
     PALADIN 0.4497 0.0213 0.3546 0.0038 0.0058 0.0328 0.0491 0.0829 
       PANDA 0.0895 0.1892 0.0380 0.5252 0.0523 0.0158 0.0071 0.0829 
   PARAMOUNT 0.0123 0.1722 0.0141 0.1456 0.4362 0.0647 0.0396 0.1153 
    PATRONES 0.0949 0.2932 0.0839 0.1409 0.0381 0.1691 0.1706 0.0092 
 PENTLAND_AC 0.1964 0.1496 0.0093 0.1210 0.1626 0.2024 0.0934 0.0652 
 PENTLAND_BE 0.0439 0.0696 0.1204 0.0052 0.1640 0.3788 0.2137 0.0043 
 PENTLAND_CR 0.0142 0.2857 0.0665 0.0036 0.1049 0.0347 0.1775 0.3128 
 PENTLAND_DE 0.0209 0.0276 0.0295 0.0242 0.1772 0.2386 0.2138 0.2683 
 PENTLAND_IV 0.1094 0.0041 0.0051 0.1709 0.1293 0.0958 0.2865 0.1988 
 PENTLAND_JA 0.0241 0.1819 0.0793 0.0099 0.0638 0.0367 0.4395 0.1648 
 PENTLAND_MA 0.0031 0.3053 0.1413 0.0309 0.2399 0.0079 0.1856 0.0861 
 PENTLAND_SQ 0.0178 0.1435 0.0499 0.0153 0.0929 0.1454 0.2081 0.3271 
   PEPO_1978 0.0359 0.2627 0.2078 0.3492 0.0122 0.0061 0.0948 0.0313 
     PICASSO 0.1592 0.2274 0.0092 0.0494 0.4921 0.0028 0.0526 0.0073 
   PIMPERNEL 0.0129 0.4078 0.0811 0.1194 0.1228 0.1485 0.0036 0.1038 
     PIONEER 0.0069 0.0985 0.0353 0.5208 0.0047 0.1403 0.0226 0.1710 
       PIXIE 0.2972 0.0588 0.0113 0.1429 0.2444 0.0087 0.0122 0.2246 
    PREMIERE 0.0767 0.4916 0.0621 0.0025 0.0157 0.2302 0.1094 0.0117 
   PRODUCENT 0.1707 0.3910 0.1106 0.1359 0.0067 0.0536 0.0543 0.0772 
     PROVOST 0.0080 0.1421 0.1046 0.0691 0.1506 0.0525 0.3095 0.1636 
  R.P.LUSTRE 0.2004 0.0113 0.0161 0.2329 0.0239 0.2682 0.0943 0.1529 
 RANGER_RUSS 0.0031 0.0679 0.0739 0.0452 0.1148 0.1926 0.5004 0.0021 
       RATTE 0.0059 0.0063 0.3229 0.1514 0.0040 0.2297 0.0486 0.2313 
      RECORD 0.0075 0.5498 0.0790 0.0073 0.0894 0.2585 0.0044 0.0042 
   REMBRANDT 0.1035 0.4051 0.0553 0.0884 0.0088 0.1198 0.1305 0.0886 
    RIO_ROJO 0.0348 0.0251 0.0894 0.2260 0.1487 0.0156 0.3410 0.1195 
      ROBIJN 0.0018 0.4772 0.2150 0.0627 0.0556 0.1513 0.0331 0.0032 
      ROCKET 0.3467 0.0144 0.2796 0.0149 0.0673 0.0294 0.1218 0.1259 
   RODE_STAR 0.0038 0.2723 0.2261 0.2349 0.0215 0.2298 0.0014 0.0102 
      ROMANO 0.0267 0.3062 0.0083 0.1874 0.3008 0.0346 0.0086 0.1274 
       ROMEO 0.0396 0.0077 0.0042 0.2507 0.2721 0.2240 0.0116 0.1902 
     ROOSTER 0.0214 0.1812 0.0170 0.0279 0.1839 0.1259 0.1326 0.3101 
       ROYAL 0.2208 0.1191 0.2633 0.3171 0.0607 0.0044 0.0057 0.0090 
 ROYAL_KIDNE 0.0104 0.0788 0.0328 0.0031 0.0307 0.4120 0.4249 0.0075 
     RUBESSE 0.0510 0.2118 0.0037 0.2665 0.0918 0.1272 0.1118 0.1362 
 RUSSET_BURB 0.0514 0.0771 0.0115 0.1262 0.0509 0.1619 0.4766 0.0444 
 RUSSET_NORK 0.0809 0.0029 0.0161 0.2628 0.0065 0.0585 0.5331 0.0392 
      SAFARI 0.0372 0.4713 0.0075 0.0673 0.1646 0.0140 0.0711 0.1670 
     SANTANA 0.1276 0.3465 0.0976 0.1061 0.0631 0.0439 0.1923 0.0229 
       SANTE 0.1221 0.4553 0.0217 0.0618 0.0477 0.1112 0.0057 0.1745 
     SAPHIRE 0.0951 0.4346 0.0065 0.0338 0.0250 0.0057 0.2646 0.1348 
  SARPO_MIRA 0.0423 0.1416 0.1279 0.4142 0.1544 0.1039 0.0056 0.0102 
 SARPO_SHONA 0.0440 0.2462 0.0650 0.3810 0.1560 0.0781 0.0062 0.0234 
       SASSY 0.0816 0.2600 0.1085 0.1549 0.0694 0.1763 0.1027 0.0466 
     SATURNA 0.0076 0.3670 0.2314 0.2624 0.0094 0.1125 0.0052 0.0045 
        SAVA 0.1589 0.2318 0.0301 0.3642 0.0164 0.0507 0.1170 0.0308 
       SAXON 0.3959 0.0824 0.1746 0.0148 0.0512 0.0513 0.0106 0.2194 
 SCARBOROUGH 0.3922 0.0046 0.1717 0.0066 0.0025 0.0042 0.0041 0.4140 
 SEFTON_WOND 0.1480 0.0096 0.0703 0.0037 0.0297 0.4203 0.2080 0.1104 
    SERAFINA 0.0031 0.2024 0.0599 0.3889 0.0898 0.0869 0.0211 0.1479 
     SETANTA 0.0922 0.1127 0.0128 0.0411 0.1304 0.0637 0.0467 0.5004 
 SHARPE'S_EX 0.1202 0.0478 0.1626 0.1138 0.0143 0.5097 0.0232 0.0084 
     SHELAGH 0.0745 0.1268 0.2202 0.0599 0.2458 0.1204 0.0368 0.1157 
    SHELFORD 0.0109 0.1285 0.1561 0.3158 0.2269 0.0797 0.0792 0.0028 
     SHEPODY 0.0043 0.1791 0.1214 0.0022 0.1656 0.0958 0.4269 0.0045 
      SLANEY 0.2611 0.0103 0.0244 0.1499 0.3785 0.0070 0.0390 0.1299 
        SPEY 0.2485 0.0575 0.0051 0.0839 0.4282 0.0044 0.0152 0.1571 
      SPUNTA 0.0606 0.0512 0.1022 0.3100 0.1399 0.1481 0.0387 0.1493 
     STAMINA 0.5796 0.0498 0.0521 0.0170 0.2337 0.0035 0.0427 0.0216 
    STEMSTER 0.2289 0.1647 0.1845 0.1759 0.1228 0.0967 0.0140 0.0125 
 STORMONT_EN 0.1756 0.2610 0.1065 0.0534 0.1594 0.1414 0.0911 0.0115 
    STIRLING 0.0971 0.1303 0.0064 0.0131 0.2525 0.0096 0.1912 0.2997 
     SYLVANA 0.1211 0.2414 0.0257 0.1957 0.1002 0.0763 0.2087 0.0309 
         TAY 0.1875 0.0246 0.0740 0.0345 0.1760 0.0037 0.0361 0.4637 
      TIMATE 0.1268 0.3350 0.0242 0.3557 0.0040 0.0605 0.0315 0.0623 
      TOLUCA 0.0033 0.2863 0.0489 0.3190 0.1717 0.0129 0.1203 0.0376 
    TORRIDON 0.0096 0.2998 0.1369 0.0656 0.2432 0.0139 0.0996 0.1315 
 ULSTER_SCEP 0.3272 0.1145 0.0170 0.0065 0.0719 0.1208 0.2554 0.0866 
 UMATILLA_RU 0.1747 0.1386 0.3269 0.0357 0.0463 0.1678 0.0289 0.0811 
 VALES_EMERA 0.1749 0.0181 0.0540 0.3701 0.0337 0.0718 0.0472 0.2303 
 VALES_EVERE 0.1388 0.0176 0.0316 0.0114 0.3139 0.1210 0.0435 0.3222 
 VALES_RUSSE 0.0068 0.0240 0.1819 0.1448 0.0139 0.1078 0.4432 0.0776 
 VALES_SOVER 0.2662 0.0223 0.0391 0.0125 0.5792 0.0028 0.0078 0.0701 
       VALOR 0.3030 0.0875 0.0056 0.0087 0.3956 0.0035 0.0052 0.1908 
    VAN_GOGH 0.1140 0.4883 0.0238 0.1030 0.0108 0.1694 0.0110 0.0796 
     VANTAGE 0.0087 0.3368 0.1866 0.0079 0.0707 0.1925 0.1946 0.0023 
       VERDI 0.0423 0.2777 0.1714 0.2636 0.0758 0.1016 0.0282 0.0393 
    VICTORIA 0.0741 0.3939 0.0068 0.1445 0.0158 0.0791 0.2128 0.0729 
     VIVALDI 0.0036 0.4349 0.0146 0.1126 0.1326 0.0295 0.2630 0.0093 
       WILJA 0.0255 0.5186 0.0749 0.0020 0.1146 0.1677 0.0952 0.0016 
     WINSTON 0.4262 0.0124 0.0055 0.1893 0.1960 0.0165 0.0195 0.1346 
      XD2-21 0.1427 0.0927 0.0055 0.0436 0.1910 0.2449 0.1649 0.1147 
  YUKON_GOLD 0.1388 0.0643 0.0069 0.2322 0.0090 0.0057 0.3027 0.2404 
       ZORBA 0.0056 0.3904 0.1096 0.0072 0.1209 0.0861 0.2557 0.0245 
