  00C133-020 0.5935 0.0265 0.0212 0.3589 
 01C_071-002 0.2342 0.1934 0.2762 0.2963 
 02M_012-001 0.6334 0.1997 0.1387 0.0283 
 03M_016-002 0.3683 0.4917 0.0145 0.1255 
 03M_034-002 0.5635 0.2149 0.0330 0.1886 
 04C_055-004 0.5194 0.1103 0.3237 0.0466 
 04C_126-005 0.3795 0.1077 0.1291 0.3837 
 04M_034-013 0.4893 0.3226 0.1195 0.0686 
 05M_002-001 0.1698 0.1961 0.4313 0.2028 
 05M_004-003 0.2482 0.0250 0.3840 0.3427 
 05M_012-004 0.2494 0.1178 0.2053 0.4275 
 06C_127-002 0.4390 0.0625 0.2832 0.2153 
 12288_AF_23 0.5079 0.0276 0.1534 0.3112 
    12601AB1 0.4892 0.4804 0.0120 0.0184 
   12636_A_2 0.5435 0.2303 0.0100 0.2161 
  15119_AC_5 0.2940 0.2018 0.0052 0.4991 
     1512C16 0.0890 0.3341 0.1457 0.4312 
   15144_A_3 0.1581 0.0272 0.2129 0.6017 
     1563C14 0.0433 0.5085 0.3400 0.1082 
     2182EF7 0.1921 0.1185 0.1024 0.5870 
     3681AD1 0.1203 0.1088 0.3026 0.4683 
     5008AB6 0.1381 0.1186 0.3949 0.3484 
    8204_A_4 0.3039 0.0386 0.1697 0.4878 
       AGRIA 0.1103 0.1265 0.7181 0.0451 
       AILSA 0.6336 0.1717 0.1490 0.0458 
      ALMERA 0.0859 0.1152 0.5339 0.2649 
       ALPHA 0.0602 0.3080 0.4017 0.2301 
      ALWARA 0.1055 0.0583 0.4847 0.3515 
      AMADRA 0.2485 0.2057 0.4727 0.0731 
       AMOUR 0.4955 0.0471 0.0253 0.4321 
        ANNA 0.1112 0.1046 0.0053 0.7789 
   ANNABELLE 0.0418 0.0860 0.7320 0.1401 
        ANYA 0.1289 0.2379 0.5007 0.1324 
       ARGOS 0.3241 0.0156 0.0658 0.5944 
     ARIELLE 0.0551 0.1666 0.5637 0.2145 
      ARKULA 0.0300 0.1894 0.4725 0.3080 
      ARMADA 0.1326 0.1910 0.4139 0.2625 
   AVALANCHE 0.4455 0.1148 0.1727 0.2670 
     BAILLIE 0.5239 0.0488 0.1997 0.2276 
    BALMORAL 0.1125 0.0861 0.0995 0.7019 
     BAMBINO 0.5627 0.0404 0.1100 0.2868 
       BARNA 0.2145 0.0533 0.2570 0.4752 
 BELLE_DE_FO 0.0043 0.8974 0.0080 0.0904 
       BENOL 0.6270 0.2129 0.1170 0.0431 
       BF_15 0.0058 0.7565 0.1553 0.0823 
      BINTJE 0.0893 0.4262 0.2197 0.2648 
 BIONICA_EX_ 0.1848 0.1765 0.3023 0.3364 
 BLUE_DANUBE 0.0390 0.2223 0.3847 0.3540 
      BONNIE 0.3205 0.0583 0.2884 0.3328 
      BOUNTY 0.5193 0.0365 0.1119 0.3323 
 BRITISH_QUE 0.0105 0.5558 0.0211 0.4126 
     BRODICK 0.6507 0.0212 0.2049 0.1233 
      BRODIE 0.2058 0.1209 0.0111 0.6622 
      BUCHAN 0.2934 0.0931 0.0584 0.5551 
      BURREN 0.1890 0.1061 0.2247 0.4802 
     CABARET 0.5443 0.3258 0.0090 0.1209 
      CAESAR 0.1106 0.0077 0.6316 0.2501 
        CARA 0.2573 0.0324 0.0133 0.6970 
 CARLINGFORD 0.2120 0.1082 0.1879 0.4919 
  CASABLANCA 0.3676 0.0120 0.1234 0.4969 
      CELINE 0.1265 0.1211 0.3728 0.3796 
  CHALLENGER 0.2252 0.2142 0.4427 0.1178 
   CHARLOTTE 0.2465 0.1259 0.6094 0.0182 
     CHICAGO 0.5359 0.1026 0.3422 0.0194 
   CHIEFTAIN 0.1463 0.2222 0.2353 0.3962 
      CHOPIN 0.0666 0.1215 0.5058 0.3061 
      CLARET 0.2445 0.0314 0.0708 0.6533 
      CORINE 0.2345 0.1669 0.1857 0.4129 
      COSMOS 0.1150 0.1702 0.4160 0.2988 
     COURAGE 0.1104 0.1674 0.4013 0.3209 
     COURLAN 0.1854 0.1614 0.3225 0.3307 
 CRAIGS_ROYA 0.3254 0.1284 0.0132 0.5330 
 CRAIGS_SNOW 0.1916 0.4300 0.0539 0.3245 
     CRAMOND 0.5530 0.0339 0.1562 0.2568 
 CRISPS_FOR_ 0.1642 0.1235 0.5018 0.2105 
    CROMWELL 0.6572 0.2680 0.0617 0.0130 
       D22/1 0.5272 0.2533 0.0100 0.2095 
       D23/3 0.3995 0.3979 0.0459 0.1567 
      D47-11 0.6616 0.3140 0.0101 0.0144 
       D49/1 0.7422 0.2149 0.0386 0.0042 
       DAISY 0.4877 0.2552 0.2373 0.0199 
 DARK_RED_NO 0.1055 0.2397 0.2322 0.4226 
     DARWINA 0.1028 0.2180 0.4412 0.2380 
     DESIREE 0.0172 0.1797 0.4648 0.3383 
       DITTA 0.0351 0.2256 0.5685 0.1708 
 DR._MCINTOS 0.1472 0.1780 0.0740 0.6008 
       DRAGA 0.1969 0.0710 0.2946 0.4375 
 DUKE_OF_YOR 0.0052 0.5166 0.1345 0.3437 
 DUNBAR_STAN 0.1950 0.4270 0.0160 0.3619 
     DUNDROD 0.5364 0.2255 0.1322 0.1059 
     ECLIPSE 0.1432 0.5469 0.1765 0.1334 
        EDEN 0.7162 0.2556 0.0116 0.0166 
 EDZELL_BLUE 0.0981 0.4072 0.2222 0.2725 
   ELISABETH 0.2384 0.0276 0.6143 0.1197 
     EMPEROR 0.2655 0.1218 0.3644 0.2482 
         EOS 0.3369 0.0746 0.3995 0.1890 
     EPICURE 0.0573 0.4793 0.1752 0.2882 
  ERNTESTOLZ 0.0559 0.3342 0.3593 0.2506 
      ESCORT 0.2247 0.0251 0.5986 0.1516 
   ESMERALDA 0.1998 0.1964 0.4181 0.1857 
      ESTIMA 0.1671 0.1939 0.4405 0.1984 
 EVE_BALFOUR 0.2780 0.2377 0.0236 0.4607 
   EXCALIBUR 0.5984 0.0052 0.0608 0.3356 
     EXQUISA 0.0254 0.1908 0.6577 0.1261 
    FESTIVAL 0.2021 0.0247 0.6332 0.1400 
      FIANNA 0.0945 0.0687 0.3550 0.4819 
   FIFTYFOLD 0.1330 0.6167 0.1105 0.1397 
     FONTANE 0.2205 0.1206 0.5392 0.1197 
   FORTYFOLD 0.0054 0.6621 0.1207 0.2118 
 FRONTIER_RU 0.1656 0.3053 0.2511 0.2780 
     G.81071 0.2472 0.1379 0.1918 0.4230 
     G.88661 0.2967 0.0538 0.2477 0.4017 
    G.886611 0.3392 0.0176 0.2554 0.3877 
  G.8867Y%12 0.1839 0.0239 0.2675 0.5247 
     G.88839 0.0278 0.0349 0.8960 0.0412 
     G.88842 0.0489 0.0463 0.5615 0.3433 
   GALACTICA 0.0253 0.2375 0.1956 0.5417 
      GEMSON 0.2125 0.2208 0.0503 0.5164 
  GL.76B/102 0.1797 0.4279 0.3534 0.0389 
   GL.76B/94 0.0073 0.5788 0.2276 0.1863 
  GL.77M/106 0.3912 0.1913 0.1578 0.2596 
   GL.78/166 0.0507 0.6899 0.1346 0.1248 
    GL.78/53 0.2873 0.5686 0.1348 0.0092 
    GL.78/97 0.1567 0.6179 0.1956 0.0298 
    GL.79/42 0.2094 0.5680 0.2169 0.0056 
    GL.79/45 0.1715 0.5981 0.1901 0.0403 
 GL.81_NT_25 0.5211 0.4329 0.0151 0.0309 
   GLADIATOR 0.1944 0.0355 0.4469 0.3232 
      GLAMIS 0.4817 0.0990 0.2446 0.1747 
 GOLDEN_MILL 0.6007 0.1078 0.1279 0.1636 
 GOLDEN_NUGG 0.1744 0.0374 0.3940 0.3942 
 GOLDEN_WOND 0.0831 0.6450 0.1621 0.1098 
     GRANOLA 0.2174 0.1154 0.6437 0.0235 
    H1H3_101 0.6173 0.3742 0.0038 0.0047 
      H1H3_3 0.4775 0.2453 0.0514 0.2258 
 HARBOROUGH_ 0.7935 0.0232 0.1184 0.0648 
   HARLEQUIN 0.2408 0.1847 0.5226 0.0519 
      HERMES 0.0994 0.1759 0.4707 0.2540 
 HIGHLAND_BU 0.0208 0.8796 0.0254 0.0742 
  HOME_GUARD 0.2663 0.3198 0.0504 0.3635 
     HORIZON 0.0952 0.3066 0.4020 0.1962 
   INNOVATOR 0.0106 0.3535 0.0959 0.5400 
 INTERNATION 0.0078 0.9450 0.0109 0.0362 
 ISLE_OF_JUR 0.5005 0.1596 0.1310 0.2089 
    JULIETTE 0.1130 0.0605 0.8077 0.0188 
     KARLENA 0.0720 0.2883 0.1823 0.4575 
 KERR'S_PINK 0.1403 0.5672 0.0167 0.2758 
     KESTREL 0.5239 0.0122 0.0441 0.4198 
       KIFLI 0.1992 0.1743 0.6163 0.0101 
 KING_EDWARD 0.1191 0.8216 0.0494 0.0099 
    KINGSTON 0.5496 0.2106 0.1207 0.1191 
 KUFRI_CHAND 0.1362 0.2985 0.1747 0.3905 
 KUFRI_JYOTI 0.1286 0.1672 0.2401 0.4641 
      KURODA 0.0468 0.0992 0.4900 0.3640 
 LADY_BALFOU 0.2792 0.1816 0.0278 0.5114 
 LADY_CHRIST 0.0792 0.3587 0.3839 0.1782 
 LADY_CLAIRE 0.0164 0.2806 0.5949 0.1080 
     LADY_JO 0.0170 0.4171 0.3416 0.2244 
 LADY_ROSETT 0.1733 0.1964 0.3867 0.2436 
    LIBERTAS 0.0109 0.3936 0.3134 0.2821 
       LINDA 0.0474 0.2451 0.6854 0.0221 
      LINTON 0.2205 0.1263 0.3851 0.2681 
 LINZER_DELI 0.0815 0.2300 0.6131 0.0754 
   LIONHEART 0.0829 0.1324 0.4395 0.3452 
   MADELEINE 0.1419 0.1081 0.6464 0.1036 
   MADINGLEY 0.2098 0.0860 0.4912 0.2130 
    MAJESTIC 0.1120 0.2042 0.1221 0.5617 
     MARABEL 0.0478 0.0393 0.7083 0.2046 
     MARFONA 0.0729 0.2688 0.3281 0.3302 
     MARILYN 0.0854 0.1210 0.5776 0.2160 
 MARIS_ANCHO 0.1093 0.2728 0.3802 0.2376 
  MARIS_BARD 0.2635 0.2644 0.0200 0.4520 
  MARIS_PEER 0.2398 0.2586 0.0368 0.4648 
 MARIS_PIPER 0.7918 0.1863 0.0155 0.0064 
     MARKIES 0.0462 0.1833 0.6473 0.1232 
      MAXINE 0.4757 0.1053 0.0965 0.3224 
      MEGARA 0.1051 0.1166 0.6737 0.1047 
      MELODY 0.1303 0.2078 0.4395 0.2224 
       MIDAS 0.5056 0.1598 0.3268 0.0078 
       MILVA 0.0531 0.2250 0.6028 0.1191 
        MIMI 0.3762 0.1309 0.2788 0.2142 
        MIRA 0.0146 0.2905 0.4468 0.2481 
       MOIRA 0.1088 0.1905 0.3855 0.3153 
    MONTROSE 0.6592 0.2797 0.0358 0.0253 
       MORAG 0.2610 0.2470 0.0210 0.4709 
      MORENE 0.0071 0.2403 0.4210 0.3316 
      MOZART 0.1539 0.0053 0.6920 0.1488 
 MYATT'S_ASH 0.0056 0.8140 0.0968 0.0835 
      NADINE 0.5329 0.0204 0.2752 0.1716 
       NAVAN 0.7258 0.0915 0.0411 0.1416 
 NDTX_4271_5 0.3396 0.1200 0.2931 0.2473 
      NICOLA 0.0077 0.2372 0.7286 0.0265 
     NOVELLA 0.1008 0.0698 0.4745 0.3548 
     OLYMPUS 0.4358 0.1783 0.1323 0.2536 
       OPERA 0.1904 0.0541 0.4979 0.2576 
   ORCHESTRA 0.1907 0.1161 0.6233 0.0698 
      ORIANA 0.0086 0.1470 0.4459 0.3986 
     OTHELLO 0.3038 0.0224 0.0239 0.6499 
     PALADIN 0.6639 0.2916 0.0152 0.0293 
       PANDA 0.1772 0.0402 0.7383 0.0443 
   PARAMOUNT 0.1085 0.0690 0.2595 0.5631 
    PATRONES 0.0748 0.3003 0.3608 0.2640 
 PENTLAND_AC 0.2230 0.2272 0.2072 0.3426 
 PENTLAND_BE 0.0313 0.5372 0.0146 0.4169 
 PENTLAND_CR 0.1967 0.1596 0.2025 0.4412 
 PENTLAND_DE 0.1676 0.3066 0.0523 0.4735 
 PENTLAND_IV 0.2427 0.1577 0.1379 0.4617 
 PENTLAND_JA 0.1264 0.2243 0.1478 0.5015 
 PENTLAND_MA 0.0376 0.1465 0.3019 0.5140 
 PENTLAND_SQ 0.1960 0.2401 0.1540 0.4099 
   PEPO_1978 0.1403 0.1652 0.6214 0.0730 
     PICASSO 0.1969 0.0074 0.1829 0.6128 
   PIMPERNEL 0.0913 0.2358 0.4934 0.1796 
     PIONEER 0.0982 0.1922 0.6926 0.0170 
       PIXIE 0.4656 0.0091 0.1942 0.3311 
    PREMIERE 0.0504 0.3617 0.3039 0.2840 
   PRODUCENT 0.2291 0.1763 0.4896 0.1050 
     PROVOST 0.1079 0.2235 0.1980 0.4705 
  R.P.LUSTRE 0.2966 0.3084 0.2334 0.1616 
 RANGER_RUSS 0.0046 0.4050 0.0630 0.5274 
       RATTE 0.2365 0.5317 0.2097 0.0222 
      RECORD 0.0074 0.3565 0.4105 0.2256 
   REMBRANDT 0.1291 0.2392 0.4458 0.1859 
    RIO_ROJO 0.1635 0.1634 0.2614 0.4117 
      ROBIJN 0.0079 0.3576 0.4841 0.1505 
      ROCKET 0.5499 0.2403 0.0230 0.1868 
   RODE_STAR 0.0499 0.4228 0.5165 0.0108 
      ROMANO 0.1142 0.0303 0.4474 0.4081 
       ROMEO 0.1939 0.2037 0.2521 0.3503 
     ROOSTER 0.1837 0.1681 0.2204 0.4278 
       ROYAL 0.3832 0.1441 0.4546 0.0181 
 ROYAL_KIDNE 0.0050 0.5685 0.0077 0.4189 
     RUBESSE 0.1169 0.1351 0.4608 0.2872 
 RUSSET_BURB 0.0656 0.3084 0.1739 0.4520 
 RUSSET_NORK 0.1643 0.2633 0.1948 0.3776 
      SAFARI 0.0857 0.0348 0.4481 0.4314 
     SANTANA 0.1490 0.1864 0.3889 0.2757 
       SANTE 0.1989 0.1439 0.4731 0.1841 
     SAPHIRE 0.1252 0.0689 0.4211 0.3848 
  SARPO_MIRA 0.1253 0.1997 0.5755 0.0996 
 SARPO_SHONA 0.1243 0.1155 0.6370 0.1232 
       SASSY 0.1137 0.3143 0.3446 0.2274 
     SATURNA 0.0455 0.3303 0.6072 0.0170 
        SAVA 0.1798 0.1101 0.5763 0.1339 
       SAXON 0.6129 0.1569 0.0879 0.1423 
 SCARBOROUGH 0.8224 0.0854 0.0659 0.0263 
 SEFTON_WOND 0.1825 0.5400 0.0067 0.2708 
    SERAFINA 0.0652 0.1519 0.6238 0.1591 
     SETANTA 0.4188 0.0513 0.2186 0.3113 
 SHARPE'S_EX 0.1124 0.6782 0.1222 0.0872 
     SHELAGH 0.2244 0.3019 0.1354 0.3383 
    SHELFORD 0.0557 0.2438 0.4372 0.2633 
     SHEPODY 0.0099 0.3600 0.0196 0.6105 
      SLANEY 0.4136 0.0149 0.1073 0.4642 
        SPEY 0.3962 0.0052 0.0823 0.5163 
      SPUNTA 0.2120 0.2260 0.3832 0.1788 
     STAMINA 0.6734 0.0078 0.0288 0.2899 
    STEMSTER 0.3423 0.2210 0.3104 0.1263 
 STORMONT_EN 0.1895 0.2629 0.2148 0.3329 
    STIRLING 0.2776 0.0186 0.1308 0.5731 
     SYLVANA 0.1484 0.1443 0.3869 0.3204 
         TAY 0.5519 0.0117 0.1345 0.3018 
      TIMATE 0.1782 0.1045 0.6885 0.0288 
      TOLUCA 0.0245 0.0826 0.5934 0.2995 
    TORRIDON 0.1064 0.1589 0.3090 0.4257 
 ULSTER_SCEP 0.3526 0.1890 0.0348 0.4237 
 UMATILLA_RU 0.3411 0.4333 0.1363 0.0893 
 VALES_EMERA 0.3536 0.1188 0.4119 0.1157 
 VALES_EVERE 0.3866 0.1305 0.0261 0.4568 
 VALES_RUSSE 0.0909 0.3841 0.1898 0.3353 
 VALES_SOVER 0.4211 0.0045 0.0116 0.5628 
       VALOR 0.4724 0.0046 0.0393 0.4837 
    VAN_GOGH 0.1150 0.2181 0.5203 0.1467 
     VANTAGE 0.0150 0.4375 0.2399 0.3076 
       VERDI 0.1402 0.2383 0.5216 0.0998 
    VICTORIA 0.0696 0.1528 0.5016 0.2760 
     VIVALDI 0.0080 0.1036 0.4684 0.4200 
       WILJA 0.0117 0.3133 0.2736 0.4014 
     WINSTON 0.5495 0.0085 0.1587 0.2832 
      XD2-21 0.1741 0.2655 0.1011 0.4593 
  YUKON_GOLD 0.3115 0.0427 0.3729 0.2729 
       ZORBA 0.0263 0.2463 0.3020 0.4254 
