  00C133-020 0.0192 0.1830 0.1006 0.0078 0.0280 0.2263 0.0783 0.0030 0.0075 0.3462 
 01C_071-002 0.0107 0.0710 0.2056 0.0995 0.1095 0.2385 0.0450 0.0795 0.1015 0.0392 
 02M_012-001 0.0059 0.2177 0.3512 0.0710 0.0338 0.0747 0.0038 0.0062 0.0097 0.2259 
 03M_016-002 0.1411 0.0096 0.3746 0.0388 0.0038 0.0150 0.0303 0.1917 0.0187 0.1764 
 03M_034-002 0.0943 0.2612 0.2149 0.0064 0.0652 0.0484 0.0820 0.0049 0.0023 0.2203 
 04C_055-004 0.0047 0.0235 0.2233 0.2716 0.0112 0.0318 0.0587 0.0207 0.0277 0.3267 
 04C_126-005 0.0570 0.1772 0.1028 0.0149 0.0431 0.2332 0.1563 0.0046 0.0516 0.1591 
 04M_034-013 0.0728 0.0839 0.3043 0.1064 0.0220 0.0068 0.0187 0.1240 0.0100 0.2512 
 05M_002-001 0.0201 0.0543 0.1044 0.0948 0.0503 0.0332 0.1407 0.0711 0.3275 0.1036 
 05M_004-003 0.0042 0.1528 0.0054 0.0055 0.1692 0.1286 0.0681 0.0130 0.2882 0.1650 
 05M_012-004 0.0538 0.2134 0.0136 0.0156 0.2383 0.0858 0.0997 0.1274 0.0183 0.1340 
 06C_127-002 0.0128 0.3245 0.0498 0.2153 0.0035 0.0265 0.1786 0.0328 0.0082 0.1481 
 12288_AF_23 0.0064 0.1217 0.0570 0.1568 0.0613 0.1636 0.0149 0.0582 0.0046 0.3554 
    12601AB1 0.1758 0.4121 0.3849 0.0038 0.0058 0.0042 0.0037 0.0027 0.0031 0.0039 
   12636_A_2 0.1451 0.2992 0.1579 0.0035 0.0166 0.0787 0.0398 0.0115 0.0037 0.2440 
  15119_AC_5 0.0352 0.0032 0.2674 0.0019 0.0193 0.4868 0.0258 0.0588 0.0044 0.0971 
     1512C16 0.2327 0.0846 0.0077 0.0830 0.0607 0.0982 0.1306 0.1782 0.0512 0.0731 
   15144_A_3 0.0408 0.0204 0.0037 0.1594 0.0024 0.5615 0.0900 0.0023 0.0897 0.0299 
     1563C14 0.2807 0.0069 0.1465 0.2176 0.1335 0.0226 0.0233 0.0444 0.1009 0.0238 
     2182EF7 0.0286 0.1830 0.0233 0.0057 0.0048 0.1462 0.3755 0.1475 0.0540 0.0315 
     3681AD1 0.0076 0.1388 0.0491 0.0118 0.2779 0.1969 0.1351 0.0698 0.0932 0.0197 
     5008AB6 0.0110 0.1441 0.1118 0.1348 0.0467 0.1061 0.3779 0.0040 0.0611 0.0025 
    8204_A_4 0.0301 0.2664 0.0098 0.0786 0.0083 0.1639 0.2920 0.0547 0.0123 0.0838 
       AGRIA 0.0052 0.0996 0.0034 0.1062 0.0810 0.0026 0.0042 0.0179 0.5836 0.0963 
       AILSA 0.0252 0.1924 0.2275 0.1624 0.0028 0.0088 0.0105 0.0378 0.0084 0.3241 
      ALMERA 0.0032 0.0033 0.0478 0.1695 0.1404 0.0120 0.1821 0.1275 0.2255 0.0888 
       ALPHA 0.1491 0.0179 0.0709 0.1849 0.4217 0.0135 0.0104 0.0889 0.0028 0.0398 
      ALWARA 0.0111 0.0090 0.0555 0.3059 0.2083 0.2564 0.1091 0.0140 0.0070 0.0238 
      AMADRA 0.0685 0.1054 0.1185 0.2273 0.2341 0.0127 0.0084 0.0224 0.0837 0.1190 
       AMOUR 0.0081 0.1358 0.1340 0.0240 0.0168 0.4032 0.0116 0.0237 0.0089 0.2339 
        ANNA 0.1163 0.0870 0.0203 0.0016 0.0062 0.5715 0.1546 0.0143 0.0144 0.0139 
   ANNABELLE 0.0063 0.0157 0.0150 0.2919 0.1159 0.0049 0.2636 0.0078 0.2581 0.0209 
        ANYA 0.1675 0.1217 0.0170 0.3598 0.0117 0.0324 0.1059 0.0245 0.1168 0.0427 
       ARGOS 0.0037 0.0041 0.0544 0.0208 0.0114 0.4476 0.1077 0.0231 0.0805 0.2468 
     ARIELLE 0.0643 0.0025 0.0056 0.2491 0.1147 0.0834 0.0450 0.0502 0.2819 0.1032 
      ARKULA 0.1398 0.0081 0.0044 0.1646 0.3501 0.0135 0.2197 0.0171 0.0129 0.0697 
      ARMADA 0.1131 0.0043 0.0374 0.1847 0.2948 0.0142 0.1738 0.0209 0.0131 0.1437 
   AVALANCHE 0.0045 0.0205 0.1511 0.0074 0.2162 0.0931 0.0078 0.1212 0.0509 0.3274 
     BAILLIE 0.0035 0.0604 0.1788 0.0691 0.0943 0.1152 0.0810 0.0441 0.0255 0.3281 
    BALMORAL 0.0091 0.0335 0.0209 0.0045 0.1576 0.3595 0.1140 0.2097 0.0561 0.0352 
     BAMBINO 0.0076 0.1131 0.1439 0.0587 0.0658 0.1995 0.0255 0.0062 0.0250 0.3548 
       BARNA 0.0716 0.0504 0.0030 0.2580 0.0923 0.3612 0.0086 0.0223 0.0030 0.1296 
 BELLE_DE_FO 0.6823 0.0016 0.1382 0.0032 0.0038 0.0421 0.0044 0.0071 0.1141 0.0031 
       BENOL 0.0105 0.3170 0.2839 0.0025 0.0061 0.0030 0.0602 0.0034 0.1014 0.2119 
       BF_15 0.5790 0.0039 0.0846 0.0269 0.0494 0.0268 0.0119 0.0032 0.2100 0.0044 
      BINTJE 0.2475 0.0111 0.0983 0.0720 0.1299 0.0419 0.0958 0.0898 0.1180 0.0956 
 BIONICA_EX_ 0.0546 0.2427 0.0980 0.0307 0.1992 0.0243 0.2284 0.0275 0.0780 0.0166 
 BLUE_DANUBE 0.0090 0.0029 0.1730 0.0094 0.3850 0.0660 0.1800 0.1070 0.0647 0.0030 
      BONNIE 0.0717 0.1495 0.0053 0.1593 0.1892 0.1318 0.0591 0.0176 0.0049 0.2116 
      BOUNTY 0.0299 0.1386 0.0814 0.0153 0.1006 0.2047 0.0380 0.0061 0.0446 0.3407 
 BRITISH_QUE 0.3044 0.0011 0.0647 0.0018 0.0105 0.0090 0.1575 0.2073 0.1683 0.0754 
     BRODICK 0.0047 0.5395 0.1041 0.0783 0.0143 0.0086 0.0465 0.0191 0.0072 0.1777 
      BRODIE 0.1482 0.1183 0.0034 0.0144 0.0097 0.4215 0.0569 0.0995 0.0070 0.1211 
      BUCHAN 0.0964 0.1152 0.0042 0.1301 0.0028 0.3765 0.0296 0.0737 0.0072 0.1642 
      BURREN 0.0474 0.0991 0.0632 0.1221 0.0281 0.4138 0.0523 0.0250 0.1091 0.0399 
     CABARET 0.1415 0.0851 0.2925 0.0055 0.0068 0.0261 0.0987 0.0131 0.0059 0.3249 
      CAESAR 0.0019 0.1552 0.0018 0.2279 0.2848 0.0242 0.0154 0.0875 0.1406 0.0607 
        CARA 0.0610 0.0963 0.0107 0.0215 0.0156 0.6247 0.0314 0.0068 0.0090 0.1230 
 CARLINGFORD 0.0305 0.0609 0.0108 0.1655 0.0076 0.0729 0.2941 0.2000 0.0063 0.1515 
  CASABLANCA 0.0034 0.1134 0.0147 0.0025 0.2413 0.2220 0.0383 0.0863 0.0223 0.2559 
      CELINE 0.0617 0.0525 0.0222 0.0522 0.3090 0.0544 0.3357 0.0047 0.0224 0.0852 
  CHALLENGER 0.0865 0.0901 0.0334 0.1398 0.1516 0.0032 0.0256 0.0721 0.2211 0.1765 
   CHARLOTTE 0.0823 0.2195 0.0093 0.4111 0.0034 0.0068 0.0077 0.0038 0.1838 0.0724 
     CHICAGO 0.0038 0.0965 0.2421 0.1418 0.1558 0.0175 0.0050 0.0047 0.0499 0.2830 
   CHIEFTAIN 0.1274 0.1421 0.0030 0.2156 0.0044 0.0402 0.0123 0.2699 0.0812 0.1040 
      CHOPIN 0.0054 0.0442 0.0322 0.1895 0.2009 0.0077 0.2183 0.1569 0.1113 0.0336 
      CLARET 0.0773 0.0483 0.0048 0.1217 0.0070 0.5542 0.0414 0.0101 0.0090 0.1262 
      CORINE 0.0037 0.1426 0.1461 0.0019 0.1678 0.1463 0.0687 0.1553 0.1377 0.0300 
      COSMOS 0.0558 0.0340 0.0143 0.1061 0.4383 0.0099 0.0242 0.1819 0.0194 0.1161 
     COURAGE 0.0883 0.0414 0.0169 0.1770 0.2931 0.0266 0.1769 0.0815 0.0056 0.0927 
     COURLAN 0.0131 0.1226 0.0091 0.1888 0.0270 0.1305 0.0024 0.2608 0.1623 0.0831 
 CRAIGS_ROYA 0.1059 0.0682 0.0141 0.0622 0.0048 0.3352 0.0242 0.1406 0.0081 0.2368 
 CRAIGS_SNOW 0.2211 0.0054 0.1093 0.0653 0.0130 0.0850 0.0145 0.2041 0.0987 0.1836 
     CRAMOND 0.0051 0.3039 0.1020 0.0075 0.0880 0.0094 0.2004 0.0151 0.0071 0.2617 
 CRISPS_FOR_ 0.0743 0.0791 0.0051 0.2673 0.2658 0.0172 0.0118 0.0904 0.0464 0.1427 
    CROMWELL 0.0414 0.0045 0.3765 0.0258 0.0056 0.0854 0.0059 0.0027 0.0842 0.3681 
       D22/1 0.0843 0.0021 0.2625 0.0029 0.0128 0.0924 0.0361 0.0358 0.0534 0.4177 
       D23/3 0.1802 0.0100 0.2391 0.0561 0.0139 0.0200 0.0580 0.0882 0.0435 0.2910 
      D47-11 0.0075 0.0095 0.5171 0.0036 0.0452 0.0141 0.0163 0.0125 0.0051 0.3691 
       D49/1 0.0060 0.0109 0.4158 0.0822 0.0086 0.0023 0.0067 0.0045 0.0031 0.4601 
       DAISY 0.0710 0.1134 0.2472 0.0988 0.1348 0.0061 0.0045 0.0077 0.0463 0.2702 
 DARK_RED_NO 0.0142 0.0193 0.0977 0.2151 0.0053 0.0937 0.1362 0.3638 0.0268 0.0279 
     DARWINA 0.0168 0.0039 0.1052 0.1347 0.3168 0.0067 0.0623 0.1370 0.1163 0.1003 
     DESIREE 0.1363 0.0040 0.0042 0.3738 0.1423 0.2129 0.0787 0.0359 0.0056 0.0064 
       DITTA 0.1003 0.0038 0.0045 0.2013 0.0675 0.0089 0.0990 0.0480 0.3597 0.1070 
 DR._MCINTOS 0.0914 0.0189 0.0038 0.0597 0.0136 0.0057 0.3400 0.3017 0.0024 0.1628 
       DRAGA 0.0038 0.1297 0.0095 0.0196 0.2210 0.0531 0.0450 0.2809 0.1221 0.1153 
 DUKE_OF_YOR 0.3063 0.0023 0.0292 0.0028 0.1139 0.0028 0.1574 0.2544 0.1272 0.0036 
 DUNBAR_STAN 0.3052 0.0074 0.0243 0.0238 0.0143 0.0812 0.0173 0.2763 0.0109 0.2392 
     DUNDROD 0.0191 0.0724 0.2726 0.1312 0.0046 0.0868 0.0050 0.0747 0.0536 0.2801 
     ECLIPSE 0.3084 0.0279 0.0907 0.2701 0.0028 0.0021 0.0089 0.2431 0.0019 0.0440 
        EDEN 0.0415 0.2241 0.3625 0.0075 0.0096 0.0048 0.0064 0.0076 0.0029 0.3331 
 EDZELL_BLUE 0.2088 0.0825 0.1248 0.0905 0.1285 0.0776 0.0954 0.0736 0.0923 0.0259 
   ELISABETH 0.0090 0.0273 0.0072 0.3727 0.0805 0.0025 0.2898 0.0048 0.0249 0.1812 
     EMPEROR 0.0039 0.1284 0.0189 0.1464 0.0247 0.0067 0.0061 0.2680 0.2149 0.1821 
         EOS 0.0412 0.1282 0.0073 0.3046 0.1304 0.0093 0.0134 0.1062 0.0092 0.2500 
     EPICURE 0.3114 0.0470 0.0557 0.2083 0.0317 0.0058 0.0914 0.2223 0.0049 0.0215 
  ERNTESTOLZ 0.1542 0.0390 0.0648 0.0959 0.0977 0.0324 0.0981 0.1300 0.2354 0.0524 
      ESCORT 0.0137 0.1648 0.0053 0.2725 0.3363 0.0202 0.0226 0.0059 0.0268 0.1319 
   ESMERALDA 0.1632 0.0795 0.0072 0.1945 0.2655 0.0184 0.1030 0.0047 0.0121 0.1518 
      ESTIMA 0.1024 0.0399 0.0080 0.2305 0.2733 0.0040 0.0496 0.1237 0.0100 0.1584 
 EVE_BALFOUR 0.1437 0.2428 0.1133 0.0131 0.0203 0.3079 0.0694 0.0623 0.0052 0.0219 
   EXCALIBUR 0.0025 0.2317 0.0094 0.0072 0.0134 0.2761 0.0143 0.0020 0.0834 0.3600 
     EXQUISA 0.0376 0.0056 0.0821 0.3782 0.0538 0.0946 0.1607 0.0042 0.1796 0.0036 
    FESTIVAL 0.0035 0.0867 0.0094 0.2456 0.2632 0.0052 0.1286 0.0109 0.1102 0.1367 
      FIANNA 0.0032 0.0360 0.0358 0.0887 0.2007 0.1170 0.2390 0.1597 0.0794 0.0404 
   FIFTYFOLD 0.3819 0.0310 0.1818 0.1549 0.0133 0.0577 0.0078 0.1075 0.0193 0.0447 
     FONTANE 0.0182 0.0676 0.0050 0.0643 0.1737 0.0042 0.0058 0.0503 0.3875 0.2234 
   FORTYFOLD 0.3369 0.0108 0.1858 0.0038 0.1715 0.0070 0.0077 0.1427 0.1325 0.0014 
 FRONTIER_RU 0.1137 0.0560 0.0255 0.2411 0.0264 0.0082 0.0056 0.3877 0.0204 0.1155 
     G.81071 0.0889 0.1866 0.0161 0.0745 0.0938 0.0714 0.2086 0.1158 0.0112 0.1331 
     G.88661 0.0079 0.0823 0.0043 0.1416 0.0958 0.0044 0.1721 0.2118 0.0085 0.2715 
    G.886611 0.0066 0.1188 0.0017 0.2121 0.0077 0.0036 0.2148 0.1449 0.0034 0.2864 
  G.8867Y%12 0.0107 0.0171 0.0022 0.2050 0.0097 0.0187 0.3367 0.1799 0.0102 0.2098 
     G.88839 0.0030 0.0043 0.0320 0.4785 0.1084 0.0023 0.3494 0.0022 0.0175 0.0025 
     G.88842 0.0076 0.0178 0.0178 0.2333 0.1584 0.0304 0.3733 0.0511 0.0784 0.0318 
   GALACTICA 0.0259 0.0022 0.1230 0.0054 0.1843 0.3547 0.0833 0.0876 0.1305 0.0030 
      GEMSON 0.1589 0.0377 0.0120 0.0360 0.0051 0.1879 0.1635 0.1306 0.0810 0.1873 
  GL.76B/102 0.0110 0.0048 0.3781 0.2609 0.0269 0.0064 0.0154 0.1956 0.0899 0.0109 
   GL.76B/94 0.1643 0.0023 0.3394 0.0966 0.1519 0.0844 0.0538 0.0449 0.0616 0.0008 
  GL.77M/106 0.0966 0.3190 0.1393 0.1384 0.0061 0.1950 0.0240 0.0157 0.0119 0.0540 
   GL.78/166 0.1514 0.0014 0.4649 0.0511 0.0326 0.0106 0.0950 0.1126 0.0791 0.0014 
    GL.78/53 0.1302 0.1197 0.4390 0.2218 0.0032 0.0078 0.0039 0.0634 0.0072 0.0039 
    GL.78/97 0.2083 0.0478 0.3994 0.1652 0.0304 0.0124 0.0114 0.0645 0.0575 0.0032 
    GL.79/42 0.2300 0.0636 0.3400 0.2805 0.0482 0.0041 0.0081 0.0055 0.0042 0.0158 
    GL.79/45 0.1811 0.0125 0.3950 0.2679 0.0090 0.0411 0.0834 0.0041 0.0029 0.0029 
 GL.81_NT_25 0.0875 0.0042 0.4447 0.0027 0.0107 0.0411 0.0187 0.0050 0.1009 0.2844 
   GLADIATOR 0.0028 0.0831 0.0085 0.2607 0.1974 0.1169 0.0046 0.1826 0.0368 0.1067 
      GLAMIS 0.0272 0.0233 0.1241 0.1551 0.0254 0.0164 0.1564 0.0452 0.0541 0.3729 
 GOLDEN_MILL 0.0242 0.4452 0.1331 0.0083 0.0137 0.0232 0.1481 0.0043 0.0174 0.1826 
 GOLDEN_NUGG 0.0091 0.0743 0.0067 0.0189 0.2307 0.0159 0.4744 0.0023 0.0456 0.1220 
 GOLDEN_WOND 0.4705 0.0598 0.0611 0.1242 0.1530 0.0075 0.0028 0.0723 0.0066 0.0422 
     GRANOLA 0.0085 0.1898 0.0981 0.4084 0.0226 0.0120 0.0718 0.0084 0.1545 0.0259 
    H1H3_101 0.0643 0.0035 0.5225 0.0018 0.0028 0.0069 0.0030 0.0084 0.0315 0.3553 
      H1H3_3 0.1197 0.1412 0.1532 0.0063 0.0189 0.0079 0.1473 0.0420 0.0576 0.3058 
 HARBOROUGH_ 0.0023 0.5223 0.1279 0.0028 0.0141 0.0025 0.0036 0.0116 0.0127 0.3001 
   HARLEQUIN 0.0984 0.1664 0.0329 0.3301 0.0040 0.0529 0.0050 0.0071 0.2126 0.0907 
      HERMES 0.0102 0.0061 0.0965 0.2048 0.1347 0.2184 0.0037 0.0800 0.2114 0.0342 
 HIGHLAND_BU 0.5219 0.0154 0.2861 0.0027 0.0339 0.0017 0.1135 0.0028 0.0206 0.0014 
  HOME_GUARD 0.2830 0.1087 0.0032 0.0191 0.0199 0.0796 0.0378 0.1246 0.0747 0.2494 
     HORIZON 0.0937 0.0041 0.1494 0.0550 0.2847 0.0144 0.1905 0.0065 0.1379 0.0638 
   INNOVATOR 0.0697 0.0096 0.0682 0.0026 0.2078 0.0346 0.1227 0.3999 0.0813 0.0036 
 INTERNATION 0.6091 0.0024 0.2124 0.0020 0.0051 0.0037 0.0030 0.0148 0.1457 0.0019 
 ISLE_OF_JUR 0.0211 0.0470 0.2199 0.0703 0.0161 0.1051 0.1704 0.0244 0.0470 0.2787 
    JULIETTE 0.0085 0.0989 0.0026 0.2839 0.0025 0.0052 0.0283 0.0016 0.5267 0.0417 
     KARLENA 0.0359 0.0128 0.1451 0.0036 0.1541 0.2326 0.0045 0.2502 0.1579 0.0032 
 KERR'S_PINK 0.3551 0.0339 0.1309 0.0492 0.0097 0.0563 0.0318 0.2214 0.0129 0.0988 
     KESTREL 0.0066 0.0796 0.0234 0.1538 0.0061 0.3590 0.0077 0.0185 0.0025 0.3427 
       KIFLI 0.0127 0.1375 0.1946 0.4809 0.0374 0.0119 0.0055 0.0281 0.0793 0.0121 
 KING_EDWARD 0.5245 0.0110 0.2172 0.1495 0.0036 0.0021 0.0024 0.0681 0.0047 0.0168 
    KINGSTON 0.0580 0.2423 0.2269 0.0063 0.0609 0.0267 0.0719 0.0025 0.0692 0.2354 
 KUFRI_CHAND 0.1367 0.0080 0.0404 0.0616 0.0154 0.0383 0.1314 0.2508 0.1566 0.1609 
 KUFRI_JYOTI 0.0107 0.1581 0.1298 0.0750 0.0404 0.1836 0.2809 0.0519 0.0674 0.0021 
      KURODA 0.0025 0.0062 0.0280 0.0975 0.3116 0.0974 0.0797 0.1528 0.1802 0.0440 
 LADY_BALFOU 0.0880 0.0925 0.1061 0.0250 0.0164 0.2949 0.1594 0.0809 0.0135 0.1235 
 LADY_CHRIST 0.1679 0.0869 0.1171 0.0933 0.3985 0.0135 0.0193 0.0567 0.0322 0.0147 
 LADY_CLAIRE 0.0195 0.0028 0.1181 0.0021 0.3489 0.0045 0.0393 0.0038 0.4585 0.0025 
     LADY_JO 0.1637 0.0029 0.1305 0.0020 0.4928 0.0032 0.0260 0.0575 0.1142 0.0071 
 LADY_ROSETT 0.1381 0.0438 0.0106 0.1574 0.3572 0.0164 0.0592 0.0454 0.0031 0.1689 
    LIBERTAS 0.1720 0.0036 0.1349 0.0042 0.5668 0.0968 0.0085 0.0047 0.0065 0.0019 
       LINDA 0.0927 0.0333 0.0526 0.4091 0.0035 0.0567 0.0070 0.0061 0.3340 0.0050 
      LINTON 0.0036 0.0159 0.0697 0.1783 0.0858 0.1542 0.0028 0.1787 0.1704 0.1406 
 LINZER_DELI 0.1126 0.1033 0.0391 0.3620 0.1316 0.0064 0.0542 0.0357 0.1361 0.0190 
   LIONHEART 0.0175 0.0972 0.0062 0.0555 0.3381 0.0290 0.0922 0.1259 0.1605 0.0778 
   MADELEINE 0.0355 0.0886 0.0171 0.2950 0.2138 0.0094 0.0978 0.0040 0.1591 0.0797 
   MADINGLEY 0.0016 0.0381 0.1290 0.2803 0.0583 0.1986 0.0034 0.1356 0.1144 0.0406 
    MAJESTIC 0.1105 0.0681 0.0032 0.0699 0.0078 0.0358 0.2444 0.3248 0.0261 0.1094 
     MARABEL 0.0032 0.0302 0.0051 0.2607 0.2434 0.0137 0.1418 0.0744 0.2019 0.0256 
     MARFONA 0.1350 0.0081 0.0264 0.0208 0.4437 0.0243 0.0390 0.1150 0.0536 0.1341 
     MARILYN 0.0317 0.1006 0.0131 0.2519 0.0890 0.0948 0.1025 0.0220 0.2691 0.0254 
 MARIS_ANCHO 0.1633 0.0144 0.0239 0.1924 0.1742 0.0077 0.1627 0.1259 0.0325 0.1031 
  MARIS_BARD 0.0867 0.0156 0.1242 0.0012 0.2021 0.0168 0.1987 0.1493 0.0095 0.1959 
  MARIS_PEER 0.1247 0.0233 0.0471 0.0332 0.0023 0.1363 0.1414 0.1837 0.1085 0.1995 
 MARIS_PIPER 0.0055 0.0236 0.3861 0.0046 0.0070 0.0051 0.0027 0.0024 0.0502 0.5127 
     MARKIES 0.0605 0.0429 0.0166 0.2139 0.2696 0.0391 0.0083 0.0153 0.3004 0.0336 
      MAXINE 0.0178 0.0265 0.0959 0.1095 0.0077 0.1066 0.0464 0.1741 0.0353 0.3803 
      MEGARA 0.0140 0.0717 0.0216 0.1857 0.2493 0.0123 0.0437 0.0042 0.3252 0.0723 
      MELODY 0.0417 0.0484 0.1300 0.1475 0.2405 0.1128 0.1047 0.0217 0.1339 0.0187 
       MIDAS 0.0047 0.0161 0.3021 0.1821 0.1081 0.0100 0.0044 0.0032 0.0704 0.2989 
       MILVA 0.0398 0.0599 0.1149 0.2640 0.1392 0.0100 0.1608 0.0233 0.1835 0.0046 
        MIMI 0.0426 0.1177 0.1125 0.0634 0.2537 0.0360 0.1605 0.0030 0.0045 0.2061 
        MIRA 0.1177 0.0023 0.0896 0.0053 0.3227 0.0066 0.2947 0.0053 0.1515 0.0043 
       MOIRA 0.0374 0.0178 0.1120 0.1886 0.0795 0.0770 0.2959 0.0723 0.0911 0.0283 
    MONTROSE 0.0354 0.4263 0.3687 0.0068 0.0046 0.0122 0.0062 0.0064 0.0052 0.1283 
       MORAG 0.1092 0.1790 0.1158 0.0089 0.0044 0.1023 0.3355 0.0627 0.0036 0.0785 
      MORENE 0.1402 0.0067 0.0080 0.0075 0.4762 0.0525 0.1087 0.0709 0.1264 0.0029 
      MOZART 0.0018 0.2346 0.0012 0.3094 0.2616 0.0051 0.0309 0.0203 0.0730 0.0621 
 MYATT'S_ASH 0.5365 0.0024 0.1641 0.0033 0.0708 0.0042 0.0080 0.0160 0.1929 0.0018 
      NADINE 0.0078 0.1295 0.0565 0.2058 0.0366 0.0834 0.0463 0.0171 0.0343 0.3826 
       NAVAN 0.0101 0.0347 0.2341 0.0671 0.0152 0.0298 0.0842 0.0231 0.0050 0.4968 
 NDTX_4271_5 0.0126 0.1516 0.0082 0.3678 0.0034 0.0066 0.0106 0.2353 0.0023 0.2016 
      NICOLA 0.0734 0.0041 0.0377 0.3549 0.0383 0.0120 0.0478 0.0230 0.4025 0.0063 
     NOVELLA 0.0404 0.0246 0.0056 0.1522 0.2290 0.0706 0.2543 0.0103 0.1058 0.1073 
     OLYMPUS 0.0835 0.3552 0.0957 0.1009 0.0087 0.0272 0.0765 0.1134 0.0066 0.1325 
       OPERA 0.0118 0.1574 0.0031 0.1318 0.2383 0.0933 0.0077 0.0440 0.1966 0.1158 
   ORCHESTRA 0.0571 0.0791 0.0125 0.2494 0.1662 0.0122 0.0609 0.0033 0.2229 0.1364 
      ORIANA 0.0053 0.0023 0.0730 0.0991 0.1504 0.0957 0.2783 0.1244 0.1695 0.0020 
     OTHELLO 0.0580 0.0715 0.0027 0.0887 0.0042 0.4990 0.0080 0.0544 0.0063 0.2072 
     PALADIN 0.0231 0.1003 0.3898 0.0034 0.0445 0.0044 0.0040 0.0551 0.0172 0.3582 
       PANDA 0.0052 0.0814 0.0114 0.4251 0.0434 0.0525 0.0146 0.0042 0.2526 0.1096 
   PARAMOUNT 0.0558 0.0802 0.0052 0.1771 0.1769 0.3533 0.1066 0.0206 0.0032 0.0211 
    PATRONES 0.1456 0.0086 0.0527 0.1188 0.2486 0.0303 0.0458 0.1291 0.1220 0.0985 
 PENTLAND_AC 0.1638 0.0101 0.0241 0.1070 0.0410 0.0682 0.2937 0.0156 0.0698 0.2067 
 PENTLAND_BE 0.3426 0.0023 0.1193 0.0048 0.0231 0.0942 0.2223 0.1225 0.0220 0.0468 
 PENTLAND_CR 0.0420 0.2782 0.0392 0.0023 0.1552 0.0215 0.2732 0.0815 0.0906 0.0163 
 PENTLAND_DE 0.2306 0.1912 0.0190 0.0390 0.0094 0.0846 0.2523 0.1218 0.0047 0.0475 
 PENTLAND_IV 0.1044 0.1038 0.0036 0.1604 0.0020 0.0384 0.2627 0.1663 0.0036 0.1549 
 PENTLAND_JA 0.0187 0.1374 0.0637 0.0075 0.0795 0.0171 0.2380 0.3283 0.0871 0.0226 
 PENTLAND_MA 0.0056 0.0092 0.1262 0.0148 0.0810 0.1165 0.4662 0.0570 0.1209 0.0026 
 PENTLAND_SQ 0.1415 0.2672 0.0389 0.0102 0.0126 0.0210 0.2961 0.0987 0.0875 0.0263 
   PEPO_1978 0.0048 0.0097 0.1739 0.3278 0.0573 0.0126 0.1765 0.0299 0.1753 0.0322 
     PICASSO 0.0021 0.0140 0.0069 0.0374 0.2169 0.4883 0.0203 0.0390 0.0231 0.1520 
   PIMPERNEL 0.1235 0.0988 0.0441 0.1643 0.4049 0.0933 0.0157 0.0026 0.0437 0.0090 
     PIONEER 0.0714 0.1346 0.0079 0.3100 0.0019 0.0030 0.0116 0.0060 0.4432 0.0104 
       PIXIE 0.0061 0.2150 0.0072 0.1386 0.1067 0.2112 0.0032 0.0156 0.0046 0.2919 
    PREMIERE 0.1994 0.0067 0.0737 0.0029 0.3937 0.0041 0.1830 0.0451 0.0457 0.0456 
   PRODUCENT 0.0189 0.0790 0.0960 0.1318 0.3479 0.0039 0.0089 0.0476 0.1149 0.1510 
     PROVOST 0.0552 0.1141 0.0794 0.0906 0.0383 0.0947 0.2515 0.2218 0.0453 0.0092 
  R.P.LUSTRE 0.2323 0.0939 0.0289 0.2238 0.0039 0.0104 0.1357 0.0449 0.0238 0.2024 
 RANGER_RUSS 0.1548 0.0017 0.0367 0.0118 0.0492 0.1195 0.0311 0.4491 0.1432 0.0029 
       RATTE 0.2368 0.2164 0.2605 0.2034 0.0055 0.0032 0.0030 0.0629 0.0060 0.0025 
      RECORD 0.2244 0.0034 0.0544 0.0250 0.6134 0.0479 0.0118 0.0040 0.0124 0.0033 
   REMBRANDT 0.0506 0.1139 0.0282 0.0065 0.2026 0.0044 0.0098 0.0753 0.4053 0.1033 
    RIO_ROJO 0.0170 0.1144 0.0337 0.2497 0.0691 0.1254 0.0097 0.3318 0.0037 0.0454 
      ROBIJN 0.1114 0.0028 0.1733 0.1370 0.4131 0.0169 0.0854 0.0213 0.0375 0.0014 
      ROCKET 0.0243 0.0890 0.3021 0.0774 0.0204 0.0297 0.0690 0.0902 0.0016 0.2963 
   RODE_STAR 0.1865 0.0067 0.1884 0.3026 0.2949 0.0098 0.0032 0.0014 0.0043 0.0021 
      ROMANO 0.0119 0.0746 0.0058 0.2307 0.2634 0.2019 0.1807 0.0049 0.0031 0.0230 
       ROMEO 0.2140 0.1562 0.0021 0.2413 0.0082 0.2235 0.0755 0.0064 0.0061 0.0666 
     ROOSTER 0.1232 0.2574 0.0136 0.0377 0.0992 0.0979 0.2583 0.0552 0.0299 0.0276 
       ROYAL 0.0035 0.0145 0.2492 0.2651 0.0715 0.0791 0.0035 0.0069 0.1236 0.1831 
 ROYAL_KIDNE 0.3784 0.0043 0.0153 0.0022 0.0272 0.0098 0.1221 0.3446 0.0768 0.0194 
     RUBESSE 0.0859 0.1142 0.0028 0.2109 0.1072 0.0564 0.0993 0.0758 0.1658 0.0817 
 RUSSET_BURB 0.1332 0.0296 0.0055 0.1499 0.0853 0.0348 0.0323 0.4448 0.0137 0.0708 
 RUSSET_NORK 0.0597 0.0294 0.0061 0.2664 0.0026 0.0080 0.0108 0.4954 0.0089 0.1129 
      SAFARI 0.0090 0.0948 0.0033 0.0853 0.3488 0.0461 0.2957 0.0084 0.0471 0.0613 
     SANTANA 0.0166 0.0570 0.0580 0.0904 0.3556 0.0400 0.0038 0.1993 0.0757 0.1035 
       SANTE 0.0876 0.1240 0.0127 0.0998 0.4039 0.0055 0.1274 0.0037 0.0158 0.1197 
     SAPHIRE 0.0025 0.1504 0.0027 0.0094 0.3517 0.0078 0.0242 0.2178 0.1474 0.0859 
  SARPO_MIRA 0.0823 0.0057 0.0968 0.4174 0.1550 0.1395 0.0046 0.0095 0.0354 0.0538 
 SARPO_SHONA 0.0538 0.0136 0.0450 0.3955 0.2224 0.1267 0.0209 0.0071 0.0558 0.0592 
       SASSY 0.1370 0.0392 0.1022 0.1772 0.2288 0.0431 0.0543 0.1042 0.0527 0.0613 
     SATURNA 0.0716 0.0038 0.1959 0.2957 0.3153 0.0078 0.0054 0.0055 0.0947 0.0041 
        SAVA 0.0202 0.0076 0.0173 0.3043 0.0438 0.0077 0.1404 0.0561 0.2181 0.1846 
       SAXON 0.0411 0.1772 0.2253 0.0143 0.0103 0.0129 0.1511 0.0036 0.0262 0.3380 
 SCARBOROUGH 0.0032 0.4106 0.2355 0.0127 0.0038 0.0024 0.0054 0.0044 0.0025 0.3194 
 SEFTON_WOND 0.4028 0.0881 0.0741 0.0043 0.0153 0.0176 0.0485 0.1766 0.0168 0.1561 
    SERAFINA 0.0584 0.1162 0.0302 0.3925 0.1120 0.0612 0.1149 0.0163 0.0956 0.0028 
     SETANTA 0.0492 0.4769 0.0124 0.0715 0.0932 0.0859 0.0858 0.0404 0.0100 0.0747 
 SHARPE'S_EX 0.4694 0.0056 0.1334 0.0708 0.0326 0.0124 0.0029 0.0256 0.1264 0.1209 
     SHELAGH 0.1276 0.1011 0.1846 0.0656 0.1033 0.1934 0.1124 0.0206 0.0325 0.0590 
    SHELFORD 0.0356 0.0034 0.1024 0.2428 0.0967 0.2235 0.0023 0.1242 0.1630 0.0062 
     SHEPODY 0.0777 0.0058 0.0831 0.0018 0.2132 0.1484 0.0100 0.4135 0.0432 0.0033 
      SLANEY 0.0075 0.1114 0.0248 0.0941 0.0046 0.3359 0.0723 0.0127 0.0676 0.2690 
        SPEY 0.0036 0.1348 0.0056 0.0325 0.0214 0.3625 0.1287 0.0044 0.0535 0.2530 
      SPUNTA 0.1399 0.1559 0.0637 0.2951 0.0353 0.1306 0.0067 0.0572 0.0602 0.0555 
     STAMINA 0.0020 0.0221 0.1186 0.0052 0.0442 0.1974 0.0359 0.0255 0.0260 0.5231 
    STEMSTER 0.0420 0.0113 0.2205 0.1805 0.1155 0.0973 0.0531 0.0105 0.0818 0.1877 
 STORMONT_EN 0.1202 0.0082 0.1024 0.1049 0.2839 0.1206 0.0301 0.0686 0.0050 0.1561 
    STIRLING 0.0081 0.2406 0.0054 0.0085 0.0226 0.1582 0.3202 0.0846 0.0433 0.1086 
     SYLVANA 0.0471 0.0309 0.0212 0.1990 0.1790 0.0703 0.0926 0.1793 0.0693 0.1113 
         TAY 0.0038 0.4455 0.0760 0.0657 0.0106 0.1325 0.1024 0.0128 0.0024 0.1483 
      TIMATE 0.0165 0.0614 0.0176 0.3251 0.2474 0.0041 0.0048 0.0393 0.1642 0.1196 
      TOLUCA 0.0059 0.0178 0.0202 0.2883 0.0985 0.1336 0.2025 0.0623 0.1677 0.0031 
    TORRIDON 0.0089 0.1193 0.0983 0.0439 0.1666 0.1962 0.1680 0.0418 0.1486 0.0087 
 ULSTER_SCEP 0.1098 0.0193 0.0519 0.0064 0.0383 0.0101 0.2933 0.1400 0.0120 0.3189 
 UMATILLA_RU 0.1539 0.0490 0.3332 0.0827 0.0572 0.0217 0.1343 0.0120 0.0187 0.1373 
 VALES_EMERA 0.0601 0.1975 0.0412 0.3307 0.0078 0.0216 0.0207 0.0437 0.0901 0.1867 
 VALES_EVERE 0.1370 0.3154 0.0187 0.0116 0.0166 0.2757 0.0408 0.0175 0.0211 0.1458 
 VALES_RUSSE 0.0830 0.0782 0.1491 0.1394 0.0111 0.0145 0.0191 0.4207 0.0791 0.0058 
 VALES_SOVER 0.0022 0.1023 0.0485 0.0092 0.0464 0.5638 0.0054 0.0065 0.0030 0.2128 
       VALOR 0.0030 0.1962 0.0062 0.0082 0.1185 0.3537 0.0089 0.0040 0.0051 0.2961 
    VAN_GOGH 0.1113 0.0550 0.0277 0.1093 0.3396 0.0031 0.1183 0.0069 0.1361 0.0929 
     VANTAGE 0.1596 0.0026 0.1544 0.0140 0.3801 0.0422 0.0103 0.1837 0.0478 0.0053 
       VERDI 0.0697 0.0266 0.1487 0.2496 0.1584 0.0646 0.0714 0.0155 0.1505 0.0450 
    VICTORIA 0.0240 0.0872 0.0037 0.0448 0.1438 0.0076 0.0843 0.1237 0.3870 0.0937 
     VIVALDI 0.0087 0.0027 0.0140 0.1243 0.2364 0.0501 0.2966 0.1600 0.1042 0.0030 
       WILJA 0.1312 0.0016 0.0643 0.0017 0.4985 0.0622 0.0960 0.0587 0.0682 0.0177 
     WINSTON 0.0123 0.0883 0.0159 0.1954 0.0111 0.1354 0.1096 0.0105 0.0025 0.4190 
      XD2-21 0.2237 0.0547 0.0061 0.0741 0.0639 0.1086 0.2056 0.0999 0.0042 0.1592 
  YUKON_GOLD 0.0028 0.2371 0.0054 0.2303 0.0524 0.0070 0.0059 0.2926 0.0253 0.1414 
       ZORBA 0.0495 0.0122 0.0827 0.0032 0.1728 0.0508 0.2416 0.1597 0.2228 0.0046 
