  00C133-020 0.0064 0.4458 0.3026 0.0053 0.0510 0.1195 0.0247 0.0242 0.0206 
 01C_071-002 0.2273 0.1115 0.2221 0.0650 0.1336 0.0207 0.0229 0.1032 0.0938 
 02M_012-001 0.2405 0.4514 0.0753 0.0031 0.0646 0.0552 0.0147 0.0876 0.0077 
 03M_016-002 0.2885 0.2943 0.0097 0.1797 0.0293 0.0176 0.1697 0.0079 0.0035 
 03M_034-002 0.0114 0.4990 0.1723 0.0082 0.0023 0.0030 0.1118 0.0032 0.1889 
 04C_055-004 0.1579 0.3736 0.0057 0.0465 0.0116 0.1788 0.0046 0.1317 0.0897 
 04C_126-005 0.0293 0.2630 0.3535 0.0131 0.0331 0.0552 0.0836 0.0543 0.1149 
 04M_034-013 0.1808 0.4144 0.0071 0.1270 0.0197 0.0408 0.1047 0.0253 0.0801 
 05M_002-001 0.0665 0.0977 0.0622 0.1288 0.2081 0.0165 0.0918 0.2222 0.1063 
 05M_004-003 0.0055 0.1251 0.2184 0.0650 0.3110 0.0185 0.0179 0.2231 0.0155 
 05M_012-004 0.0171 0.1495 0.2139 0.1481 0.1794 0.1126 0.0561 0.0551 0.0683 
 06C_127-002 0.0156 0.2629 0.1631 0.0774 0.0028 0.1597 0.0588 0.2444 0.0152 
 12288_AF_23 0.0202 0.3395 0.0408 0.0140 0.1224 0.4101 0.0039 0.0139 0.0353 
    12601AB1 0.2378 0.3372 0.1238 0.0021 0.0029 0.0033 0.2642 0.0228 0.0059 
   12636_A_2 0.0138 0.4468 0.2064 0.0069 0.0468 0.0729 0.1891 0.0070 0.0104 
  15119_AC_5 0.2298 0.1695 0.4464 0.0248 0.0296 0.0294 0.0407 0.0012 0.0287 
     1512C16 0.0174 0.0118 0.1204 0.1891 0.1375 0.1968 0.2438 0.0434 0.0399 
   15144_A_3 0.0167 0.0040 0.5144 0.0022 0.0089 0.2185 0.0529 0.1249 0.0576 
     1563C14 0.2238 0.0042 0.0047 0.0137 0.1361 0.1486 0.2663 0.1137 0.0888 
     2182EF7 0.0121 0.0697 0.4046 0.2613 0.0082 0.0108 0.0789 0.1417 0.0127 
     3681AD1 0.1299 0.0106 0.3076 0.0745 0.2806 0.0150 0.0093 0.1469 0.0255 
     5008AB6 0.1481 0.0204 0.3328 0.0342 0.0099 0.0344 0.0164 0.1795 0.2243 
    8204_A_4 0.0076 0.1374 0.3810 0.1216 0.0058 0.1143 0.0345 0.1573 0.0405 
       AGRIA 0.0041 0.0075 0.0039 0.0503 0.3685 0.0052 0.0917 0.4602 0.0086 
       AILSA 0.1045 0.5002 0.0183 0.0440 0.0069 0.1031 0.0580 0.1550 0.0099 
      ALMERA 0.1013 0.0214 0.0319 0.2512 0.1541 0.0204 0.0049 0.2303 0.1845 
       ALPHA 0.1406 0.0319 0.0080 0.0780 0.1966 0.1436 0.0996 0.0243 0.2774 
      ALWARA 0.0954 0.0197 0.1792 0.0287 0.0334 0.2343 0.0046 0.0658 0.3389 
      AMADRA 0.1208 0.1680 0.0120 0.0296 0.1203 0.0906 0.0713 0.1942 0.1931 
       AMOUR 0.0849 0.2944 0.3957 0.0167 0.0609 0.1180 0.0065 0.0168 0.0062 
        ANNA 0.0309 0.0086 0.7205 0.0813 0.0131 0.0065 0.1248 0.0030 0.0113 
   ANNABELLE 0.0301 0.0247 0.0585 0.1507 0.0085 0.0040 0.0130 0.3113 0.3991 
        ANYA 0.0296 0.0247 0.0292 0.0382 0.0063 0.2154 0.1980 0.2824 0.1763 
       ARGOS 0.0727 0.1462 0.3756 0.0610 0.0874 0.2244 0.0025 0.0077 0.0226 
     ARIELLE 0.0296 0.0301 0.0170 0.1209 0.1412 0.1107 0.0755 0.2178 0.2572 
      ARKULA 0.0088 0.0365 0.0433 0.0759 0.1815 0.1294 0.0996 0.0482 0.3768 
      ARMADA 0.0322 0.1628 0.0280 0.1208 0.0914 0.0860 0.0594 0.0231 0.3964 
   AVALANCHE 0.0492 0.3949 0.0507 0.1462 0.2679 0.0193 0.0059 0.0107 0.0552 
     BAILLIE 0.0620 0.4261 0.0984 0.0807 0.1339 0.0747 0.0041 0.0422 0.0780 
    BALMORAL 0.0725 0.0085 0.4212 0.2397 0.1555 0.0357 0.0138 0.0056 0.0475 
     BAMBINO 0.0423 0.4273 0.1992 0.0249 0.0862 0.1163 0.0081 0.0586 0.0372 
       BARNA 0.0122 0.0782 0.2725 0.0142 0.0118 0.3349 0.0271 0.0356 0.2135 
 BELLE_DE_FO 0.1569 0.0028 0.0079 0.0053 0.0599 0.0376 0.6909 0.0023 0.0363 
       BENOL 0.1255 0.4792 0.1197 0.0087 0.0267 0.0015 0.0775 0.1576 0.0035 
       BF_15 0.0845 0.0040 0.0186 0.0038 0.0923 0.0094 0.6050 0.0471 0.1351 
      BINTJE 0.0872 0.0568 0.0368 0.1250 0.1741 0.1057 0.2596 0.0300 0.1249 
 BIONICA_EX_ 0.0574 0.1092 0.2357 0.1113 0.0990 0.0058 0.0909 0.1597 0.1308 
 BLUE_DANUBE 0.2043 0.0045 0.1190 0.1620 0.2696 0.0048 0.0100 0.0097 0.2161 
      BONNIE 0.0054 0.2310 0.1840 0.0570 0.0451 0.1553 0.0345 0.1002 0.1876 
      BOUNTY 0.0226 0.3576 0.2230 0.0095 0.1532 0.1464 0.0151 0.0666 0.0060 
 BRITISH_QUE 0.0565 0.0137 0.0331 0.3024 0.1936 0.0038 0.3668 0.0031 0.0270 
     BRODICK 0.0059 0.4940 0.2007 0.0156 0.0035 0.0121 0.0253 0.2170 0.0260 
      BRODIE 0.0081 0.0245 0.4093 0.0806 0.0512 0.2847 0.1333 0.0046 0.0038 
      BUCHAN 0.0240 0.0771 0.3532 0.0547 0.0064 0.3320 0.0824 0.0652 0.0050 
      BURREN 0.1424 0.0118 0.3980 0.0321 0.0810 0.1460 0.0276 0.1298 0.0312 
     CABARET 0.1862 0.4539 0.0660 0.0242 0.0327 0.0881 0.1357 0.0042 0.0090 
      CAESAR 0.0044 0.0097 0.0575 0.0762 0.2472 0.1686 0.0028 0.3031 0.1305 
        CARA 0.0472 0.0520 0.6128 0.0080 0.0317 0.2017 0.0289 0.0066 0.0111 
 CARLINGFORD 0.0203 0.1099 0.1395 0.2841 0.0050 0.2240 0.0326 0.0837 0.1009 
  CASABLANCA 0.0041 0.2734 0.3130 0.1515 0.1839 0.0036 0.0035 0.0329 0.0342 
      CELINE 0.0213 0.0836 0.1615 0.0257 0.1622 0.1805 0.0291 0.0141 0.3221 
  CHALLENGER 0.0130 0.1586 0.0042 0.1218 0.2027 0.0630 0.1271 0.2089 0.1008 
   CHARLOTTE 0.0184 0.0746 0.0122 0.0038 0.0028 0.1855 0.1531 0.4541 0.0955 
     CHICAGO 0.1689 0.4024 0.0240 0.0071 0.1163 0.0120 0.0049 0.1775 0.0869 
   CHIEFTAIN 0.0094 0.0125 0.0181 0.2117 0.0710 0.3454 0.1421 0.1864 0.0033 
      CHOPIN 0.0466 0.0498 0.0635 0.2685 0.0740 0.0330 0.0054 0.1506 0.3086 
      CLARET 0.0096 0.0598 0.5083 0.0138 0.0080 0.2376 0.0560 0.0159 0.0909 
      CORINE 0.1634 0.0865 0.2406 0.1489 0.2807 0.0078 0.0131 0.0492 0.0099 
      COSMOS 0.0128 0.1547 0.0139 0.2018 0.2074 0.0296 0.0278 0.0380 0.3139 
     COURAGE 0.0260 0.0696 0.0443 0.0983 0.1526 0.2185 0.0670 0.0201 0.3036 
     COURLAN 0.0811 0.0211 0.0641 0.1653 0.1499 0.2319 0.0570 0.2260 0.0038 
 CRAIGS_ROYA 0.0125 0.1548 0.2448 0.1073 0.0684 0.3235 0.0805 0.0041 0.0041 
 CRAIGS_SNOW 0.1052 0.1170 0.0157 0.2090 0.1479 0.1468 0.2370 0.0149 0.0066 
     CRAMOND 0.0080 0.4654 0.1916 0.0781 0.0502 0.0124 0.0109 0.0940 0.0893 
 CRISPS_FOR_ 0.0104 0.0817 0.0107 0.0631 0.1513 0.2472 0.0670 0.1600 0.2085 
    CROMWELL 0.2192 0.5286 0.0160 0.0028 0.0978 0.0324 0.0736 0.0088 0.0208 
       D22/1 0.1426 0.4569 0.0190 0.0628 0.1432 0.1002 0.0664 0.0020 0.0069 
       D23/3 0.1860 0.3035 0.0069 0.0966 0.0932 0.1256 0.1685 0.0150 0.0047 
      D47-11 0.3447 0.5649 0.0069 0.0144 0.0489 0.0035 0.0075 0.0020 0.0071 
       D49/1 0.2211 0.6715 0.0020 0.0110 0.0110 0.0109 0.0097 0.0078 0.0551 
       DAISY 0.1532 0.4056 0.0055 0.0100 0.1290 0.0323 0.0875 0.1028 0.0740 
 DARK_RED_NO 0.1728 0.0113 0.1136 0.3758 0.0095 0.1107 0.0418 0.1489 0.0156 
     DARWINA 0.1407 0.0367 0.0076 0.1559 0.2600 0.0924 0.0224 0.1077 0.1766 
     DESIREE 0.0347 0.0029 0.0562 0.0184 0.0317 0.3644 0.0910 0.0592 0.3415 
       DITTA 0.0188 0.0180 0.0110 0.1555 0.1720 0.0263 0.1373 0.2880 0.1731 
 DR._MCINTOS 0.0034 0.1013 0.1141 0.4075 0.0076 0.1736 0.0860 0.0059 0.1006 
       DRAGA 0.0106 0.1209 0.1287 0.2875 0.2418 0.0202 0.0081 0.1418 0.0404 
 DUKE_OF_YOR 0.0164 0.0048 0.0094 0.3406 0.1271 0.0019 0.3407 0.0047 0.1544 
 DUNBAR_STAN 0.0100 0.1516 0.0204 0.2529 0.1009 0.1622 0.2937 0.0037 0.0046 
     DUNDROD 0.1869 0.4003 0.0331 0.0461 0.0416 0.1318 0.0480 0.1008 0.0115 
     ECLIPSE 0.1055 0.0492 0.0019 0.2490 0.0017 0.1554 0.3189 0.0625 0.0558 
        EDEN 0.1597 0.6322 0.0319 0.0124 0.0144 0.0182 0.1004 0.0159 0.0148 
 EDZELL_BLUE 0.1471 0.0302 0.0858 0.0664 0.1686 0.1302 0.2215 0.0464 0.1039 
   ELISABETH 0.0064 0.1544 0.0054 0.0806 0.0043 0.1999 0.0056 0.2130 0.3303 
     EMPEROR 0.0644 0.1191 0.0083 0.2475 0.1645 0.1379 0.0106 0.2429 0.0048 
         EOS 0.0078 0.2522 0.0080 0.1277 0.0332 0.2285 0.0160 0.1738 0.1529 
     EPICURE 0.0541 0.0202 0.0068 0.2192 0.0039 0.1924 0.3091 0.0081 0.1862 
  ERNTESTOLZ 0.0812 0.0130 0.0885 0.1642 0.1612 0.0121 0.2034 0.1948 0.0815 
      ESCORT 0.0123 0.1395 0.0443 0.0140 0.1505 0.1523 0.0079 0.2267 0.2525 
   ESMERALDA 0.0055 0.1597 0.0173 0.0054 0.1274 0.1812 0.1313 0.0797 0.2925 
      ESTIMA 0.0084 0.1687 0.0047 0.1773 0.0820 0.0993 0.0666 0.0938 0.2991 
 EVE_BALFOUR 0.0506 0.1593 0.4022 0.0555 0.0101 0.0749 0.1768 0.0163 0.0542 
   EXCALIBUR 0.0031 0.3831 0.3819 0.0026 0.0882 0.0330 0.0031 0.1005 0.0045 
     EXQUISA 0.1290 0.0052 0.0797 0.0110 0.0055 0.1054 0.0558 0.2299 0.3785 
    FESTIVAL 0.0079 0.1337 0.0180 0.0683 0.1391 0.1092 0.0041 0.2269 0.2927 
      FIANNA 0.0276 0.0309 0.2017 0.2409 0.1546 0.0567 0.0059 0.0949 0.1868 
   FIFTYFOLD 0.1959 0.0346 0.0138 0.0516 0.0636 0.1825 0.3979 0.0252 0.0349 
     FONTANE 0.0041 0.1000 0.0043 0.0625 0.3877 0.0439 0.0821 0.3104 0.0049 
   FORTYFOLD 0.2485 0.0020 0.0150 0.1215 0.2029 0.0044 0.3618 0.0082 0.0358 
 FRONTIER_RU 0.0641 0.0584 0.0049 0.3438 0.0683 0.1788 0.1366 0.1366 0.0085 
     G.81071 0.0136 0.1738 0.2103 0.1740 0.0123 0.1043 0.0952 0.1055 0.1111 
     G.88661 0.0059 0.2266 0.0453 0.3269 0.0459 0.1399 0.0051 0.1302 0.0742 
    G.886611 0.0023 0.2147 0.0416 0.2696 0.0035 0.2289 0.0044 0.1752 0.0598 
  G.8867Y%12 0.0028 0.0792 0.1328 0.3490 0.0036 0.1751 0.0063 0.1509 0.1002 
     G.88839 0.1287 0.0043 0.0089 0.0209 0.0030 0.0193 0.0027 0.3560 0.4562 
     G.88842 0.0205 0.0257 0.1740 0.1792 0.0123 0.0095 0.0061 0.2232 0.3496 
   GALACTICA 0.1791 0.0029 0.3431 0.1077 0.1870 0.0037 0.0209 0.0045 0.1511 
      GEMSON 0.0341 0.0972 0.2262 0.1918 0.0544 0.2032 0.1466 0.0374 0.0091 
  GL.76B/102 0.4930 0.0386 0.0045 0.1925 0.0087 0.0256 0.0135 0.1669 0.0566 
   GL.76B/94 0.4835 0.0014 0.0995 0.0362 0.0723 0.0032 0.1350 0.0113 0.1574 
  GL.77M/106 0.1191 0.1820 0.2486 0.0063 0.0040 0.1564 0.1145 0.1585 0.0104 
   GL.78/166 0.6080 0.0039 0.0113 0.1469 0.0406 0.0049 0.1286 0.0070 0.0488 
    GL.78/53 0.5538 0.0654 0.0108 0.0138 0.0020 0.0862 0.1216 0.1427 0.0037 
    GL.78/97 0.4962 0.0260 0.0220 0.0496 0.0102 0.0284 0.2123 0.1264 0.0288 
    GL.79/42 0.4412 0.0561 0.0027 0.0020 0.0067 0.1617 0.1804 0.0799 0.0693 
    GL.79/45 0.5042 0.0154 0.0252 0.0039 0.0022 0.1370 0.1438 0.0288 0.1396 
 GL.81_NT_25 0.3116 0.4214 0.0218 0.0060 0.1136 0.0022 0.1155 0.0047 0.0032 
   GLADIATOR 0.0865 0.0178 0.0456 0.1235 0.1923 0.2946 0.0032 0.1783 0.0582 
      GLAMIS 0.0127 0.4114 0.0108 0.0946 0.0834 0.1570 0.0236 0.0852 0.1212 
 GOLDEN_MILL 0.0134 0.4419 0.2587 0.0055 0.0072 0.0065 0.0992 0.1452 0.0223 
 GOLDEN_NUGG 0.0138 0.0342 0.1453 0.0046 0.2517 0.3178 0.0089 0.0215 0.2022 
 GOLDEN_WOND 0.0702 0.0514 0.0073 0.0144 0.1259 0.1327 0.4750 0.0202 0.1029 
     GRANOLA 0.1701 0.0636 0.0383 0.0208 0.0055 0.1148 0.0163 0.4115 0.1592 
    H1H3_101 0.3038 0.5679 0.0038 0.0060 0.0182 0.0018 0.0945 0.0019 0.0020 
      H1H3_3 0.0326 0.4112 0.0692 0.0945 0.1124 0.0836 0.1474 0.0271 0.0221 
 HARBOROUGH_ 0.0042 0.6449 0.1381 0.0100 0.0162 0.0040 0.0104 0.1678 0.0044 
   HARLEQUIN 0.0803 0.0521 0.0120 0.0036 0.0546 0.2465 0.1511 0.3911 0.0087 
      HERMES 0.1807 0.0079 0.0958 0.0493 0.2467 0.1038 0.0260 0.2216 0.0682 
 HIGHLAND_BU 0.2972 0.0114 0.0240 0.0137 0.0173 0.0016 0.5424 0.0053 0.0870 
  HOME_GUARD 0.0028 0.1659 0.1064 0.1303 0.1007 0.1602 0.2648 0.0654 0.0036 
     HORIZON 0.1544 0.0494 0.0499 0.0171 0.2541 0.0728 0.1092 0.0574 0.2357 
   INNOVATOR 0.0737 0.0035 0.1097 0.4126 0.2192 0.0033 0.1260 0.0038 0.0482 
 INTERNATION 0.2188 0.0028 0.0047 0.0083 0.0913 0.0024 0.6636 0.0048 0.0034 
 ISLE_OF_JUR 0.0801 0.4155 0.1528 0.1039 0.0088 0.0103 0.0472 0.0661 0.1154 
    JULIETTE 0.0070 0.0076 0.0251 0.0050 0.0935 0.0567 0.1258 0.5995 0.0797 
     KARLENA 0.1719 0.0054 0.2009 0.1870 0.2914 0.0153 0.0942 0.0160 0.0180 
 KERR'S_PINK 0.1263 0.0702 0.0346 0.1957 0.0650 0.1323 0.3655 0.0060 0.0043 
     KESTREL 0.0253 0.2693 0.2597 0.0071 0.0215 0.3879 0.0041 0.0188 0.0063 
       KIFLI 0.2565 0.0410 0.0055 0.0126 0.0066 0.1821 0.0212 0.3166 0.1580 
 KING_EDWARD 0.1942 0.0593 0.0017 0.0480 0.0045 0.0948 0.5522 0.0151 0.0301 
    KINGSTON 0.0932 0.4190 0.1676 0.0036 0.0773 0.0069 0.1050 0.1114 0.0159 
 KUFRI_CHAND 0.0473 0.0650 0.0420 0.2870 0.1743 0.1128 0.1630 0.0977 0.0110 
 KUFRI_JYOTI 0.1744 0.0089 0.3762 0.1152 0.0264 0.0435 0.0241 0.1391 0.0922 
      KURODA 0.0794 0.0079 0.1021 0.1884 0.3000 0.0173 0.0034 0.1407 0.1608 
 LADY_BALFOU 0.0738 0.1536 0.3546 0.1148 0.0256 0.1260 0.0870 0.0083 0.0563 
 LADY_CHRIST 0.1587 0.0498 0.0172 0.0339 0.2369 0.0762 0.1467 0.0376 0.2429 
 LADY_CLAIRE 0.0773 0.0035 0.0069 0.0099 0.4172 0.0011 0.1102 0.1726 0.2012 
     LADY_JO 0.1043 0.0065 0.0057 0.0780 0.3914 0.0025 0.1793 0.0024 0.2299 
 LADY_ROSETT 0.0144 0.1105 0.0080 0.0135 0.2373 0.2598 0.1029 0.0045 0.2492 
    LIBERTAS 0.1836 0.0032 0.0469 0.0028 0.3867 0.0057 0.1177 0.0014 0.2521 
       LINDA 0.1395 0.0029 0.0109 0.0101 0.0095 0.0800 0.1459 0.4549 0.1463 
      LINTON 0.1506 0.0480 0.0253 0.1340 0.2516 0.1754 0.0048 0.2053 0.0049 
 LINZER_DELI 0.0856 0.0110 0.0037 0.0146 0.0747 0.2140 0.1287 0.2428 0.2251 
   LIONHEART 0.0084 0.0527 0.1057 0.1658 0.2605 0.0368 0.0323 0.1156 0.2222 
   MADELEINE 0.0407 0.0896 0.0254 0.0157 0.0905 0.1107 0.0401 0.2700 0.3172 
   MADINGLEY 0.2153 0.0159 0.0605 0.0709 0.1745 0.1937 0.0032 0.2300 0.0360 
    MAJESTIC 0.0025 0.0504 0.1546 0.4158 0.0144 0.1266 0.1276 0.0615 0.0465 
     MARABEL 0.0119 0.0208 0.0371 0.1543 0.0957 0.0432 0.0048 0.2716 0.3605 
     MARFONA 0.0217 0.0982 0.0165 0.1307 0.3444 0.0517 0.1152 0.0109 0.2106 
     MARILYN 0.0549 0.0128 0.1432 0.0724 0.0511 0.0850 0.0594 0.3034 0.2177 
 MARIS_ANCHO 0.0131 0.1217 0.0149 0.1924 0.0603 0.0726 0.1540 0.0828 0.2882 
  MARIS_BARD 0.0148 0.2472 0.1357 0.2212 0.1673 0.0026 0.1025 0.0018 0.1068 
  MARIS_PEER 0.0508 0.1359 0.1513 0.2371 0.0622 0.1597 0.1368 0.0618 0.0045 
 MARIS_PIPER 0.1561 0.7210 0.0032 0.0032 0.0882 0.0032 0.0120 0.0075 0.0055 
     MARKIES 0.0284 0.0080 0.0081 0.0080 0.3013 0.0984 0.0969 0.2479 0.2029 
      MAXINE 0.0339 0.3515 0.0210 0.1871 0.0854 0.2834 0.0118 0.0149 0.0111 
      MEGARA 0.0794 0.0173 0.0301 0.0079 0.2873 0.0395 0.0490 0.3238 0.1658 
      MELODY 0.1552 0.0507 0.1320 0.0271 0.1856 0.0352 0.0566 0.1600 0.1977 
       MIDAS 0.2508 0.3577 0.0044 0.0030 0.1222 0.0485 0.0043 0.1648 0.0444 
       MILVA 0.1747 0.0105 0.0624 0.0964 0.0264 0.0220 0.0488 0.2744 0.2844 
        MIMI 0.0878 0.2597 0.0838 0.0044 0.1390 0.2145 0.0156 0.0128 0.1825 
        MIRA 0.0281 0.0226 0.0878 0.0757 0.2000 0.0020 0.1475 0.0051 0.4313 
       MOIRA 0.1571 0.0330 0.1843 0.1654 0.0168 0.0282 0.0281 0.1635 0.2235 
    MONTROSE 0.1831 0.4744 0.1150 0.0028 0.0032 0.0038 0.1171 0.0980 0.0026 
       MORAG 0.1103 0.1340 0.2718 0.1229 0.0047 0.1762 0.1183 0.0078 0.0539 
      MORENE 0.0096 0.0035 0.0999 0.0989 0.3080 0.0041 0.1387 0.0094 0.3279 
      MOZART 0.0019 0.0603 0.0558 0.0629 0.1276 0.1112 0.0032 0.3706 0.2066 
 MYATT'S_ASH 0.1730 0.0024 0.0085 0.0304 0.1481 0.0015 0.5718 0.0312 0.0331 
      NADINE 0.0069 0.3836 0.0254 0.0106 0.0853 0.3056 0.0057 0.0970 0.0798 
       NAVAN 0.0440 0.6543 0.0249 0.0725 0.0186 0.0923 0.0086 0.0067 0.0780 
 NDTX_4271_5 0.0597 0.1406 0.0037 0.1963 0.0053 0.3953 0.0090 0.1851 0.0049 
      NICOLA 0.1289 0.0031 0.0042 0.0717 0.0438 0.0265 0.0918 0.3719 0.2583 
     NOVELLA 0.0049 0.0669 0.1261 0.0975 0.1240 0.1106 0.0273 0.1352 0.3076 
     OLYMPUS 0.0303 0.2782 0.1406 0.0772 0.0158 0.1699 0.1253 0.1554 0.0073 
       OPERA 0.0051 0.0876 0.1107 0.0405 0.2631 0.1066 0.0334 0.2228 0.1302 
   ORCHESTRA 0.0113 0.1165 0.0119 0.0073 0.1570 0.1012 0.0766 0.2946 0.2235 
      ORIANA 0.0877 0.0032 0.1564 0.2328 0.0964 0.0135 0.0100 0.0496 0.3506 
     OTHELLO 0.0079 0.0780 0.4264 0.0383 0.0766 0.3256 0.0212 0.0235 0.0025 
     PALADIN 0.2345 0.5611 0.0072 0.0340 0.1041 0.0038 0.0467 0.0054 0.0032 
       PANDA 0.0668 0.0461 0.0113 0.0051 0.0728 0.1848 0.0089 0.4286 0.1756 
   PARAMOUNT 0.0390 0.0072 0.3137 0.0189 0.0643 0.2873 0.0246 0.0158 0.2292 
    PATRONES 0.0809 0.0318 0.0250 0.1677 0.2268 0.0554 0.1558 0.1342 0.1225 
 PENTLAND_AC 0.0078 0.1551 0.0964 0.0857 0.0987 0.2137 0.1568 0.0323 0.1535 
 PENTLAND_BE 0.0879 0.0341 0.1374 0.2015 0.0362 0.0275 0.3431 0.0018 0.1304 
 PENTLAND_CR 0.0183 0.0990 0.3037 0.1622 0.1213 0.0031 0.0973 0.1547 0.0404 
 PENTLAND_DE 0.0104 0.0888 0.2234 0.1677 0.0038 0.1457 0.2420 0.0174 0.1007 
 PENTLAND_IV 0.0090 0.0814 0.1329 0.2560 0.0025 0.2821 0.1071 0.1208 0.0082 
 PENTLAND_JA 0.0585 0.0504 0.1615 0.3873 0.1293 0.0318 0.0754 0.0816 0.0242 
 PENTLAND_MA 0.1576 0.0046 0.3217 0.1704 0.0464 0.0055 0.0086 0.0657 0.2195 
 PENTLAND_SQ 0.0086 0.1178 0.2636 0.1699 0.0181 0.0137 0.2005 0.1639 0.0439 
   PEPO_1978 0.2153 0.0562 0.0266 0.1239 0.0070 0.0066 0.0056 0.2770 0.2818 
     PICASSO 0.0164 0.0774 0.4617 0.0790 0.1625 0.0723 0.0020 0.0327 0.0959 
   PIMPERNEL 0.0928 0.0255 0.0931 0.0025 0.2442 0.0711 0.0937 0.1020 0.2751 
     PIONEER 0.0583 0.0064 0.0120 0.0269 0.0107 0.0599 0.1973 0.6000 0.0285 
       PIXIE 0.0101 0.2510 0.1846 0.0040 0.1230 0.3192 0.0034 0.0994 0.0054 
    PREMIERE 0.0129 0.0903 0.0430 0.1387 0.2036 0.0016 0.1850 0.0043 0.3205 
   PRODUCENT 0.1018 0.1435 0.0042 0.0380 0.2930 0.1021 0.0270 0.1536 0.1369 
     PROVOST 0.1252 0.0133 0.2217 0.2612 0.0581 0.0862 0.0674 0.0987 0.0683 
  R.P.LUSTRE 0.0054 0.2280 0.0130 0.1054 0.0025 0.1436 0.2325 0.1158 0.1537 
 RANGER_RUSS 0.0790 0.0018 0.0599 0.4195 0.1729 0.0428 0.2052 0.0067 0.0122 
       RATTE 0.3316 0.0542 0.0051 0.0134 0.0042 0.2107 0.2526 0.1226 0.0055 
      RECORD 0.0991 0.0046 0.0213 0.0038 0.3676 0.0076 0.1651 0.0031 0.3278 
   REMBRANDT 0.0255 0.0458 0.0146 0.0914 0.3994 0.0126 0.1492 0.2550 0.0065 
    RIO_ROJO 0.1507 0.0134 0.0550 0.2569 0.0729 0.3248 0.0097 0.0953 0.0214 
      ROBIJN 0.2422 0.0028 0.0316 0.0373 0.1964 0.0054 0.0839 0.0089 0.3916 
      ROCKET 0.2164 0.4398 0.0245 0.0981 0.0073 0.1388 0.0153 0.0030 0.0569 
   RODE_STAR 0.2256 0.0078 0.0035 0.0010 0.0783 0.1280 0.1584 0.0408 0.3566 
      ROMANO 0.0093 0.0470 0.2039 0.0110 0.0741 0.2304 0.0065 0.0196 0.3983 
       ROMEO 0.0050 0.0343 0.2138 0.0073 0.0061 0.2868 0.2100 0.1415 0.0952 
     ROOSTER 0.0078 0.1131 0.3065 0.1201 0.0405 0.0262 0.1417 0.1307 0.1134 
       ROYAL 0.2685 0.2031 0.0104 0.0047 0.1433 0.1042 0.0037 0.2274 0.0347 
 ROYAL_KIDNE 0.0134 0.0038 0.0536 0.3598 0.1213 0.0187 0.4165 0.0020 0.0108 
     RUBESSE 0.0043 0.0179 0.0730 0.0870 0.1469 0.2015 0.1091 0.2318 0.1287 
 RUSSET_BURB 0.0187 0.0176 0.0113 0.4161 0.1230 0.1864 0.1495 0.0126 0.0648 
 RUSSET_NORK 0.0713 0.0136 0.0038 0.4601 0.0059 0.2576 0.0624 0.1217 0.0035 
      SAFARI 0.0077 0.0288 0.1943 0.0775 0.1815 0.1122 0.0067 0.1079 0.2833 
     SANTANA 0.1228 0.0437 0.0178 0.1599 0.3281 0.1175 0.0271 0.1075 0.0757 
       SANTE 0.0187 0.1213 0.0381 0.0048 0.2587 0.1755 0.0619 0.0832 0.2379 
     SAPHIRE 0.0074 0.0348 0.0735 0.2365 0.3571 0.0610 0.0062 0.1676 0.0559 
  SARPO_MIRA 0.1631 0.0056 0.0036 0.0035 0.0994 0.3472 0.0376 0.1276 0.2123 
 SARPO_SHONA 0.0814 0.0160 0.0077 0.0038 0.1349 0.2972 0.0220 0.1339 0.3031 
       SASSY 0.1110 0.0747 0.0168 0.0806 0.2101 0.1277 0.1286 0.0656 0.1849 
     SATURNA 0.2355 0.0138 0.0039 0.0050 0.1579 0.0245 0.0772 0.1512 0.3310 
        SAVA 0.0651 0.0639 0.0047 0.1068 0.1015 0.2014 0.0177 0.2794 0.1595 
       SAXON 0.0534 0.5351 0.1458 0.0258 0.0064 0.0055 0.0620 0.0728 0.0931 
 SCARBOROUGH 0.0237 0.6984 0.0798 0.0139 0.0023 0.0122 0.0382 0.1088 0.0226 
 SEFTON_WOND 0.0289 0.1591 0.0561 0.1619 0.0822 0.0893 0.4136 0.0045 0.0045 
    SERAFINA 0.0903 0.0075 0.0545 0.0207 0.0063 0.1900 0.0641 0.2445 0.3222 
     SETANTA 0.0026 0.2836 0.2875 0.0337 0.0089 0.0452 0.0910 0.1704 0.0771 
 SHARPE'S_EX 0.1403 0.0438 0.0052 0.0094 0.1559 0.0977 0.4750 0.0628 0.0099 
     SHELAGH 0.2504 0.0653 0.2594 0.0154 0.1085 0.0910 0.1133 0.0873 0.0096 
    SHELFORD 0.2128 0.0037 0.0722 0.0450 0.2066 0.1701 0.0540 0.1613 0.0744 
     SHEPODY 0.1080 0.0035 0.1655 0.3511 0.2317 0.0041 0.1236 0.0024 0.0101 
      SLANEY 0.0217 0.2182 0.3327 0.0238 0.0321 0.2332 0.0058 0.1277 0.0049 
        SPEY 0.0048 0.1898 0.3991 0.0054 0.0972 0.2284 0.0030 0.0662 0.0062 
      SPUNTA 0.1262 0.0582 0.1036 0.0220 0.0203 0.2140 0.1361 0.2277 0.0919 
     STAMINA 0.0063 0.5393 0.0959 0.0150 0.1766 0.1572 0.0018 0.0045 0.0035 
    STEMSTER 0.1106 0.3008 0.0279 0.0173 0.0967 0.1030 0.0641 0.0311 0.2485 
 STORMONT_EN 0.1115 0.1538 0.0481 0.0918 0.1607 0.1373 0.0627 0.0036 0.2306 
    STIRLING 0.0046 0.1362 0.4090 0.1786 0.0329 0.0280 0.0113 0.1855 0.0139 
     SYLVANA 0.0260 0.1115 0.0656 0.2135 0.0775 0.1115 0.0398 0.1133 0.2413 
         TAY 0.0124 0.3710 0.3269 0.0337 0.0030 0.0626 0.0108 0.1561 0.0235 
      TIMATE 0.0344 0.1092 0.0036 0.0597 0.1475 0.0898 0.0204 0.2747 0.2607 
      TOLUCA 0.0740 0.0039 0.1803 0.1348 0.0062 0.0365 0.0101 0.2510 0.3032 
    TORRIDON 0.1439 0.0154 0.3108 0.0947 0.1384 0.0090 0.0138 0.1422 0.1318 
 ULSTER_SCEP 0.0045 0.3274 0.0967 0.2596 0.0491 0.0799 0.0844 0.0049 0.0936 
 UMATILLA_RU 0.2563 0.2884 0.0428 0.0427 0.0249 0.0184 0.1603 0.0139 0.1522 
 VALES_EMERA 0.0549 0.2048 0.0370 0.0411 0.0050 0.1970 0.0743 0.3064 0.0796 
 VALES_EVERE 0.0098 0.2188 0.3823 0.0138 0.0189 0.1398 0.1409 0.0697 0.0060 
 VALES_RUSSE 0.1722 0.0110 0.0130 0.3736 0.0817 0.0946 0.1433 0.1059 0.0045 
 VALES_SOVER 0.0214 0.2687 0.5532 0.0127 0.0492 0.0686 0.0022 0.0069 0.0172 
       VALOR 0.0029 0.2664 0.3562 0.0033 0.1493 0.2026 0.0022 0.0130 0.0041 
    VAN_GOGH 0.0086 0.1300 0.0184 0.0278 0.2232 0.0194 0.1258 0.1232 0.3236 
     VANTAGE 0.2014 0.0041 0.0058 0.1399 0.2783 0.0656 0.1332 0.0020 0.1697 
       VERDI 0.1521 0.0944 0.0620 0.0414 0.0665 0.0229 0.0851 0.1766 0.2991 
    VICTORIA 0.0049 0.0097 0.0494 0.1827 0.3009 0.0229 0.1011 0.2621 0.0661 
     VIVALDI 0.0104 0.0044 0.1716 0.2924 0.0396 0.0031 0.0099 0.0503 0.4182 
       WILJA 0.0616 0.0077 0.0698 0.1151 0.3669 0.0021 0.1132 0.0020 0.2614 
     WINSTON 0.0025 0.4069 0.0720 0.0118 0.0246 0.3691 0.0039 0.0222 0.0870 
      XD2-21 0.0037 0.1179 0.1328 0.1291 0.0430 0.2227 0.2031 0.0039 0.1438 
  YUKON_GOLD 0.0091 0.1607 0.0197 0.2500 0.0932 0.1934 0.0061 0.2600 0.0078 
       ZORBA 0.0711 0.0063 0.1723 0.2250 0.1874 0.0033 0.1083 0.0732 0.1532 
