  00C133-020 0.0919 0.0328 0.0139 0.3607 0.0158 0.4851 
 01C_071-002 0.1055 0.1741 0.0440 0.2399 0.2566 0.1799 
 02M_012-001 0.1033 0.2026 0.0041 0.0839 0.0624 0.5437 
 03M_016-002 0.0242 0.3920 0.2192 0.0134 0.0137 0.3375 
 03M_034-002 0.0213 0.2313 0.0156 0.2111 0.0374 0.4833 
 04C_055-004 0.2781 0.0999 0.0482 0.0201 0.0936 0.4601 
 04C_126-005 0.1102 0.1162 0.0211 0.3778 0.0992 0.2755 
 04M_034-013 0.0857 0.2568 0.1413 0.0111 0.0621 0.4429 
 05M_002-001 0.2001 0.1150 0.1640 0.0517 0.3284 0.1408 
 05M_004-003 0.1259 0.0072 0.1033 0.2108 0.3509 0.2019 
 05M_012-004 0.1117 0.0400 0.2041 0.2335 0.2080 0.2028 
 06C_127-002 0.4211 0.0340 0.0774 0.1507 0.0059 0.3108 
 12288_AF_23 0.2082 0.0096 0.1171 0.1970 0.0359 0.4322 
    12601AB1 0.0401 0.4854 0.0036 0.0904 0.0052 0.3753 
   12636_A_2 0.0315 0.2160 0.0786 0.2091 0.0083 0.4564 
  15119_AC_5 0.0021 0.2206 0.0194 0.5389 0.0214 0.1976 
     1512C16 0.1981 0.2259 0.3116 0.1887 0.0591 0.0166 
   15144_A_3 0.2886 0.0421 0.0052 0.6236 0.0285 0.0121 
     1563C14 0.2302 0.4483 0.0710 0.0298 0.2040 0.0168 
     2182EF7 0.1883 0.0381 0.2713 0.3594 0.0430 0.0998 
     3681AD1 0.1044 0.0587 0.0816 0.3163 0.3526 0.0864 
     5008AB6 0.2928 0.1144 0.0114 0.3238 0.2286 0.0290 
    8204_A_4 0.2877 0.0157 0.1253 0.3625 0.0241 0.1846 
       AGRIA 0.3132 0.0260 0.1147 0.0033 0.4632 0.0795 
       AILSA 0.2513 0.1313 0.0535 0.0142 0.0065 0.5433 
      ALMERA 0.2342 0.0224 0.2257 0.0261 0.4157 0.0759 
       ALPHA 0.1488 0.2337 0.1097 0.0606 0.3833 0.0638 
      ALWARA 0.2949 0.0532 0.0261 0.2859 0.3064 0.0335 
      AMADRA 0.2655 0.1705 0.0314 0.0178 0.3023 0.2125 
       AMOUR 0.0762 0.0512 0.0283 0.4342 0.0214 0.3888 
        ANNA 0.0058 0.1406 0.0657 0.7587 0.0136 0.0155 
   ANNABELLE 0.4212 0.0312 0.0865 0.0199 0.4253 0.0159 
        ANYA 0.4930 0.2143 0.0740 0.0581 0.1250 0.0358 
       ARGOS 0.0475 0.0086 0.0953 0.5025 0.1137 0.2324 
     ARIELLE 0.3128 0.0938 0.1417 0.0517 0.3691 0.0309 
      ARKULA 0.2048 0.1249 0.1032 0.1320 0.4189 0.0163 
      ARMADA 0.1716 0.1344 0.1279 0.0854 0.3622 0.1184 
   AVALANCHE 0.0074 0.0218 0.1863 0.0766 0.2668 0.4411 
     BAILLIE 0.0977 0.0210 0.0984 0.1348 0.1712 0.4769 
    BALMORAL 0.0133 0.0256 0.2591 0.4568 0.2166 0.0286 
     BAMBINO 0.1097 0.0365 0.0368 0.2424 0.0885 0.4861 
       BARNA 0.3095 0.0478 0.0526 0.4027 0.0899 0.0974 
 BELLE_DE_FO 0.0077 0.8379 0.0765 0.0588 0.0167 0.0024 
       BENOL 0.0735 0.2191 0.0104 0.0518 0.0801 0.5651 
       BF_15 0.0647 0.7027 0.0331 0.0441 0.1521 0.0033 
      BINTJE 0.1108 0.3256 0.1978 0.0852 0.2100 0.0707 
 BIONICA_EX_ 0.1794 0.1441 0.0930 0.2091 0.2441 0.1302 
 BLUE_DANUBE 0.0080 0.1521 0.1497 0.1627 0.5131 0.0145 
      BONNIE 0.2340 0.0237 0.0999 0.2213 0.1706 0.2505 
      BOUNTY 0.0986 0.0269 0.0378 0.2913 0.1055 0.4398 
 BRITISH_QUE 0.0034 0.3731 0.4331 0.0385 0.1444 0.0076 
     BRODICK 0.2918 0.0184 0.0176 0.1185 0.0114 0.5423 
      BRODIE 0.1324 0.0779 0.1880 0.5167 0.0049 0.0802 
      BUCHAN 0.2591 0.0434 0.1176 0.4413 0.0032 0.1354 
      BURREN 0.2061 0.1110 0.0172 0.4593 0.1347 0.0717 
     CABARET 0.0127 0.3003 0.0781 0.1058 0.0099 0.4933 
      CAESAR 0.3704 0.0033 0.1010 0.0768 0.3778 0.0706 
        CARA 0.0991 0.0460 0.0135 0.7129 0.0135 0.1150 
 CARLINGFORD 0.2983 0.0170 0.3186 0.2080 0.0215 0.1365 
  CASABLANCA 0.0052 0.0036 0.1440 0.2850 0.2381 0.3242 
      CELINE 0.1137 0.0935 0.0296 0.2740 0.3914 0.0979 
  CHALLENGER 0.2174 0.1005 0.1912 0.0049 0.2890 0.1969 
   CHARLOTTE 0.6524 0.1423 0.0068 0.0120 0.0539 0.1327 
     CHICAGO 0.1450 0.0987 0.0080 0.0142 0.2457 0.4886 
   CHIEFTAIN 0.4059 0.0846 0.3686 0.0812 0.0073 0.0524 
      CHOPIN 0.2475 0.0244 0.2411 0.0534 0.3805 0.0530 
      CLARET 0.1945 0.0338 0.0488 0.6112 0.0183 0.0934 
      CORINE 0.0085 0.0928 0.1698 0.2416 0.3032 0.1841 
      COSMOS 0.0867 0.0538 0.2398 0.0259 0.4514 0.1423 
     COURAGE 0.2068 0.1009 0.1594 0.1443 0.3177 0.0708 
     COURLAN 0.3218 0.0652 0.2585 0.1157 0.1146 0.1242 
 CRAIGS_ROYA 0.1330 0.0599 0.2204 0.3612 0.0046 0.2208 
 CRAIGS_SNOW 0.0914 0.2995 0.3363 0.0646 0.0458 0.1624 
     CRAMOND 0.1241 0.0160 0.0919 0.1613 0.1150 0.4917 
 CRISPS_FOR_ 0.3340 0.0530 0.1478 0.0515 0.2866 0.1271 
    CROMWELL 0.0090 0.2642 0.0054 0.0418 0.0862 0.5934 
       D22/1 0.0036 0.1945 0.1544 0.0989 0.0480 0.5006 
       D23/3 0.0669 0.3167 0.1872 0.0260 0.0366 0.3667 
      D47-11 0.0032 0.2804 0.0142 0.0132 0.0437 0.6453 
       D49/1 0.0116 0.2010 0.0105 0.0027 0.0465 0.7277 
       DAISY 0.1080 0.2344 0.0170 0.0108 0.1737 0.4561 
 DARK_RED_NO 0.2955 0.1035 0.4011 0.1062 0.0379 0.0557 
     DARWINA 0.1355 0.1180 0.1995 0.0196 0.4147 0.1127 
     DESIREE 0.3766 0.1352 0.0601 0.2239 0.2011 0.0032 
       DITTA 0.3012 0.1306 0.1867 0.0089 0.3546 0.0181 
 DR._MCINTOS 0.1835 0.0281 0.5104 0.1573 0.0193 0.1013 
       DRAGA 0.0982 0.0072 0.3422 0.0881 0.2859 0.1785 
 DUKE_OF_YOR 0.0060 0.3455 0.4137 0.0075 0.2244 0.0029 
 DUNBAR_STAN 0.0475 0.2569 0.4526 0.0652 0.0096 0.1683 
     DUNDROD 0.1744 0.1906 0.0849 0.0691 0.0193 0.4616 
     ECLIPSE 0.2860 0.3914 0.2893 0.0028 0.0034 0.0272 
        EDEN 0.0205 0.2553 0.0260 0.0285 0.0102 0.6594 
 EDZELL_BLUE 0.1403 0.3263 0.1407 0.1469 0.1853 0.0606 
   ELISABETH 0.5014 0.0093 0.0637 0.0163 0.2346 0.1747 
     EMPEROR 0.2908 0.0122 0.3196 0.0085 0.1502 0.2187 
         EOS 0.3801 0.0132 0.1518 0.0217 0.1382 0.2950 
     EPICURE 0.2491 0.3668 0.3244 0.0256 0.0232 0.0108 
  ERNTESTOLZ 0.1813 0.2384 0.2125 0.0513 0.2763 0.0402 
      ESCORT 0.3391 0.0131 0.0127 0.0764 0.3752 0.1835 
   ESMERALDA 0.2463 0.1613 0.0298 0.1082 0.2948 0.1597 
      ESTIMA 0.2272 0.0724 0.2303 0.0078 0.3109 0.1514 
 EVE_BALFOUR 0.1003 0.2217 0.0769 0.4277 0.0134 0.1599 
   EXCALIBUR 0.0977 0.0044 0.0043 0.3986 0.0331 0.4619 
     EXQUISA 0.4280 0.1658 0.0060 0.1020 0.2938 0.0043 
    FESTIVAL 0.3432 0.0092 0.0539 0.0352 0.3963 0.1621 
      FIANNA 0.1504 0.0093 0.2442 0.2159 0.3262 0.0541 
   FIFTYFOLD 0.1669 0.5501 0.1340 0.0649 0.0228 0.0614 
     FONTANE 0.2069 0.0210 0.1658 0.0049 0.3934 0.2080 
   FORTYFOLD 0.0047 0.5462 0.1901 0.0201 0.2357 0.0032 
 FRONTIER_RU 0.2827 0.1389 0.4326 0.0054 0.0320 0.1084 
     G.81071 0.2114 0.0670 0.2161 0.2180 0.0976 0.1900 
     G.88661 0.2538 0.0046 0.3376 0.0437 0.0941 0.2663 
    G.886611 0.3887 0.0037 0.2711 0.0674 0.0078 0.2613 
  G.8867Y%12 0.3683 0.0043 0.3431 0.1473 0.0284 0.1085 
     G.88839 0.5559 0.0215 0.0049 0.0071 0.4043 0.0063 
     G.88842 0.3297 0.0114 0.1338 0.1442 0.3630 0.0178 
   GALACTICA 0.0051 0.1523 0.1118 0.3882 0.3366 0.0061 
      GEMSON 0.1573 0.1334 0.2755 0.2821 0.0194 0.1324 
  GL.76B/102 0.1961 0.3558 0.1092 0.0062 0.1917 0.1409 
   GL.76B/94 0.0266 0.5354 0.0147 0.1442 0.2761 0.0030 
  GL.77M/106 0.2867 0.1843 0.0115 0.2669 0.0067 0.2439 
   GL.78/166 0.0093 0.6133 0.1143 0.0407 0.2004 0.0221 
    GL.78/53 0.2120 0.5505 0.0067 0.0150 0.0087 0.2071 
    GL.78/97 0.1442 0.5804 0.0211 0.0234 0.1187 0.1123 
    GL.79/42 0.2454 0.5504 0.0045 0.0068 0.0447 0.1483 
    GL.79/45 0.2193 0.5807 0.0049 0.0946 0.0324 0.0681 
 GL.81_NT_25 0.0031 0.3870 0.0103 0.0314 0.0811 0.4870 
   GLADIATOR 0.3326 0.0052 0.1734 0.1247 0.2321 0.1319 
      GLAMIS 0.2022 0.0455 0.1647 0.0288 0.1221 0.4366 
 GOLDEN_MILL 0.1733 0.1172 0.0105 0.2021 0.0163 0.4805 
 GOLDEN_NUGG 0.1644 0.0211 0.0140 0.3151 0.3686 0.1168 
 GOLDEN_WOND 0.1511 0.5600 0.1287 0.0298 0.0961 0.0343 
     GRANOLA 0.5602 0.1045 0.0074 0.0173 0.1823 0.1283 
    H1H3_101 0.0023 0.3622 0.0102 0.0045 0.0062 0.6146 
      H1H3_3 0.0423 0.1817 0.1725 0.0861 0.0709 0.4465 
 HARBOROUGH_ 0.1453 0.0201 0.0349 0.0562 0.0262 0.7173 
   HARLEQUIN 0.5347 0.1746 0.0123 0.0472 0.0840 0.1472 
      HERMES 0.2337 0.1264 0.0797 0.1595 0.3438 0.0569 
 HIGHLAND_BU 0.0078 0.8102 0.0448 0.0229 0.1033 0.0110 
  HOME_GUARD 0.1505 0.2053 0.2776 0.1515 0.0172 0.1980 
     HORIZON 0.0776 0.2501 0.0331 0.1167 0.4345 0.0880 
   INNOVATOR 0.0046 0.1381 0.4798 0.1063 0.2650 0.0062 
 INTERNATION 0.0038 0.8580 0.0743 0.0087 0.0508 0.0045 
 ISLE_OF_JUR 0.1212 0.1495 0.0557 0.1612 0.0844 0.4279 
    JULIETTE 0.5957 0.0544 0.0057 0.0088 0.3070 0.0283 
     KARLENA 0.0085 0.1835 0.2642 0.2307 0.2860 0.0271 
 KERR'S_PINK 0.0694 0.4345 0.3243 0.0760 0.0067 0.0892 
     KESTREL 0.2077 0.0071 0.0216 0.3805 0.0048 0.3783 
       KIFLI 0.5012 0.1859 0.0079 0.0082 0.1833 0.1135 
 KING_EDWARD 0.1321 0.7228 0.1055 0.0031 0.0045 0.0319 
    KINGSTON 0.0789 0.2086 0.0049 0.1486 0.0898 0.4692 
 KUFRI_CHAND 0.1486 0.1544 0.3948 0.0674 0.1232 0.1116 
 KUFRI_JYOTI 0.2150 0.1340 0.0675 0.3732 0.1764 0.0338 
      KURODA 0.1339 0.0137 0.1987 0.1292 0.4814 0.0431 
 LADY_BALFOU 0.1000 0.1426 0.1441 0.3991 0.0314 0.1827 
 LADY_CHRIST 0.0880 0.2877 0.0694 0.0572 0.4126 0.0851 
 LADY_CLAIRE 0.0062 0.2167 0.0493 0.0171 0.7026 0.0080 
     LADY_JO 0.0021 0.2868 0.1273 0.0168 0.5535 0.0135 
 LADY_ROSETT 0.1699 0.1315 0.1390 0.0800 0.3290 0.1507 
    LIBERTAS 0.0025 0.3055 0.0075 0.1630 0.5172 0.0043 
       LINDA 0.5554 0.2151 0.0067 0.0089 0.2080 0.0059 
      LINTON 0.2268 0.0403 0.1889 0.0918 0.2595 0.1926 
 LINZER_DELI 0.4466 0.2004 0.0412 0.0178 0.2630 0.0309 
   LIONHEART 0.1266 0.0231 0.2151 0.1100 0.4386 0.0866 
   MADELEINE 0.4003 0.0806 0.0147 0.0426 0.3686 0.0932 
   MADINGLEY 0.3298 0.0453 0.0838 0.1319 0.2623 0.1468 
    MAJESTIC 0.2045 0.0425 0.5189 0.1568 0.0301 0.0472 
     MARABEL 0.3490 0.0112 0.1098 0.0292 0.4773 0.0234 
     MARFONA 0.0172 0.1491 0.1913 0.0601 0.4555 0.1267 
     MARILYN 0.3898 0.0932 0.0452 0.1362 0.3081 0.0275 
 MARIS_ANCHO 0.2218 0.1747 0.2343 0.0254 0.2606 0.0832 
  MARIS_BARD 0.0022 0.1176 0.2880 0.1436 0.2002 0.2483 
  MARIS_PEER 0.1582 0.1423 0.3345 0.1860 0.0092 0.1698 
 MARIS_PIPER 0.0048 0.1765 0.0059 0.0056 0.0380 0.7693 
     MARKIES 0.2969 0.1294 0.0430 0.0381 0.4652 0.0274 
      MAXINE 0.1545 0.0183 0.2871 0.1017 0.0167 0.4217 
      MEGARA 0.2990 0.0801 0.0153 0.0321 0.4911 0.0823 
      MELODY 0.1777 0.1676 0.0251 0.1592 0.3820 0.0885 
       MIDAS 0.1591 0.1531 0.0038 0.0071 0.2104 0.4665 
       MILVA 0.3529 0.1999 0.0270 0.0419 0.3588 0.0196 
        MIMI 0.0915 0.1242 0.0062 0.2036 0.2610 0.3134 
        MIRA 0.0087 0.2298 0.0845 0.1192 0.5489 0.0090 
       MOIRA 0.2538 0.1286 0.1348 0.1707 0.2558 0.0563 
    MONTROSE 0.1032 0.2805 0.0036 0.0709 0.0053 0.5366 
       MORAG 0.1365 0.1812 0.1771 0.3311 0.0094 0.1648 
      MORENE 0.0098 0.1634 0.1448 0.1382 0.5405 0.0033 
      MOZART 0.4663 0.0030 0.0492 0.0199 0.3444 0.1172 
 MYATT'S_ASH 0.0040 0.7239 0.0936 0.0097 0.1658 0.0030 
      NADINE 0.2916 0.0109 0.0708 0.1055 0.0638 0.4574 
       NAVAN 0.0553 0.0783 0.0981 0.0643 0.0280 0.6760 
 NDTX_4271_5 0.4836 0.0120 0.2576 0.0104 0.0040 0.2324 
      NICOLA 0.4325 0.1725 0.0292 0.0040 0.3583 0.0036 
     NOVELLA 0.2533 0.0276 0.1081 0.2013 0.3545 0.0552 
     OLYMPUS 0.2839 0.1141 0.1354 0.1349 0.0061 0.3257 
       OPERA 0.2522 0.0101 0.1063 0.1227 0.3570 0.1517 
   ORCHESTRA 0.3579 0.0800 0.0179 0.0245 0.3687 0.1510 
      ORIANA 0.1561 0.0695 0.1995 0.1724 0.3983 0.0041 
     OTHELLO 0.1880 0.0084 0.1150 0.5286 0.0043 0.1556 
     PALADIN 0.0044 0.2407 0.0685 0.0091 0.0420 0.6353 
       PANDA 0.5520 0.0323 0.0083 0.0224 0.2747 0.1102 
   PARAMOUNT 0.2423 0.0513 0.0387 0.4807 0.1694 0.0175 
    PATRONES 0.1476 0.1906 0.2230 0.0367 0.3280 0.0741 
 PENTLAND_AC 0.1949 0.1455 0.1829 0.1864 0.1300 0.1602 
 PENTLAND_BE 0.0059 0.4188 0.2944 0.1877 0.0833 0.0099 
 PENTLAND_CR 0.1035 0.0977 0.1760 0.2452 0.2260 0.1515 
 PENTLAND_DE 0.1893 0.2254 0.2522 0.2575 0.0110 0.0646 
 PENTLAND_IV 0.3410 0.0425 0.3190 0.1819 0.0037 0.1119 
 PENTLAND_JA 0.0956 0.0714 0.4375 0.1198 0.1710 0.1048 
 PENTLAND_MA 0.1320 0.0984 0.1281 0.3324 0.3009 0.0082 
 PENTLAND_SQ 0.1982 0.1715 0.2253 0.2106 0.0757 0.1187 
   PEPO_1978 0.3501 0.1419 0.0391 0.0155 0.3508 0.1026 
     PICASSO 0.0441 0.0035 0.0423 0.4986 0.2623 0.1493 
   PIMPERNEL 0.1690 0.2112 0.0047 0.1459 0.4299 0.0393 
     PIONEER 0.6179 0.1702 0.0189 0.0054 0.1673 0.0203 
       PIXIE 0.2547 0.0051 0.0223 0.2936 0.0460 0.3783 
    PREMIERE 0.0049 0.2462 0.1812 0.0595 0.4607 0.0475 
   PRODUCENT 0.1584 0.1074 0.0706 0.0111 0.4232 0.2294 
     PROVOST 0.1847 0.1294 0.2828 0.2128 0.1417 0.0486 
  R.P.LUSTRE 0.3397 0.2324 0.1823 0.0288 0.0134 0.2034 
 RANGER_RUSS 0.0211 0.2083 0.5354 0.0824 0.1501 0.0027 
       RATTE 0.2801 0.4998 0.0323 0.0148 0.0153 0.1577 
      RECORD 0.0081 0.2925 0.0163 0.1122 0.5648 0.0061 
   REMBRANDT 0.1256 0.1250 0.1831 0.0123 0.4205 0.1334 
    RIO_ROJO 0.3221 0.0538 0.3201 0.1451 0.0593 0.0996 
      ROBIJN 0.0380 0.3183 0.0245 0.0853 0.5302 0.0037 
      ROCKET 0.0625 0.1983 0.1247 0.0919 0.0183 0.5043 
   RODE_STAR 0.2180 0.4092 0.0019 0.0172 0.3438 0.0100 
      ROMANO 0.2835 0.0156 0.0135 0.3351 0.3143 0.0379 
       ROMEO 0.3951 0.1901 0.0570 0.3063 0.0102 0.0413 
     ROOSTER 0.2064 0.1201 0.1520 0.2912 0.1296 0.1006 
       ROYAL 0.2750 0.1328 0.0061 0.0186 0.2396 0.3280 
 ROYAL_KIDNE 0.0061 0.3855 0.5257 0.0436 0.0355 0.0037 
     RUBESSE 0.3775 0.0641 0.1745 0.1190 0.2160 0.0489 
 RUSSET_BURB 0.1683 0.1222 0.5431 0.0373 0.0920 0.0371 
 RUSSET_NORK 0.3374 0.0376 0.5521 0.0050 0.0043 0.0635 
      SAFARI 0.1968 0.0114 0.0666 0.2570 0.4164 0.0519 
     SANTANA 0.0999 0.0845 0.2087 0.0592 0.3904 0.1572 
       SANTE 0.1676 0.1046 0.0120 0.1195 0.4203 0.1760 
     SAPHIRE 0.1138 0.0048 0.2781 0.0622 0.4100 0.1311 
  SARPO_MIRA 0.4049 0.1788 0.0103 0.0922 0.2678 0.0459 
 SARPO_SHONA 0.3847 0.1026 0.0078 0.1083 0.3453 0.0514 
       SASSY 0.1770 0.2300 0.1527 0.0691 0.2833 0.0878 
     SATURNA 0.2174 0.2912 0.0050 0.0073 0.4584 0.0207 
        SAVA 0.4012 0.0354 0.1454 0.0126 0.2739 0.1315 
       SAXON 0.1081 0.1539 0.0228 0.1296 0.0425 0.5432 
 SCARBOROUGH 0.1437 0.0841 0.0121 0.0299 0.0047 0.7255 
 SEFTON_WOND 0.0249 0.4201 0.3177 0.0756 0.0061 0.1556 
    SERAFINA 0.4850 0.1414 0.0146 0.1016 0.2491 0.0083 
     SETANTA 0.2878 0.0467 0.0708 0.2607 0.0329 0.3012 
 SHARPE'S_EX 0.1122 0.5977 0.1130 0.0152 0.0800 0.0820 
     SHELAGH 0.1214 0.2769 0.0240 0.2943 0.1275 0.1559 
    SHELFORD 0.2438 0.1858 0.1040 0.1566 0.2925 0.0173 
     SHEPODY 0.0034 0.1609 0.4314 0.1934 0.2042 0.0067 
      SLANEY 0.2340 0.0090 0.0539 0.4000 0.0101 0.2931 
        SPEY 0.1665 0.0034 0.0208 0.4764 0.0447 0.2882 
      SPUNTA 0.3997 0.2100 0.0265 0.1455 0.0946 0.1237 
     STAMINA 0.0135 0.0033 0.0907 0.2093 0.0630 0.6201 
    STEMSTER 0.1577 0.1975 0.0258 0.1008 0.2304 0.2879 
 STORMONT_EN 0.0635 0.1861 0.1376 0.1640 0.2718 0.1770 
    STIRLING 0.2037 0.0067 0.1648 0.3644 0.0751 0.1852 
     SYLVANA 0.2427 0.0475 0.2389 0.0911 0.2660 0.1139 
         TAY 0.2578 0.0113 0.0186 0.2796 0.0089 0.4237 
      TIMATE 0.3683 0.0545 0.0501 0.0048 0.3904 0.1319 
      TOLUCA 0.3747 0.0356 0.0812 0.1716 0.3310 0.0059 
    TORRIDON 0.1368 0.1069 0.0680 0.3068 0.3176 0.0639 
 ULSTER_SCEP 0.0417 0.0671 0.3506 0.1399 0.0727 0.3279 
 UMATILLA_RU 0.0452 0.4002 0.0329 0.0642 0.1596 0.2980 
 VALES_EMERA 0.4957 0.1060 0.0528 0.0551 0.0311 0.2594 
 VALES_EVERE 0.1429 0.1247 0.0590 0.4014 0.0078 0.2642 
 VALES_RUSSE 0.1910 0.2240 0.4406 0.0193 0.0757 0.0493 
 VALES_SOVER 0.0200 0.0041 0.0084 0.5938 0.0431 0.3307 
       VALOR 0.0823 0.0032 0.0108 0.4682 0.0571 0.3783 
    VAN_GOGH 0.1588 0.1595 0.0628 0.0292 0.4783 0.1113 
     VANTAGE 0.0055 0.2969 0.2317 0.0641 0.3925 0.0093 
       VERDI 0.2378 0.2202 0.0284 0.0537 0.3614 0.0985 
    VICTORIA 0.2050 0.0227 0.2781 0.0311 0.4033 0.0598 
     VIVALDI 0.1556 0.0181 0.2486 0.1437 0.4302 0.0039 
       WILJA 0.0021 0.1818 0.1499 0.1280 0.5304 0.0077 
     WINSTON 0.2726 0.0053 0.0694 0.1922 0.0081 0.4524 
      XD2-21 0.1629 0.1752 0.2664 0.2416 0.0497 0.1043 
  YUKON_GOLD 0.3608 0.0037 0.2991 0.0096 0.0790 0.2477 
       ZORBA 0.0155 0.1478 0.2539 0.1765 0.3966 0.0097 
