  00C133-020 0.7406 0.1885 0.0709 
 01C_071-002 0.3174 0.4378 0.2448 
 02M_012-001 0.6177 0.0959 0.2864 
 03M_016-002 0.3950 0.0628 0.5422 
 03M_034-002 0.6371 0.0814 0.2814 
 04C_055-004 0.5124 0.2922 0.1954 
 04C_126-005 0.5273 0.3243 0.1484 
 04M_034-013 0.4860 0.1278 0.3862 
 05M_002-001 0.2158 0.5361 0.2481 
 05M_004-003 0.3620 0.5696 0.0684 
 05M_012-004 0.4025 0.4549 0.1426 
 06C_127-002 0.5066 0.3667 0.1267 
 12288_AF_23 0.6206 0.3040 0.0754 
    12601AB1 0.4541 0.0119 0.5340 
   12636_A_2 0.6450 0.0554 0.2997 
  15119_AC_5 0.5739 0.1505 0.2756 
     1512C16 0.2149 0.4398 0.3453 
   15144_A_3 0.3875 0.5749 0.0377 
     1563C14 0.0568 0.4092 0.5340 
     2182EF7 0.3987 0.4741 0.1272 
     3681AD1 0.2663 0.6023 0.1314 
     5008AB6 0.2501 0.5942 0.1557 
    8204_A_4 0.4757 0.4641 0.0602 
       AGRIA 0.0915 0.7210 0.1876 
       AILSA 0.6292 0.1128 0.2580 
      ALMERA 0.1487 0.6859 0.1654 
       ALPHA 0.1141 0.5436 0.3423 
      ALWARA 0.2075 0.6870 0.1056 
      AMADRA 0.2506 0.4879 0.2615 
       AMOUR 0.6842 0.2361 0.0797 
        ANNA 0.4833 0.3805 0.1361 
   ANNABELLE 0.0564 0.7993 0.1443 
        ANYA 0.1588 0.5686 0.2726 
       ARGOS 0.5637 0.4148 0.0215 
     ARIELLE 0.1017 0.6851 0.2132 
      ARKULA 0.1050 0.6761 0.2189 
      ARMADA 0.1970 0.5657 0.2373 
   AVALANCHE 0.5260 0.3032 0.1708 
     BAILLIE 0.5918 0.2893 0.1189 
    BALMORAL 0.3825 0.5467 0.0708 
     BAMBINO 0.6669 0.2361 0.0970 
       BARNA 0.3805 0.5409 0.0786 
 BELLE_DE_FO 0.0100 0.0697 0.9203 
       BENOL 0.6253 0.0741 0.3005 
       BF_15 0.0097 0.2246 0.7657 
      BINTJE 0.1496 0.4018 0.4486 
 BIONICA_EX_ 0.2811 0.5020 0.2169 
 BLUE_DANUBE 0.1219 0.6223 0.2559 
      BONNIE 0.4351 0.4652 0.0996 
      BOUNTY 0.6455 0.2686 0.0859 
 BRITISH_QUE 0.1252 0.3273 0.5475 
     BRODICK 0.6935 0.2173 0.0892 
      BRODIE 0.4692 0.3827 0.1481 
      BUCHAN 0.5049 0.3848 0.1102 
      BURREN 0.3692 0.5044 0.1264 
     CABARET 0.5874 0.0220 0.3907 
      CAESAR 0.1916 0.7872 0.0212 
        CARA 0.5550 0.3997 0.0453 
 CARLINGFORD 0.3741 0.4967 0.1291 
  CASABLANCA 0.5712 0.4048 0.0240 
      CELINE 0.2514 0.5979 0.1507 
  CHALLENGER 0.2366 0.4949 0.2685 
   CHARLOTTE 0.2337 0.5585 0.2078 
     CHICAGO 0.5133 0.2845 0.2021 
   CHIEFTAIN 0.2689 0.4911 0.2401 
      CHOPIN 0.1457 0.6906 0.1637 
      CLARET 0.4915 0.4664 0.0420 
      CORINE 0.3759 0.4323 0.1918 
      COSMOS 0.1884 0.6024 0.2092 
     COURAGE 0.1965 0.6044 0.1991 
     COURLAN 0.2901 0.5170 0.1929 
 CRAIGS_ROYA 0.5478 0.3020 0.1502 
 CRAIGS_SNOW 0.2861 0.2632 0.4506 
     CRAMOND 0.6420 0.2642 0.0938 
 CRISPS_FOR_ 0.2183 0.6100 0.1716 
    CROMWELL 0.6130 0.0272 0.3598 
       D22/1 0.6177 0.0524 0.3300 
       D23/3 0.4353 0.1221 0.4425 
      D47-11 0.6098 0.0084 0.3818 
       D49/1 0.6638 0.0112 0.3250 
       DAISY 0.4634 0.1963 0.3402 
 DARK_RED_NO 0.2351 0.5046 0.2602 
     DARWINA 0.1519 0.5839 0.2642 
     DESIREE 0.1001 0.6899 0.2100 
       DITTA 0.0581 0.6732 0.2687 
 DR._MCINTOS 0.3438 0.4728 0.1835 
       DRAGA 0.3346 0.5608 0.1047 
 DUKE_OF_YOR 0.0328 0.4393 0.5279 
 DUNBAR_STAN 0.3395 0.2091 0.4514 
     DUNDROD 0.5545 0.1509 0.2946 
     ECLIPSE 0.1661 0.2748 0.5591 
        EDEN 0.6631 0.0089 0.3281 
 EDZELL_BLUE 0.1662 0.4030 0.4309 
   ELISABETH 0.2583 0.6612 0.0805 
     EMPEROR 0.3386 0.4979 0.1636 
         EOS 0.3868 0.4828 0.1304 
     EPICURE 0.1199 0.3873 0.4928 
  ERNTESTOLZ 0.1176 0.5243 0.3580 
      ESCORT 0.2590 0.6597 0.0812 
   ESMERALDA 0.2458 0.5116 0.2425 
      ESTIMA 0.2058 0.5534 0.2408 
 EVE_BALFOUR 0.4595 0.2745 0.2660 
   EXCALIBUR 0.7565 0.2342 0.0093 
     EXQUISA 0.0322 0.7227 0.2451 
    FESTIVAL 0.2300 0.6892 0.0809 
      FIANNA 0.2440 0.6577 0.0983 
   FIFTYFOLD 0.1577 0.2055 0.6368 
     FONTANE 0.2348 0.5875 0.1777 
   FORTYFOLD 0.0137 0.3175 0.6689 
 FRONTIER_RU 0.2409 0.4292 0.3298 
     G.81071 0.3939 0.4381 0.1680 
     G.88661 0.4321 0.4862 0.0817 
    G.886611 0.4783 0.4821 0.0396 
  G.8867Y%12 0.3653 0.5960 0.0387 
     G.88839 0.0206 0.8806 0.0987 
     G.88842 0.1460 0.7679 0.0861 
   GALACTICA 0.2236 0.5482 0.2282 
      GEMSON 0.3949 0.3717 0.2335 
  GL.76B/102 0.1591 0.3595 0.4813 
   GL.76B/94 0.0204 0.3806 0.5990 
  GL.77M/106 0.4839 0.2806 0.2356 
   GL.78/166 0.0562 0.2298 0.7140 
    GL.78/53 0.2719 0.1041 0.6240 
    GL.78/97 0.1454 0.2012 0.6533 
    GL.79/42 0.1918 0.1890 0.6191 
    GL.79/45 0.1585 0.2050 0.6365 
 GL.81_NT_25 0.4931 0.0139 0.4930 
   GLADIATOR 0.2922 0.6360 0.0718 
      GLAMIS 0.5220 0.3095 0.1685 
 GOLDEN_MILL 0.6578 0.1643 0.1779 
 GOLDEN_NUGG 0.3048 0.6295 0.0657 
 GOLDEN_WOND 0.0992 0.2388 0.6620 
     GRANOLA 0.2060 0.6131 0.1810 
    H1H3_101 0.5338 0.0041 0.4621 
      H1H3_3 0.5528 0.1511 0.2961 
 HARBOROUGH_ 0.8138 0.0869 0.0993 
   HARLEQUIN 0.2454 0.5104 0.2443 
      HERMES 0.1608 0.6196 0.2197 
 HIGHLAND_BU 0.0217 0.0880 0.8903 
  HOME_GUARD 0.3873 0.2748 0.3379 
     HORIZON 0.1245 0.5280 0.3475 
   INNOVATOR 0.1450 0.5159 0.3392 
 INTERNATION 0.0106 0.0341 0.9553 
 ISLE_OF_JUR 0.5604 0.2197 0.2199 
    JULIETTE 0.0874 0.7710 0.1416 
     KARLENA 0.2304 0.4792 0.2904 
 KERR'S_PINK 0.2235 0.1870 0.5895 
     KESTREL 0.7060 0.2703 0.0237 
       KIFLI 0.1684 0.5674 0.2642 
 KING_EDWARD 0.1015 0.0547 0.8438 
    KINGSTON 0.5804 0.1457 0.2739 
 KUFRI_CHAND 0.2472 0.4364 0.3163 
 KUFRI_JYOTI 0.2758 0.5382 0.1860 
      KURODA 0.1430 0.7218 0.1352 
 LADY_BALFOU 0.4757 0.3260 0.1983 
 LADY_CHRIST 0.1146 0.4952 0.3902 
 LADY_CLAIRE 0.0134 0.6498 0.3368 
     LADY_JO 0.0423 0.5053 0.4524 
 LADY_ROSETT 0.2296 0.5346 0.2358 
    LIBERTAS 0.0485 0.5299 0.4216 
       LINDA 0.0358 0.6674 0.2968 
      LINTON 0.2998 0.5268 0.1734 
 LINZER_DELI 0.0827 0.6375 0.2798 
   LIONHEART 0.1838 0.6520 0.1643 
   MADELEINE 0.1518 0.6763 0.1719 
   MADINGLEY 0.2612 0.5955 0.1433 
    MAJESTIC 0.2888 0.4966 0.2146 
     MARABEL 0.0818 0.8171 0.1011 
     MARFONA 0.1659 0.5423 0.2917 
     MARILYN 0.1365 0.6973 0.1662 
 MARIS_ANCHO 0.1678 0.5266 0.3056 
  MARIS_BARD 0.4406 0.2775 0.2818 
  MARIS_PEER 0.4030 0.3263 0.2707 
 MARIS_PIPER 0.7204 0.0078 0.2718 
     MARKIES 0.0527 0.7114 0.2359 
      MAXINE 0.5884 0.2598 0.1518 
      MEGARA 0.1130 0.7088 0.1783 
      MELODY 0.1791 0.5676 0.2533 
       MIDAS 0.4711 0.2604 0.2685 
       MILVA 0.0635 0.6629 0.2737 
        MIMI 0.4416 0.3718 0.1866 
        MIRA 0.0485 0.6144 0.3371 
       MOIRA 0.2014 0.5733 0.2253 
    MONTROSE 0.6312 0.0172 0.3516 
       MORAG 0.4359 0.2901 0.2740 
      MORENE 0.0345 0.6887 0.2769 
      MOZART 0.2069 0.7795 0.0136 
 MYATT'S_ASH 0.0077 0.1790 0.8133 
      NADINE 0.5933 0.3314 0.0753 
       NAVAN 0.7654 0.0601 0.1745 
 NDTX_4271_5 0.4194 0.4267 0.1539 
      NICOLA 0.0081 0.7079 0.2839 
     NOVELLA 0.2031 0.6877 0.1092 
     OLYMPUS 0.5217 0.2598 0.2185 
       OPERA 0.2675 0.6308 0.1017 
   ORCHESTRA 0.1864 0.6346 0.1790 
      ORIANA 0.0717 0.7396 0.1887 
     OTHELLO 0.5709 0.3979 0.0312 
     PALADIN 0.6347 0.0111 0.3542 
       PANDA 0.1684 0.7183 0.1132 
   PARAMOUNT 0.3072 0.6122 0.0806 
    PATRONES 0.1367 0.5317 0.3316 
 PENTLAND_AC 0.3282 0.4136 0.2582 
 PENTLAND_BE 0.1850 0.2835 0.5314 
 PENTLAND_CR 0.3478 0.4711 0.1811 
 PENTLAND_DE 0.3250 0.3506 0.3244 
 PENTLAND_IV 0.4064 0.4161 0.1775 
 PENTLAND_JA 0.2912 0.4820 0.2268 
 PENTLAND_MA 0.2008 0.6412 0.1579 
 PENTLAND_SQ 0.3319 0.4024 0.2658 
   PEPO_1978 0.1327 0.6340 0.2332 
     PICASSO 0.4278 0.5619 0.0103 
   PIMPERNEL 0.1253 0.5929 0.2818 
     PIONEER 0.0759 0.6614 0.2627 
       PIXIE 0.6101 0.3657 0.0242 
    PREMIERE 0.1183 0.4957 0.3860 
   PRODUCENT 0.2373 0.5278 0.2350 
     PROVOST 0.2616 0.5041 0.2343 
  R.P.LUSTRE 0.3311 0.3200 0.3489 
 RANGER_RUSS 0.0864 0.5145 0.3991 
       RATTE 0.2249 0.2020 0.5731 
      RECORD 0.0165 0.5877 0.3959 
   REMBRANDT 0.1599 0.5566 0.2835 
    RIO_ROJO 0.2895 0.5253 0.1852 
      ROBIJN 0.0108 0.5892 0.4000 
      ROCKET 0.6083 0.0904 0.3013 
   RODE_STAR 0.0284 0.4875 0.4840 
      ROMANO 0.2479 0.6921 0.0600 
       ROMEO 0.3184 0.4524 0.2292 
     ROOSTER 0.3377 0.4696 0.1927 
       ROYAL 0.3597 0.4039 0.2364 
 ROYAL_KIDNE 0.1186 0.3011 0.5803 
     RUBESSE 0.2036 0.6280 0.1684 
 RUSSET_BURB 0.2038 0.4771 0.3192 
 RUSSET_NORK 0.2707 0.4518 0.2775 
      SAFARI 0.2189 0.7193 0.0618 
     SANTANA 0.2248 0.5515 0.2238 
       SANTE 0.2408 0.5707 0.1886 
     SAPHIRE 0.2464 0.6585 0.0951 
  SARPO_MIRA 0.1420 0.6111 0.2469 
 SARPO_SHONA 0.1339 0.6881 0.1780 
       SASSY 0.1631 0.4861 0.3509 
     SATURNA 0.0232 0.5811 0.3957 
        SAVA 0.2019 0.6358 0.1623 
       SAXON 0.6538 0.1160 0.2303 
 SCARBOROUGH 0.8010 0.0186 0.1803 
 SEFTON_WOND 0.2981 0.1269 0.5750 
    SERAFINA 0.1014 0.6989 0.1997 
     SETANTA 0.5265 0.3652 0.1083 
 SHARPE'S_EX 0.1205 0.1816 0.6979 
     SHELAGH 0.3259 0.3510 0.3231 
    SHELFORD 0.1212 0.5973 0.2815 
     SHEPODY 0.2066 0.4611 0.3323 
      SLANEY 0.5998 0.3724 0.0279 
        SPEY 0.6028 0.3867 0.0105 
      SPUNTA 0.2687 0.4671 0.2641 
     STAMINA 0.8107 0.1652 0.0241 
    STEMSTER 0.3542 0.3527 0.2931 
 STORMONT_EN 0.2824 0.4231 0.2944 
    STIRLING 0.4826 0.4903 0.0271 
     SYLVANA 0.2416 0.5764 0.1821 
         TAY 0.6798 0.2755 0.0446 
      TIMATE 0.1539 0.6717 0.1744 
      TOLUCA 0.0923 0.7815 0.1262 
    TORRIDON 0.2405 0.5743 0.1852 
 ULSTER_SCEP 0.5109 0.2702 0.2189 
 UMATILLA_RU 0.3357 0.1738 0.4905 
 VALES_EMERA 0.3808 0.4323 0.1869 
 VALES_EVERE 0.5583 0.2785 0.1631 
 VALES_RUSSE 0.1751 0.4205 0.4044 
 VALES_SOVER 0.6872 0.3031 0.0098 
       VALOR 0.6845 0.3080 0.0075 
    VAN_GOGH 0.1312 0.5977 0.2711 
     VANTAGE 0.0667 0.4791 0.4543 
       VERDI 0.1382 0.5574 0.3044 
    VICTORIA 0.1428 0.6682 0.1890 
     VIVALDI 0.0652 0.7890 0.1458 
       WILJA 0.0992 0.5692 0.3316 
     WINSTON 0.6728 0.2965 0.0307 
      XD2-21 0.3267 0.3902 0.2831 
  YUKON_GOLD 0.3977 0.5209 0.0814 
       ZORBA 0.1489 0.5954 0.2557 
