  00C133-020 0.1064 0.0056 0.0030 0.2367 0.0155 0.0643 0.0218 0.0057 0.3785 0.1625 
 01C_071-002 0.0020 0.1325 0.0744 0.2498 0.1176 0.0517 0.0305 0.1728 0.1036 0.0653 
 02M_012-001 0.0103 0.0635 0.0040 0.0627 0.0355 0.0033 0.0081 0.2186 0.3561 0.2380 
 03M_016-002 0.0042 0.0237 0.2106 0.0157 0.0035 0.0046 0.1757 0.2287 0.3094 0.0240 
 03M_034-002 0.0156 0.0018 0.0024 0.0424 0.0107 0.1555 0.1320 0.0515 0.3271 0.2609 
 04C_055-004 0.1789 0.1965 0.0214 0.0129 0.0083 0.0375 0.0061 0.1435 0.3801 0.0148 
 04C_126-005 0.0721 0.0088 0.0045 0.2469 0.0237 0.1636 0.0759 0.0576 0.1835 0.1634 
 04M_034-013 0.0239 0.0562 0.1143 0.0061 0.0110 0.0453 0.1188 0.1575 0.3555 0.1115 
 05M_002-001 0.0076 0.2076 0.1141 0.0427 0.1292 0.1959 0.0829 0.0656 0.1180 0.0365 
 05M_004-003 0.0065 0.1190 0.0406 0.1582 0.2063 0.1932 0.0084 0.0058 0.1319 0.1300 
 05M_012-004 0.1129 0.0052 0.1318 0.0913 0.2137 0.1257 0.0274 0.0177 0.0725 0.2017 
 06C_127-002 0.1527 0.1735 0.0643 0.0491 0.0028 0.0903 0.0144 0.0153 0.0965 0.3412 
 12288_AF_23 0.3659 0.0285 0.0420 0.0717 0.0862 0.0060 0.0033 0.0150 0.2982 0.0831 
    12601AB1 0.0024 0.0021 0.0022 0.0040 0.0035 0.0025 0.1813 0.2933 0.0723 0.4365 
   12636_A_2 0.0521 0.0030 0.0271 0.1015 0.0228 0.0084 0.1454 0.0254 0.2956 0.3186 
  15119_AC_5 0.0111 0.0011 0.0202 0.4592 0.0081 0.0269 0.0703 0.1773 0.2234 0.0024 
     1512C16 0.1623 0.0295 0.2152 0.0947 0.1056 0.0847 0.2164 0.0153 0.0084 0.0680 
   15144_A_3 0.1331 0.1730 0.0026 0.5742 0.0043 0.0181 0.0768 0.0052 0.0065 0.0060 
     1563C14 0.1117 0.1576 0.0583 0.0171 0.1642 0.0072 0.2647 0.2078 0.0069 0.0043 
     2182EF7 0.0567 0.0062 0.1679 0.1945 0.0031 0.3227 0.0513 0.0157 0.0181 0.1639 
     3681AD1 0.0149 0.0230 0.0734 0.2079 0.2559 0.1698 0.0036 0.1178 0.0087 0.1250 
     5008AB6 0.0345 0.0999 0.0036 0.1620 0.0192 0.3201 0.0169 0.1875 0.0033 0.1530 
    8204_A_4 0.1645 0.0156 0.0629 0.1895 0.0054 0.2536 0.0250 0.0127 0.0340 0.2369 
       AGRIA 0.0019 0.3756 0.0808 0.0047 0.2285 0.1505 0.0572 0.0047 0.0363 0.0598 
       AILSA 0.0289 0.1581 0.0536 0.0134 0.0032 0.0057 0.0529 0.0692 0.3976 0.2173 
      ALMERA 0.0159 0.2330 0.1528 0.0126 0.1081 0.2933 0.0046 0.1086 0.0685 0.0027 
       ALPHA 0.1226 0.0650 0.0783 0.0072 0.3782 0.0597 0.1220 0.1299 0.0158 0.0213 
      ALWARA 0.1890 0.1957 0.0106 0.2072 0.1810 0.0949 0.0082 0.0980 0.0086 0.0068 
      AMADRA 0.0779 0.1913 0.0123 0.0076 0.2031 0.0980 0.0847 0.1114 0.1177 0.0960 
       AMOUR 0.0512 0.0159 0.0272 0.4099 0.0192 0.0112 0.0077 0.0569 0.2773 0.1236 
        ANNA 0.0050 0.0016 0.0114 0.6084 0.0031 0.1681 0.1249 0.0318 0.0066 0.0391 
   ANNABELLE 0.0095 0.3405 0.0091 0.0090 0.0422 0.4398 0.0569 0.0712 0.0120 0.0097 
        ANYA 0.1722 0.3068 0.0281 0.0356 0.0346 0.0913 0.2050 0.0172 0.0049 0.1043 
       ARGOS 0.1797 0.0146 0.0321 0.4074 0.0083 0.0836 0.0027 0.0622 0.2074 0.0021 
     ARIELLE 0.0139 0.3185 0.0673 0.0874 0.1442 0.1853 0.1170 0.0127 0.0510 0.0027 
      ARKULA 0.1429 0.0736 0.0146 0.0127 0.2802 0.2857 0.1473 0.0200 0.0146 0.0084 
      ARMADA 0.1089 0.0922 0.0137 0.0093 0.2022 0.2694 0.1148 0.0434 0.1430 0.0031 
   AVALANCHE 0.0062 0.0348 0.1369 0.0924 0.2011 0.0566 0.0068 0.0224 0.4129 0.0300 
     BAILLIE 0.0327 0.0818 0.0708 0.1167 0.1063 0.0609 0.0063 0.0200 0.4227 0.0818 
    BALMORAL 0.0170 0.0037 0.2041 0.3698 0.1156 0.1868 0.0100 0.0568 0.0178 0.0184 
     BAMBINO 0.1127 0.0542 0.0080 0.1902 0.0392 0.0572 0.0087 0.0266 0.4071 0.0960 
       BARNA 0.2726 0.1187 0.0188 0.3227 0.1175 0.0150 0.0590 0.0083 0.0495 0.0178 
 BELLE_DE_FO 0.0034 0.0050 0.0342 0.0768 0.0146 0.0049 0.7018 0.1537 0.0041 0.0016 
       BENOL 0.0021 0.0163 0.0042 0.0050 0.0072 0.1025 0.0432 0.1534 0.3364 0.3298 
       BF_15 0.0027 0.0862 0.0055 0.0625 0.0891 0.0400 0.6306 0.0754 0.0047 0.0034 
      BINTJE 0.0817 0.0580 0.1220 0.0417 0.1568 0.1046 0.2617 0.0766 0.0871 0.0099 
 BIONICA_EX_ 0.0184 0.0237 0.0333 0.0626 0.1309 0.2901 0.0706 0.1149 0.0147 0.2408 
 BLUE_DANUBE 0.0071 0.0064 0.1132 0.0755 0.3081 0.2348 0.0111 0.2342 0.0058 0.0036 
      BONNIE 0.2014 0.0839 0.0168 0.1220 0.1178 0.1299 0.0510 0.0071 0.1513 0.1186 
      BOUNTY 0.1494 0.0203 0.0100 0.2016 0.1018 0.0239 0.0090 0.0166 0.3562 0.1111 
 BRITISH_QUE 0.0025 0.0034 0.2874 0.0249 0.0469 0.1698 0.3479 0.0266 0.0892 0.0013 
     BRODICK 0.0192 0.0617 0.0155 0.0170 0.0135 0.0977 0.0089 0.0060 0.2020 0.5587 
      BRODIE 0.1889 0.0043 0.1336 0.4218 0.0115 0.0171 0.1131 0.0073 0.0169 0.0855 
      BUCHAN 0.2343 0.0692 0.0921 0.3678 0.0036 0.0069 0.0695 0.0148 0.0677 0.0740 
      BURREN 0.1052 0.1189 0.0291 0.4050 0.0420 0.0653 0.0447 0.1179 0.0181 0.0539 
     CABARET 0.0963 0.0027 0.0271 0.0246 0.0055 0.0112 0.1202 0.1844 0.4302 0.0978 
      CAESAR 0.0965 0.2480 0.0695 0.0326 0.2718 0.1606 0.0023 0.0025 0.0048 0.1114 
        CARA 0.1552 0.0046 0.0059 0.6145 0.0146 0.0273 0.0415 0.0302 0.0668 0.0394 
 CARLINGFORD 0.2469 0.0641 0.2194 0.0626 0.0042 0.2321 0.0152 0.0351 0.0835 0.0368 
  CASABLANCA 0.0031 0.0042 0.0825 0.2463 0.1272 0.1714 0.0025 0.0036 0.2662 0.0930 
      CELINE 0.2906 0.0034 0.0036 0.0160 0.1690 0.3422 0.0214 0.1268 0.0172 0.0097 
  CHALLENGER 0.0770 0.1867 0.0998 0.0022 0.1703 0.1224 0.1082 0.0144 0.1481 0.0707 
   CHARLOTTE 0.1242 0.4396 0.0032 0.0113 0.0055 0.0575 0.1454 0.0102 0.0126 0.1904 
     CHICAGO 0.0064 0.1807 0.0049 0.0250 0.1017 0.0423 0.0046 0.1501 0.3719 0.1124 
   CHIEFTAIN 0.2811 0.1745 0.2932 0.0174 0.0153 0.0057 0.0983 0.0045 0.0077 0.1024 
      CHOPIN 0.0521 0.1607 0.1476 0.0086 0.1350 0.3501 0.0127 0.0827 0.0137 0.0368 
      CLARET 0.1643 0.0702 0.0120 0.5427 0.0078 0.0247 0.0772 0.0040 0.0838 0.0132 
      CORINE 0.0037 0.0031 0.1638 0.1388 0.2046 0.1201 0.0040 0.1480 0.0638 0.1500 
      COSMOS 0.0275 0.0775 0.1640 0.0063 0.3472 0.1743 0.0551 0.0111 0.0988 0.0382 
     COURAGE 0.2318 0.0475 0.0810 0.0124 0.2761 0.1633 0.0771 0.0424 0.0255 0.0430 
     COURLAN 0.0867 0.2428 0.2743 0.1241 0.1141 0.0032 0.0191 0.0161 0.0165 0.1033 
 CRAIGS_ROYA 0.2744 0.0051 0.1533 0.2805 0.0093 0.0059 0.0764 0.0088 0.1645 0.0217 
 CRAIGS_SNOW 0.1048 0.0520 0.2419 0.0631 0.0562 0.0120 0.2234 0.0677 0.1735 0.0054 
     CRAMOND 0.0438 0.0053 0.0179 0.0229 0.0290 0.2354 0.0081 0.0149 0.3076 0.3152 
 CRISPS_FOR_ 0.2038 0.2063 0.0731 0.0123 0.2381 0.0822 0.0747 0.0062 0.0584 0.0448 
    CROMWELL 0.0100 0.0473 0.0027 0.0760 0.0120 0.0037 0.1011 0.1785 0.5598 0.0089 
       D22/1 0.0614 0.0043 0.0828 0.0779 0.0240 0.0103 0.0831 0.1207 0.5330 0.0025 
       D23/3 0.1159 0.0365 0.1236 0.0125 0.0175 0.0066 0.1615 0.1670 0.3502 0.0086 
      D47-11 0.0033 0.0032 0.0106 0.0090 0.0116 0.0067 0.0108 0.3249 0.6015 0.0185 
       D49/1 0.0238 0.0400 0.0050 0.0019 0.0052 0.0096 0.0223 0.2050 0.6588 0.0284 
       DAISY 0.0177 0.1047 0.0111 0.0053 0.1374 0.0090 0.0916 0.1359 0.3583 0.1290 
 DARK_RED_NO 0.0510 0.1923 0.3722 0.1162 0.0051 0.0920 0.0252 0.1147 0.0132 0.0181 
     DARWINA 0.0757 0.1309 0.1351 0.0055 0.2817 0.1345 0.0166 0.1317 0.0848 0.0034 
     DESIREE 0.2914 0.1974 0.0259 0.1264 0.1958 0.0088 0.1255 0.0242 0.0020 0.0026 
       DITTA 0.0046 0.3291 0.1070 0.0151 0.1209 0.2143 0.1442 0.0104 0.0515 0.0029 
 DR._MCINTOS 0.1986 0.0039 0.3351 0.0086 0.0045 0.2880 0.0605 0.0080 0.0759 0.0169 
       DRAGA 0.0059 0.0663 0.2898 0.0615 0.2139 0.1415 0.0040 0.0042 0.0891 0.1239 
 DUKE_OF_YOR 0.0019 0.0035 0.2796 0.0035 0.0690 0.2638 0.3452 0.0271 0.0044 0.0022 
 DUNBAR_STAN 0.0781 0.0193 0.3222 0.0832 0.0089 0.0112 0.2729 0.0058 0.1927 0.0058 
     DUNDROD 0.0191 0.1459 0.0838 0.0912 0.0070 0.0032 0.0497 0.1305 0.3863 0.0833 
     ECLIPSE 0.1638 0.1175 0.2420 0.0018 0.0023 0.0144 0.3157 0.1046 0.0160 0.0218 
        EDEN 0.0083 0.0032 0.0081 0.0037 0.0060 0.0041 0.0704 0.1472 0.5053 0.2437 
 EDZELL_BLUE 0.0871 0.0525 0.1054 0.0778 0.1695 0.0588 0.2033 0.1510 0.0127 0.0820 
   ELISABETH 0.2451 0.2634 0.0058 0.0024 0.0133 0.3158 0.0111 0.0257 0.1014 0.0160 
     EMPEROR 0.0370 0.2264 0.2978 0.0084 0.0978 0.0605 0.0037 0.0173 0.1290 0.1220 
         EOS 0.2226 0.2087 0.0960 0.0069 0.0944 0.0668 0.0238 0.0059 0.1823 0.0926 
     EPICURE 0.2221 0.0313 0.2082 0.0039 0.0345 0.0780 0.3146 0.0739 0.0040 0.0295 
  ERNTESTOLZ 0.0036 0.1746 0.1529 0.0643 0.0904 0.1983 0.1966 0.0705 0.0234 0.0253 
      ESCORT 0.1553 0.2115 0.0045 0.0136 0.2764 0.1300 0.0101 0.0099 0.0525 0.1364 
   ESMERALDA 0.1635 0.1114 0.0051 0.0153 0.2092 0.1660 0.1614 0.0114 0.0934 0.0635 
      ESTIMA 0.1390 0.1541 0.1226 0.0038 0.1908 0.1500 0.1003 0.0089 0.1026 0.0278 
 EVE_BALFOUR 0.0173 0.0062 0.0692 0.3370 0.0230 0.0479 0.1604 0.0647 0.0275 0.2467 
   EXCALIBUR 0.0180 0.0231 0.0026 0.3235 0.0229 0.0712 0.0030 0.0024 0.3597 0.1737 
     EXQUISA 0.0506 0.3216 0.0025 0.0873 0.0450 0.2393 0.1040 0.1418 0.0037 0.0041 
    FESTIVAL 0.1343 0.2174 0.0085 0.0046 0.2030 0.2609 0.0069 0.0189 0.0867 0.0586 
      FIANNA 0.0607 0.0749 0.1662 0.1270 0.1495 0.3026 0.0065 0.0540 0.0266 0.0319 
   FIFTYFOLD 0.1390 0.0569 0.1115 0.0347 0.0422 0.0035 0.3858 0.1702 0.0299 0.0263 
     FONTANE 0.0062 0.2606 0.1112 0.0057 0.2609 0.0959 0.0353 0.0031 0.1723 0.0487 
   FORTYFOLD 0.0031 0.0029 0.1673 0.0075 0.1915 0.0316 0.3196 0.2667 0.0017 0.0081 
 FRONTIER_RU 0.0886 0.2013 0.3980 0.0084 0.0503 0.0064 0.1168 0.0136 0.0584 0.0581 
     G.81071 0.1142 0.0258 0.1214 0.1015 0.0194 0.2483 0.0721 0.0437 0.0820 0.1715 
     G.88661 0.1807 0.0558 0.2148 0.0055 0.0250 0.2685 0.0042 0.0079 0.1855 0.0522 
    G.886611 0.2849 0.0821 0.1409 0.0040 0.0030 0.2454 0.0046 0.0021 0.1594 0.0736 
  G.8867Y%12 0.2368 0.1000 0.1889 0.0308 0.0028 0.3484 0.0062 0.0040 0.0754 0.0068 
     G.88839 0.0296 0.3678 0.0016 0.0024 0.0067 0.4275 0.0036 0.1554 0.0019 0.0034 
     G.88842 0.0110 0.2112 0.0469 0.0801 0.0355 0.4889 0.0172 0.0850 0.0135 0.0107 
   GALACTICA 0.0018 0.0132 0.0915 0.3575 0.1673 0.1493 0.0397 0.1728 0.0052 0.0018 
      GEMSON 0.1842 0.0317 0.1905 0.1934 0.0093 0.0895 0.1368 0.0217 0.1179 0.0251 
  GL.76B/102 0.0116 0.1938 0.1771 0.0048 0.0097 0.0523 0.0085 0.4726 0.0632 0.0064 
   GL.76B/94 0.0028 0.0118 0.0461 0.0926 0.1352 0.0622 0.1262 0.5190 0.0013 0.0028 
  GL.77M/106 0.1102 0.1100 0.0138 0.1937 0.0052 0.0059 0.0801 0.1410 0.0325 0.3076 
   GL.78/166 0.0072 0.0155 0.1458 0.0123 0.0204 0.0544 0.1206 0.6131 0.0091 0.0017 
    GL.78/53 0.0815 0.0961 0.0278 0.0042 0.0019 0.0022 0.0904 0.5645 0.0125 0.1190 
    GL.78/97 0.0441 0.0960 0.0603 0.0159 0.0157 0.0070 0.1900 0.4970 0.0091 0.0650 
    GL.79/42 0.2069 0.0754 0.0030 0.0019 0.0300 0.0024 0.1662 0.4682 0.0171 0.0290 
    GL.79/45 0.1971 0.0397 0.0041 0.0141 0.0060 0.0134 0.1341 0.5702 0.0046 0.0168 
 GL.81_NT_25 0.0024 0.0055 0.0057 0.0477 0.0097 0.0114 0.1273 0.3020 0.4820 0.0063 
   GLADIATOR 0.2030 0.1949 0.1714 0.0851 0.2437 0.0047 0.0025 0.0213 0.0217 0.0517 
      GLAMIS 0.1367 0.1477 0.0759 0.0104 0.0164 0.1251 0.0457 0.0114 0.4088 0.0218 
 GOLDEN_MILL 0.0105 0.0085 0.0059 0.0696 0.0069 0.1441 0.0400 0.0398 0.2200 0.4546 
 GOLDEN_NUGG 0.3995 0.0028 0.0020 0.0060 0.1040 0.3635 0.0031 0.1055 0.0049 0.0086 
 GOLDEN_WOND 0.0374 0.0713 0.0810 0.0146 0.1778 0.0030 0.4800 0.0440 0.0213 0.0696 
     GRANOLA 0.0833 0.3950 0.0070 0.0146 0.0216 0.1238 0.0177 0.1505 0.0083 0.1782 
    H1H3_101 0.0010 0.0025 0.0100 0.0047 0.0021 0.0019 0.1136 0.2461 0.6141 0.0041 
      H1H3_3 0.0952 0.0052 0.0719 0.0090 0.0213 0.1253 0.1196 0.0601 0.3504 0.1421 
 HARBOROUGH_ 0.0036 0.0069 0.0116 0.0051 0.0149 0.0330 0.0031 0.0034 0.3741 0.5442 
   HARLEQUIN 0.1532 0.3883 0.0105 0.0662 0.0184 0.0053 0.1326 0.0513 0.0270 0.1472 
      HERMES 0.0029 0.2992 0.0977 0.2325 0.1970 0.0093 0.0323 0.0923 0.0325 0.0042 
 HIGHLAND_BU 0.0025 0.0015 0.0040 0.0024 0.0080 0.0997 0.5115 0.3368 0.0038 0.0298 
  HOME_GUARD 0.1391 0.0305 0.1543 0.0960 0.0173 0.0776 0.2491 0.0027 0.1603 0.0730 
     HORIZON 0.0964 0.0321 0.0059 0.0114 0.2341 0.2447 0.1019 0.1985 0.0719 0.0031 
   INNOVATOR 0.0033 0.0022 0.4025 0.0382 0.1798 0.2002 0.0852 0.0745 0.0041 0.0099 
 INTERNATION 0.0016 0.0028 0.0644 0.0054 0.0273 0.0077 0.6423 0.2406 0.0047 0.0031 
 ISLE_OF_JUR 0.0187 0.0758 0.0223 0.1218 0.0038 0.1925 0.0833 0.0522 0.3971 0.0325 
    JULIETTE 0.0078 0.5386 0.0028 0.0145 0.0179 0.2125 0.1104 0.0036 0.0107 0.0812 
     KARLENA 0.0021 0.0276 0.2757 0.2310 0.2480 0.0062 0.0608 0.1116 0.0081 0.0291 
 KERR'S_PINK 0.0860 0.0121 0.2595 0.0630 0.0097 0.0075 0.3364 0.1210 0.0677 0.0370 
     KESTREL 0.2836 0.0483 0.0138 0.3213 0.0060 0.0033 0.0040 0.0096 0.2814 0.0286 
       KIFLI 0.0642 0.4154 0.0216 0.0097 0.0633 0.0130 0.0226 0.2169 0.0139 0.1593 
 KING_EDWARD 0.0837 0.0454 0.0726 0.0019 0.0039 0.0028 0.5517 0.1919 0.0285 0.0175 
    KINGSTON 0.0175 0.0091 0.0026 0.0465 0.0490 0.1059 0.0985 0.1035 0.3243 0.2430 
 KUFRI_CHAND 0.0820 0.0944 0.2987 0.0425 0.0488 0.1358 0.1349 0.0330 0.1238 0.0062 
 KUFRI_JYOTI 0.0825 0.0217 0.0480 0.2013 0.0358 0.2558 0.0164 0.1926 0.0027 0.1431 
      KURODA 0.0050 0.1458 0.1591 0.0964 0.2975 0.1977 0.0034 0.0634 0.0261 0.0057 
 LADY_BALFOU 0.1179 0.0043 0.0869 0.2948 0.0108 0.1220 0.0986 0.0629 0.1389 0.0629 
 LADY_CHRIST 0.0953 0.0175 0.0318 0.0064 0.3420 0.1032 0.1365 0.1882 0.0080 0.0713 
 LADY_CLAIRE 0.0009 0.0880 0.0089 0.0049 0.3999 0.2525 0.1139 0.1227 0.0051 0.0032 
     LADY_JO 0.0039 0.0020 0.0541 0.0028 0.4432 0.1592 0.1812 0.1350 0.0157 0.0029 
 LADY_ROSETT 0.2525 0.0104 0.0454 0.0068 0.3779 0.0488 0.1118 0.0122 0.0865 0.0477 
    LIBERTAS 0.0143 0.0017 0.0047 0.0646 0.5575 0.0202 0.1391 0.1907 0.0029 0.0043 
       LINDA 0.0052 0.5061 0.0095 0.0838 0.0087 0.0957 0.1647 0.1097 0.0033 0.0133 
      LINTON 0.0358 0.2459 0.1997 0.1476 0.1656 0.0035 0.0034 0.0702 0.1185 0.0098 
 LINZER_DELI 0.1462 0.3055 0.0248 0.0043 0.1752 0.0459 0.1368 0.0695 0.0046 0.0872 
   LIONHEART 0.0562 0.0757 0.1324 0.0379 0.2977 0.2551 0.0292 0.0149 0.0305 0.0704 
   MADELEINE 0.1068 0.2745 0.0037 0.0114 0.1799 0.2226 0.0674 0.0521 0.0239 0.0576 
   MADINGLEY 0.0095 0.3065 0.1406 0.1867 0.1483 0.0040 0.0028 0.1121 0.0432 0.0463 
    MAJESTIC 0.1354 0.0267 0.3533 0.0431 0.0048 0.2516 0.1067 0.0024 0.0208 0.0552 
     MARABEL 0.0468 0.2861 0.0635 0.0120 0.1711 0.3522 0.0106 0.0356 0.0090 0.0132 
     MARFONA 0.0550 0.0118 0.1036 0.0185 0.3731 0.1687 0.1281 0.0221 0.1124 0.0067 
     MARILYN 0.0405 0.3019 0.0230 0.1005 0.0956 0.2243 0.0788 0.0597 0.0071 0.0687 
 MARIS_ANCHO 0.0674 0.1251 0.1170 0.0079 0.1122 0.2569 0.1938 0.0154 0.0823 0.0222 
  MARIS_BARD 0.0094 0.0011 0.1616 0.0225 0.1272 0.2618 0.0995 0.0385 0.2662 0.0122 
  MARIS_PEER 0.1193 0.0690 0.2473 0.1508 0.0047 0.0705 0.1315 0.0173 0.1740 0.0155 
 MARIS_PIPER 0.0024 0.0320 0.0028 0.0059 0.0077 0.0031 0.0340 0.1222 0.7403 0.0495 
     MARKIES 0.0428 0.2788 0.0193 0.0379 0.3378 0.1063 0.1139 0.0292 0.0145 0.0195 
      MAXINE 0.2487 0.0604 0.2005 0.0552 0.0129 0.0125 0.0097 0.0096 0.3798 0.0107 
      MEGARA 0.0318 0.2750 0.0050 0.0189 0.2733 0.1981 0.0342 0.0934 0.0371 0.0331 
      MELODY 0.0172 0.1520 0.0186 0.1217 0.2314 0.1574 0.0684 0.1507 0.0291 0.0537 
       MIDAS 0.0171 0.2133 0.0032 0.0111 0.0883 0.0118 0.0043 0.2232 0.4067 0.0209 
       MILVA 0.0244 0.2623 0.0223 0.0120 0.0935 0.2779 0.0622 0.2022 0.0051 0.0381 
        MIMI 0.3206 0.0037 0.0026 0.0076 0.1324 0.1442 0.0070 0.1590 0.1606 0.0623 
        MIRA 0.0037 0.0058 0.0049 0.0093 0.2469 0.4204 0.1781 0.1120 0.0164 0.0025 
       MOIRA 0.0342 0.1772 0.0774 0.1138 0.0292 0.2926 0.0569 0.1687 0.0334 0.0166 
    MONTROSE 0.0027 0.0045 0.0036 0.0089 0.0037 0.0031 0.0714 0.2051 0.2522 0.4449 
       MORAG 0.2064 0.0022 0.0766 0.1054 0.0026 0.1771 0.0595 0.1704 0.0241 0.1757 
      MORENE 0.0094 0.0100 0.0616 0.0472 0.4226 0.2549 0.1651 0.0210 0.0032 0.0050 
      MOZART 0.0842 0.2806 0.0085 0.0048 0.2160 0.1991 0.0022 0.0018 0.0042 0.1985 
 MYATT'S_ASH 0.0012 0.0134 0.0556 0.0128 0.0835 0.0779 0.5678 0.1817 0.0045 0.0017 
      NADINE 0.2476 0.1327 0.0121 0.0438 0.0545 0.0402 0.0055 0.0058 0.3560 0.1019 
       NAVAN 0.1382 0.0155 0.0246 0.0120 0.0074 0.0866 0.0193 0.0302 0.6329 0.0332 
 NDTX_4271_5 0.3565 0.1946 0.2247 0.0035 0.0043 0.0035 0.0048 0.0153 0.0840 0.1087 
      NICOLA 0.0038 0.4597 0.0367 0.0077 0.0642 0.1820 0.1247 0.1142 0.0041 0.0029 
     NOVELLA 0.1143 0.1466 0.0144 0.0865 0.1562 0.3339 0.0679 0.0145 0.0482 0.0174 
     OLYMPUS 0.1472 0.0580 0.1361 0.0369 0.0192 0.0182 0.0618 0.0500 0.1202 0.3524 
       OPERA 0.0762 0.1887 0.0701 0.0973 0.2882 0.0776 0.0170 0.0037 0.0412 0.1401 
   ORCHESTRA 0.0575 0.3161 0.0045 0.0164 0.1687 0.1748 0.0903 0.0124 0.1008 0.0585 
      ORIANA 0.0054 0.1216 0.1319 0.1090 0.1303 0.3505 0.0333 0.1123 0.0032 0.0023 
     OTHELLO 0.1980 0.0528 0.0893 0.4912 0.0067 0.0037 0.0202 0.0035 0.1030 0.0317 
     PALADIN 0.0033 0.0029 0.0589 0.0038 0.0331 0.0042 0.0274 0.2182 0.5393 0.1088 
       PANDA 0.0645 0.4903 0.0068 0.0767 0.1245 0.0793 0.0184 0.0156 0.0568 0.0670 
   PARAMOUNT 0.2600 0.0395 0.0144 0.3107 0.1766 0.0729 0.0364 0.0532 0.0035 0.0327 
    PATRONES 0.0153 0.1558 0.1465 0.0424 0.2046 0.1377 0.1553 0.0634 0.0697 0.0092 
 PENTLAND_AC 0.2306 0.0540 0.0576 0.0747 0.0665 0.1792 0.1629 0.0119 0.1544 0.0082 
 PENTLAND_BE 0.0094 0.0028 0.1656 0.1351 0.0116 0.1689 0.3586 0.0939 0.0517 0.0024 
 PENTLAND_CR 0.0154 0.0030 0.0995 0.0628 0.0982 0.3179 0.0457 0.0782 0.0102 0.2692 
 PENTLAND_DE 0.1152 0.0063 0.1679 0.1145 0.0089 0.1415 0.2105 0.0281 0.0066 0.2005 
 PENTLAND_IV 0.2925 0.0811 0.2279 0.0574 0.0017 0.1366 0.0652 0.0137 0.0301 0.0937 
 PENTLAND_JA 0.0277 0.0092 0.3510 0.0281 0.0863 0.2375 0.0266 0.0724 0.0187 0.1425 
 PENTLAND_MA 0.0091 0.0176 0.0847 0.1776 0.0257 0.4305 0.0097 0.2305 0.0042 0.0104 
 PENTLAND_SQ 0.0507 0.0185 0.1284 0.0673 0.0104 0.2550 0.1523 0.0434 0.0071 0.2669 
   PEPO_1978 0.0040 0.3356 0.0322 0.0250 0.0280 0.2602 0.0154 0.2278 0.0632 0.0086 
     PICASSO 0.0265 0.0607 0.0247 0.4941 0.1313 0.1312 0.0020 0.0058 0.1169 0.0067 
   PIMPERNEL 0.0378 0.1126 0.0030 0.0744 0.4114 0.0477 0.1114 0.0905 0.0069 0.1044 
     PIONEER 0.0074 0.5086 0.0083 0.0050 0.0033 0.1582 0.1736 0.0231 0.0045 0.1082 
       PIXIE 0.2643 0.0510 0.0069 0.1950 0.1093 0.0053 0.0023 0.0087 0.2029 0.1544 
    PREMIERE 0.0030 0.0027 0.0238 0.0054 0.2584 0.3394 0.2234 0.0563 0.0824 0.0051 
   PRODUCENT 0.1072 0.1229 0.0321 0.0030 0.3329 0.0740 0.0208 0.1016 0.1420 0.0635 
     PROVOST 0.0815 0.0265 0.2357 0.1054 0.0332 0.2229 0.0375 0.1404 0.0048 0.1122 
  R.P.LUSTRE 0.1307 0.1566 0.0646 0.0110 0.0033 0.1136 0.2544 0.0047 0.1557 0.1055 
 RANGER_RUSS 0.0032 0.0552 0.4832 0.1153 0.1166 0.0256 0.1705 0.0259 0.0024 0.0020 
       RATTE 0.1672 0.0376 0.0376 0.0023 0.0090 0.0017 0.2030 0.3262 0.0031 0.2123 
      RECORD 0.0181 0.0058 0.0035 0.0275 0.5684 0.0727 0.2035 0.0934 0.0043 0.0029 
   REMBRANDT 0.0063 0.1424 0.1285 0.0051 0.2938 0.1374 0.0933 0.0287 0.0738 0.0906 
    RIO_ROJO 0.2417 0.1121 0.3084 0.0594 0.0884 0.0078 0.0037 0.0980 0.0047 0.0757 
      ROBIJN 0.0050 0.0452 0.0130 0.0172 0.3789 0.1597 0.1204 0.2545 0.0021 0.0040 
      ROCKET 0.1787 0.0029 0.0743 0.0077 0.0089 0.0201 0.0105 0.2242 0.3797 0.0931 
   RODE_STAR 0.0953 0.1495 0.0011 0.0033 0.3048 0.0049 0.2031 0.2245 0.0030 0.0106 
      ROMANO 0.2196 0.0844 0.0031 0.1610 0.2458 0.1981 0.0133 0.0203 0.0072 0.0473 
       ROMEO 0.2224 0.1666 0.0127 0.2250 0.0170 0.0059 0.2056 0.0039 0.0049 0.1360 
     ROOSTER 0.0406 0.0293 0.0783 0.1429 0.0645 0.2313 0.1253 0.0153 0.0061 0.2664 
       ROYAL 0.0119 0.2992 0.0069 0.0813 0.1038 0.0060 0.0044 0.2120 0.2551 0.0195 
 ROYAL_KIDNE 0.0252 0.0019 0.3761 0.0165 0.0423 0.1325 0.3804 0.0146 0.0064 0.0041 
     RUBESSE 0.1757 0.2168 0.0885 0.0438 0.1260 0.1558 0.1030 0.0043 0.0091 0.0770 
 RUSSET_BURB 0.1211 0.0778 0.4636 0.0205 0.1060 0.0452 0.1153 0.0108 0.0095 0.0302 
 RUSSET_NORK 0.1661 0.2067 0.5255 0.0056 0.0037 0.0070 0.0287 0.0169 0.0155 0.0244 
      SAFARI 0.2041 0.0172 0.0075 0.0334 0.2604 0.3619 0.0079 0.0443 0.0088 0.0545 
     SANTANA 0.0701 0.0925 0.1934 0.0412 0.3465 0.0333 0.0122 0.0872 0.0779 0.0457 
       SANTE 0.2516 0.0157 0.0026 0.0057 0.2913 0.2030 0.0423 0.0819 0.0283 0.0777 
     SAPHIRE 0.0312 0.0662 0.2186 0.0115 0.3221 0.1957 0.0029 0.0047 0.0252 0.1221 
  SARPO_MIRA 0.2307 0.2836 0.0109 0.0484 0.2121 0.0024 0.0611 0.1364 0.0086 0.0058 
 SARPO_SHONA 0.2040 0.2870 0.0080 0.0686 0.2817 0.0113 0.0540 0.0585 0.0131 0.0138 
       SASSY 0.0954 0.1144 0.1182 0.0209 0.2800 0.0397 0.1410 0.0861 0.0560 0.0483 
     SATURNA 0.0198 0.2389 0.0039 0.0059 0.3308 0.0442 0.1210 0.2124 0.0166 0.0067 
        SAVA 0.1648 0.3157 0.0835 0.0082 0.0771 0.1615 0.0194 0.0607 0.1041 0.0050 
       SAXON 0.0138 0.0130 0.0043 0.0370 0.0039 0.1613 0.0718 0.0723 0.4446 0.1781 
 SCARBOROUGH 0.0174 0.0137 0.0039 0.0026 0.0027 0.0241 0.0134 0.0345 0.4462 0.4416 
 SEFTON_WOND 0.0740 0.0034 0.2172 0.0325 0.0121 0.0304 0.3904 0.0290 0.1251 0.0857 
    SERAFINA 0.1605 0.2985 0.0070 0.0334 0.1177 0.1309 0.0763 0.0874 0.0024 0.0859 
     SETANTA 0.0386 0.0264 0.0330 0.1173 0.0874 0.1197 0.0553 0.0030 0.0271 0.4923 
 SHARPE'S_EX 0.0212 0.0888 0.0661 0.0187 0.0931 0.0037 0.4759 0.1118 0.1158 0.0049 
     SHELAGH 0.1146 0.0132 0.0196 0.1827 0.0966 0.0776 0.1015 0.2372 0.0728 0.0842 
    SHELFORD 0.0058 0.2681 0.1287 0.2136 0.1980 0.0021 0.0696 0.1057 0.0054 0.0030 
     SHEPODY 0.0027 0.0018 0.4018 0.1483 0.2115 0.0536 0.0859 0.0848 0.0043 0.0053 
      SLANEY 0.1886 0.0920 0.0195 0.3235 0.0040 0.0615 0.0052 0.0126 0.2215 0.0718 
        SPEY 0.2181 0.0206 0.0053 0.3501 0.0145 0.1125 0.0026 0.0041 0.1924 0.0798 
      SPUNTA 0.1478 0.2415 0.0364 0.1211 0.0624 0.0097 0.1484 0.0854 0.0162 0.1311 
     STAMINA 0.1161 0.0069 0.0346 0.1678 0.0562 0.0115 0.0020 0.0036 0.5905 0.0109 
    STEMSTER 0.0733 0.1388 0.0125 0.0729 0.1613 0.0443 0.1139 0.0833 0.2836 0.0161 
 STORMONT_EN 0.1401 0.0105 0.0643 0.0731 0.2658 0.0763 0.0999 0.1053 0.1573 0.0073 
    STIRLING 0.0796 0.0105 0.0970 0.2019 0.0072 0.3156 0.0069 0.0048 0.0639 0.2127 
     SYLVANA 0.0847 0.1718 0.1653 0.0690 0.1352 0.1858 0.0672 0.0132 0.0953 0.0124 
         TAY 0.0961 0.0189 0.0102 0.1678 0.0041 0.0983 0.0033 0.0139 0.1406 0.4467 
      TIMATE 0.0479 0.3423 0.0477 0.0054 0.2552 0.0925 0.0468 0.0139 0.0892 0.0592 
      TOLUCA 0.0208 0.2927 0.0421 0.1514 0.0408 0.3114 0.0246 0.1024 0.0033 0.0106 
    TORRIDON 0.0061 0.0759 0.0440 0.2124 0.1352 0.2476 0.0120 0.1613 0.0111 0.0943 
 ULSTER_SCEP 0.1487 0.0033 0.1579 0.0100 0.0068 0.2550 0.0948 0.0048 0.3057 0.0130 
 UMATILLA_RU 0.0484 0.0188 0.0149 0.0188 0.0244 0.1194 0.1648 0.2974 0.2219 0.0712 
 VALES_EMERA 0.1662 0.3042 0.0399 0.0246 0.0078 0.0401 0.0743 0.0302 0.1431 0.1697 
 VALES_EVERE 0.1472 0.0050 0.0169 0.2704 0.0098 0.0587 0.1089 0.0188 0.0835 0.2808 
 VALES_RUSSE 0.0169 0.1303 0.4285 0.0166 0.0481 0.0162 0.1215 0.1179 0.0054 0.0986 
 VALES_SOVER 0.0073 0.0152 0.0068 0.5858 0.0149 0.0187 0.0025 0.0060 0.2518 0.0910 
       VALOR 0.1709 0.0032 0.0036 0.3391 0.0905 0.0141 0.0019 0.0021 0.2347 0.1399 
    VAN_GOGH 0.0151 0.1158 0.0051 0.0045 0.2901 0.2583 0.1541 0.0136 0.0912 0.0521 
     VANTAGE 0.0183 0.0050 0.1971 0.0225 0.4000 0.0128 0.1426 0.1880 0.0104 0.0033 
       VERDI 0.0046 0.2592 0.0178 0.0676 0.1375 0.1557 0.1189 0.1403 0.0636 0.0348 
    VICTORIA 0.0165 0.1905 0.1862 0.0131 0.2259 0.2182 0.0611 0.0054 0.0270 0.0560 
     VIVALDI 0.0029 0.0989 0.1318 0.0810 0.1253 0.4647 0.0609 0.0295 0.0027 0.0023 
       WILJA 0.0026 0.0021 0.0698 0.0505 0.4264 0.2048 0.1334 0.0699 0.0389 0.0016 
     WINSTON 0.3571 0.0531 0.0091 0.0912 0.0206 0.0336 0.0065 0.0024 0.3724 0.0540 
      XD2-21 0.1994 0.0061 0.1370 0.1177 0.0785 0.1285 0.1988 0.0051 0.0852 0.0438 
  YUKON_GOLD 0.1282 0.1931 0.2863 0.0062 0.0769 0.0240 0.0031 0.0030 0.0495 0.2297 
       ZORBA 0.0084 0.0135 0.1723 0.0680 0.1513 0.3452 0.0902 0.1328 0.0082 0.0102 
