  00C133-020 0.0740 0.7433 0.1827 
 01C_071-002 0.2440 0.3199 0.4360 
 02M_012-001 0.2843 0.6206 0.0951 
 03M_016-002 0.5389 0.3973 0.0638 
 03M_034-002 0.2808 0.6400 0.0791 
 04C_055-004 0.1927 0.5163 0.2910 
 04C_126-005 0.1487 0.5305 0.3209 
 04M_034-013 0.3855 0.4872 0.1273 
 05M_002-001 0.2471 0.2168 0.5361 
 05M_004-003 0.0666 0.3681 0.5654 
 05M_012-004 0.1411 0.4049 0.4540 
 06C_127-002 0.1271 0.5094 0.3636 
 12288_AF_23 0.0742 0.6237 0.3022 
    12601AB1 0.5321 0.4557 0.0122 
   12636_A_2 0.2969 0.6481 0.0550 
  15119_AC_5 0.2712 0.5798 0.1490 
     1512C16 0.3471 0.2156 0.4372 
   15144_A_3 0.0411 0.3945 0.5644 
     1563C14 0.5330 0.0556 0.4114 
     2182EF7 0.1289 0.3994 0.4717 
     3681AD1 0.1355 0.2693 0.5952 
     5008AB6 0.1593 0.2512 0.5895 
    8204_A_4 0.0615 0.4823 0.4562 
       AGRIA 0.1877 0.0951 0.7172 
       AILSA 0.2534 0.6328 0.1138 
      ALMERA 0.1667 0.1512 0.6821 
       ALPHA 0.3421 0.1158 0.5421 
      ALWARA 0.1086 0.2115 0.6799 
      AMADRA 0.2609 0.2508 0.4883 
       AMOUR 0.0780 0.6885 0.2334 
        ANNA 0.1337 0.4894 0.3768 
   ANNABELLE 0.1476 0.0561 0.7963 
        ANYA 0.2719 0.1600 0.5681 
       ARGOS 0.0230 0.5696 0.4074 
     ARIELLE 0.2132 0.1022 0.6846 
      ARKULA 0.2199 0.1087 0.6715 
      ARMADA 0.2366 0.1994 0.5640 
   AVALANCHE 0.1704 0.5274 0.3022 
     BAILLIE 0.1154 0.5954 0.2892 
    BALMORAL 0.0734 0.3843 0.5423 
     BAMBINO 0.0963 0.6717 0.2320 
       BARNA 0.0794 0.3836 0.5370 
 BELLE_DE_FO 0.9138 0.0096 0.0766 
       BENOL 0.2973 0.6247 0.0780 
       BF_15 0.7597 0.0088 0.2315 
      BINTJE 0.4464 0.1541 0.3995 
 BIONICA_EX_ 0.2167 0.2852 0.4981 
 BLUE_DANUBE 0.2552 0.1259 0.6189 
      BONNIE 0.1032 0.4363 0.4605 
      BOUNTY 0.0872 0.6489 0.2639 
 BRITISH_QUE 0.5458 0.1259 0.3283 
     BRODICK 0.0883 0.6975 0.2142 
      BRODIE 0.1485 0.4756 0.3759 
      BUCHAN 0.1064 0.5114 0.3821 
      BURREN 0.1256 0.3733 0.5011 
     CABARET 0.3900 0.5908 0.0192 
      CAESAR 0.0236 0.1932 0.7832 
        CARA 0.0415 0.5606 0.3979 
 CARLINGFORD 0.1277 0.3795 0.4928 
  CASABLANCA 0.0242 0.5733 0.4025 
      CELINE 0.1477 0.2560 0.5963 
  CHALLENGER 0.2666 0.2405 0.4929 
   CHARLOTTE 0.2049 0.2382 0.5569 
     CHICAGO 0.1993 0.5177 0.2830 
   CHIEFTAIN 0.2384 0.2727 0.4889 
      CHOPIN 0.1632 0.1504 0.6864 
      CLARET 0.0430 0.4971 0.4599 
      CORINE 0.1916 0.3781 0.4303 
      COSMOS 0.2077 0.1918 0.6005 
     COURAGE 0.2030 0.1980 0.5990 
     COURLAN 0.1934 0.2924 0.5142 
 CRAIGS_ROYA 0.1474 0.5510 0.3016 
 CRAIGS_SNOW 0.4478 0.2846 0.2677 
     CRAMOND 0.0917 0.6464 0.2619 
 CRISPS_FOR_ 0.1705 0.2227 0.6068 
    CROMWELL 0.3563 0.6152 0.0285 
       D22/1 0.3286 0.6180 0.0534 
       D23/3 0.4367 0.4370 0.1263 
      D47-11 0.3790 0.6127 0.0083 
       D49/1 0.3222 0.6675 0.0103 
       DAISY 0.3379 0.4654 0.1967 
 DARK_RED_NO 0.2612 0.2349 0.5039 
     DARWINA 0.2614 0.1583 0.5803 
     DESIREE 0.2118 0.1017 0.6866 
       DITTA 0.2666 0.0645 0.6689 
 DR._MCINTOS 0.1851 0.3461 0.4688 
       DRAGA 0.1039 0.3368 0.5593 
 DUKE_OF_YOR 0.5229 0.0330 0.4442 
 DUNBAR_STAN 0.4489 0.3393 0.2117 
     DUNDROD 0.2932 0.5573 0.1495 
     ECLIPSE 0.5591 0.1646 0.2764 
        EDEN 0.3263 0.6657 0.0079 
 EDZELL_BLUE 0.4284 0.1713 0.4004 
   ELISABETH 0.0820 0.2617 0.6563 
     EMPEROR 0.1668 0.3388 0.4943 
         EOS 0.1286 0.3896 0.4818 
     EPICURE 0.4930 0.1184 0.3886 
  ERNTESTOLZ 0.3594 0.1193 0.5213 
      ESCORT 0.0795 0.2639 0.6566 
   ESMERALDA 0.2419 0.2480 0.5101 
      ESTIMA 0.2397 0.2095 0.5508 
 EVE_BALFOUR 0.2692 0.4595 0.2713 
   EXCALIBUR 0.0106 0.7597 0.2297 
     EXQUISA 0.2420 0.0377 0.7202 
    FESTIVAL 0.0835 0.2348 0.6817 
      FIANNA 0.0967 0.2504 0.6528 
   FIFTYFOLD 0.6306 0.1536 0.2158 
     FONTANE 0.1777 0.2392 0.5831 
   FORTYFOLD 0.6662 0.0139 0.3199 
 FRONTIER_RU 0.3274 0.2416 0.4310 
     G.81071 0.1666 0.3976 0.4357 
     G.88661 0.0840 0.4377 0.4783 
    G.886611 0.0387 0.4836 0.4778 
  G.8867Y%12 0.0405 0.3705 0.5889 
     G.88839 0.1003 0.0204 0.8793 
     G.88842 0.0839 0.1527 0.7634 
   GALACTICA 0.2280 0.2252 0.5468 
      GEMSON 0.2330 0.3978 0.3692 
  GL.76B/102 0.4795 0.1587 0.3619 
   GL.76B/94 0.5961 0.0203 0.3836 
  GL.77M/106 0.2341 0.4863 0.2796 
   GL.78/166 0.7076 0.0573 0.2350 
    GL.78/53 0.6213 0.2739 0.1048 
    GL.78/97 0.6469 0.1444 0.2088 
    GL.79/42 0.6146 0.1954 0.1900 
    GL.79/45 0.6293 0.1607 0.2100 
 GL.81_NT_25 0.4912 0.4942 0.0146 
   GLADIATOR 0.0701 0.2954 0.6345 
      GLAMIS 0.1703 0.5248 0.3049 
 GOLDEN_MILL 0.1837 0.6605 0.1558 
 GOLDEN_NUGG 0.0670 0.3098 0.6232 
 GOLDEN_WOND 0.6612 0.0970 0.2418 
     GRANOLA 0.1801 0.2089 0.6110 
    H1H3_101 0.4610 0.5346 0.0044 
      H1H3_3 0.2919 0.5570 0.1511 
 HARBOROUGH_ 0.0981 0.8159 0.0860 
   HARLEQUIN 0.2447 0.2483 0.5070 
      HERMES 0.2182 0.1650 0.6168 
 HIGHLAND_BU 0.8838 0.0219 0.0944 
  HOME_GUARD 0.3369 0.3903 0.2728 
     HORIZON 0.3443 0.1296 0.5261 
   INNOVATOR 0.3378 0.1473 0.5149 
 INTERNATION 0.9516 0.0094 0.0390 
 ISLE_OF_JUR 0.2191 0.5633 0.2176 
    JULIETTE 0.1429 0.0938 0.7633 
     KARLENA 0.2920 0.2306 0.4774 
 KERR'S_PINK 0.5878 0.2229 0.1893 
     KESTREL 0.0257 0.7087 0.2656 
       KIFLI 0.2642 0.1713 0.5644 
 KING_EDWARD 0.8391 0.0998 0.0611 
    KINGSTON 0.2734 0.5825 0.1441 
 KUFRI_CHAND 0.3153 0.2485 0.4362 
 KUFRI_JYOTI 0.1849 0.2794 0.5357 
      KURODA 0.1347 0.1435 0.7218 
 LADY_BALFOU 0.1972 0.4798 0.3230 
 LADY_CHRIST 0.3919 0.1151 0.4930 
 LADY_CLAIRE 0.3370 0.0128 0.6502 
     LADY_JO 0.4497 0.0438 0.5065 
 LADY_ROSETT 0.2353 0.2324 0.5322 
    LIBERTAS 0.4202 0.0455 0.5343 
       LINDA 0.2960 0.0372 0.6668 
      LINTON 0.1694 0.3039 0.5267 
 LINZER_DELI 0.2796 0.0855 0.6349 
   LIONHEART 0.1659 0.1873 0.6468 
   MADELEINE 0.1752 0.1525 0.6723 
   MADINGLEY 0.1451 0.2619 0.5929 
    MAJESTIC 0.2138 0.2947 0.4915 
     MARABEL 0.1013 0.0869 0.8118 
     MARFONA 0.2912 0.1675 0.5413 
     MARILYN 0.1694 0.1377 0.6930 
 MARIS_ANCHO 0.3044 0.1692 0.5264 
  MARIS_BARD 0.2797 0.4447 0.2756 
  MARIS_PEER 0.2674 0.4059 0.3268 
 MARIS_PIPER 0.2690 0.7233 0.0077 
     MARKIES 0.2368 0.0552 0.7080 
      MAXINE 0.1535 0.5899 0.2566 
      MEGARA 0.1785 0.1154 0.7062 
      MELODY 0.2507 0.1785 0.5708 
       MIDAS 0.2662 0.4753 0.2584 
       MILVA 0.2726 0.0711 0.6563 
        MIMI 0.1835 0.4451 0.3714 
        MIRA 0.3361 0.0515 0.6124 
       MOIRA 0.2231 0.2051 0.5718 
    MONTROSE 0.3496 0.6343 0.0161 
       MORAG 0.2707 0.4398 0.2895 
      MORENE 0.2788 0.0347 0.6865 
      MOZART 0.0141 0.2084 0.7775 
 MYATT'S_ASH 0.8076 0.0076 0.1848 
      NADINE 0.0757 0.5965 0.3278 
       NAVAN 0.1721 0.7641 0.0638 
 NDTX_4271_5 0.1549 0.4219 0.4233 
      NICOLA 0.2824 0.0090 0.7086 
     NOVELLA 0.1111 0.2059 0.6830 
     OLYMPUS 0.2157 0.5235 0.2608 
       OPERA 0.1016 0.2685 0.6298 
   ORCHESTRA 0.1791 0.1911 0.6298 
      ORIANA 0.1884 0.0776 0.7340 
     OTHELLO 0.0347 0.5740 0.3913 
     PALADIN 0.3535 0.6359 0.0106 
       PANDA 0.1174 0.1708 0.7118 
   PARAMOUNT 0.0815 0.3109 0.6076 
    PATRONES 0.3282 0.1407 0.5311 
 PENTLAND_AC 0.2555 0.3333 0.4112 
 PENTLAND_BE 0.5278 0.1857 0.2865 
 PENTLAND_CR 0.1812 0.3547 0.4641 
 PENTLAND_DE 0.3228 0.3285 0.3487 
 PENTLAND_IV 0.1733 0.4105 0.4162 
 PENTLAND_JA 0.2247 0.2942 0.4811 
 PENTLAND_MA 0.1596 0.2026 0.6378 
 PENTLAND_SQ 0.2642 0.3318 0.4039 
   PEPO_1978 0.2304 0.1339 0.6357 
     PICASSO 0.0115 0.4295 0.5590 
   PIMPERNEL 0.2819 0.1260 0.5921 
     PIONEER 0.2656 0.0716 0.6629 
       PIXIE 0.0230 0.6156 0.3614 
    PREMIERE 0.3832 0.1216 0.4952 
   PRODUCENT 0.2344 0.2418 0.5238 
     PROVOST 0.2340 0.2632 0.5028 
  R.P.LUSTRE 0.3442 0.3346 0.3212 
 RANGER_RUSS 0.3976 0.0870 0.5154 
       RATTE 0.5685 0.2242 0.2073 
      RECORD 0.3914 0.0211 0.5875 
   REMBRANDT 0.2814 0.1620 0.5566 
    RIO_ROJO 0.1843 0.2932 0.5225 
      ROBIJN 0.4010 0.0110 0.5879 
      ROCKET 0.2968 0.6107 0.0925 
   RODE_STAR 0.4835 0.0296 0.4869 
      ROMANO 0.0613 0.2533 0.6854 
       ROMEO 0.2291 0.3204 0.4505 
     ROOSTER 0.1914 0.3406 0.4680 
       ROYAL 0.2358 0.3623 0.4019 
 ROYAL_KIDNE 0.5760 0.1176 0.3064 
     RUBESSE 0.1693 0.2070 0.6237 
 RUSSET_BURB 0.3203 0.2017 0.4780 
 RUSSET_NORK 0.2795 0.2707 0.4497 
      SAFARI 0.0643 0.2242 0.7115 
     SANTANA 0.2215 0.2277 0.5508 
       SANTE 0.1851 0.2461 0.5687 
     SAPHIRE 0.0993 0.2473 0.6534 
  SARPO_MIRA 0.2467 0.1431 0.6102 
 SARPO_SHONA 0.1792 0.1376 0.6832 
       SASSY 0.3495 0.1667 0.4838 
     SATURNA 0.3917 0.0224 0.5859 
        SAVA 0.1602 0.2059 0.6340 
       SAXON 0.2298 0.6539 0.1163 
 SCARBOROUGH 0.1752 0.8022 0.0226 
 SEFTON_WOND 0.5705 0.2996 0.1298 
    SERAFINA 0.1987 0.1033 0.6979 
     SETANTA 0.1033 0.5333 0.3634 
 SHARPE'S_EX 0.6934 0.1194 0.1871 
     SHELAGH 0.3219 0.3281 0.3500 
    SHELFORD 0.2849 0.1215 0.5935 
     SHEPODY 0.3335 0.2111 0.4554 
      SLANEY 0.0281 0.6031 0.3688 
        SPEY 0.0102 0.6061 0.3836 
      SPUNTA 0.2641 0.2708 0.4651 
     STAMINA 0.0282 0.8130 0.1588 
    STEMSTER 0.2920 0.3552 0.3529 
 STORMONT_EN 0.2909 0.2865 0.4226 
    STIRLING 0.0268 0.4878 0.4854 
     SYLVANA 0.1832 0.2410 0.5758 
         TAY 0.0479 0.6842 0.2679 
      TIMATE 0.1745 0.1575 0.6679 
      TOLUCA 0.1313 0.0898 0.7789 
    TORRIDON 0.1827 0.2433 0.5741 
 ULSTER_SCEP 0.2197 0.5136 0.2667 
 UMATILLA_RU 0.4870 0.3360 0.1770 
 VALES_EMERA 0.1870 0.3820 0.4309 
 VALES_EVERE 0.1629 0.5631 0.2740 
 VALES_RUSSE 0.4043 0.1760 0.4197 
 VALES_SOVER 0.0095 0.6888 0.3018 
       VALOR 0.0077 0.6892 0.3031 
    VAN_GOGH 0.2714 0.1327 0.5959 
     VANTAGE 0.4530 0.0696 0.4775 
       VERDI 0.3051 0.1397 0.5552 
    VICTORIA 0.1892 0.1431 0.6677 
     VIVALDI 0.1465 0.0732 0.7803 
       WILJA 0.3304 0.1027 0.5669 
     WINSTON 0.0308 0.6798 0.2894 
      XD2-21 0.2819 0.3276 0.3905 
  YUKON_GOLD 0.0825 0.3997 0.5177 
       ZORBA 0.2540 0.1511 0.5949 
