  00C133-020 0.0803 0.1736 0.7461 
 01C_071-002 0.2341 0.4393 0.3266 
 02M_012-001 0.2879 0.0905 0.6216 
 03M_016-002 0.5385 0.0654 0.3961 
 03M_034-002 0.2851 0.0799 0.6350 
 04C_055-004 0.1925 0.2898 0.5177 
 04C_126-005 0.1499 0.3181 0.5320 
 04M_034-013 0.3849 0.1299 0.4852 
 05M_002-001 0.2352 0.5431 0.2218 
 05M_004-003 0.0588 0.5683 0.3729 
 05M_012-004 0.1376 0.4524 0.4100 
 06C_127-002 0.1252 0.3601 0.5148 
 12288_AF_23 0.0736 0.2994 0.6270 
    12601AB1 0.5342 0.0134 0.4524 
   12636_A_2 0.3026 0.0473 0.6501 
  15119_AC_5 0.2738 0.1507 0.5755 
     1512C16 0.3380 0.4461 0.2160 
   15144_A_3 0.0377 0.5663 0.3960 
     1563C14 0.5175 0.4278 0.0547 
     2182EF7 0.1224 0.4709 0.4067 
     3681AD1 0.1217 0.6000 0.2783 
     5008AB6 0.1450 0.5959 0.2591 
    8204_A_4 0.0610 0.4556 0.4834 
       AGRIA 0.1712 0.7275 0.1013 
       AILSA 0.2586 0.1103 0.6310 
      ALMERA 0.1526 0.6929 0.1545 
       ALPHA 0.3292 0.5550 0.1158 
      ALWARA 0.0945 0.6882 0.2172 
      AMADRA 0.2519 0.4928 0.2553 
       AMOUR 0.0846 0.2240 0.6914 
        ANNA 0.1367 0.3685 0.4948 
   ANNABELLE 0.1341 0.8074 0.0585 
        ANYA 0.2602 0.5755 0.1644 
       ARGOS 0.0232 0.4020 0.5748 
     ARIELLE 0.1981 0.6934 0.1085 
      ARKULA 0.2040 0.6807 0.1153 
      ARMADA 0.2268 0.5687 0.2045 
   AVALANCHE 0.1691 0.2998 0.5310 
     BAILLIE 0.1190 0.2833 0.5977 
    BALMORAL 0.0699 0.5377 0.3924 
     BAMBINO 0.1010 0.2260 0.6730 
       BARNA 0.0752 0.5355 0.3893 
 BELLE_DE_FO 0.9008 0.0896 0.0096 
       BENOL 0.3017 0.0730 0.6253 
       BF_15 0.7458 0.2458 0.0084 
      BINTJE 0.4343 0.4074 0.1583 
 BIONICA_EX_ 0.2087 0.5010 0.2904 
 BLUE_DANUBE 0.2382 0.6326 0.1292 
      BONNIE 0.1019 0.4592 0.4390 
      BOUNTY 0.0877 0.2606 0.6517 
 BRITISH_QUE 0.5350 0.3376 0.1274 
     BRODICK 0.0957 0.2041 0.7003 
      BRODIE 0.1485 0.3726 0.4788 
      BUCHAN 0.1105 0.3723 0.5171 
      BURREN 0.1201 0.5026 0.3773 
     CABARET 0.3949 0.0216 0.5835 
      CAESAR 0.0152 0.7820 0.2028 
        CARA 0.0478 0.3867 0.5654 
 CARLINGFORD 0.1244 0.4933 0.3824 
  CASABLANCA 0.0261 0.3941 0.5798 
      CELINE 0.1414 0.6014 0.2572 
  CHALLENGER 0.2592 0.4996 0.2412 
   CHARLOTTE 0.1982 0.5619 0.2399 
     CHICAGO 0.1983 0.2857 0.5160 
   CHIEFTAIN 0.2310 0.4932 0.2758 
      CHOPIN 0.1496 0.6939 0.1565 
      CLARET 0.0385 0.4591 0.5024 
      CORINE 0.1869 0.4304 0.3827 
      COSMOS 0.1957 0.6079 0.1963 
     COURAGE 0.1894 0.6083 0.2023 
     COURLAN 0.1834 0.5170 0.2995 
 CRAIGS_ROYA 0.1508 0.2951 0.5542 
 CRAIGS_SNOW 0.4423 0.2735 0.2841 
     CRAMOND 0.0950 0.2559 0.6491 
 CRISPS_FOR_ 0.1568 0.6146 0.2286 
    CROMWELL 0.3611 0.0295 0.6094 
       D22/1 0.3330 0.0507 0.6163 
       D23/3 0.4371 0.1282 0.4347 
      D47-11 0.3855 0.0083 0.6062 
       D49/1 0.3286 0.0110 0.6604 
       DAISY 0.3353 0.1995 0.4652 
 DARK_RED_NO 0.2522 0.5066 0.2412 
     DARWINA 0.2508 0.5899 0.1592 
     DESIREE 0.1959 0.6958 0.1083 
       DITTA 0.2523 0.6843 0.0633 
 DR._MCINTOS 0.1774 0.4727 0.3499 
       DRAGA 0.0922 0.5624 0.3453 
 DUKE_OF_YOR 0.5111 0.4565 0.0324 
 DUNBAR_STAN 0.4467 0.2159 0.3374 
     DUNDROD 0.2943 0.1505 0.5552 
     ECLIPSE 0.5533 0.2838 0.1628 
        EDEN 0.3349 0.0083 0.6569 
 EDZELL_BLUE 0.4178 0.4105 0.1717 
   ELISABETH 0.0745 0.6595 0.2660 
     EMPEROR 0.1581 0.5000 0.3419 
         EOS 0.1274 0.4794 0.3932 
     EPICURE 0.4805 0.3982 0.1214 
  ERNTESTOLZ 0.3440 0.5311 0.1250 
      ESCORT 0.0690 0.6614 0.2696 
   ESMERALDA 0.2321 0.5158 0.2521 
      ESTIMA 0.2311 0.5579 0.2109 
 EVE_BALFOUR 0.2663 0.2708 0.4629 
   EXCALIBUR 0.0100 0.2189 0.7711 
     EXQUISA 0.2218 0.7344 0.0438 
    FESTIVAL 0.0733 0.6878 0.2389 
      FIANNA 0.0862 0.6564 0.2573 
   FIFTYFOLD 0.6236 0.2223 0.1541 
     FONTANE 0.1668 0.5898 0.2434 
   FORTYFOLD 0.6509 0.3352 0.0139 
 FRONTIER_RU 0.3222 0.4310 0.2468 
     G.81071 0.1608 0.4396 0.3996 
     G.88661 0.0800 0.4785 0.4416 
    G.886611 0.0382 0.4716 0.4902 
  G.8867Y%12 0.0380 0.5871 0.3749 
     G.88839 0.0806 0.8958 0.0237 
     G.88842 0.0717 0.7694 0.1589 
   GALACTICA 0.2199 0.5508 0.2294 
      GEMSON 0.2264 0.3723 0.4013 
  GL.76B/102 0.4686 0.3727 0.1588 
   GL.76B/94 0.5815 0.3982 0.0203 
  GL.77M/106 0.2337 0.2783 0.4879 
   GL.78/166 0.6976 0.2534 0.0490 
    GL.78/53 0.6175 0.1114 0.2711 
    GL.78/97 0.6405 0.2199 0.1396 
    GL.79/42 0.6073 0.2034 0.1893 
    GL.79/45 0.6233 0.2214 0.1553 
 GL.81_NT_25 0.4929 0.0173 0.4899 
   GLADIATOR 0.0644 0.6348 0.3008 
      GLAMIS 0.1691 0.3021 0.5288 
 GOLDEN_MILL 0.1854 0.1545 0.6602 
 GOLDEN_NUGG 0.0542 0.6281 0.3177 
 GOLDEN_WOND 0.6492 0.2545 0.0963 
     GRANOLA 0.1676 0.6167 0.2157 
    H1H3_101 0.4708 0.0041 0.5251 
      H1H3_3 0.2975 0.1463 0.5562 
 HARBOROUGH_ 0.1065 0.0757 0.8177 
   HARLEQUIN 0.2353 0.5137 0.2510 
      HERMES 0.2072 0.6234 0.1694 
 HIGHLAND_BU 0.8723 0.1083 0.0193 
  HOME_GUARD 0.3350 0.2761 0.3889 
     HORIZON 0.3327 0.5382 0.1292 
   INNOVATOR 0.3259 0.5228 0.1513 
 INTERNATION 0.9420 0.0474 0.0106 
 ISLE_OF_JUR 0.2224 0.2130 0.5645 
    JULIETTE 0.1278 0.7747 0.0975 
     KARLENA 0.2788 0.4831 0.2381 
 KERR'S_PINK 0.5809 0.1975 0.2216 
     KESTREL 0.0265 0.2564 0.7171 
       KIFLI 0.2503 0.5756 0.1740 
 KING_EDWARD 0.8340 0.0726 0.0934 
    KINGSTON 0.2738 0.1442 0.5820 
 KUFRI_CHAND 0.3062 0.4429 0.2509 
 KUFRI_JYOTI 0.1753 0.5392 0.2855 
      KURODA 0.1215 0.7270 0.1516 
 LADY_BALFOU 0.1997 0.3215 0.4788 
 LADY_CHRIST 0.3780 0.5078 0.1142 
 LADY_CLAIRE 0.3190 0.6675 0.0135 
     LADY_JO 0.4362 0.5200 0.0438 
 LADY_ROSETT 0.2239 0.5394 0.2366 
    LIBERTAS 0.4058 0.5449 0.0493 
       LINDA 0.2816 0.6819 0.0365 
      LINTON 0.1621 0.5281 0.3099 
 LINZER_DELI 0.2624 0.6498 0.0878 
   LIONHEART 0.1547 0.6529 0.1923 
   MADELEINE 0.1582 0.6814 0.1604 
   MADINGLEY 0.1335 0.5998 0.2667 
    MAJESTIC 0.2093 0.4936 0.2972 
     MARABEL 0.0843 0.8211 0.0946 
     MARFONA 0.2812 0.5498 0.1691 
     MARILYN 0.1529 0.7017 0.1454 
 MARIS_ANCHO 0.2946 0.5357 0.1697 
  MARIS_BARD 0.2813 0.2768 0.4419 
  MARIS_PEER 0.2660 0.3257 0.4083 
 MARIS_PIPER 0.2778 0.0071 0.7152 
     MARKIES 0.2211 0.7189 0.0599 
      MAXINE 0.1523 0.2560 0.5916 
      MEGARA 0.1637 0.7177 0.1186 
      MELODY 0.2369 0.5764 0.1867 
       MIDAS 0.2637 0.2592 0.4771 
       MILVA 0.2568 0.6703 0.0729 
        MIMI 0.1804 0.3714 0.4483 
        MIRA 0.3208 0.6278 0.0515 
       MOIRA 0.2129 0.5768 0.2103 
    MONTROSE 0.3540 0.0177 0.6282 
       MORAG 0.2678 0.2910 0.4412 
      MORENE 0.2640 0.7022 0.0338 
      MOZART 0.0117 0.7740 0.2143 
 MYATT'S_ASH 0.7932 0.1991 0.0077 
      NADINE 0.0775 0.3214 0.6011 
       NAVAN 0.1849 0.0503 0.7648 
 NDTX_4271_5 0.1483 0.4245 0.4272 
      NICOLA 0.2653 0.7264 0.0084 
     NOVELLA 0.0984 0.6874 0.2142 
     OLYMPUS 0.2145 0.2581 0.5274 
       OPERA 0.0912 0.6346 0.2742 
   ORCHESTRA 0.1674 0.6399 0.1928 
      ORIANA 0.1750 0.7492 0.0758 
     OTHELLO 0.0307 0.3872 0.5821 
     PALADIN 0.3584 0.0115 0.6301 
       PANDA 0.1041 0.7223 0.1735 
   PARAMOUNT 0.0740 0.6098 0.3162 
    PATRONES 0.3169 0.5406 0.1425 
 PENTLAND_AC 0.2491 0.4143 0.3366 
 PENTLAND_BE 0.5220 0.2938 0.1843 
 PENTLAND_CR 0.1766 0.4678 0.3556 
 PENTLAND_DE 0.3181 0.3513 0.3306 
 PENTLAND_IV 0.1741 0.4120 0.4139 
 PENTLAND_JA 0.2164 0.4842 0.2995 
 PENTLAND_MA 0.1452 0.6453 0.2095 
 PENTLAND_SQ 0.2570 0.4063 0.3367 
   PEPO_1978 0.2182 0.6434 0.1384 
     PICASSO 0.0111 0.5519 0.4369 
   PIMPERNEL 0.2679 0.6038 0.1282 
     PIONEER 0.2485 0.6724 0.0791 
       PIXIE 0.0234 0.3553 0.6214 
    PREMIERE 0.3739 0.5068 0.1193 
   PRODUCENT 0.2239 0.5328 0.2433 
     PROVOST 0.2253 0.5077 0.2670 
  R.P.LUSTRE 0.3427 0.3216 0.3357 
 RANGER_RUSS 0.3867 0.5244 0.0889 
       RATTE 0.5591 0.2161 0.2247 
      RECORD 0.3769 0.6049 0.0181 
   REMBRANDT 0.2705 0.5637 0.1659 
    RIO_ROJO 0.1778 0.5247 0.2975 
      ROBIJN 0.3820 0.6065 0.0115 
      ROCKET 0.3013 0.0905 0.6081 
   RODE_STAR 0.4647 0.5061 0.0292 
      ROMANO 0.0514 0.6897 0.2590 
       ROMEO 0.2229 0.4535 0.3236 
     ROOSTER 0.1875 0.4678 0.3447 
       ROYAL 0.2292 0.4061 0.3647 
 ROYAL_KIDNE 0.5691 0.3145 0.1164 
     RUBESSE 0.1598 0.6308 0.2094 
 RUSSET_BURB 0.3096 0.4818 0.2086 
 RUSSET_NORK 0.2724 0.4518 0.2759 
      SAFARI 0.0519 0.7190 0.2292 
     SANTANA 0.2108 0.5559 0.2333 
       SANTE 0.1789 0.5724 0.2486 
     SAPHIRE 0.0888 0.6563 0.2549 
  SARPO_MIRA 0.2341 0.6201 0.1458 
 SARPO_SHONA 0.1652 0.6941 0.1407 
       SASSY 0.3365 0.4949 0.1685 
     SATURNA 0.3753 0.5999 0.0247 
        SAVA 0.1495 0.6432 0.2073 
       SAXON 0.2325 0.1129 0.6546 
 SCARBOROUGH 0.1840 0.0183 0.7977 
 SEFTON_WOND 0.5664 0.1364 0.2972 
    SERAFINA 0.1834 0.7083 0.1083 
     SETANTA 0.1055 0.3578 0.5367 
 SHARPE'S_EX 0.6843 0.2008 0.1150 
     SHELAGH 0.3157 0.3553 0.3291 
    SHELFORD 0.2670 0.6025 0.1305 
     SHEPODY 0.3248 0.4619 0.2134 
      SLANEY 0.0268 0.3639 0.6093 
        SPEY 0.0084 0.3760 0.6156 
      SPUNTA 0.2582 0.4678 0.2740 
     STAMINA 0.0298 0.1533 0.8169 
    STEMSTER 0.2852 0.3592 0.3555 
 STORMONT_EN 0.2859 0.4303 0.2838 
    STIRLING 0.0249 0.4789 0.4963 
     SYLVANA 0.1756 0.5803 0.2441 
         TAY 0.0459 0.2650 0.6891 
      TIMATE 0.1604 0.6747 0.1649 
      TOLUCA 0.1117 0.7864 0.1019 
    TORRIDON 0.1738 0.5787 0.2475 
 ULSTER_SCEP 0.2199 0.2659 0.5142 
 UMATILLA_RU 0.4835 0.1811 0.3354 
 VALES_EMERA 0.1813 0.4339 0.3848 
 VALES_EVERE 0.1652 0.2680 0.5668 
 VALES_RUSSE 0.3946 0.4267 0.1787 
 VALES_SOVER 0.0110 0.2893 0.6997 
       VALOR 0.0087 0.2919 0.6994 
    VAN_GOGH 0.2579 0.6046 0.1376 
     VANTAGE 0.4405 0.4894 0.0702 
       VERDI 0.2926 0.5649 0.1425 
    VICTORIA 0.1781 0.6753 0.1467 
     VIVALDI 0.1349 0.7904 0.0747 
       WILJA 0.3173 0.5781 0.1046 
     WINSTON 0.0351 0.2827 0.6821 
      XD2-21 0.2774 0.3907 0.3319 
  YUKON_GOLD 0.0799 0.5144 0.4058 
       ZORBA 0.2429 0.6002 0.1568 
