  00C133-020 0.0110 0.0231 0.4030 0.2541 0.0224 0.0119 0.2745 
 01C_071-002 0.0388 0.1520 0.1848 0.0249 0.2001 0.1419 0.2575 
 02M_012-001 0.0039 0.1646 0.4891 0.1690 0.0269 0.0873 0.0592 
 03M_016-002 0.2225 0.3286 0.3659 0.0110 0.0052 0.0488 0.0180 
 03M_034-002 0.0071 0.1990 0.3676 0.2982 0.0595 0.0028 0.0659 
 04C_055-004 0.0582 0.0505 0.4448 0.0848 0.0380 0.2794 0.0442 
 04C_126-005 0.0101 0.1177 0.2077 0.2398 0.1200 0.0156 0.2890 
 04M_034-013 0.1395 0.2128 0.4093 0.1132 0.0376 0.0785 0.0091 
 05M_002-001 0.1560 0.1017 0.1294 0.0663 0.2971 0.1908 0.0588 
 05M_004-003 0.0853 0.0061 0.1361 0.1783 0.3549 0.0747 0.1645 
 05M_012-004 0.1820 0.0453 0.0985 0.2797 0.2588 0.0089 0.1268 
 06C_127-002 0.0796 0.0395 0.1633 0.4127 0.0080 0.2267 0.0703 
 12288_AF_23 0.1018 0.0063 0.3559 0.1838 0.0222 0.1315 0.1985 
    12601AB1 0.0026 0.4415 0.2205 0.3242 0.0041 0.0031 0.0040 
   12636_A_2 0.0558 0.1910 0.3512 0.2826 0.0058 0.0038 0.1096 
  15119_AC_5 0.0185 0.1837 0.2556 0.0055 0.0175 0.0018 0.5173 
     1512C16 0.3051 0.2291 0.0057 0.1498 0.0757 0.0905 0.1442 
   15144_A_3 0.0047 0.0496 0.0084 0.0560 0.0074 0.2421 0.6318 
     1563C14 0.0785 0.4353 0.0147 0.0094 0.1585 0.2310 0.0727 
     2182EF7 0.2584 0.0583 0.0184 0.2955 0.1230 0.0113 0.2350 
     3681AD1 0.0716 0.0781 0.0360 0.1536 0.3827 0.0233 0.2547 
     5008AB6 0.0086 0.1352 0.0058 0.2658 0.2775 0.1100 0.1970 
    8204_A_4 0.1238 0.0391 0.0449 0.3990 0.1113 0.0479 0.2340 
       AGRIA 0.1067 0.0283 0.0433 0.0770 0.4196 0.3214 0.0037 
       AILSA 0.0509 0.0921 0.4572 0.2166 0.0039 0.1713 0.0079 
      ALMERA 0.2222 0.0111 0.0876 0.0136 0.3840 0.2423 0.0392 
       ALPHA 0.1025 0.2285 0.0402 0.0593 0.3897 0.1215 0.0584 
      ALWARA 0.0250 0.0498 0.0327 0.0292 0.2562 0.2883 0.3187 
      AMADRA 0.0244 0.1578 0.1707 0.1169 0.2893 0.2252 0.0157 
       AMOUR 0.0209 0.0343 0.3364 0.1568 0.0132 0.0342 0.4042 
        ANNA 0.0350 0.1423 0.0085 0.1582 0.0189 0.0022 0.6351 
   ANNABELLE 0.0728 0.0314 0.0107 0.0995 0.4331 0.3429 0.0096 
        ANYA 0.0757 0.2133 0.0091 0.1566 0.0860 0.3855 0.0738 
       ARGOS 0.0828 0.0061 0.2436 0.0280 0.0605 0.0638 0.5152 
     ARIELLE 0.1431 0.0839 0.0303 0.0059 0.2919 0.3382 0.1068 
      ARKULA 0.0902 0.1321 0.0075 0.1071 0.4535 0.1187 0.0909 
      ARMADA 0.1153 0.1229 0.1248 0.0451 0.3754 0.1479 0.0686 
   AVALANCHE 0.1670 0.0081 0.4492 0.0172 0.2356 0.0225 0.1004 
     BAILLIE 0.0861 0.0104 0.4579 0.0810 0.1293 0.0947 0.1407 
    BALMORAL 0.2447 0.0216 0.0246 0.0735 0.2291 0.0068 0.3998 
     BAMBINO 0.0271 0.0165 0.4375 0.1559 0.0705 0.0721 0.2204 
       BARNA 0.0510 0.0604 0.0486 0.1401 0.0710 0.2232 0.4057 
 BELLE_DE_FO 0.0762 0.8156 0.0030 0.0021 0.0086 0.0111 0.0834 
       BENOL 0.0048 0.1783 0.4324 0.3022 0.0715 0.0060 0.0048 
       BF_15 0.0256 0.6901 0.0033 0.0041 0.1265 0.0794 0.0709 
      BINTJE 0.1914 0.3123 0.0679 0.0296 0.2055 0.0960 0.0974 
 BIONICA_EX_ 0.0668 0.1578 0.0353 0.2989 0.3170 0.0251 0.0990 
 BLUE_DANUBE 0.1431 0.1444 0.0249 0.0053 0.5219 0.0099 0.1506 
      BONNIE 0.0898 0.0288 0.1736 0.2190 0.1992 0.1257 0.1638 
      BOUNTY 0.0291 0.0163 0.3851 0.1776 0.1022 0.0404 0.2493 
 BRITISH_QUE 0.4388 0.3446 0.0216 0.0022 0.1398 0.0039 0.0491 
     BRODICK 0.0126 0.0300 0.3047 0.5521 0.0327 0.0600 0.0079 
      BRODIE 0.1934 0.0991 0.0189 0.1955 0.0057 0.0199 0.4676 
      BUCHAN 0.1236 0.0589 0.0662 0.2087 0.0032 0.1349 0.4044 
      BURREN 0.0152 0.1202 0.0418 0.1209 0.1079 0.1506 0.4434 
     CABARET 0.0700 0.2513 0.4749 0.1275 0.0093 0.0057 0.0613 
      CAESAR 0.0849 0.0026 0.0102 0.1959 0.3846 0.2645 0.0574 
        CARA 0.0099 0.0588 0.0709 0.1667 0.0130 0.0192 0.6615 
 CARLINGFORD 0.3197 0.0246 0.0621 0.2378 0.0422 0.1524 0.1612 
  CASABLANCA 0.1141 0.0028 0.2754 0.1220 0.2421 0.0029 0.2407 
      CELINE 0.0200 0.1033 0.0421 0.1834 0.4619 0.0117 0.1776 
  CHALLENGER 0.1768 0.0912 0.1616 0.0949 0.2797 0.1917 0.0042 
   CHARLOTTE 0.0054 0.1545 0.0272 0.2880 0.0158 0.5007 0.0083 
     CHICAGO 0.0060 0.0505 0.4671 0.0863 0.2006 0.1734 0.0161 
   CHIEFTAIN 0.3655 0.0850 0.0093 0.2132 0.0069 0.2607 0.0595 
      CHOPIN 0.2297 0.0241 0.0145 0.1335 0.4104 0.1705 0.0175 
      CLARET 0.0443 0.0385 0.0766 0.0988 0.0078 0.1340 0.6000 
      CORINE 0.1509 0.0844 0.1553 0.1288 0.2984 0.0045 0.1776 
      COSMOS 0.2248 0.0427 0.1235 0.0483 0.4568 0.0835 0.0203 
     COURAGE 0.1533 0.1079 0.0334 0.1277 0.3388 0.1279 0.1111 
     COURLAN 0.2598 0.0503 0.0759 0.1247 0.0402 0.3016 0.1475 
 CRAIGS_ROYA 0.2111 0.0599 0.1717 0.1394 0.0040 0.0567 0.3571 
 CRAIGS_SNOW 0.3314 0.2588 0.1759 0.0092 0.0169 0.1118 0.0959 
     CRAMOND 0.0659 0.0118 0.3473 0.3758 0.1644 0.0047 0.0300 
 CRISPS_FOR_ 0.1362 0.0533 0.0743 0.1298 0.2764 0.2783 0.0517 
    CROMWELL 0.0051 0.1965 0.6336 0.0040 0.0141 0.0581 0.0886 
       D22/1 0.1514 0.1393 0.5489 0.0042 0.0208 0.0069 0.1285 
       D23/3 0.1881 0.2653 0.3840 0.0222 0.0171 0.0835 0.0399 
      D47-11 0.0179 0.2148 0.7070 0.0083 0.0305 0.0069 0.0145 
       D49/1 0.0112 0.1285 0.7528 0.0197 0.0185 0.0666 0.0026 
       DAISY 0.0141 0.1968 0.4234 0.1069 0.1412 0.1090 0.0086 
 DARK_RED_NO 0.4086 0.0807 0.0324 0.0927 0.0187 0.2443 0.1225 
     DARWINA 0.1940 0.0977 0.1190 0.0156 0.4042 0.1528 0.0168 
     DESIREE 0.0690 0.1441 0.0037 0.0148 0.1509 0.3430 0.2746 
       DITTA 0.1915 0.1245 0.0243 0.0101 0.3022 0.3270 0.0205 
 DR._MCINTOS 0.5063 0.0323 0.0344 0.2298 0.0863 0.0310 0.0799 
       DRAGA 0.3240 0.0059 0.1295 0.1261 0.2885 0.0595 0.0664 
 DUKE_OF_YOR 0.3983 0.3382 0.0033 0.0035 0.2460 0.0047 0.0059 
 DUNBAR_STAN 0.4529 0.2212 0.1704 0.0199 0.0064 0.0534 0.0759 
     DUNDROD 0.0773 0.1310 0.4481 0.0766 0.0083 0.1721 0.0866 
     ECLIPSE 0.2965 0.3776 0.0137 0.1067 0.0037 0.1993 0.0025 
        EDEN 0.0092 0.1905 0.5871 0.1947 0.0065 0.0058 0.0062 
 EDZELL_BLUE 0.1343 0.3258 0.0265 0.1013 0.1837 0.0988 0.1296 
   ELISABETH 0.0595 0.0089 0.0786 0.2502 0.2549 0.3384 0.0093 
     EMPEROR 0.3071 0.0081 0.1505 0.1770 0.1150 0.2358 0.0065 
         EOS 0.1457 0.0145 0.2046 0.2122 0.1309 0.2759 0.0162 
     EPICURE 0.3190 0.3580 0.0050 0.1303 0.0339 0.1363 0.0175 
  ERNTESTOLZ 0.2035 0.2347 0.0259 0.0495 0.2591 0.1673 0.0599 
      ESCORT 0.0106 0.0151 0.0968 0.2067 0.3786 0.2448 0.0473 
   ESMERALDA 0.0236 0.1642 0.0923 0.1814 0.3109 0.1530 0.0746 
      ESTIMA 0.2220 0.0670 0.1232 0.0772 0.3165 0.1869 0.0072 
 EVE_BALFOUR 0.0745 0.2322 0.0801 0.2383 0.0182 0.0127 0.3440 
   EXCALIBUR 0.0036 0.0035 0.3577 0.2763 0.0352 0.0162 0.3075 
     EXQUISA 0.0058 0.1683 0.0044 0.0356 0.2800 0.3799 0.1259 
    FESTIVAL 0.0371 0.0086 0.0970 0.1770 0.4233 0.2425 0.0146 
      FIANNA 0.2299 0.0094 0.0261 0.1119 0.3580 0.0863 0.1785 
   FIFTYFOLD 0.1397 0.5301 0.0576 0.0406 0.0105 0.1461 0.0754 
     FONTANE 0.1593 0.0183 0.1784 0.0634 0.3530 0.2226 0.0050 
   FORTYFOLD 0.1930 0.5389 0.0034 0.0056 0.2361 0.0059 0.0172 
 FRONTIER_RU 0.4413 0.1192 0.0853 0.0794 0.0137 0.2539 0.0072 
     G.81071 0.1995 0.0845 0.0850 0.3014 0.1531 0.0510 0.1255 
     G.88661 0.3204 0.0045 0.1492 0.2813 0.1432 0.0932 0.0082 
    G.886611 0.2713 0.0040 0.1300 0.3677 0.0358 0.1726 0.0185 
  G.8867Y%12 0.3396 0.0046 0.0204 0.2801 0.0813 0.1761 0.0978 
     G.88839 0.0037 0.0208 0.0036 0.1277 0.3932 0.4453 0.0056 
     G.88842 0.1221 0.0136 0.0059 0.1589 0.4018 0.2122 0.0854 
   GALACTICA 0.1061 0.1535 0.0134 0.0028 0.3132 0.0102 0.4008 
      GEMSON 0.2787 0.1300 0.0965 0.1426 0.0166 0.0835 0.2520 
  GL.76B/102 0.1285 0.3179 0.1677 0.0135 0.1259 0.2411 0.0055 
   GL.76B/94 0.0136 0.5273 0.0040 0.0043 0.2655 0.0374 0.1479 
  GL.77M/106 0.0114 0.1932 0.1268 0.3217 0.0070 0.1448 0.1952 
   GL.78/166 0.1125 0.5767 0.0716 0.0026 0.1428 0.0377 0.0561 
    GL.78/53 0.0056 0.5232 0.1545 0.1436 0.0047 0.1608 0.0076 
    GL.78/97 0.0254 0.5639 0.1068 0.0456 0.0840 0.1417 0.0325 
    GL.79/42 0.0034 0.5352 0.1219 0.1092 0.0402 0.1842 0.0059 
    GL.79/45 0.0040 0.5730 0.0493 0.1022 0.0367 0.1462 0.0887 
 GL.81_NT_25 0.0089 0.3306 0.5475 0.0034 0.0454 0.0055 0.0588 
   GLADIATOR 0.1682 0.0058 0.0792 0.1270 0.1947 0.2788 0.1464 
      GLAMIS 0.1613 0.0148 0.4159 0.0957 0.0817 0.1843 0.0462 
 GOLDEN_MILL 0.0072 0.1092 0.2876 0.4930 0.0483 0.0085 0.0461 
 GOLDEN_NUGG 0.0072 0.0427 0.0191 0.2817 0.4538 0.0123 0.1832 
 GOLDEN_WOND 0.1347 0.5547 0.0220 0.0664 0.0761 0.1214 0.0248 
     GRANOLA 0.0065 0.1120 0.0324 0.2523 0.1434 0.4409 0.0125 
    H1H3_101 0.0090 0.2821 0.6917 0.0025 0.0038 0.0043 0.0065 
      H1H3_3 0.1545 0.1529 0.3785 0.1951 0.0803 0.0111 0.0275 
 HARBOROUGH_ 0.0080 0.0083 0.4613 0.4977 0.0171 0.0042 0.0035 
   HARLEQUIN 0.0154 0.1723 0.0748 0.1836 0.0212 0.4560 0.0767 
      HERMES 0.0596 0.0952 0.0686 0.0034 0.2220 0.3161 0.2351 
 HIGHLAND_BU 0.0102 0.7937 0.0064 0.0735 0.1094 0.0028 0.0039 
  HOME_GUARD 0.2728 0.2094 0.1283 0.1980 0.0252 0.0548 0.1115 
     HORIZON 0.0318 0.2355 0.1017 0.0253 0.4519 0.0616 0.0922 
   INNOVATOR 0.4684 0.1347 0.0077 0.0173 0.3010 0.0032 0.0678 
 INTERNATION 0.0870 0.8476 0.0053 0.0034 0.0429 0.0047 0.0091 
 ISLE_OF_JUR 0.0484 0.1185 0.4126 0.1087 0.0704 0.0909 0.1504 
    JULIETTE 0.0056 0.0592 0.0084 0.1518 0.2352 0.5306 0.0092 
     KARLENA 0.2547 0.1685 0.0578 0.0041 0.2361 0.0283 0.2505 
 KERR'S_PINK 0.3319 0.4173 0.0730 0.0587 0.0066 0.0450 0.0674 
     KESTREL 0.0181 0.0055 0.2995 0.1607 0.0035 0.1314 0.3814 
       KIFLI 0.0091 0.1858 0.0812 0.1284 0.0911 0.4938 0.0104 
 KING_EDWARD 0.1207 0.6995 0.0425 0.0166 0.0042 0.1135 0.0030 
    KINGSTON 0.0044 0.1828 0.3743 0.2638 0.1203 0.0083 0.0461 
 KUFRI_CHAND 0.3909 0.1401 0.1075 0.0562 0.1100 0.1242 0.0710 
 KUFRI_JYOTI 0.0484 0.1500 0.0055 0.2649 0.2394 0.0402 0.2516 
      KURODA 0.1854 0.0124 0.0502 0.0141 0.4577 0.1465 0.1336 
 LADY_BALFOU 0.1371 0.1419 0.1458 0.1577 0.0579 0.0151 0.3444 
 LADY_CHRIST 0.0659 0.2854 0.0555 0.0829 0.4322 0.0535 0.0247 
 LADY_CLAIRE 0.0389 0.2100 0.0157 0.0031 0.6950 0.0203 0.0171 
     LADY_JO 0.1103 0.2776 0.0284 0.0028 0.5695 0.0023 0.0091 
 LADY_ROSETT 0.1276 0.1293 0.1070 0.1184 0.3459 0.1074 0.0644 
    LIBERTAS 0.0063 0.3000 0.0057 0.0027 0.5330 0.0023 0.1501 
       LINDA 0.0084 0.2121 0.0048 0.0540 0.1253 0.5428 0.0525 
      LINTON 0.1802 0.0213 0.1855 0.0081 0.1490 0.2892 0.1667 
 LINZER_DELI 0.0417 0.2001 0.0073 0.1388 0.2186 0.3782 0.0153 
   LIONHEART 0.1970 0.0290 0.0376 0.1249 0.4755 0.0656 0.0705 
   MADELEINE 0.0117 0.0842 0.0270 0.1768 0.3709 0.3053 0.0241 
   MADINGLEY 0.0738 0.0303 0.1456 0.0185 0.1491 0.3750 0.2076 
    MAJESTIC 0.5095 0.0403 0.0124 0.1917 0.0831 0.0722 0.0908 
     MARABEL 0.0917 0.0084 0.0094 0.1015 0.4722 0.2867 0.0301 
     MARFONA 0.1770 0.1355 0.1144 0.0196 0.4639 0.0292 0.0604 
     MARILYN 0.0408 0.0977 0.0084 0.1394 0.2843 0.3124 0.1170 
 MARIS_ANCHO 0.2254 0.1673 0.0535 0.0947 0.2725 0.1653 0.0213 
  MARIS_BARD 0.2690 0.0975 0.2477 0.0526 0.2552 0.0015 0.0765 
  MARIS_PEER 0.3302 0.1231 0.1499 0.0953 0.0071 0.1096 0.1847 
 MARIS_PIPER 0.0071 0.1099 0.8162 0.0151 0.0167 0.0280 0.0071 
     MARKIES 0.0307 0.1267 0.0192 0.0320 0.4329 0.2898 0.0687 
      MAXINE 0.2684 0.0056 0.3864 0.0899 0.0076 0.1220 0.1201 
      MEGARA 0.0123 0.0846 0.0483 0.0935 0.4727 0.2617 0.0268 
      MELODY 0.0203 0.1654 0.0694 0.0578 0.3668 0.1628 0.1575 
       MIDAS 0.0046 0.1036 0.4902 0.0190 0.1494 0.2237 0.0095 
       MILVA 0.0240 0.1948 0.0075 0.1265 0.3492 0.2758 0.0222 
        MIMI 0.0053 0.1145 0.2344 0.2067 0.2969 0.0161 0.1260 
        MIRA 0.0730 0.2275 0.0160 0.0110 0.5951 0.0065 0.0709 
       MOIRA 0.1339 0.1286 0.0359 0.1133 0.2646 0.1867 0.1370 
    MONTROSE 0.0022 0.2442 0.3794 0.3582 0.0046 0.0055 0.0060 
       MORAG 0.1724 0.1928 0.0735 0.3152 0.0337 0.0059 0.2065 
      MORENE 0.1298 0.1679 0.0034 0.0071 0.5746 0.0077 0.1096 
      MOZART 0.0234 0.0026 0.0084 0.2928 0.3663 0.2996 0.0068 
 MYATT'S_ASH 0.1037 0.7121 0.0041 0.0021 0.1589 0.0095 0.0096 
      NADINE 0.0582 0.0059 0.3761 0.2100 0.0348 0.2091 0.1060 
       NAVAN 0.0841 0.0322 0.6525 0.1035 0.0171 0.0468 0.0638 
 NDTX_4271_5 0.2593 0.0111 0.1328 0.2670 0.0034 0.3180 0.0085 
      NICOLA 0.0538 0.1703 0.0039 0.0045 0.2842 0.4741 0.0092 
     NOVELLA 0.0946 0.0355 0.0198 0.1453 0.3817 0.1667 0.1564 
     OLYMPUS 0.1340 0.1247 0.1926 0.3941 0.0086 0.1002 0.0458 
       OPERA 0.0969 0.0136 0.0837 0.1507 0.3435 0.1993 0.1124 
   ORCHESTRA 0.0135 0.0770 0.1113 0.1076 0.3341 0.3243 0.0321 
      ORIANA 0.2053 0.0611 0.0045 0.0073 0.4007 0.1416 0.1796 
     OTHELLO 0.1106 0.0083 0.1013 0.1488 0.0033 0.1080 0.5196 
     PALADIN 0.0670 0.1870 0.6367 0.0709 0.0278 0.0046 0.0060 
       PANDA 0.0071 0.0214 0.0797 0.0990 0.1928 0.5319 0.0681 
   PARAMOUNT 0.0327 0.0698 0.0053 0.1655 0.1783 0.1238 0.4246 
    PATRONES 0.2137 0.1744 0.0713 0.0105 0.3071 0.1639 0.0591 
 PENTLAND_AC 0.1854 0.1357 0.1390 0.1111 0.1425 0.1208 0.1656 
 PENTLAND_BE 0.2962 0.4025 0.0206 0.0061 0.0895 0.0048 0.1802 
 PENTLAND_CR 0.1409 0.1110 0.0190 0.3384 0.3017 0.0034 0.0856 
 PENTLAND_DE 0.2552 0.2409 0.0082 0.2875 0.0296 0.0186 0.1600 
 PENTLAND_IV 0.3302 0.0607 0.0258 0.2859 0.0042 0.1656 0.1276 
 PENTLAND_JA 0.4199 0.0730 0.0318 0.2020 0.2136 0.0108 0.0489 
 PENTLAND_MA 0.1240 0.1080 0.0054 0.1409 0.3468 0.0374 0.2376 
 PENTLAND_SQ 0.2080 0.1953 0.0125 0.3521 0.1427 0.0141 0.0753 
   PEPO_1978 0.0356 0.1271 0.1030 0.0552 0.3066 0.3518 0.0206 
     PICASSO 0.0352 0.0030 0.1310 0.0307 0.2342 0.0578 0.5081 
   PIMPERNEL 0.0038 0.2150 0.0172 0.0894 0.4183 0.1264 0.1299 
     PIONEER 0.0136 0.1763 0.0055 0.1810 0.0956 0.5230 0.0051 
       PIXIE 0.0176 0.0066 0.2534 0.3081 0.0475 0.1281 0.2387 
    PREMIERE 0.1516 0.2366 0.0646 0.0147 0.5164 0.0029 0.0133 
   PRODUCENT 0.0611 0.0953 0.1886 0.0958 0.4109 0.1405 0.0077 
     PROVOST 0.2753 0.1417 0.0082 0.1948 0.1709 0.0590 0.1502 
  R.P.LUSTRE 0.1829 0.2210 0.1431 0.1882 0.0108 0.2326 0.0214 
 RANGER_RUSS 0.5392 0.1837 0.0029 0.0020 0.0769 0.0787 0.1166 
       RATTE 0.0333 0.4948 0.0776 0.2161 0.0097 0.1618 0.0066 
      RECORD 0.0103 0.2891 0.0071 0.0042 0.5780 0.0086 0.1027 
   REMBRANDT 0.1697 0.1240 0.0846 0.0900 0.4121 0.1083 0.0113 
    RIO_ROJO 0.3250 0.0515 0.0368 0.1703 0.0395 0.2277 0.1493 
      ROBIJN 0.0172 0.3063 0.0042 0.0035 0.5223 0.0651 0.0815 
      ROCKET 0.1200 0.1584 0.4638 0.1625 0.0244 0.0169 0.0540 
   RODE_STAR 0.0015 0.4009 0.0152 0.0071 0.3042 0.2339 0.0371 
      ROMANO 0.0098 0.0201 0.0135 0.1630 0.3345 0.1693 0.2898 
       ROMEO 0.0477 0.2025 0.0069 0.2148 0.0050 0.2470 0.2761 
     ROOSTER 0.1356 0.1452 0.0115 0.3225 0.1887 0.0269 0.1696 
       ROYAL 0.0053 0.0890 0.3414 0.0138 0.1486 0.3345 0.0675 
 ROYAL_KIDNE 0.5198 0.3732 0.0035 0.0103 0.0713 0.0033 0.0186 
     RUBESSE 0.1654 0.0712 0.0098 0.1622 0.2176 0.2716 0.1023 
 RUSSET_BURB 0.5449 0.1121 0.0170 0.0787 0.0838 0.1310 0.0325 
 RUSSET_NORK 0.5621 0.0277 0.0194 0.1119 0.0030 0.2691 0.0068 
      SAFARI 0.0441 0.0223 0.0069 0.2330 0.4949 0.0430 0.1559 
     SANTANA 0.2010 0.0731 0.1370 0.0332 0.3687 0.1176 0.0694 
       SANTE 0.0085 0.1196 0.0876 0.2150 0.4735 0.0514 0.0444 
     SAPHIRE 0.2608 0.0044 0.0431 0.1780 0.4524 0.0347 0.0266 
  SARPO_MIRA 0.0101 0.1685 0.0611 0.0091 0.1533 0.4238 0.1741 
 SARPO_SHONA 0.0077 0.0999 0.0471 0.0293 0.2580 0.3905 0.1675 
       SASSY 0.1495 0.2127 0.0827 0.0525 0.2704 0.1569 0.0753 
     SATURNA 0.0051 0.2710 0.0465 0.0035 0.4007 0.2615 0.0117 
        SAVA 0.1562 0.0291 0.1171 0.0729 0.2339 0.3692 0.0217 
       SAXON 0.0128 0.1252 0.4756 0.2572 0.0736 0.0131 0.0424 
 SCARBOROUGH 0.0053 0.0439 0.5320 0.4042 0.0041 0.0079 0.0025 
 SEFTON_WOND 0.3134 0.4086 0.0968 0.1307 0.0089 0.0047 0.0370 
    SERAFINA 0.0107 0.1404 0.0036 0.1664 0.2202 0.3734 0.0853 
     SETANTA 0.0508 0.0789 0.1018 0.5008 0.1106 0.0451 0.1120 
 SHARPE'S_EX 0.1196 0.5803 0.0966 0.0145 0.0424 0.1185 0.0282 
     SHELAGH 0.0192 0.2759 0.1240 0.1352 0.1511 0.0475 0.2471 
    SHELFORD 0.0834 0.1521 0.0363 0.0025 0.1418 0.3380 0.2459 
     SHEPODY 0.4189 0.1568 0.0072 0.0077 0.2290 0.0025 0.1780 
      SLANEY 0.0466 0.0070 0.2268 0.2011 0.0090 0.1359 0.3736 
        SPEY 0.0164 0.0035 0.2159 0.2246 0.0490 0.0660 0.4246 
      SPUNTA 0.0380 0.2110 0.0600 0.1712 0.0580 0.3117 0.1501 
     STAMINA 0.0719 0.0023 0.6101 0.0466 0.0262 0.0149 0.2280 
    STEMSTER 0.0225 0.1610 0.3096 0.0147 0.1795 0.1849 0.1277 
 STORMONT_EN 0.1297 0.1660 0.1778 0.0308 0.2695 0.0612 0.1650 
    STIRLING 0.1534 0.0094 0.0591 0.3778 0.1558 0.0119 0.2327 
     SYLVANA 0.2334 0.0406 0.0957 0.0774 0.2591 0.1992 0.0946 
         TAY 0.0168 0.0191 0.2447 0.4869 0.0227 0.0474 0.1623 
      TIMATE 0.0554 0.0429 0.1149 0.0707 0.3409 0.3686 0.0066 
      TOLUCA 0.0805 0.0359 0.0052 0.0680 0.3217 0.3172 0.1715 
    TORRIDON 0.0561 0.1209 0.0206 0.1613 0.3466 0.0473 0.2472 
 ULSTER_SCEP 0.3332 0.0342 0.2842 0.1660 0.1167 0.0059 0.0599 
 UMATILLA_RU 0.0390 0.3723 0.2884 0.0718 0.1464 0.0362 0.0460 
 VALES_EMERA 0.0517 0.1017 0.1654 0.2696 0.0137 0.3603 0.0376 
 VALES_EVERE 0.0538 0.1445 0.1313 0.3421 0.0176 0.0098 0.3010 
 VALES_RUSSE 0.4449 0.2096 0.0237 0.0881 0.0539 0.1615 0.0184 
 VALES_SOVER 0.0064 0.0032 0.2955 0.0946 0.0163 0.0133 0.5707 
       VALOR 0.0061 0.0029 0.2646 0.2632 0.0689 0.0064 0.3879 
    VAN_GOGH 0.0446 0.1577 0.0802 0.1001 0.4961 0.1115 0.0098 
     VANTAGE 0.2263 0.2754 0.0207 0.0023 0.3720 0.0092 0.0941 
       VERDI 0.0241 0.2035 0.1021 0.0191 0.2955 0.2738 0.0818 
    VICTORIA 0.2620 0.0266 0.0239 0.1004 0.4070 0.1609 0.0193 
     VIVALDI 0.2445 0.0198 0.0033 0.0271 0.4757 0.1077 0.1220 
       WILJA 0.1358 0.1715 0.0194 0.0020 0.5466 0.0023 0.1224 
     WINSTON 0.0619 0.0032 0.3749 0.2096 0.0086 0.1580 0.1837 
      XD2-21 0.2671 0.1753 0.0602 0.1651 0.0872 0.0486 0.1965 
  YUKON_GOLD 0.2917 0.0037 0.1243 0.2750 0.0621 0.2366 0.0067 
       ZORBA 0.2388 0.1499 0.0101 0.0443 0.4267 0.0088 0.1213 
