  00C133-020 0.0260 0.5948 0.3559 0.0232 
 01C_071-002 0.2687 0.2308 0.3001 0.2004 
 02M_012-001 0.1395 0.6359 0.0236 0.2010 
 03M_016-002 0.0159 0.3701 0.1221 0.4919 
 03M_034-002 0.0299 0.5706 0.1868 0.2128 
 04C_055-004 0.3222 0.5174 0.0480 0.1124 
 04C_126-005 0.1242 0.3817 0.3860 0.1081 
 04M_034-013 0.1242 0.4929 0.0627 0.3201 
 05M_002-001 0.4261 0.1696 0.2053 0.1990 
 05M_004-003 0.3809 0.2475 0.3437 0.0279 
 05M_012-004 0.2036 0.2463 0.4292 0.1209 
 06C_127-002 0.2776 0.4369 0.2176 0.0680 
 12288_AF_23 0.1512 0.5078 0.3104 0.0305 
    12601AB1 0.0125 0.4905 0.0165 0.4805 
   12636_A_2 0.0110 0.5438 0.2157 0.2295 
  15119_AC_5 0.0045 0.2932 0.4988 0.2034 
     1512C16 0.1488 0.0808 0.4346 0.3358 
   15144_A_3 0.2121 0.1540 0.6069 0.0271 
     1563C14 0.3354 0.0377 0.1120 0.5149 
     2182EF7 0.0969 0.1901 0.5885 0.1245 
     3681AD1 0.2975 0.1155 0.4701 0.1169 
     5008AB6 0.3933 0.1366 0.3519 0.1182 
    8204_A_4 0.1669 0.3024 0.4913 0.0394 
       AGRIA 0.7211 0.1088 0.0423 0.1278 
       AILSA 0.1490 0.6335 0.0448 0.1726 
      ALMERA 0.5291 0.0815 0.2692 0.1202 
       ALPHA 0.4027 0.0550 0.2303 0.3120 
      ALWARA 0.4776 0.1002 0.3572 0.0650 
      AMADRA 0.4729 0.2478 0.0723 0.2070 
       AMOUR 0.0255 0.4951 0.4326 0.0468 
        ANNA 0.0048 0.1100 0.7820 0.1033 
   ANNABELLE 0.7276 0.0409 0.1428 0.0887 
        ANYA 0.4972 0.1254 0.1369 0.2405 
       ARGOS 0.0720 0.3214 0.5948 0.0118 
     ARIELLE 0.5591 0.0529 0.2174 0.1706 
      ARKULA 0.4682 0.0273 0.3088 0.1956 
      ARMADA 0.4111 0.1325 0.2650 0.1913 
   AVALANCHE 0.1692 0.4449 0.2696 0.1164 
     BAILLIE 0.1949 0.5256 0.2308 0.0488 
    BALMORAL 0.1023 0.1115 0.6983 0.0880 
     BAMBINO 0.1118 0.5629 0.2846 0.0407 
       BARNA 0.2529 0.2132 0.4750 0.0588 
 BELLE_DE_FO 0.0071 0.0041 0.0900 0.8988 
       BENOL 0.1232 0.6308 0.0316 0.2144 
       BF_15 0.1494 0.0064 0.0843 0.7598 
      BINTJE 0.2149 0.0896 0.2671 0.4285 
 BIONICA_EX_ 0.3010 0.1858 0.3352 0.1781 
 BLUE_DANUBE 0.3791 0.0350 0.3568 0.2290 
      BONNIE 0.2903 0.3215 0.3289 0.0593 
      BOUNTY 0.1117 0.5207 0.3297 0.0379 
 BRITISH_QUE 0.0181 0.0116 0.4150 0.5552 
     BRODICK 0.2052 0.6523 0.1204 0.0221 
      BRODIE 0.0096 0.2045 0.6635 0.1225 
      BUCHAN 0.0531 0.2929 0.5604 0.0936 
      BURREN 0.2177 0.1882 0.4868 0.1073 
     CABARET 0.0089 0.5476 0.1185 0.3251 
      CAESAR 0.6321 0.1041 0.2552 0.0086 
        CARA 0.0118 0.2582 0.6995 0.0305 
 CARLINGFORD 0.1845 0.2103 0.4935 0.1117 
  CASABLANCA 0.1313 0.3668 0.4900 0.0120 
      CELINE 0.3711 0.1316 0.3747 0.1226 
  CHALLENGER 0.4428 0.2222 0.1173 0.2176 
   CHARLOTTE 0.6067 0.2437 0.0175 0.1322 
     CHICAGO 0.3429 0.5332 0.0197 0.1042 
   CHIEFTAIN 0.2388 0.1459 0.3934 0.2219 
      CHOPIN 0.5032 0.0662 0.3061 0.1244 
      CLARET 0.0669 0.2410 0.6570 0.0352 
      CORINE 0.1824 0.2336 0.4143 0.1697 
      COSMOS 0.4122 0.1138 0.2985 0.1755 
     COURAGE 0.3970 0.1105 0.3210 0.1715 
     COURLAN 0.3195 0.1832 0.3323 0.1650 
 CRAIGS_ROYA 0.0120 0.3253 0.5344 0.1284 
 CRAIGS_SNOW 0.0560 0.1923 0.3233 0.4283 
     CRAMOND 0.1554 0.5548 0.2574 0.0325 
 CRISPS_FOR_ 0.4999 0.1634 0.2151 0.1217 
    CROMWELL 0.0674 0.6575 0.0144 0.2607 
       D22/1 0.0090 0.5307 0.2056 0.2547 
       D23/3 0.0456 0.4030 0.1544 0.3970 
      D47-11 0.0086 0.6647 0.0137 0.3130 
       D49/1 0.0390 0.7438 0.0048 0.2124 
       DAISY 0.2364 0.4880 0.0191 0.2566 
 DARK_RED_NO 0.2256 0.1039 0.4225 0.2480 
     DARWINA 0.4367 0.1002 0.2415 0.2216 
     DESIREE 0.4566 0.0164 0.3408 0.1862 
       DITTA 0.5606 0.0335 0.1758 0.2300 
 DR._MCINTOS 0.0643 0.1499 0.6044 0.1813 
       DRAGA 0.2919 0.1923 0.4385 0.0773 
 DUKE_OF_YOR 0.1281 0.0046 0.3464 0.5209 
 DUNBAR_STAN 0.0112 0.1970 0.3623 0.4295 
     DUNDROD 0.1269 0.5368 0.1098 0.2265 
     ECLIPSE 0.1739 0.1454 0.1325 0.5482 
        EDEN 0.0117 0.7182 0.0152 0.2549 
 EDZELL_BLUE 0.2155 0.1013 0.2725 0.4107 
   ELISABETH 0.6191 0.2393 0.1146 0.0270 
     EMPEROR 0.3616 0.2612 0.2512 0.1260 
         EOS 0.3993 0.3362 0.1873 0.0772 
     EPICURE 0.1713 0.0585 0.2895 0.4807 
  ERNTESTOLZ 0.3602 0.0531 0.2504 0.3363 
      ESCORT 0.5981 0.2198 0.1531 0.0289 
   ESMERALDA 0.4163 0.2012 0.1847 0.1978 
      ESTIMA 0.4421 0.1679 0.1937 0.1964 
 EVE_BALFOUR 0.0241 0.2780 0.4589 0.2390 
   EXCALIBUR 0.0663 0.5944 0.3344 0.0049 
     EXQUISA 0.6511 0.0226 0.1329 0.1934 
    FESTIVAL 0.6326 0.1991 0.1410 0.0274 
      FIANNA 0.3508 0.0893 0.4875 0.0725 
   FIFTYFOLD 0.1076 0.1346 0.1418 0.6161 
     FONTANE 0.5409 0.2188 0.1176 0.1228 
   FORTYFOLD 0.1184 0.0056 0.2138 0.6623 
 FRONTIER_RU 0.2533 0.1661 0.2737 0.3068 
     G.81071 0.1872 0.2476 0.4230 0.1422 
     G.88661 0.2544 0.2992 0.3979 0.0485 
    G.886611 0.2618 0.3408 0.3804 0.0170 
  G.8867Y%12 0.2685 0.1820 0.5238 0.0257 
     G.88839 0.8933 0.0268 0.0449 0.0350 
     G.88842 0.5596 0.0511 0.3443 0.0450 
   GALACTICA 0.1903 0.0298 0.5451 0.2348 
      GEMSON 0.0457 0.2163 0.5172 0.2207 
  GL.76B/102 0.3455 0.1750 0.0495 0.4299 
   GL.76B/94 0.2226 0.0083 0.1878 0.5813 
  GL.77M/106 0.1568 0.3936 0.2593 0.1902 
   GL.78/166 0.1314 0.0524 0.1248 0.6914 
    GL.78/53 0.1249 0.2922 0.0108 0.5720 
    GL.78/97 0.1936 0.1588 0.0311 0.6164 
    GL.79/42 0.2147 0.2103 0.0067 0.5683 
    GL.79/45 0.1883 0.1735 0.0416 0.5966 
 GL.81_NT_25 0.0137 0.5221 0.0328 0.4314 
   GLADIATOR 0.4476 0.1918 0.3235 0.0371 
      GLAMIS 0.2379 0.4796 0.1802 0.1024 
 GOLDEN_MILL 0.1228 0.6036 0.1642 0.1095 
 GOLDEN_NUGG 0.3908 0.1750 0.3963 0.0380 
 GOLDEN_WOND 0.1585 0.0836 0.1108 0.6471 
     GRANOLA 0.6440 0.2147 0.0240 0.1173 
    H1H3_101 0.0033 0.6210 0.0046 0.3711 
      H1H3_3 0.0465 0.4805 0.2252 0.2478 
 HARBOROUGH_ 0.1150 0.7972 0.0680 0.0199 
   HARLEQUIN 0.5228 0.2365 0.0512 0.1895 
      HERMES 0.4679 0.0978 0.2544 0.1798 
 HIGHLAND_BU 0.0255 0.0274 0.0678 0.8792 
  HOME_GUARD 0.0523 0.2694 0.3575 0.3207 
     HORIZON 0.4027 0.0931 0.1973 0.3069 
   INNOVATOR 0.0906 0.0098 0.5425 0.3571 
 INTERNATION 0.0101 0.0072 0.0349 0.9478 
 ISLE_OF_JUR 0.1289 0.5006 0.2071 0.1633 
    JULIETTE 0.8055 0.1046 0.0198 0.0700 
     KARLENA 0.1775 0.0736 0.4586 0.2902 
 KERR'S_PINK 0.0144 0.1403 0.2758 0.5695 
     KESTREL 0.0396 0.5228 0.4258 0.0118 
       KIFLI 0.6163 0.1980 0.0088 0.1769 
 KING_EDWARD 0.0453 0.1212 0.0115 0.8220 
    KINGSTON 0.1249 0.5529 0.1131 0.2090 
 KUFRI_CHAND 0.1756 0.1357 0.3886 0.3001 
 KUFRI_JYOTI 0.2389 0.1253 0.4671 0.1687 
      KURODA 0.4876 0.0427 0.3685 0.1012 
 LADY_BALFOU 0.0261 0.2778 0.5145 0.1815 
 LADY_CHRIST 0.3816 0.0791 0.1772 0.3621 
 LADY_CLAIRE 0.5918 0.0132 0.1135 0.2815 
     LADY_JO 0.3371 0.0183 0.2222 0.4224 
 LADY_ROSETT 0.3844 0.1697 0.2454 0.2005 
    LIBERTAS 0.3088 0.0111 0.2841 0.3960 
       LINDA 0.6821 0.0456 0.0237 0.2487 
      LINTON 0.3795 0.2178 0.2732 0.1295 
 LINZER_DELI 0.6130 0.0819 0.0690 0.2361 
   LIONHEART 0.4371 0.0857 0.3435 0.1337 
   MADELEINE 0.6499 0.1419 0.0955 0.1127 
   MADINGLEY 0.4847 0.2102 0.2147 0.0904 
    MAJESTIC 0.1275 0.1072 0.5591 0.2061 
     MARABEL 0.7084 0.0431 0.2066 0.0419 
     MARFONA 0.3226 0.0730 0.3338 0.2705 
     MARILYN 0.5692 0.0813 0.2238 0.1257 
 MARIS_ANCHO 0.3743 0.1112 0.2413 0.2732 
  MARIS_BARD 0.0219 0.2654 0.4486 0.2640 
  MARIS_PEER 0.0390 0.2377 0.4636 0.2598 
 MARIS_PIPER 0.0140 0.7947 0.0061 0.1852 
     MARKIES 0.6436 0.0436 0.1245 0.1883 
      MAXINE 0.0905 0.4769 0.3253 0.1073 
      MEGARA 0.6739 0.1007 0.1031 0.1223 
      MELODY 0.4357 0.1268 0.2268 0.2107 
       MIDAS 0.3264 0.5047 0.0071 0.1619 
       MILVA 0.6047 0.0400 0.1213 0.2340 
        MIMI 0.2751 0.3798 0.2129 0.1322 
        MIRA 0.4412 0.0141 0.2513 0.2934 
       MOIRA 0.3834 0.1049 0.3201 0.1916 
    MONTROSE 0.0379 0.6643 0.0193 0.2784 
       MORAG 0.0204 0.2611 0.4721 0.2464 
      MORENE 0.4134 0.0065 0.3343 0.2458 
      MOZART 0.6946 0.1530 0.1469 0.0055 
 MYATT'S_ASH 0.0951 0.0050 0.0845 0.8154 
      NADINE 0.2732 0.5309 0.1755 0.0204 
       NAVAN 0.0409 0.7270 0.1394 0.0928 
 NDTX_4271_5 0.2952 0.3388 0.2458 0.1202 
      NICOLA 0.7244 0.0088 0.0276 0.2392 
     NOVELLA 0.4734 0.0950 0.3551 0.0766 
     OLYMPUS 0.1313 0.4388 0.2518 0.1781 
       OPERA 0.5010 0.1905 0.2562 0.0523 
   ORCHESTRA 0.6201 0.1914 0.0704 0.1181 
      ORIANA 0.4392 0.0070 0.4037 0.1501 
     OTHELLO 0.0273 0.3030 0.6491 0.0206 
     PALADIN 0.0142 0.6656 0.0283 0.2918 
       PANDA 0.7378 0.1722 0.0431 0.0470 
   PARAMOUNT 0.2553 0.1060 0.5655 0.0732 
    PATRONES 0.3631 0.0692 0.2664 0.3013 
 PENTLAND_AC 0.2093 0.2204 0.3446 0.2257 
 PENTLAND_BE 0.0152 0.0285 0.4195 0.5368 
 PENTLAND_CR 0.2016 0.1984 0.4400 0.1601 
 PENTLAND_DE 0.0475 0.1675 0.4766 0.3085 
 PENTLAND_IV 0.1302 0.2417 0.4654 0.1628 
 PENTLAND_JA 0.1454 0.1235 0.5019 0.2292 
 PENTLAND_MA 0.2993 0.0315 0.5175 0.1518 
 PENTLAND_SQ 0.1500 0.1897 0.4122 0.2480 
   PEPO_1978 0.6220 0.1421 0.0680 0.1679 
     PICASSO 0.1808 0.1957 0.6163 0.0072 
   PIMPERNEL 0.4932 0.0867 0.1772 0.2430 
     PIONEER 0.6898 0.0928 0.0187 0.1986 
       PIXIE 0.1930 0.4656 0.3325 0.0089 
    PREMIERE 0.3058 0.0442 0.2843 0.3657 
   PRODUCENT 0.4870 0.2295 0.1052 0.1783 
     PROVOST 0.1936 0.1073 0.4740 0.2251 
  R.P.LUSTRE 0.2330 0.2956 0.1655 0.3060 
 RANGER_RUSS 0.0599 0.0048 0.5286 0.4067 
       RATTE 0.2106 0.2352 0.0212 0.5331 
      RECORD 0.4052 0.0073 0.2275 0.3600 
   REMBRANDT 0.4471 0.1265 0.1838 0.2426 
    RIO_ROJO 0.2534 0.1625 0.4150 0.1691 
      ROBIJN 0.4813 0.0074 0.1498 0.3614 
      ROCKET 0.0234 0.5548 0.1821 0.2397 
   RODE_STAR 0.5168 0.0465 0.0138 0.4230 
      ROMANO 0.4434 0.1147 0.4136 0.0283 
       ROMEO 0.2498 0.1949 0.3498 0.2055 
     ROOSTER 0.2164 0.1831 0.4295 0.1709 
       ROYAL 0.4503 0.3827 0.0197 0.1474 
 ROYAL_KIDNE 0.0070 0.0058 0.4155 0.5717 
     RUBESSE 0.4568 0.1133 0.2917 0.1382 
 RUSSET_BURB 0.1669 0.0635 0.4582 0.3114 
 RUSSET_NORK 0.1960 0.1610 0.3786 0.2644 
      SAFARI 0.4443 0.0787 0.4331 0.0439 
     SANTANA 0.3861 0.1464 0.2807 0.1868 
       SANTE 0.4695 0.1988 0.1876 0.1442 
     SAPHIRE 0.4206 0.1243 0.3837 0.0714 
  SARPO_MIRA 0.5747 0.1227 0.1013 0.2014 
 SARPO_SHONA 0.6312 0.1184 0.1282 0.1222 
       SASSY 0.3443 0.1170 0.2231 0.3155 
     SATURNA 0.6018 0.0466 0.0167 0.3349 
        SAVA 0.5759 0.1750 0.1370 0.1121 
       SAXON 0.0906 0.6164 0.1382 0.1548 
 SCARBOROUGH 0.0688 0.8260 0.0205 0.0846 
 SEFTON_WOND 0.0073 0.1873 0.2668 0.5386 
    SERAFINA 0.6169 0.0599 0.1683 0.1549 
     SETANTA 0.2130 0.4161 0.3125 0.0585 
 SHARPE'S_EX 0.1164 0.1159 0.0887 0.6790 
     SHELAGH 0.1354 0.2216 0.3406 0.3024 
    SHELFORD 0.4295 0.0538 0.2692 0.2475 
     SHEPODY 0.0170 0.0106 0.6099 0.3626 
      SLANEY 0.1007 0.4139 0.4714 0.0139 
        SPEY 0.0762 0.3983 0.5194 0.0061 
      SPUNTA 0.3783 0.2129 0.1780 0.2309 
     STAMINA 0.0230 0.6754 0.2941 0.0075 
    STEMSTER 0.3051 0.3411 0.1312 0.2226 
 STORMONT_EN 0.2116 0.1908 0.3355 0.2620 
    STIRLING 0.1249 0.2724 0.5796 0.0231 
     SYLVANA 0.3831 0.1439 0.3210 0.1520 
         TAY 0.1296 0.5520 0.3040 0.0144 
      TIMATE 0.6918 0.1742 0.0274 0.1066 
      TOLUCA 0.5952 0.0189 0.3006 0.0853 
    TORRIDON 0.3049 0.1024 0.4288 0.1639 
 ULSTER_SCEP 0.0345 0.3533 0.4213 0.1909 
 UMATILLA_RU 0.1373 0.3382 0.0902 0.4343 
 VALES_EMERA 0.4135 0.3532 0.1112 0.1221 
 VALES_EVERE 0.0254 0.3868 0.4581 0.1297 
 VALES_RUSSE 0.1861 0.0877 0.3381 0.3881 
 VALES_SOVER 0.0115 0.4194 0.5649 0.0041 
       VALOR 0.0357 0.4740 0.4858 0.0045 
    VAN_GOGH 0.5214 0.1104 0.1476 0.2207 
     VANTAGE 0.2352 0.0153 0.3086 0.4410 
       VERDI 0.5195 0.1368 0.1002 0.2435 
    VICTORIA 0.4952 0.0660 0.2786 0.1602 
     VIVALDI 0.4669 0.0070 0.4210 0.1050 
       WILJA 0.2698 0.0112 0.4045 0.3146 
     WINSTON 0.1576 0.5485 0.2837 0.0102 
      XD2-21 0.0961 0.1749 0.4617 0.2674 
  YUKON_GOLD 0.3722 0.3089 0.2712 0.0478 
       ZORBA 0.3009 0.0212 0.4281 0.2498 
