  00C133-020 0.1745 0.7512 0.0743 
 01C_071-002 0.4324 0.3275 0.2401 
 02M_012-001 0.0878 0.6242 0.2880 
 03M_016-002 0.0641 0.3976 0.5383 
 03M_034-002 0.0776 0.6396 0.2828 
 04C_055-004 0.2855 0.5216 0.1928 
 04C_126-005 0.3167 0.5367 0.1467 
 04M_034-013 0.1309 0.4871 0.3820 
 05M_002-001 0.5303 0.2248 0.2448 
 05M_004-003 0.5602 0.3732 0.0667 
 05M_012-004 0.4477 0.4144 0.1378 
 06C_127-002 0.3570 0.5176 0.1254 
 12288_AF_23 0.2956 0.6321 0.0724 
    12601AB1 0.0113 0.4553 0.5335 
   12636_A_2 0.0491 0.6514 0.2995 
  15119_AC_5 0.1444 0.5809 0.2747 
     1512C16 0.4371 0.2204 0.3425 
   15144_A_3 0.5611 0.4049 0.0340 
     1563C14 0.4144 0.0583 0.5273 
     2182EF7 0.4634 0.4108 0.1259 
     3681AD1 0.5910 0.2803 0.1287 
     5008AB6 0.5855 0.2612 0.1533 
    8204_A_4 0.4498 0.4891 0.0610 
       AGRIA 0.7118 0.1057 0.1825 
       AILSA 0.1067 0.6344 0.2589 
      ALMERA 0.6805 0.1587 0.1608 
       ALPHA 0.5443 0.1208 0.3349 
      ALWARA 0.6758 0.2191 0.1051 
      AMADRA 0.4833 0.2589 0.2578 
       AMOUR 0.2252 0.6931 0.0817 
        ANNA 0.3647 0.4997 0.1356 
   ANNABELLE 0.7936 0.0681 0.1384 
        ANYA 0.5642 0.1678 0.2679 
       ARGOS 0.3985 0.5793 0.0221 
     ARIELLE 0.6834 0.1100 0.2066 
      ARKULA 0.6697 0.1177 0.2126 
      ARMADA 0.5591 0.2095 0.2314 
   AVALANCHE 0.2948 0.5364 0.1688 
     BAILLIE 0.2796 0.6027 0.1177 
    BALMORAL 0.5348 0.3942 0.0711 
     BAMBINO 0.2249 0.6777 0.0974 
       BARNA 0.5287 0.3919 0.0794 
 BELLE_DE_FO 0.0849 0.0084 0.9067 
       BENOL 0.0766 0.6259 0.2975 
       BF_15 0.2387 0.0082 0.7531 
      BINTJE 0.3992 0.1577 0.4431 
 BIONICA_EX_ 0.4918 0.2937 0.2145 
 BLUE_DANUBE 0.6178 0.1349 0.2473 
      BONNIE 0.4535 0.4461 0.1004 
      BOUNTY 0.2596 0.6529 0.0875 
 BRITISH_QUE 0.3281 0.1307 0.5412 
     BRODICK 0.2070 0.7028 0.0902 
      BRODIE 0.3691 0.4838 0.1471 
      BUCHAN 0.3718 0.5187 0.1095 
      BURREN 0.4967 0.3827 0.1206 
     CABARET 0.0202 0.5885 0.3912 
      CAESAR 0.7733 0.2062 0.0205 
        CARA 0.3869 0.5690 0.0441 
 CARLINGFORD 0.4870 0.3893 0.1236 
  CASABLANCA 0.3937 0.5834 0.0229 
      CELINE 0.5918 0.2644 0.1437 
  CHALLENGER 0.4891 0.2465 0.2644 
   CHARLOTTE 0.5540 0.2451 0.2009 
     CHICAGO 0.2810 0.5194 0.1996 
   CHIEFTAIN 0.4846 0.2823 0.2331 
      CHOPIN 0.6813 0.1599 0.1588 
      CLARET 0.4518 0.5062 0.0421 
      CORINE 0.4231 0.3886 0.1883 
      COSMOS 0.5976 0.1998 0.2027 
     COURAGE 0.5966 0.2081 0.1953 
     COURLAN 0.5108 0.2996 0.1896 
 CRAIGS_ROYA 0.2940 0.5574 0.1486 
 CRAIGS_SNOW 0.2666 0.2893 0.4441 
     CRAMOND 0.2520 0.6529 0.0951 
 CRISPS_FOR_ 0.6037 0.2298 0.1665 
    CROMWELL 0.0283 0.6141 0.3576 
       D22/1 0.0507 0.6206 0.3287 
       D23/3 0.1233 0.4384 0.4384 
      D47-11 0.0087 0.6095 0.3817 
       D49/1 0.0115 0.6621 0.3263 
       DAISY 0.1955 0.4666 0.3379 
 DARK_RED_NO 0.4991 0.2460 0.2548 
     DARWINA 0.5785 0.1645 0.2570 
     DESIREE 0.6835 0.1093 0.2071 
       DITTA 0.6703 0.0680 0.2617 
 DR._MCINTOS 0.4633 0.3552 0.1815 
       DRAGA 0.5502 0.3458 0.1040 
 DUKE_OF_YOR 0.4458 0.0355 0.5187 
 DUNBAR_STAN 0.2054 0.3450 0.4496 
     DUNDROD 0.1469 0.5598 0.2933 
     ECLIPSE 0.2766 0.1672 0.5562 
        EDEN 0.0085 0.6622 0.3293 
 EDZELL_BLUE 0.4004 0.1745 0.4250 
   ELISABETH 0.6479 0.2730 0.0792 
     EMPEROR 0.4908 0.3473 0.1619 
         EOS 0.4728 0.4007 0.1266 
     EPICURE 0.3907 0.1236 0.4857 
  ERNTESTOLZ 0.5204 0.1268 0.3528 
      ESCORT 0.6518 0.2744 0.0738 
   ESMERALDA 0.5065 0.2583 0.2352 
      ESTIMA 0.5489 0.2152 0.2358 
 EVE_BALFOUR 0.2650 0.4674 0.2676 
   EXCALIBUR 0.2181 0.7722 0.0097 
     EXQUISA 0.7225 0.0404 0.2371 
    FESTIVAL 0.6792 0.2426 0.0782 
      FIANNA 0.6471 0.2592 0.0937 
   FIFTYFOLD 0.2134 0.1581 0.6285 
     FONTANE 0.5788 0.2485 0.1727 
   FORTYFOLD 0.3259 0.0146 0.6596 
 FRONTIER_RU 0.4236 0.2502 0.3262 
     G.81071 0.4307 0.4039 0.1654 
     G.88661 0.4733 0.4491 0.0775 
    G.886611 0.4676 0.4952 0.0372 
  G.8867Y%12 0.5785 0.3833 0.0382 
     G.88839 0.8768 0.0242 0.0990 
     G.88842 0.7566 0.1631 0.0803 
   GALACTICA 0.5443 0.2345 0.2212 
      GEMSON 0.3635 0.4059 0.2306 
  GL.76B/102 0.3617 0.1622 0.4761 
   GL.76B/94 0.3905 0.0191 0.5903 
  GL.77M/106 0.2761 0.4906 0.2333 
   GL.78/166 0.2389 0.0572 0.7038 
    GL.78/53 0.1033 0.2745 0.6221 
    GL.78/97 0.2117 0.1424 0.6459 
    GL.79/42 0.1955 0.1937 0.6107 
    GL.79/45 0.2143 0.1593 0.6264 
 GL.81_NT_25 0.0150 0.4911 0.4939 
   GLADIATOR 0.6262 0.3049 0.0689 
      GLAMIS 0.3005 0.5317 0.1677 
 GOLDEN_MILL 0.1533 0.6642 0.1825 
 GOLDEN_NUGG 0.6185 0.3229 0.0586 
 GOLDEN_WOND 0.2443 0.0993 0.6564 
     GRANOLA 0.6072 0.2175 0.1752 
    H1H3_101 0.0041 0.5285 0.4674 
      H1H3_3 0.1473 0.5581 0.2946 
 HARBOROUGH_ 0.0777 0.8217 0.1006 
   HARLEQUIN 0.5069 0.2548 0.2383 
      HERMES 0.6142 0.1719 0.2139 
 HIGHLAND_BU 0.0981 0.0228 0.8791 
  HOME_GUARD 0.2718 0.3926 0.3356 
     HORIZON 0.5290 0.1319 0.3392 
   INNOVATOR 0.5135 0.1542 0.3323 
 INTERNATION 0.0423 0.0101 0.9476 
 ISLE_OF_JUR 0.2130 0.5676 0.2193 
    JULIETTE 0.7605 0.1028 0.1367 
     KARLENA 0.4723 0.2409 0.2868 
 KERR'S_PINK 0.1886 0.2261 0.5854 
     KESTREL 0.2549 0.7196 0.0255 
       KIFLI 0.5663 0.1757 0.2580 
 KING_EDWARD 0.0673 0.0971 0.8356 
    KINGSTON 0.1438 0.5828 0.2734 
 KUFRI_CHAND 0.4320 0.2558 0.3122 
 KUFRI_JYOTI 0.5286 0.2890 0.1823 
      KURODA 0.7161 0.1583 0.1256 
 LADY_BALFOU 0.3156 0.4861 0.1983 
 LADY_CHRIST 0.4964 0.1197 0.3839 
 LADY_CLAIRE 0.6541 0.0155 0.3304 
     LADY_JO 0.5087 0.0471 0.4441 
 LADY_ROSETT 0.5308 0.2405 0.2287 
    LIBERTAS 0.5336 0.0513 0.4152 
       LINDA 0.6662 0.0446 0.2892 
      LINTON 0.5218 0.3124 0.1659 
 LINZER_DELI 0.6366 0.0888 0.2745 
   LIONHEART 0.6423 0.1973 0.1604 
   MADELEINE 0.6714 0.1631 0.1655 
   MADINGLEY 0.5907 0.2722 0.1371 
    MAJESTIC 0.4836 0.3055 0.2109 
     MARABEL 0.8099 0.0950 0.0951 
     MARFONA 0.5390 0.1741 0.2869 
     MARILYN 0.6903 0.1494 0.1603 
 MARIS_ANCHO 0.5227 0.1772 0.3001 
  MARIS_BARD 0.2728 0.4467 0.2805 
  MARIS_PEER 0.3218 0.4123 0.2659 
 MARIS_PIPER 0.0070 0.7219 0.2711 
     MARKIES 0.7034 0.0651 0.2315 
      MAXINE 0.2527 0.5983 0.1490 
      MEGARA 0.7043 0.1239 0.1717 
      MELODY 0.5648 0.1885 0.2466 
       MIDAS 0.2547 0.4801 0.2652 
       MILVA 0.6589 0.0744 0.2667 
        MIMI 0.3664 0.4525 0.1811 
        MIRA 0.6145 0.0555 0.3300 
       MOIRA 0.5648 0.2122 0.2230 
    MONTROSE 0.0186 0.6303 0.3511 
       MORAG 0.2854 0.4466 0.2680 
      MORENE 0.6884 0.0373 0.2742 
      MOZART 0.7647 0.2230 0.0123 
 MYATT'S_ASH 0.1912 0.0072 0.8016 
      NADINE 0.3211 0.6069 0.0720 
       NAVAN 0.0545 0.7678 0.1776 
 NDTX_4271_5 0.4173 0.4316 0.1511 
      NICOLA 0.7147 0.0095 0.2758 
     NOVELLA 0.6754 0.2188 0.1058 
     OLYMPUS 0.2556 0.5289 0.2155 
       OPERA 0.6216 0.2804 0.0980 
   ORCHESTRA 0.6272 0.2007 0.1721 
      ORIANA 0.7326 0.0859 0.1815 
     OTHELLO 0.3839 0.5863 0.0299 
     PALADIN 0.0113 0.6334 0.3553 
       PANDA 0.7123 0.1797 0.1080 
   PARAMOUNT 0.5995 0.3201 0.0804 
    PATRONES 0.5306 0.1444 0.3250 
 PENTLAND_AC 0.4103 0.3389 0.2508 
 PENTLAND_BE 0.2875 0.1877 0.5248 
 PENTLAND_CR 0.4597 0.3596 0.1806 
 PENTLAND_DE 0.3445 0.3345 0.3210 
 PENTLAND_IV 0.4099 0.4172 0.1728 
 PENTLAND_JA 0.4751 0.3014 0.2234 
 PENTLAND_MA 0.6317 0.2143 0.1539 
 PENTLAND_SQ 0.3972 0.3411 0.2618 
   PEPO_1978 0.6314 0.1436 0.2250 
     PICASSO 0.5477 0.4410 0.0114 
   PIMPERNEL 0.5924 0.1296 0.2781 
     PIONEER 0.6640 0.0776 0.2584 
       PIXIE 0.3524 0.6232 0.0244 
    PREMIERE 0.4946 0.1257 0.3797 
   PRODUCENT 0.5233 0.2473 0.2294 
     PROVOST 0.4988 0.2702 0.2310 
  R.P.LUSTRE 0.3159 0.3391 0.3450 
 RANGER_RUSS 0.5151 0.0936 0.3913 
       RATTE 0.2093 0.2267 0.5640 
      RECORD 0.5906 0.0239 0.3855 
   REMBRANDT 0.5519 0.1698 0.2783 
    RIO_ROJO 0.5161 0.3038 0.1800 
      ROBIJN 0.5928 0.0126 0.3946 
      ROCKET 0.0862 0.6148 0.2989 
   RODE_STAR 0.4949 0.0284 0.4768 
      ROMANO 0.6804 0.2637 0.0559 
       ROMEO 0.4456 0.3272 0.2272 
     ROOSTER 0.4604 0.3477 0.1920 
       ROYAL 0.3975 0.3669 0.2357 
 ROYAL_KIDNE 0.3065 0.1202 0.5733 
     RUBESSE 0.6212 0.2118 0.1670 
 RUSSET_BURB 0.4727 0.2114 0.3159 
 RUSSET_NORK 0.4426 0.2811 0.2763 
      SAFARI 0.7063 0.2338 0.0599 
     SANTANA 0.5467 0.2366 0.2167 
       SANTE 0.5636 0.2535 0.1829 
     SAPHIRE 0.6439 0.2615 0.0946 
  SARPO_MIRA 0.6076 0.1519 0.2405 
 SARPO_SHONA 0.6814 0.1457 0.1729 
       SASSY 0.4851 0.1713 0.3436 
     SATURNA 0.5852 0.0296 0.3852 
        SAVA 0.6306 0.2129 0.1566 
       SAXON 0.1089 0.6597 0.2315 
 SCARBOROUGH 0.0206 0.8011 0.1783 
 SEFTON_WOND 0.1293 0.3001 0.5706 
    SERAFINA 0.6932 0.1127 0.1941 
     SETANTA 0.3508 0.5396 0.1096 
 SHARPE'S_EX 0.1900 0.1207 0.6893 
     SHELAGH 0.3460 0.3346 0.3194 
    SHELFORD 0.5942 0.1307 0.2751 
     SHEPODY 0.4523 0.2202 0.3275 
      SLANEY 0.3600 0.6125 0.0275 
        SPEY 0.3733 0.6167 0.0100 
      SPUNTA 0.4641 0.2771 0.2589 
     STAMINA 0.1506 0.8198 0.0295 
    STEMSTER 0.3538 0.3588 0.2874 
 STORMONT_EN 0.4206 0.2908 0.2886 
    STIRLING 0.4748 0.4991 0.0261 
     SYLVANA 0.5708 0.2495 0.1797 
         TAY 0.2622 0.6918 0.0460 
      TIMATE 0.6676 0.1653 0.1671 
      TOLUCA 0.7727 0.1042 0.1231 
    TORRIDON 0.5676 0.2507 0.1817 
 ULSTER_SCEP 0.2610 0.5174 0.2216 
 UMATILLA_RU 0.1748 0.3385 0.4867 
 VALES_EMERA 0.4272 0.3901 0.1827 
 VALES_EVERE 0.2667 0.5697 0.1636 
 VALES_RUSSE 0.4190 0.1814 0.3996 
 VALES_SOVER 0.2893 0.6999 0.0108 
       VALOR 0.2930 0.6981 0.0088 
    VAN_GOGH 0.5948 0.1405 0.2647 
     VANTAGE 0.4778 0.0739 0.4483 
       VERDI 0.5559 0.1459 0.2982 
    VICTORIA 0.6591 0.1550 0.1860 
     VIVALDI 0.7787 0.0836 0.1377 
       WILJA 0.5662 0.1078 0.3260 
     WINSTON 0.2809 0.6873 0.0318 
      XD2-21 0.3840 0.3362 0.2798 
  YUKON_GOLD 0.5084 0.4107 0.0810 
       ZORBA 0.5903 0.1585 0.2511 
