  00C133-020 0.0159 0.5108 0.0969 0.0124 0.3640 
 01C_071-002 0.1580 0.2036 0.0796 0.2970 0.2619 
 02M_012-001 0.1443 0.6180 0.1029 0.0958 0.0391 
 03M_016-002 0.4401 0.3726 0.0458 0.0384 0.1030 
 03M_034-002 0.1869 0.5278 0.0287 0.0403 0.2162 
 04C_055-004 0.0612 0.4820 0.3012 0.1201 0.0355 
 04C_126-005 0.0946 0.3114 0.1106 0.1122 0.3713 
 04M_034-013 0.2666 0.4750 0.1256 0.0872 0.0457 
 05M_002-001 0.1388 0.1421 0.2144 0.3656 0.1391 
 05M_004-003 0.0093 0.2004 0.1430 0.3603 0.2871 
 05M_012-004 0.0901 0.1901 0.1498 0.2132 0.3568 
 06C_127-002 0.0347 0.3237 0.4601 0.0094 0.1720 
 12288_AF_23 0.0144 0.4328 0.2538 0.0316 0.2675 
    12601AB1 0.4402 0.4731 0.0519 0.0104 0.0244 
   12636_A_2 0.2167 0.4924 0.0461 0.0080 0.2367 
  15119_AC_5 0.1968 0.2370 0.0024 0.0257 0.5381 
     1512C16 0.3210 0.0142 0.2273 0.0983 0.3391 
   15144_A_3 0.0287 0.0335 0.2775 0.0859 0.5744 
     1563C14 0.4439 0.0256 0.2221 0.2648 0.0436 
     2182EF7 0.1291 0.0836 0.2234 0.0633 0.5007 
     3681AD1 0.0507 0.1000 0.1028 0.3728 0.3737 
     5008AB6 0.0937 0.0551 0.2839 0.2693 0.2980 
    8204_A_4 0.0469 0.1760 0.3247 0.0267 0.4257 
       AGRIA 0.0441 0.0867 0.3424 0.5169 0.0100 
       AILSA 0.1288 0.5636 0.2719 0.0089 0.0267 
      ALMERA 0.0583 0.0621 0.2483 0.4538 0.1775 
       ALPHA 0.2294 0.0632 0.1584 0.4191 0.1299 
      ALWARA 0.0313 0.0487 0.2822 0.3578 0.2800 
      AMADRA 0.1435 0.2278 0.2701 0.3321 0.0266 
       AMOUR 0.0372 0.4130 0.0807 0.0267 0.4423 
        ANNA 0.1605 0.0209 0.0063 0.0164 0.7959 
   ANNABELLE 0.0305 0.0178 0.4266 0.4703 0.0547 
        ANYA 0.2162 0.0555 0.4954 0.1722 0.0607 
       ARGOS 0.0128 0.2368 0.0532 0.1187 0.5786 
     ARIELLE 0.1130 0.0274 0.3196 0.4141 0.1260 
      ARKULA 0.1258 0.0173 0.2086 0.4443 0.2039 
      ARMADA 0.1336 0.1112 0.1939 0.3842 0.1771 
   AVALANCHE 0.0453 0.4443 0.0149 0.2722 0.2233 
     BAILLIE 0.0163 0.4918 0.1064 0.1721 0.2134 
    BALMORAL 0.0905 0.0224 0.0207 0.2385 0.6279 
     BAMBINO 0.0173 0.5022 0.1284 0.0752 0.2768 
       BARNA 0.0476 0.1085 0.3226 0.1027 0.4185 
 BELLE_DE_FO 0.8609 0.0043 0.0074 0.0679 0.0595 
       BENOL 0.1630 0.6107 0.0738 0.0967 0.0558 
       BF_15 0.6952 0.0055 0.0543 0.2182 0.0268 
      BINTJE 0.3677 0.0741 0.1251 0.2525 0.1806 
 BIONICA_EX_ 0.1336 0.1392 0.1834 0.2783 0.2656 
 BLUE_DANUBE 0.1507 0.0187 0.0068 0.5566 0.2671 
      BONNIE 0.0309 0.2551 0.2611 0.1723 0.2807 
      BOUNTY 0.0167 0.4584 0.1067 0.0978 0.3204 
 BRITISH_QUE 0.4956 0.0079 0.0054 0.2058 0.2853 
     BRODICK 0.0124 0.5529 0.3082 0.0075 0.1190 
      BRODIE 0.1449 0.0788 0.1631 0.0067 0.6065 
      BUCHAN 0.0877 0.1337 0.2861 0.0039 0.4885 
      BURREN 0.0982 0.0961 0.1973 0.1631 0.4452 
     CABARET 0.2978 0.5250 0.0155 0.0136 0.1480 
      CAESAR 0.0041 0.0469 0.4009 0.3860 0.1621 
        CARA 0.0462 0.1458 0.0912 0.0181 0.6987 
 CARLINGFORD 0.1080 0.1060 0.3543 0.0278 0.4040 
  CASABLANCA 0.0051 0.3173 0.0098 0.2297 0.4381 
      CELINE 0.0638 0.1113 0.1152 0.4101 0.2995 
  CHALLENGER 0.1572 0.2082 0.2624 0.3257 0.0466 
   CHARLOTTE 0.1055 0.1415 0.6607 0.0850 0.0073 
     CHICAGO 0.0364 0.5306 0.1491 0.2692 0.0147 
   CHIEFTAIN 0.2142 0.0232 0.4740 0.0100 0.2785 
      CHOPIN 0.0746 0.0374 0.2783 0.4018 0.2080 
      CLARET 0.0459 0.1142 0.1997 0.0233 0.6169 
      CORINE 0.1184 0.1886 0.0105 0.3227 0.3598 
      COSMOS 0.1024 0.1246 0.1206 0.4655 0.1868 
     COURAGE 0.1183 0.0734 0.2295 0.3522 0.2266 
     COURLAN 0.1454 0.1026 0.3524 0.1438 0.2558 
 CRAIGS_ROYA 0.1335 0.2064 0.1733 0.0053 0.4815 
 CRAIGS_SNOW 0.3950 0.1506 0.1225 0.0797 0.2522 
     CRAMOND 0.0152 0.4960 0.1550 0.0964 0.2374 
 CRISPS_FOR_ 0.0796 0.1102 0.3693 0.3070 0.1339 
    CROMWELL 0.1939 0.6682 0.0093 0.1081 0.0204 
       D22/1 0.2008 0.5175 0.0051 0.0588 0.2179 
       D23/3 0.3406 0.3868 0.0856 0.0665 0.1205 
      D47-11 0.2228 0.7012 0.0037 0.0580 0.0143 
       D49/1 0.1490 0.7752 0.0183 0.0536 0.0039 
       DAISY 0.1868 0.4868 0.1150 0.1952 0.0162 
 DARK_RED_NO 0.2407 0.0273 0.3427 0.0721 0.3172 
     DARWINA 0.1387 0.1047 0.1599 0.4505 0.1461 
     DESIREE 0.1443 0.0048 0.3717 0.2558 0.2234 
       DITTA 0.1628 0.0207 0.3257 0.4165 0.0743 
 DR._MCINTOS 0.1894 0.0496 0.2536 0.0256 0.4819 
       DRAGA 0.0379 0.1595 0.1617 0.3051 0.3360 
 DUKE_OF_YOR 0.4671 0.0034 0.0158 0.2886 0.2251 
 DUNBAR_STAN 0.4287 0.1518 0.1035 0.0116 0.3044 
     DUNDROD 0.1890 0.4966 0.1943 0.0248 0.0954 
     ECLIPSE 0.5187 0.0584 0.3640 0.0082 0.0507 
        EDEN 0.2161 0.7095 0.0285 0.0117 0.0342 
 EDZELL_BLUE 0.3508 0.0770 0.1414 0.2355 0.1953 
   ELISABETH 0.0108 0.1618 0.5480 0.2502 0.0292 
     EMPEROR 0.0934 0.1955 0.3645 0.1776 0.1690 
         EOS 0.0420 0.2781 0.4323 0.1358 0.1119 
     EPICURE 0.4557 0.0097 0.2878 0.0600 0.1868 
  ERNTESTOLZ 0.2820 0.0354 0.1877 0.3256 0.1692 
      ESCORT 0.0080 0.1789 0.3480 0.3856 0.0795 
   ESMERALDA 0.1383 0.1708 0.2601 0.3132 0.1177 
      ESTIMA 0.1333 0.1516 0.2743 0.3419 0.0988 
 EVE_BALFOUR 0.2390 0.2004 0.0979 0.0228 0.4399 
   EXCALIBUR 0.0037 0.4912 0.1017 0.0227 0.3807 
     EXQUISA 0.1367 0.0092 0.4223 0.3794 0.0523 
    FESTIVAL 0.0090 0.1487 0.3661 0.4022 0.0741 
      FIANNA 0.0354 0.0514 0.1821 0.3538 0.3773 
   FIFTYFOLD 0.5742 0.0915 0.1680 0.0693 0.0969 
     FONTANE 0.0529 0.2102 0.2582 0.4335 0.0453 
   FORTYFOLD 0.5771 0.0050 0.0050 0.3068 0.1061 
 FRONTIER_RU 0.2883 0.0911 0.3493 0.0813 0.1899 
     G.81071 0.1259 0.1744 0.2435 0.1098 0.3464 
     G.88661 0.0316 0.2267 0.3664 0.0789 0.2964 
    G.886611 0.0121 0.2171 0.4939 0.0088 0.2680 
  G.8867Y%12 0.0244 0.0627 0.4723 0.0319 0.4087 
     G.88839 0.0083 0.0078 0.5093 0.4668 0.0079 
     G.88842 0.0187 0.0151 0.3421 0.3847 0.2395 
   GALACTICA 0.1622 0.0106 0.0054 0.3734 0.4484 
      GEMSON 0.2170 0.1199 0.1964 0.0239 0.4428 
  GL.76B/102 0.3520 0.1735 0.2003 0.2588 0.0154 
   GL.76B/94 0.5054 0.0054 0.0129 0.3535 0.1229 
  GL.77M/106 0.1731 0.2864 0.2992 0.0113 0.2299 
   GL.78/166 0.5941 0.0579 0.0073 0.2746 0.0660 
    GL.78/53 0.5117 0.2518 0.2008 0.0289 0.0068 
    GL.78/97 0.5382 0.1555 0.1059 0.1851 0.0154 
    GL.79/42 0.5003 0.1860 0.2218 0.0883 0.0035 
    GL.79/45 0.5291 0.1446 0.1996 0.1101 0.0166 
 GL.81_NT_25 0.3255 0.5416 0.0030 0.1042 0.0256 
   GLADIATOR 0.0155 0.1179 0.3794 0.2516 0.2356 
      GLAMIS 0.0567 0.4379 0.2368 0.1255 0.1431 
 GOLDEN_MILL 0.0892 0.5253 0.1932 0.0192 0.1731 
 GOLDEN_NUGG 0.0156 0.1275 0.1655 0.3739 0.3175 
 GOLDEN_WOND 0.5888 0.0531 0.1569 0.1457 0.0555 
     GRANOLA 0.0686 0.1368 0.5633 0.2227 0.0086 
    H1H3_101 0.3082 0.6752 0.0026 0.0087 0.0052 
      H1H3_3 0.2093 0.4501 0.0761 0.0629 0.2016 
 HARBOROUGH_ 0.0092 0.7198 0.1646 0.0122 0.0942 
   HARLEQUIN 0.1522 0.1651 0.5325 0.1320 0.0181 
      HERMES 0.1245 0.0733 0.2160 0.3976 0.1885 
 HIGHLAND_BU 0.7855 0.0225 0.0053 0.1696 0.0170 
  HOME_GUARD 0.3059 0.1816 0.1866 0.0201 0.3059 
     HORIZON 0.2187 0.1098 0.0713 0.4715 0.1286 
   INNOVATOR 0.3002 0.0059 0.0086 0.2959 0.3893 
 INTERNATION 0.8608 0.0068 0.0035 0.1148 0.0140 
 ISLE_OF_JUR 0.1254 0.4526 0.1361 0.0890 0.1968 
    JULIETTE 0.0235 0.0364 0.5758 0.3579 0.0063 
     KARLENA 0.2469 0.0324 0.0087 0.3396 0.3724 
 KERR'S_PINK 0.5553 0.0882 0.1029 0.0150 0.2385 
     KESTREL 0.0077 0.3780 0.2317 0.0052 0.3774 
       KIFLI 0.1288 0.1419 0.4775 0.2467 0.0051 
 KING_EDWARD 0.7725 0.0654 0.1434 0.0126 0.0060 
    KINGSTON 0.1579 0.5229 0.0873 0.1087 0.1233 
 KUFRI_CHAND 0.2678 0.0867 0.1927 0.1574 0.2953 
 KUFRI_JYOTI 0.1444 0.0482 0.2209 0.2014 0.3852 
      KURODA 0.0309 0.0372 0.1441 0.5243 0.2634 
 LADY_BALFOU 0.1754 0.1950 0.1148 0.0442 0.4706 
 LADY_CHRIST 0.2724 0.1023 0.0842 0.4524 0.0887 
 LADY_CLAIRE 0.1776 0.0130 0.0056 0.7538 0.0500 
     LADY_JO 0.2809 0.0202 0.0028 0.6034 0.0927 
 LADY_ROSETT 0.1365 0.1548 0.2027 0.3544 0.1517 
    LIBERTAS 0.2646 0.0082 0.0029 0.5704 0.1539 
       LINDA 0.1871 0.0075 0.5308 0.2686 0.0060 
      LINTON 0.0862 0.1830 0.2401 0.2861 0.2047 
 LINZER_DELI 0.1775 0.0351 0.4382 0.3252 0.0240 
   LIONHEART 0.0718 0.0683 0.1647 0.4516 0.2436 
   MADELEINE 0.0520 0.0990 0.4089 0.4004 0.0397 
   MADINGLEY 0.0444 0.1615 0.3236 0.3138 0.1568 
    MAJESTIC 0.2174 0.0221 0.2680 0.0442 0.4483 
     MARABEL 0.0114 0.0163 0.3557 0.4996 0.1170 
     MARFONA 0.1783 0.1158 0.0334 0.4749 0.1976 
     MARILYN 0.0813 0.0300 0.3878 0.3530 0.1479 
 MARIS_ANCHO 0.2246 0.0798 0.2479 0.2916 0.1561 
  MARIS_BARD 0.1988 0.2311 0.0034 0.2077 0.3590 
  MARIS_PEER 0.2457 0.1538 0.2023 0.0152 0.3830 
 MARIS_PIPER 0.1151 0.8288 0.0069 0.0432 0.0060 
     MARKIES 0.1133 0.0326 0.2999 0.5154 0.0387 
      MAXINE 0.0843 0.4082 0.2131 0.0169 0.2776 
      MEGARA 0.0444 0.0917 0.2969 0.5331 0.0339 
      MELODY 0.1436 0.1132 0.1646 0.4225 0.1562 
       MIDAS 0.0900 0.5118 0.1469 0.2453 0.0060 
       MILVA 0.1682 0.0202 0.3522 0.4052 0.0542 
        MIMI 0.0781 0.3562 0.0979 0.2800 0.1879 
        MIRA 0.2084 0.0093 0.0073 0.5948 0.1802 
       MOIRA 0.1520 0.0575 0.2585 0.2904 0.2416 
    MONTROSE 0.2356 0.6147 0.1090 0.0075 0.0332 
       MORAG 0.2432 0.1689 0.1513 0.0141 0.4226 
      MORENE 0.1745 0.0039 0.0125 0.5770 0.2322 
      MOZART 0.0026 0.0890 0.4990 0.3429 0.0665 
 MYATT'S_ASH 0.7280 0.0047 0.0044 0.2447 0.0182 
      NADINE 0.0092 0.4552 0.3277 0.0534 0.1545 
       NAVAN 0.0567 0.6896 0.0882 0.0182 0.1473 
 NDTX_4271_5 0.0888 0.2175 0.5643 0.0066 0.1228 
      NICOLA 0.1582 0.0046 0.4054 0.4266 0.0051 
     NOVELLA 0.0327 0.0423 0.2641 0.3825 0.2784 
     OLYMPUS 0.1509 0.3342 0.3212 0.0076 0.1860 
       OPERA 0.0189 0.1474 0.2715 0.3747 0.1875 
   ORCHESTRA 0.0539 0.1591 0.3562 0.4046 0.0262 
      ORIANA 0.1050 0.0038 0.1541 0.4457 0.2913 
     OTHELLO 0.0217 0.1569 0.2210 0.0056 0.5948 
     PALADIN 0.2202 0.6833 0.0063 0.0600 0.0302 
       PANDA 0.0129 0.1112 0.5363 0.3255 0.0140 
   PARAMOUNT 0.0527 0.0215 0.2410 0.1955 0.4893 
    PATRONES 0.2318 0.0650 0.1611 0.3703 0.1717 
 PENTLAND_AC 0.2013 0.1513 0.2209 0.1463 0.2802 
 PENTLAND_BE 0.5034 0.0138 0.0098 0.1346 0.3384 
 PENTLAND_CR 0.1246 0.1482 0.1221 0.2434 0.3617 
 PENTLAND_DE 0.3084 0.0597 0.2197 0.0167 0.3954 
 PENTLAND_IV 0.1586 0.0777 0.4017 0.0045 0.3575 
 PENTLAND_JA 0.2051 0.0670 0.1524 0.1909 0.3846 
 PENTLAND_MA 0.1202 0.0095 0.1079 0.3433 0.4192 
 PENTLAND_SQ 0.2302 0.1166 0.2190 0.0959 0.3383 
   PEPO_1978 0.1114 0.1161 0.3402 0.4054 0.0269 
     PICASSO 0.0038 0.1439 0.0509 0.2494 0.5520 
   PIMPERNEL 0.1567 0.0916 0.1559 0.4976 0.0982 
     PIONEER 0.1469 0.0166 0.6067 0.2236 0.0063 
       PIXIE 0.0055 0.3711 0.2810 0.0282 0.3142 
    PREMIERE 0.2765 0.0491 0.0062 0.4882 0.1800 
   PRODUCENT 0.0961 0.2359 0.1774 0.4456 0.0449 
     PROVOST 0.2074 0.0340 0.2117 0.1636 0.3832 
  R.P.LUSTRE 0.2797 0.2052 0.3771 0.0233 0.1146 
 RANGER_RUSS 0.3759 0.0026 0.0462 0.1981 0.3771 
       RATTE 0.4825 0.1938 0.2734 0.0417 0.0087 
      RECORD 0.2481 0.0104 0.0068 0.6163 0.1184 
   REMBRANDT 0.1611 0.1318 0.1485 0.4559 0.1027 
    RIO_ROJO 0.1610 0.0692 0.3725 0.0893 0.3079 
      ROBIJN 0.2792 0.0057 0.0247 0.5951 0.0952 
      ROCKET 0.2014 0.5228 0.0923 0.0186 0.1649 
   RODE_STAR 0.3266 0.0504 0.1814 0.4365 0.0051 
      ROMANO 0.0105 0.0485 0.2796 0.3355 0.3259 
       ROMEO 0.2028 0.0703 0.4107 0.0194 0.2969 
     ROOSTER 0.1525 0.1062 0.2247 0.1532 0.3633 
       ROYAL 0.0779 0.3625 0.2596 0.2861 0.0139 
 ROYAL_KIDNE 0.5682 0.0036 0.0126 0.0810 0.3346 
     RUBESSE 0.1109 0.0356 0.4045 0.2418 0.2073 
 RUSSET_BURB 0.2947 0.0144 0.2243 0.1260 0.3406 
 RUSSET_NORK 0.2644 0.0286 0.4468 0.0079 0.2523 
      SAFARI 0.0113 0.0384 0.2012 0.4223 0.3267 
     SANTANA 0.1264 0.1444 0.1250 0.4120 0.1922 
       SANTE 0.0677 0.1940 0.1841 0.4379 0.1164 
     SAPHIRE 0.0272 0.0973 0.1785 0.4208 0.2762 
  SARPO_MIRA 0.1405 0.0892 0.3969 0.3329 0.0405 
 SARPO_SHONA 0.0554 0.0908 0.3823 0.4157 0.0558 
       SASSY 0.2494 0.0983 0.1875 0.3275 0.1374 
     SATURNA 0.2249 0.0506 0.1855 0.5335 0.0055 
        SAVA 0.0620 0.1314 0.4305 0.3098 0.0663 
       SAXON 0.1185 0.5732 0.1261 0.0369 0.1454 
 SCARBOROUGH 0.0392 0.7592 0.1660 0.0051 0.0305 
 SEFTON_WOND 0.5311 0.1502 0.0627 0.0121 0.2439 
    SERAFINA 0.1183 0.0179 0.4870 0.3066 0.0703 
     SETANTA 0.0484 0.3099 0.3127 0.0393 0.2898 
 SHARPE'S_EX 0.6112 0.1054 0.1110 0.1382 0.0342 
     SHELAGH 0.2560 0.1834 0.1210 0.1597 0.2799 
    SHELFORD 0.1949 0.0313 0.2275 0.3552 0.1911 
     SHEPODY 0.2969 0.0059 0.0040 0.2296 0.4636 
      SLANEY 0.0083 0.2986 0.2509 0.0102 0.4321 
        SPEY 0.0042 0.2907 0.1760 0.0285 0.5005 
      SPUNTA 0.2061 0.1352 0.4044 0.1213 0.1330 
     STAMINA 0.0043 0.6208 0.0168 0.0499 0.3082 
    STEMSTER 0.1596 0.3270 0.1480 0.2682 0.0972 
 STORMONT_EN 0.1954 0.1803 0.0842 0.2941 0.2459 
    STIRLING 0.0166 0.1716 0.2636 0.0625 0.4856 
     SYLVANA 0.1153 0.0992 0.2672 0.2792 0.2390 
         TAY 0.0089 0.4322 0.2702 0.0080 0.2807 
      TIMATE 0.0382 0.1387 0.3869 0.4270 0.0091 
      TOLUCA 0.0463 0.0068 0.3686 0.3758 0.2025 
    TORRIDON 0.1054 0.0743 0.1292 0.3404 0.3508 
 ULSTER_SCEP 0.1743 0.2983 0.1004 0.0593 0.3677 
 UMATILLA_RU 0.3606 0.3424 0.0348 0.1918 0.0703 
 VALES_EMERA 0.1011 0.2594 0.5167 0.0463 0.0764 
 VALES_EVERE 0.1281 0.2783 0.1554 0.0096 0.4286 
 VALES_RUSSE 0.3634 0.0290 0.2402 0.1258 0.2416 
 VALES_SOVER 0.0036 0.3511 0.0226 0.0273 0.5954 
       VALOR 0.0035 0.3820 0.0930 0.0345 0.4870 
    VAN_GOGH 0.1330 0.1187 0.1657 0.5103 0.0723 
     VANTAGE 0.3462 0.0119 0.0057 0.4401 0.1961 
       VERDI 0.1728 0.1265 0.2194 0.4279 0.0534 
    VICTORIA 0.1079 0.0424 0.2455 0.4265 0.1778 
     VIVALDI 0.0671 0.0037 0.1789 0.4556 0.2947 
       WILJA 0.1898 0.0091 0.0022 0.5577 0.2412 
     WINSTON 0.0055 0.4416 0.2987 0.0075 0.2467 
      XD2-21 0.2577 0.0966 0.2032 0.0662 0.3762 
  YUKON_GOLD 0.0243 0.2377 0.4622 0.0990 0.1768 
       ZORBA 0.2026 0.0093 0.0197 0.4339 0.3345 
