  00C133-020 0.3565 0.5933 0.0247 0.0255 
 01C_071-002 0.2948 0.2320 0.2775 0.1957 
 02M_012-001 0.0303 0.6337 0.1350 0.2010 
 03M_016-002 0.1212 0.3715 0.0161 0.4913 
 03M_034-002 0.1888 0.5700 0.0264 0.2148 
 04C_055-004 0.0468 0.5178 0.3294 0.1059 
 04C_126-005 0.3836 0.3799 0.1328 0.1036 
 04M_034-013 0.0668 0.4895 0.1202 0.3234 
 05M_002-001 0.1991 0.1708 0.4368 0.1933 
 05M_004-003 0.3401 0.2469 0.3870 0.0260 
 05M_012-004 0.4271 0.2487 0.2079 0.1163 
 06C_127-002 0.2199 0.4362 0.2832 0.0607 
 12288_AF_23 0.3043 0.5075 0.1583 0.0300 
    12601AB1 0.0156 0.4906 0.0113 0.4825 
   12636_A_2 0.2143 0.5464 0.0105 0.2288 
  15119_AC_5 0.5009 0.2931 0.0046 0.2015 
     1512C16 0.4321 0.0817 0.1534 0.3329 
   15144_A_3 0.6021 0.1534 0.2199 0.0246 
     1563C14 0.1138 0.0359 0.3408 0.5095 
     2182EF7 0.5849 0.1901 0.1057 0.1193 
     3681AD1 0.4626 0.1194 0.3092 0.1089 
     5008AB6 0.3488 0.1336 0.3986 0.1190 
    8204_A_4 0.4860 0.3019 0.1741 0.0380 
       AGRIA 0.0442 0.1077 0.7238 0.1243 
       AILSA 0.0474 0.6330 0.1497 0.1698 
      ALMERA 0.2642 0.0802 0.5381 0.1175 
       ALPHA 0.2252 0.0585 0.4101 0.3062 
      ALWARA 0.3496 0.1011 0.4875 0.0617 
      AMADRA 0.0719 0.2449 0.4762 0.2070 
       AMOUR 0.4314 0.4964 0.0259 0.0464 
        ANNA 0.7808 0.1156 0.0051 0.0985 
   ANNABELLE 0.1374 0.0377 0.7393 0.0855 
        ANYA 0.1287 0.1274 0.5068 0.2371 
       ARGOS 0.5925 0.3221 0.0704 0.0150 
     ARIELLE 0.2140 0.0496 0.5681 0.1684 
      ARKULA 0.3004 0.0300 0.4779 0.1917 
      ARMADA 0.2587 0.1322 0.4177 0.1915 
   AVALANCHE 0.2668 0.4471 0.1730 0.1131 
     BAILLIE 0.2246 0.5250 0.1998 0.0506 
    BALMORAL 0.6991 0.1069 0.1061 0.0878 
     BAMBINO 0.2861 0.5652 0.1132 0.0355 
       BARNA 0.4734 0.2115 0.2636 0.0515 
 BELLE_DE_FO 0.0930 0.0044 0.0068 0.8958 
       BENOL 0.0381 0.6297 0.1169 0.2153 
       BF_15 0.0843 0.0055 0.1540 0.7561 
      BINTJE 0.2622 0.0909 0.2202 0.4267 
 BIONICA_EX_ 0.3297 0.1872 0.3044 0.1787 
 BLUE_DANUBE 0.3465 0.0344 0.3935 0.2255 
      BONNIE 0.3294 0.3238 0.2906 0.0562 
      BOUNTY 0.3277 0.5191 0.1158 0.0374 
 BRITISH_QUE 0.4120 0.0114 0.0228 0.5538 
     BRODICK 0.1263 0.6510 0.2061 0.0165 
      BRODIE 0.6641 0.2042 0.0109 0.1208 
      BUCHAN 0.5591 0.2918 0.0580 0.0911 
      BURREN 0.4801 0.1865 0.2273 0.1060 
     CABARET 0.1202 0.5450 0.0085 0.3263 
      CAESAR 0.2471 0.1064 0.6382 0.0083 
        CARA 0.7012 0.2547 0.0129 0.0312 
 CARLINGFORD 0.4916 0.2100 0.1915 0.1069 
  CASABLANCA 0.4898 0.3681 0.1299 0.0123 
      CELINE 0.3716 0.1308 0.3787 0.1189 
  CHALLENGER 0.1139 0.2239 0.4463 0.2159 
   CHARLOTTE 0.0180 0.2445 0.6102 0.1273 
     CHICAGO 0.0192 0.5330 0.3432 0.1046 
   CHIEFTAIN 0.3984 0.1459 0.2359 0.2199 
      CHOPIN 0.2993 0.0678 0.5124 0.1205 
      CLARET 0.6509 0.2408 0.0771 0.0313 
      CORINE 0.4101 0.2344 0.1890 0.1665 
      COSMOS 0.2949 0.1155 0.4185 0.1711 
     COURAGE 0.3144 0.1159 0.4054 0.1643 
     COURLAN 0.3308 0.1818 0.3244 0.1630 
 CRAIGS_ROYA 0.5367 0.3239 0.0133 0.1260 
 CRAIGS_SNOW 0.3251 0.1903 0.0553 0.4293 
     CRAMOND 0.2561 0.5563 0.1556 0.0320 
 CRISPS_FOR_ 0.2099 0.1595 0.5055 0.1251 
    CROMWELL 0.0127 0.6564 0.0683 0.2627 
       D22/1 0.2104 0.5274 0.0108 0.2514 
       D23/3 0.1560 0.4003 0.0463 0.3974 
      D47-11 0.0145 0.6623 0.0089 0.3144 
       D49/1 0.0043 0.7437 0.0352 0.2167 
       DAISY 0.0207 0.4877 0.2359 0.2557 
 DARK_RED_NO 0.4241 0.1044 0.2283 0.2432 
     DARWINA 0.2342 0.1025 0.4466 0.2167 
     DESIREE 0.3363 0.0156 0.4685 0.1796 
       DITTA 0.1699 0.0319 0.5759 0.2223 
 DR._MCINTOS 0.6026 0.1462 0.0740 0.1772 
       DRAGA 0.4366 0.1941 0.3004 0.0690 
 DUKE_OF_YOR 0.3484 0.0046 0.1319 0.5151 
 DUNBAR_STAN 0.3643 0.1959 0.0128 0.4269 
     DUNDROD 0.1115 0.5342 0.1269 0.2274 
     ECLIPSE 0.1390 0.1458 0.1687 0.5465 
        EDEN 0.0150 0.7181 0.0105 0.2563 
 EDZELL_BLUE 0.2719 0.1003 0.2204 0.4073 
   ELISABETH 0.1143 0.2338 0.6213 0.0305 
     EMPEROR 0.2511 0.2600 0.3650 0.1240 
         EOS 0.1850 0.3356 0.4066 0.0728 
     EPICURE 0.2881 0.0570 0.1776 0.4773 
  ERNTESTOLZ 0.2471 0.0567 0.3612 0.3349 
      ESCORT 0.1461 0.2196 0.6098 0.0246 
   ESMERALDA 0.1825 0.1995 0.4225 0.1954 
      ESTIMA 0.1893 0.1679 0.4496 0.1932 
 EVE_BALFOUR 0.4619 0.2767 0.0221 0.2392 
   EXCALIBUR 0.3377 0.5960 0.0616 0.0048 
     EXQUISA 0.1276 0.0235 0.6594 0.1895 
    FESTIVAL 0.1334 0.2010 0.6406 0.0251 
      FIANNA 0.4793 0.0897 0.3619 0.0691 
   FIFTYFOLD 0.1440 0.1337 0.1068 0.6155 
     FONTANE 0.1100 0.2185 0.5488 0.1227 
   FORTYFOLD 0.2151 0.0054 0.1198 0.6597 
 FRONTIER_RU 0.2758 0.1658 0.2550 0.3035 
     G.81071 0.4182 0.2461 0.1975 0.1383 
     G.88661 0.3974 0.2986 0.2523 0.0517 
    G.886611 0.3800 0.3397 0.2611 0.0192 
  G.8867Y%12 0.5229 0.1816 0.2716 0.0240 
     G.88839 0.0349 0.0262 0.9032 0.0357 
     G.88842 0.3381 0.0481 0.5706 0.0432 
   GALACTICA 0.5400 0.0309 0.1992 0.2300 
      GEMSON 0.5158 0.2105 0.0517 0.2220 
  GL.76B/102 0.0444 0.1764 0.3511 0.4281 
   GL.76B/94 0.1857 0.0075 0.2290 0.5778 
  GL.77M/106 0.2560 0.3902 0.1608 0.1930 
   GL.78/166 0.1222 0.0520 0.1344 0.6913 
    GL.78/53 0.0097 0.2886 0.1323 0.5694 
    GL.78/97 0.0318 0.1584 0.1927 0.6171 
    GL.79/42 0.0054 0.2092 0.2163 0.5691 
    GL.79/45 0.0417 0.1705 0.1906 0.5972 
 GL.81_NT_25 0.0316 0.5222 0.0123 0.4338 
   GLADIATOR 0.3191 0.1926 0.4531 0.0352 
      GLAMIS 0.1752 0.4796 0.2440 0.1012 
 GOLDEN_MILL 0.1680 0.6037 0.1223 0.1059 
 GOLDEN_NUGG 0.3877 0.1754 0.3976 0.0394 
 GOLDEN_WOND 0.1116 0.0854 0.1586 0.6445 
     GRANOLA 0.0235 0.2147 0.6494 0.1123 
    H1H3_101 0.0046 0.6194 0.0035 0.3725 
      H1H3_3 0.2242 0.4803 0.0488 0.2468 
 HARBOROUGH_ 0.0643 0.7937 0.1174 0.0245 
   HARLEQUIN 0.0514 0.2364 0.5254 0.1867 
      HERMES 0.2518 0.0969 0.4785 0.1728 
 HIGHLAND_BU 0.0750 0.0197 0.0274 0.8779 
  HOME_GUARD 0.3620 0.2671 0.0520 0.3188 
     HORIZON 0.1965 0.0919 0.4059 0.3057 
   INNOVATOR 0.5402 0.0102 0.0965 0.3531 
 INTERNATION 0.0396 0.0067 0.0110 0.9428 
 ISLE_OF_JUR 0.2061 0.4994 0.1340 0.1604 
    JULIETTE 0.0181 0.1068 0.8145 0.0605 
     KARLENA 0.4550 0.0737 0.1830 0.2884 
 KERR'S_PINK 0.2800 0.1385 0.0136 0.5678 
     KESTREL 0.4247 0.5240 0.0406 0.0107 
       KIFLI 0.0097 0.1950 0.6208 0.1746 
 KING_EDWARD 0.0124 0.1222 0.0427 0.8228 
    KINGSTON 0.1099 0.5534 0.1252 0.2115 
 KUFRI_CHAND 0.3875 0.1379 0.1787 0.2960 
 KUFRI_JYOTI 0.4639 0.1252 0.2428 0.1680 
      KURODA 0.3616 0.0427 0.4982 0.0975 
 LADY_BALFOU 0.5141 0.2753 0.0340 0.1767 
 LADY_CHRIST 0.1713 0.0796 0.3878 0.3613 
 LADY_CLAIRE 0.1009 0.0138 0.6051 0.2802 
     LADY_JO 0.2173 0.0180 0.3476 0.4171 
 LADY_ROSETT 0.2397 0.1732 0.3893 0.1978 
    LIBERTAS 0.2767 0.0123 0.3194 0.3916 
       LINDA 0.0235 0.0439 0.6884 0.2442 
      LINTON 0.2668 0.2246 0.3829 0.1258 
 LINZER_DELI 0.0697 0.0798 0.6190 0.2315 
   LIONHEART 0.3393 0.0814 0.4436 0.1358 
   MADELEINE 0.0978 0.1409 0.6542 0.1071 
   MADINGLEY 0.2115 0.2079 0.4928 0.0878 
    MAJESTIC 0.5583 0.1129 0.1254 0.2035 
     MARABEL 0.1977 0.0424 0.7173 0.0426 
     MARFONA 0.3281 0.0721 0.3317 0.2681 
     MARILYN 0.2156 0.0840 0.5805 0.1199 
 MARIS_ANCHO 0.2373 0.1090 0.3826 0.2710 
  MARIS_BARD 0.4475 0.2638 0.0235 0.2652 
  MARIS_PEER 0.4677 0.2377 0.0362 0.2584 
 MARIS_PIPER 0.0059 0.7937 0.0128 0.1876 
     MARKIES 0.1191 0.0441 0.6521 0.1846 
      MAXINE 0.3161 0.4772 0.1003 0.1064 
      MEGARA 0.0990 0.0996 0.6831 0.1183 
      MELODY 0.2177 0.1301 0.4440 0.2082 
       MIDAS 0.0082 0.5026 0.3253 0.1639 
       MILVA 0.1123 0.0470 0.6134 0.2273 
        MIMI 0.2093 0.3801 0.2793 0.1313 
        MIRA 0.2430 0.0147 0.4538 0.2885 
       MOIRA 0.3118 0.1110 0.3923 0.1849 
    MONTROSE 0.0222 0.6623 0.0347 0.2808 
       MORAG 0.4693 0.2627 0.0218 0.2462 
      MORENE 0.3283 0.0057 0.4240 0.2420 
      MOZART 0.1405 0.1523 0.7016 0.0056 
 MYATT'S_ASH 0.0826 0.0054 0.0987 0.8134 
      NADINE 0.1685 0.5330 0.2813 0.0173 
       NAVAN 0.1417 0.7274 0.0381 0.0928 
 NDTX_4271_5 0.2431 0.3381 0.2997 0.1191 
      NICOLA 0.0215 0.0084 0.7355 0.2346 
     NOVELLA 0.3467 0.0985 0.4819 0.0728 
     OLYMPUS 0.2549 0.4370 0.1316 0.1766 
       OPERA 0.2499 0.1882 0.5090 0.0529 
   ORCHESTRA 0.0648 0.1912 0.6262 0.1178 
      ORIANA 0.3921 0.0070 0.4533 0.1476 
     OTHELLO 0.6509 0.3018 0.0249 0.0224 
     PALADIN 0.0304 0.6638 0.0138 0.2920 
       PANDA 0.0393 0.1723 0.7457 0.0428 
   PARAMOUNT 0.5645 0.1080 0.2563 0.0712 
    PATRONES 0.2562 0.0791 0.3686 0.2960 
 PENTLAND_AC 0.3426 0.2188 0.2119 0.2267 
 PENTLAND_BE 0.4181 0.0259 0.0216 0.5344 
 PENTLAND_CR 0.4339 0.1971 0.2111 0.1579 
 PENTLAND_DE 0.4770 0.1666 0.0498 0.3066 
 PENTLAND_IV 0.4641 0.2399 0.1377 0.1583 
 PENTLAND_JA 0.5003 0.1256 0.1482 0.2259 
 PENTLAND_MA 0.5107 0.0329 0.3077 0.1487 
 PENTLAND_SQ 0.4104 0.1923 0.1539 0.2435 
   PEPO_1978 0.0648 0.1376 0.6311 0.1666 
     PICASSO 0.6105 0.1942 0.1887 0.0066 
   PIMPERNEL 0.1767 0.0844 0.5010 0.2380 
     PIONEER 0.0195 0.0906 0.6967 0.1932 
       PIXIE 0.3313 0.4671 0.1935 0.0081 
    PREMIERE 0.2772 0.0486 0.3107 0.3636 
   PRODUCENT 0.1008 0.2276 0.4948 0.1768 
     PROVOST 0.4690 0.1056 0.2015 0.2238 
  R.P.LUSTRE 0.1674 0.2934 0.2281 0.3111 
 RANGER_RUSS 0.5278 0.0039 0.0630 0.4054 
       RATTE 0.0202 0.2363 0.2109 0.5326 
      RECORD 0.2223 0.0069 0.4171 0.3537 
   REMBRANDT 0.1821 0.1268 0.4511 0.2400 
    RIO_ROJO 0.4136 0.1605 0.2599 0.1659 
      ROBIJN 0.1452 0.0065 0.4920 0.3563 
      ROCKET 0.1849 0.5522 0.0212 0.2416 
   RODE_STAR 0.0101 0.0443 0.5250 0.4207 
      ROMANO 0.4045 0.1130 0.4537 0.0288 
       ROMEO 0.3533 0.1938 0.2513 0.2016 
     ROOSTER 0.4266 0.1842 0.2257 0.1635 
       ROYAL 0.0172 0.3817 0.4568 0.1443 
 ROYAL_KIDNE 0.4208 0.0052 0.0060 0.5681 
     RUBESSE 0.2852 0.1145 0.4635 0.1368 
 RUSSET_BURB 0.4553 0.0657 0.1699 0.3091 
 RUSSET_NORK 0.3778 0.1621 0.1987 0.2615 
      SAFARI 0.4244 0.0843 0.4566 0.0346 
     SANTANA 0.2747 0.1447 0.3928 0.1878 
       SANTE 0.1812 0.1955 0.4759 0.1474 
     SAPHIRE 0.3778 0.1241 0.4301 0.0680 
  SARPO_MIRA 0.0960 0.1256 0.5812 0.1972 
 SARPO_SHONA 0.1266 0.1188 0.6384 0.1162 
       SASSY 0.2214 0.1115 0.3532 0.3139 
     SATURNA 0.0123 0.0443 0.6134 0.3299 
        SAVA 0.1301 0.1762 0.5837 0.1100 
       SAXON 0.1448 0.6149 0.0802 0.1602 
 SCARBOROUGH 0.0231 0.8236 0.0665 0.0868 
 SEFTON_WOND 0.2700 0.1833 0.0076 0.5392 
    SERAFINA 0.1552 0.0627 0.6273 0.1548 
     SETANTA 0.3095 0.4143 0.2220 0.0542 
 SHARPE'S_EX 0.0904 0.1136 0.1220 0.6740 
     SHELAGH 0.3380 0.2230 0.1400 0.2990 
    SHELFORD 0.2636 0.0541 0.4389 0.2433 
     SHEPODY 0.6104 0.0091 0.0210 0.3594 
      SLANEY 0.4672 0.4121 0.1086 0.0121 
        SPEY 0.5170 0.3967 0.0808 0.0055 
      SPUNTA 0.1785 0.2111 0.3806 0.2299 
     STAMINA 0.2893 0.6770 0.0263 0.0074 
    STEMSTER 0.1291 0.3403 0.3121 0.2186 
 STORMONT_EN 0.3277 0.1882 0.2230 0.2611 
    STIRLING 0.5656 0.2724 0.1447 0.0173 
     SYLVANA 0.3160 0.1433 0.3920 0.1486 
         TAY 0.3006 0.5495 0.1357 0.0143 
      TIMATE 0.0236 0.1745 0.6966 0.1052 
      TOLUCA 0.2924 0.0205 0.6019 0.0852 
    TORRIDON 0.4262 0.1036 0.3107 0.1595 
 ULSTER_SCEP 0.4189 0.3521 0.0389 0.1902 
 UMATILLA_RU 0.0877 0.3385 0.1401 0.4337 
 VALES_EMERA 0.1151 0.3486 0.4153 0.1210 
 VALES_EVERE 0.4586 0.3867 0.0249 0.1297 
 VALES_RUSSE 0.3327 0.0870 0.1927 0.3876 
 VALES_SOVER 0.5643 0.4202 0.0106 0.0049 
       VALOR 0.4824 0.4739 0.0391 0.0045 
    VAN_GOGH 0.1452 0.1101 0.5278 0.2169 
     VANTAGE 0.3032 0.0158 0.2427 0.4383 
       VERDI 0.0977 0.1361 0.5272 0.2389 
    VICTORIA 0.2715 0.0647 0.5087 0.1551 
     VIVALDI 0.4124 0.0070 0.4762 0.1044 
       WILJA 0.3945 0.0131 0.2823 0.3100 
     WINSTON 0.2839 0.5493 0.1579 0.0089 
      XD2-21 0.4590 0.1723 0.1006 0.2681 
  YUKON_GOLD 0.2662 0.3097 0.3810 0.0431 
       ZORBA 0.4169 0.0270 0.3113 0.2448 
