  00C133-020 0.0121 0.3593 0.0953 0.0326 0.0157 0.4850 
 01C_071-002 0.0460 0.2410 0.1039 0.1736 0.2569 0.1785 
 02M_012-001 0.0043 0.0823 0.1031 0.2071 0.0609 0.5423 
 03M_016-002 0.2213 0.0147 0.0240 0.3889 0.0143 0.3368 
 03M_034-002 0.0127 0.2092 0.0227 0.2328 0.0362 0.4864 
 04C_055-004 0.0440 0.0184 0.2792 0.1027 0.0921 0.4636 
 04C_126-005 0.0176 0.3764 0.1071 0.1193 0.1027 0.2770 
 04M_034-013 0.1422 0.0092 0.0880 0.2558 0.0572 0.4477 
 05M_002-001 0.1592 0.0551 0.2018 0.1152 0.3274 0.1412 
 05M_004-003 0.0908 0.2100 0.1294 0.0079 0.3573 0.2046 
 05M_012-004 0.2062 0.2311 0.1134 0.0341 0.2115 0.2037 
 06C_127-002 0.0829 0.1455 0.4228 0.0284 0.0055 0.3150 
 12288_AF_23 0.1160 0.1957 0.2074 0.0097 0.0369 0.4343 
    12601AB1 0.0036 0.0964 0.0397 0.4848 0.0048 0.3708 
   12636_A_2 0.0774 0.2067 0.0354 0.2153 0.0087 0.4566 
  15119_AC_5 0.0233 0.5364 0.0023 0.2224 0.0182 0.1974 
     1512C16 0.3168 0.1819 0.1971 0.2192 0.0642 0.0209 
   15144_A_3 0.0064 0.6238 0.2902 0.0440 0.0236 0.0120 
     1563C14 0.0748 0.0351 0.2291 0.4496 0.1992 0.0122 
     2182EF7 0.2790 0.3541 0.1895 0.0307 0.0409 0.1058 
     3681AD1 0.0797 0.3141 0.1054 0.0538 0.3563 0.0908 
     5008AB6 0.0110 0.3240 0.2955 0.1155 0.2241 0.0299 
    8204_A_4 0.1326 0.3579 0.2899 0.0159 0.0173 0.1863 
       AGRIA 0.1060 0.0036 0.3143 0.0288 0.4714 0.0759 
       AILSA 0.0522 0.0138 0.2523 0.1341 0.0054 0.5422 
      ALMERA 0.2214 0.0240 0.2348 0.0247 0.4191 0.0759 
       ALPHA 0.1132 0.0601 0.1511 0.2317 0.3823 0.0616 
      ALWARA 0.0245 0.2886 0.2940 0.0529 0.3077 0.0323 
      AMADRA 0.0322 0.0173 0.2619 0.1731 0.3021 0.2133 
       AMOUR 0.0309 0.4303 0.0771 0.0505 0.0225 0.3886 
        ANNA 0.0770 0.7520 0.0061 0.1390 0.0119 0.0140 
   ANNABELLE 0.0853 0.0177 0.4229 0.0330 0.4259 0.0153 
        ANYA 0.0797 0.0608 0.4925 0.2102 0.1191 0.0378 
       ARGOS 0.0942 0.4984 0.0479 0.0079 0.1180 0.2336 
     ARIELLE 0.1339 0.0597 0.3106 0.0995 0.3688 0.0275 
      ARKULA 0.1060 0.1297 0.2054 0.1256 0.4180 0.0154 
      ARMADA 0.1279 0.0855 0.1742 0.1328 0.3634 0.1162 
   AVALANCHE 0.1798 0.0756 0.0063 0.0223 0.2737 0.4422 
     BAILLIE 0.0950 0.1380 0.0964 0.0234 0.1710 0.4762 
    BALMORAL 0.2591 0.4537 0.0104 0.0196 0.2226 0.0346 
     BAMBINO 0.0341 0.2424 0.1131 0.0354 0.0870 0.4881 
       BARNA 0.0538 0.4031 0.3085 0.0483 0.0858 0.1005 
 BELLE_DE_FO 0.0718 0.0672 0.0062 0.8369 0.0156 0.0024 
       BENOL 0.0115 0.0510 0.0757 0.2205 0.0774 0.5639 
       BF_15 0.0350 0.0486 0.0675 0.7034 0.1423 0.0032 
      BINTJE 0.1999 0.0916 0.1128 0.3258 0.2073 0.0626 
 BIONICA_EX_ 0.0926 0.2077 0.1792 0.1416 0.2492 0.1296 
 BLUE_DANUBE 0.1498 0.1618 0.0074 0.1489 0.5189 0.0131 
      BONNIE 0.1021 0.2158 0.2364 0.0215 0.1723 0.2519 
      BOUNTY 0.0351 0.2867 0.0985 0.0335 0.1066 0.4396 
 BRITISH_QUE 0.4433 0.0360 0.0034 0.3633 0.1468 0.0071 
     BRODICK 0.0169 0.1167 0.2935 0.0193 0.0116 0.5420 
      BRODIE 0.1968 0.5133 0.1353 0.0705 0.0048 0.0792 
      BUCHAN 0.1199 0.4391 0.2596 0.0405 0.0039 0.1370 
      BURREN 0.0162 0.4615 0.2032 0.1151 0.1320 0.0720 
     CABARET 0.0855 0.1039 0.0106 0.2991 0.0093 0.4915 
      CAESAR 0.0914 0.0833 0.3723 0.0032 0.3805 0.0693 
        CARA 0.0150 0.7111 0.0984 0.0413 0.0117 0.1225 
 CARLINGFORD 0.3207 0.2013 0.2986 0.0185 0.0205 0.1404 
  CASABLANCA 0.1390 0.2809 0.0050 0.0033 0.2446 0.3272 
      CELINE 0.0273 0.2725 0.1158 0.0939 0.3946 0.0958 
  CHALLENGER 0.1879 0.0041 0.2211 0.0974 0.2930 0.1966 
   CHARLOTTE 0.0070 0.0146 0.6559 0.1433 0.0459 0.1333 
     CHICAGO 0.0076 0.0136 0.1464 0.0989 0.2461 0.4874 
   CHIEFTAIN 0.3746 0.0812 0.4040 0.0781 0.0063 0.0558 
      CHOPIN 0.2412 0.0520 0.2483 0.0257 0.3851 0.0476 
      CLARET 0.0488 0.6106 0.1943 0.0325 0.0178 0.0960 
      CORINE 0.1691 0.2415 0.0078 0.0930 0.3056 0.1830 
      COSMOS 0.2325 0.0258 0.0871 0.0523 0.4575 0.1448 
     COURAGE 0.1579 0.1376 0.2091 0.1004 0.3186 0.0765 
     COURLAN 0.2556 0.1192 0.3242 0.0566 0.1192 0.1252 
 CRAIGS_ROYA 0.2220 0.3585 0.1356 0.0564 0.0052 0.2223 
 CRAIGS_SNOW 0.3428 0.0591 0.0911 0.2932 0.0456 0.1682 
     CRAMOND 0.0839 0.1589 0.1259 0.0223 0.1164 0.4927 
 CRISPS_FOR_ 0.1498 0.0448 0.3360 0.0515 0.2899 0.1279 
    CROMWELL 0.0049 0.0414 0.0107 0.2713 0.0801 0.5916 
       D22/1 0.1558 0.0972 0.0039 0.1945 0.0472 0.5013 
       D23/3 0.1891 0.0306 0.0661 0.3116 0.0366 0.3659 
      D47-11 0.0139 0.0110 0.0027 0.2830 0.0447 0.6446 
       D49/1 0.0098 0.0022 0.0145 0.2061 0.0382 0.7292 
       DAISY 0.0146 0.0099 0.1148 0.2353 0.1730 0.4525 
 DARK_RED_NO 0.4027 0.1052 0.2950 0.0960 0.0443 0.0568 
     DARWINA 0.1940 0.0204 0.1401 0.1119 0.4214 0.1121 
     DESIREE 0.0576 0.2286 0.3775 0.1379 0.1945 0.0039 
       DITTA 0.1848 0.0087 0.3037 0.1312 0.3556 0.0160 
 DR._MCINTOS 0.5165 0.1519 0.1818 0.0224 0.0207 0.1066 
       DRAGA 0.3355 0.0863 0.0986 0.0068 0.2922 0.1807 
 DUKE_OF_YOR 0.4171 0.0065 0.0055 0.3396 0.2282 0.0029 
 DUNBAR_STAN 0.4591 0.0695 0.0407 0.2524 0.0082 0.1701 
     DUNDROD 0.0804 0.0768 0.1731 0.1930 0.0151 0.4616 
     ECLIPSE 0.2960 0.0027 0.2813 0.3818 0.0040 0.0342 
        EDEN 0.0254 0.0285 0.0226 0.2568 0.0080 0.6586 
 EDZELL_BLUE 0.1363 0.1490 0.1451 0.3256 0.1893 0.0547 
   ELISABETH 0.0588 0.0121 0.5078 0.0087 0.2324 0.1802 
     EMPEROR 0.3155 0.0084 0.2915 0.0130 0.1518 0.2198 
         EOS 0.1541 0.0218 0.3781 0.0189 0.1340 0.2930 
     EPICURE 0.3322 0.0246 0.2496 0.3577 0.0247 0.0112 
  ERNTESTOLZ 0.2120 0.0482 0.1834 0.2378 0.2805 0.0380 
      ESCORT 0.0129 0.0754 0.3424 0.0114 0.3756 0.1823 
   ESMERALDA 0.0250 0.1094 0.2532 0.1622 0.2916 0.1585 
      ESTIMA 0.2259 0.0096 0.2303 0.0657 0.3143 0.1542 
 EVE_BALFOUR 0.0722 0.4249 0.1012 0.2225 0.0162 0.1630 
   EXCALIBUR 0.0045 0.4012 0.0990 0.0046 0.0287 0.4620 
     EXQUISA 0.0060 0.1011 0.4319 0.1677 0.2888 0.0044 
    FESTIVAL 0.0554 0.0328 0.3459 0.0077 0.3934 0.1648 
      FIANNA 0.2407 0.2089 0.1503 0.0077 0.3303 0.0622 
   FIFTYFOLD 0.1411 0.0625 0.1684 0.5482 0.0220 0.0578 
     FONTANE 0.1598 0.0049 0.2148 0.0224 0.3967 0.2014 
   FORTYFOLD 0.1941 0.0214 0.0048 0.5420 0.2347 0.0030 
 FRONTIER_RU 0.4343 0.0058 0.2827 0.1306 0.0341 0.1126 
     G.81071 0.2161 0.2177 0.2116 0.0711 0.0947 0.1888 
     G.88661 0.3383 0.0404 0.2548 0.0053 0.0929 0.2683 
    G.886611 0.2704 0.0651 0.3892 0.0035 0.0077 0.2641 
  G.8867Y%12 0.3484 0.1466 0.3684 0.0038 0.0258 0.1070 
     G.88839 0.0046 0.0071 0.5599 0.0198 0.4016 0.0070 
     G.88842 0.1321 0.1430 0.3326 0.0120 0.3630 0.0173 
   GALACTICA 0.1073 0.3875 0.0052 0.1526 0.3402 0.0072 
      GEMSON 0.2820 0.2831 0.1583 0.1293 0.0144 0.1329 
  GL.76B/102 0.1131 0.0057 0.1943 0.3555 0.1884 0.1430 
   GL.76B/94 0.0194 0.1447 0.0238 0.5363 0.2729 0.0029 
  GL.77M/106 0.0125 0.2642 0.2867 0.1838 0.0067 0.2462 
   GL.78/166 0.1159 0.0439 0.0088 0.6131 0.1971 0.0212 
    GL.78/53 0.0072 0.0159 0.2113 0.5494 0.0088 0.2073 
    GL.78/97 0.0262 0.0248 0.1439 0.5838 0.1118 0.1094 
    GL.79/42 0.0041 0.0072 0.2507 0.5522 0.0365 0.1493 
    GL.79/45 0.0049 0.1012 0.2184 0.5834 0.0275 0.0646 
 GL.81_NT_25 0.0083 0.0261 0.0032 0.3894 0.0866 0.4865 
   GLADIATOR 0.1691 0.1285 0.3308 0.0072 0.2343 0.1302 
      GLAMIS 0.1583 0.0370 0.2023 0.0404 0.1272 0.4348 
 GOLDEN_MILL 0.0112 0.1995 0.1711 0.1217 0.0159 0.4806 
 GOLDEN_NUGG 0.0124 0.3097 0.1694 0.0202 0.3694 0.1190 
 GOLDEN_WOND 0.1345 0.0275 0.1525 0.5613 0.0889 0.0353 
     GRANOLA 0.0065 0.0150 0.5648 0.1080 0.1757 0.1301 
    H1H3_101 0.0094 0.0040 0.0020 0.3641 0.0061 0.6144 
      H1H3_3 0.1759 0.0847 0.0415 0.1801 0.0715 0.4463 
 HARBOROUGH_ 0.0305 0.0580 0.1492 0.0199 0.0226 0.7199 
   HARLEQUIN 0.0137 0.0438 0.5391 0.1751 0.0829 0.1454 
      HERMES 0.0670 0.1632 0.2320 0.1352 0.3477 0.0550 
 HIGHLAND_BU 0.0549 0.0232 0.0066 0.8092 0.0951 0.0111 
  HOME_GUARD 0.2829 0.1511 0.1506 0.2022 0.0133 0.1999 
     HORIZON 0.0358 0.1146 0.0843 0.2505 0.4332 0.0816 
   INNOVATOR 0.4843 0.1010 0.0043 0.1322 0.2723 0.0059 
 INTERNATION 0.0836 0.0087 0.0037 0.8595 0.0406 0.0039 
 ISLE_OF_JUR 0.0557 0.1644 0.1210 0.1503 0.0782 0.4304 
    JULIETTE 0.0065 0.0085 0.5981 0.0554 0.3027 0.0288 
     KARLENA 0.2611 0.2298 0.0081 0.1800 0.2930 0.0280 
 KERR'S_PINK 0.3334 0.0720 0.0708 0.4280 0.0067 0.0891 
     KESTREL 0.0258 0.3759 0.2074 0.0074 0.0055 0.3779 
       KIFLI 0.0067 0.0075 0.5030 0.1860 0.1808 0.1160 
 KING_EDWARD 0.1122 0.0028 0.1294 0.7176 0.0045 0.0334 
    KINGSTON 0.0058 0.1505 0.0767 0.2096 0.0891 0.4683 
 KUFRI_CHAND 0.3998 0.0584 0.1489 0.1486 0.1293 0.1149 
 KUFRI_JYOTI 0.0768 0.3724 0.2160 0.1325 0.1684 0.0339 
      KURODA 0.1945 0.1269 0.1353 0.0154 0.4883 0.0397 
 LADY_BALFOU 0.1473 0.3951 0.0982 0.1445 0.0268 0.1881 
 LADY_CHRIST 0.0699 0.0581 0.0881 0.2864 0.4152 0.0823 
 LADY_CLAIRE 0.0400 0.0170 0.0055 0.2216 0.7090 0.0069 
     LADY_JO 0.1271 0.0141 0.0023 0.2860 0.5578 0.0126 
 LADY_ROSETT 0.1342 0.0832 0.1754 0.1294 0.3290 0.1487 
    LIBERTAS 0.0077 0.1627 0.0026 0.3054 0.5180 0.0037 
       LINDA 0.0063 0.0088 0.5586 0.2187 0.2024 0.0051 
      LINTON 0.1859 0.0958 0.2280 0.0335 0.2648 0.1921 
 LINZER_DELI 0.0455 0.0135 0.4511 0.1994 0.2606 0.0299 
   LIONHEART 0.2130 0.1092 0.1314 0.0171 0.4449 0.0844 
   MADELEINE 0.0132 0.0393 0.4028 0.0845 0.3658 0.0943 
   MADINGLEY 0.0772 0.1378 0.3284 0.0513 0.2620 0.1434 
    MAJESTIC 0.5286 0.1535 0.2055 0.0267 0.0325 0.0532 
     MARABEL 0.1044 0.0329 0.3496 0.0119 0.4774 0.0238 
     MARFONA 0.1874 0.0612 0.0192 0.1462 0.4618 0.1243 
     MARILYN 0.0500 0.1335 0.3904 0.0939 0.3070 0.0252 
 MARIS_ANCHO 0.2346 0.0331 0.2197 0.1703 0.2615 0.0808 
  MARIS_BARD 0.2888 0.1441 0.0023 0.1108 0.2068 0.2472 
  MARIS_PEER 0.3384 0.1859 0.1583 0.1365 0.0092 0.1716 
 MARIS_PIPER 0.0055 0.0049 0.0045 0.1808 0.0359 0.7684 
     MARKIES 0.0373 0.0456 0.2983 0.1309 0.4660 0.0219 
      MAXINE 0.2869 0.0971 0.1566 0.0167 0.0191 0.4236 
      MEGARA 0.0139 0.0310 0.3026 0.0828 0.4935 0.0762 
      MELODY 0.0236 0.1589 0.1763 0.1703 0.3864 0.0846 
       MIDAS 0.0046 0.0056 0.1624 0.1555 0.2081 0.4638 
       MILVA 0.0284 0.0463 0.3526 0.1980 0.3568 0.0178 
        MIMI 0.0068 0.1998 0.0917 0.1268 0.2615 0.3134 
        MIRA 0.0917 0.1158 0.0063 0.2266 0.5517 0.0078 
       MOIRA 0.1339 0.1679 0.2526 0.1271 0.2568 0.0617 
    MONTROSE 0.0038 0.0725 0.1016 0.2834 0.0053 0.5333 
       MORAG 0.1847 0.3267 0.1363 0.1785 0.0093 0.1646 
      MORENE 0.1404 0.1377 0.0108 0.1630 0.5445 0.0036 
      MOZART 0.0462 0.0226 0.4707 0.0026 0.3447 0.1133 
 MYATT'S_ASH 0.0971 0.0085 0.0050 0.7255 0.1609 0.0030 
      NADINE 0.0729 0.1057 0.2934 0.0096 0.0600 0.4585 
       NAVAN 0.0858 0.0685 0.0567 0.0816 0.0300 0.6774 
 NDTX_4271_5 0.2595 0.0097 0.4819 0.0095 0.0038 0.2355 
      NICOLA 0.0258 0.0039 0.4352 0.1725 0.3594 0.0032 
     NOVELLA 0.1082 0.2012 0.2553 0.0273 0.3558 0.0522 
     OLYMPUS 0.1419 0.1290 0.2851 0.1106 0.0062 0.3272 
       OPERA 0.1008 0.1228 0.2528 0.0139 0.3584 0.1514 
   ORCHESTRA 0.0193 0.0242 0.3575 0.0874 0.3649 0.1467 
      ORIANA 0.2042 0.1701 0.1567 0.0644 0.4008 0.0038 
     OTHELLO 0.1181 0.5262 0.1844 0.0077 0.0045 0.1591 
     PALADIN 0.0633 0.0097 0.0037 0.2422 0.0457 0.6355 
       PANDA 0.0082 0.0213 0.5568 0.0293 0.2749 0.1094 
   PARAMOUNT 0.0362 0.4801 0.2422 0.0596 0.1675 0.0144 
    PATRONES 0.2226 0.0401 0.1457 0.1860 0.3302 0.0754 
 PENTLAND_AC 0.1877 0.1858 0.1995 0.1414 0.1251 0.1606 
 PENTLAND_BE 0.2972 0.1894 0.0064 0.4156 0.0818 0.0096 
 PENTLAND_CR 0.1819 0.2418 0.1024 0.0914 0.2309 0.1516 
 PENTLAND_DE 0.2625 0.2567 0.1908 0.2172 0.0081 0.0646 
 PENTLAND_IV 0.3276 0.1800 0.3428 0.0328 0.0034 0.1135 
 PENTLAND_JA 0.4388 0.1158 0.1047 0.0624 0.1720 0.1062 
 PENTLAND_MA 0.1266 0.3304 0.1335 0.0960 0.3063 0.0072 
 PENTLAND_SQ 0.2297 0.2066 0.2004 0.1683 0.0703 0.1247 
   PEPO_1978 0.0343 0.0156 0.3528 0.1438 0.3500 0.1035 
     PICASSO 0.0402 0.4944 0.0445 0.0038 0.2661 0.1510 
   PIMPERNEL 0.0041 0.1491 0.1702 0.2123 0.4261 0.0382 
     PIONEER 0.0164 0.0059 0.6179 0.1721 0.1673 0.0203 
       PIXIE 0.0209 0.2895 0.2569 0.0060 0.0476 0.3791 
    PREMIERE 0.1760 0.0599 0.0049 0.2470 0.4653 0.0469 
   PRODUCENT 0.0661 0.0101 0.1619 0.1105 0.4232 0.2281 
     PROVOST 0.2895 0.2108 0.1837 0.1221 0.1412 0.0527 
  R.P.LUSTRE 0.1871 0.0239 0.3423 0.2283 0.0120 0.2065 
 RANGER_RUSS 0.5380 0.0853 0.0196 0.2006 0.1537 0.0028 
       RATTE 0.0365 0.0155 0.2772 0.4994 0.0141 0.1574 
      RECORD 0.0119 0.1152 0.0074 0.2949 0.5661 0.0046 
   REMBRANDT 0.1783 0.0129 0.1279 0.1233 0.4251 0.1325 
    RIO_ROJO 0.3221 0.1486 0.3234 0.0497 0.0609 0.0952 
      ROBIJN 0.0256 0.0795 0.0422 0.3200 0.5294 0.0033 
      ROCKET 0.1296 0.0916 0.0612 0.1962 0.0172 0.5041 
   RODE_STAR 0.0018 0.0185 0.2201 0.4138 0.3358 0.0100 
      ROMANO 0.0127 0.3381 0.2815 0.0166 0.3171 0.0341 
       ROMEO 0.0571 0.3086 0.3956 0.1881 0.0071 0.0435 
     ROOSTER 0.1555 0.2877 0.2054 0.1173 0.1313 0.1029 
       ROYAL 0.0055 0.0131 0.2766 0.1323 0.2419 0.3306 
 ROYAL_KIDNE 0.5344 0.0397 0.0050 0.3762 0.0411 0.0036 
     RUBESSE 0.1751 0.1219 0.3808 0.0586 0.2188 0.0448 
 RUSSET_BURB 0.5479 0.0368 0.1701 0.1095 0.1015 0.0342 
 RUSSET_NORK 0.5570 0.0062 0.3358 0.0290 0.0052 0.0669 
      SAFARI 0.0616 0.2537 0.1993 0.0106 0.4229 0.0520 
     SANTANA 0.2060 0.0526 0.1040 0.0864 0.3969 0.1542 
       SANTE 0.0114 0.1200 0.1691 0.1031 0.4222 0.1742 
     SAPHIRE 0.2718 0.0656 0.1163 0.0045 0.4155 0.1264 
  SARPO_MIRA 0.0084 0.0949 0.4049 0.1811 0.2592 0.0515 
 SARPO_SHONA 0.0081 0.1094 0.3875 0.1029 0.3407 0.0514 
       SASSY 0.1531 0.0703 0.1784 0.2291 0.2860 0.0831 
     SATURNA 0.0048 0.0068 0.2177 0.2940 0.4557 0.0210 
        SAVA 0.1449 0.0094 0.4040 0.0377 0.2707 0.1334 
       SAXON 0.0190 0.1311 0.1149 0.1571 0.0339 0.5440 
 SCARBOROUGH 0.0096 0.0240 0.1478 0.0859 0.0047 0.7280 
 SEFTON_WOND 0.3229 0.0759 0.0269 0.4101 0.0086 0.1557 
    SERAFINA 0.0155 0.1055 0.4872 0.1373 0.2449 0.0095 
     SETANTA 0.0671 0.2584 0.2895 0.0425 0.0388 0.3036 
 SHARPE'S_EX 0.1196 0.0154 0.1125 0.5983 0.0725 0.0817 
     SHELAGH 0.0254 0.2938 0.1172 0.2776 0.1296 0.1563 
    SHELFORD 0.0935 0.1650 0.2443 0.1896 0.2905 0.0171 
     SHEPODY 0.4321 0.1915 0.0032 0.1549 0.2123 0.0060 
      SLANEY 0.0591 0.3943 0.2321 0.0092 0.0093 0.2960 
        SPEY 0.0209 0.4729 0.1676 0.0038 0.0428 0.2919 
      SPUNTA 0.0305 0.1507 0.3978 0.2106 0.0884 0.1220 
     STAMINA 0.0845 0.2090 0.0119 0.0042 0.0689 0.6214 
    STEMSTER 0.0225 0.1010 0.1574 0.1997 0.2298 0.2896 
 STORMONT_EN 0.1370 0.1608 0.0653 0.1854 0.2737 0.1779 
    STIRLING 0.1765 0.3539 0.2057 0.0061 0.0649 0.1929 
     SYLVANA 0.2369 0.0915 0.2404 0.0482 0.2673 0.1158 
         TAY 0.0206 0.2745 0.2593 0.0108 0.0067 0.4280 
      TIMATE 0.0384 0.0044 0.3709 0.0573 0.3945 0.1346 
      TOLUCA 0.0871 0.1666 0.3750 0.0327 0.3322 0.0065 
    TORRIDON 0.0611 0.3096 0.1378 0.1129 0.3184 0.0602 
 ULSTER_SCEP 0.3540 0.1303 0.0517 0.0590 0.0744 0.3305 
 UMATILLA_RU 0.0402 0.0594 0.0455 0.4018 0.1572 0.2959 
 VALES_EMERA 0.0501 0.0586 0.4923 0.1075 0.0300 0.2616 
 VALES_EVERE 0.0617 0.3974 0.1428 0.1236 0.0076 0.2669 
 VALES_RUSSE 0.4456 0.0168 0.1902 0.2169 0.0818 0.0487 
 VALES_SOVER 0.0079 0.5893 0.0242 0.0040 0.0431 0.3314 
       VALOR 0.0083 0.4642 0.0804 0.0036 0.0638 0.3797 
    VAN_GOGH 0.0531 0.0320 0.1638 0.1621 0.4772 0.1117 
     VANTAGE 0.2253 0.0708 0.0045 0.2964 0.3939 0.0091 
       VERDI 0.0196 0.0573 0.2357 0.2234 0.3634 0.1006 
    VICTORIA 0.2707 0.0274 0.2053 0.0249 0.4071 0.0645 
     VIVALDI 0.2461 0.1443 0.1517 0.0186 0.4357 0.0037 
       WILJA 0.1427 0.1298 0.0019 0.1824 0.5358 0.0074 
     WINSTON 0.0716 0.1891 0.2726 0.0044 0.0082 0.4541 
      XD2-21 0.2725 0.2390 0.1627 0.1687 0.0487 0.1084 
  YUKON_GOLD 0.3009 0.0097 0.3628 0.0046 0.0729 0.2490 
       ZORBA 0.2524 0.1743 0.0165 0.1445 0.4029 0.0095 
