  00C133-020 0.0156 0.1050 0.3616 0.5064 0.0114 
 01C_071-002 0.1552 0.0803 0.2607 0.2047 0.2991 
 02M_012-001 0.1402 0.1048 0.0411 0.6149 0.0990 
 03M_016-002 0.4374 0.0428 0.1006 0.3752 0.0439 
 03M_034-002 0.1847 0.0309 0.2176 0.5289 0.0379 
 04C_055-004 0.0691 0.2998 0.0272 0.4810 0.1230 
 04C_126-005 0.0927 0.1142 0.3741 0.3060 0.1130 
 04M_034-013 0.2628 0.1171 0.0504 0.4751 0.0946 
 05M_002-001 0.1372 0.2161 0.1344 0.1451 0.3672 
 05M_004-003 0.0098 0.1440 0.2888 0.1968 0.3606 
 05M_012-004 0.0907 0.1539 0.3581 0.1891 0.2082 
 06C_127-002 0.0372 0.4646 0.1683 0.3198 0.0101 
 12288_AF_23 0.0145 0.2564 0.2659 0.4303 0.0329 
    12601AB1 0.4353 0.0587 0.0211 0.4741 0.0108 
   12636_A_2 0.2154 0.0497 0.2343 0.4925 0.0081 
  15119_AC_5 0.1926 0.0026 0.5383 0.2376 0.0288 
     1512C16 0.3220 0.2324 0.3339 0.0155 0.0962 
   15144_A_3 0.0331 0.2814 0.5667 0.0310 0.0878 
     1563C14 0.4427 0.2198 0.0398 0.0278 0.2699 
     2182EF7 0.1309 0.2280 0.4969 0.0860 0.0581 
     3681AD1 0.0509 0.1065 0.3763 0.0959 0.3704 
     5008AB6 0.0936 0.2845 0.2943 0.0597 0.2679 
    8204_A_4 0.0416 0.3319 0.4252 0.1734 0.0279 
       AGRIA 0.0468 0.3398 0.0094 0.0841 0.5199 
       AILSA 0.1249 0.2768 0.0262 0.5647 0.0074 
      ALMERA 0.0576 0.2420 0.1819 0.0629 0.4555 
       ALPHA 0.2275 0.1600 0.1330 0.0656 0.4139 
      ALWARA 0.0359 0.2814 0.2775 0.0468 0.3584 
      AMADRA 0.1428 0.2726 0.0234 0.2290 0.3321 
       AMOUR 0.0350 0.0852 0.4431 0.4117 0.0250 
        ANNA 0.1621 0.0065 0.7959 0.0212 0.0142 
   ANNABELLE 0.0311 0.4262 0.0558 0.0186 0.4682 
        ANYA 0.2207 0.4945 0.0631 0.0470 0.1748 
       ARGOS 0.0121 0.0554 0.5787 0.2344 0.1194 
     ARIELLE 0.1163 0.3168 0.1275 0.0237 0.4156 
      ARKULA 0.1293 0.2097 0.2059 0.0155 0.4396 
      ARMADA 0.1337 0.1917 0.1809 0.1125 0.3812 
   AVALANCHE 0.0427 0.0128 0.2274 0.4456 0.2715 
     BAILLIE 0.0167 0.1046 0.2140 0.4898 0.1748 
    BALMORAL 0.0943 0.0187 0.6306 0.0218 0.2345 
     BAMBINO 0.0184 0.1269 0.2764 0.5010 0.0774 
       BARNA 0.0550 0.3221 0.4178 0.1011 0.1039 
 BELLE_DE_FO 0.8600 0.0062 0.0576 0.0041 0.0721 
       BENOL 0.1600 0.0775 0.0509 0.6121 0.0995 
       BF_15 0.6947 0.0479 0.0309 0.0055 0.2211 
      BINTJE 0.3666 0.1242 0.1816 0.0759 0.2518 
 BIONICA_EX_ 0.1380 0.1829 0.2687 0.1390 0.2714 
 BLUE_DANUBE 0.1498 0.0085 0.2744 0.0156 0.5517 
      BONNIE 0.0340 0.2625 0.2813 0.2500 0.1722 
      BOUNTY 0.0169 0.1149 0.3224 0.4557 0.0901 
 BRITISH_QUE 0.4962 0.0053 0.2837 0.0089 0.2059 
     BRODICK 0.0104 0.3128 0.1181 0.5497 0.0090 
      BRODIE 0.1502 0.1688 0.6002 0.0741 0.0067 
      BUCHAN 0.0925 0.2860 0.4838 0.1337 0.0041 
      BURREN 0.1027 0.2012 0.4422 0.0942 0.1597 
     CABARET 0.2935 0.0183 0.1494 0.5253 0.0135 
      CAESAR 0.0042 0.4065 0.1623 0.0438 0.3832 
        CARA 0.0506 0.0927 0.6980 0.1419 0.0168 
 CARLINGFORD 0.1069 0.3564 0.3955 0.1103 0.0309 
  CASABLANCA 0.0045 0.0093 0.4446 0.3130 0.2286 
      CELINE 0.0683 0.1142 0.3039 0.1092 0.4044 
  CHALLENGER 0.1533 0.2629 0.0472 0.2100 0.3266 
   CHARLOTTE 0.1098 0.6534 0.0073 0.1354 0.0941 
     CHICAGO 0.0361 0.1490 0.0137 0.5291 0.2721 
   CHIEFTAIN 0.2163 0.4771 0.2692 0.0252 0.0122 
      CHOPIN 0.0806 0.2757 0.2124 0.0332 0.3980 
      CLARET 0.0473 0.2008 0.6124 0.1117 0.0278 
      CORINE 0.1166 0.0089 0.3638 0.1885 0.3222 
      COSMOS 0.1018 0.1191 0.1930 0.1247 0.4613 
     COURAGE 0.1173 0.2314 0.2262 0.0760 0.3490 
     COURLAN 0.1454 0.3482 0.2559 0.1039 0.1467 
 CRAIGS_ROYA 0.1312 0.1790 0.4763 0.2077 0.0059 
 CRAIGS_SNOW 0.3902 0.1260 0.2506 0.1541 0.0791 
     CRAMOND 0.0164 0.1589 0.2384 0.4945 0.0919 
 CRISPS_FOR_ 0.0825 0.3680 0.1340 0.1108 0.3046 
    CROMWELL 0.1903 0.0087 0.0182 0.6667 0.1160 
       D22/1 0.1996 0.0051 0.2142 0.5179 0.0632 
       D23/3 0.3375 0.0861 0.1163 0.3883 0.0718 
      D47-11 0.2150 0.0040 0.0134 0.7023 0.0654 
       D49/1 0.1412 0.0180 0.0039 0.7740 0.0628 
       DAISY 0.1825 0.1171 0.0160 0.4874 0.1970 
 DARK_RED_NO 0.2422 0.3423 0.3115 0.0276 0.0764 
     DARWINA 0.1387 0.1552 0.1492 0.1061 0.4508 
     DESIREE 0.1483 0.3718 0.2175 0.0050 0.2574 
       DITTA 0.1636 0.3228 0.0785 0.0208 0.4143 
 DR._MCINTOS 0.1907 0.2529 0.4788 0.0474 0.0302 
       DRAGA 0.0408 0.1644 0.3378 0.1548 0.3022 
 DUKE_OF_YOR 0.4672 0.0153 0.2268 0.0039 0.2868 
 DUNBAR_STAN 0.4265 0.1080 0.3013 0.1499 0.0143 
     DUNDROD 0.1849 0.1915 0.0954 0.4940 0.0343 
     ECLIPSE 0.5213 0.3630 0.0503 0.0564 0.0091 
        EDEN 0.2116 0.0324 0.0347 0.7113 0.0101 
 EDZELL_BLUE 0.3504 0.1426 0.1894 0.0813 0.2362 
   ELISABETH 0.0112 0.5489 0.0294 0.1612 0.2494 
     EMPEROR 0.0958 0.3621 0.1661 0.1957 0.1803 
         EOS 0.0432 0.4316 0.1075 0.2788 0.1388 
     EPICURE 0.4549 0.2889 0.1821 0.0109 0.0632 
  ERNTESTOLZ 0.2811 0.1897 0.1675 0.0376 0.3241 
      ESCORT 0.0074 0.3486 0.0810 0.1754 0.3875 
   ESMERALDA 0.1390 0.2644 0.1212 0.1662 0.3092 
      ESTIMA 0.1309 0.2723 0.1071 0.1484 0.3413 
 EVE_BALFOUR 0.2403 0.1048 0.4392 0.1940 0.0217 
   EXCALIBUR 0.0034 0.1078 0.3819 0.4869 0.0200 
     EXQUISA 0.1380 0.4240 0.0477 0.0096 0.3807 
    FESTIVAL 0.0089 0.3695 0.0673 0.1532 0.4011 
      FIANNA 0.0378 0.1822 0.3802 0.0487 0.3510 
   FIFTYFOLD 0.5745 0.1681 0.0927 0.0926 0.0721 
     FONTANE 0.0519 0.2544 0.0529 0.2086 0.4322 
   FORTYFOLD 0.5742 0.0056 0.1085 0.0047 0.3069 
 FRONTIER_RU 0.2881 0.3489 0.1839 0.0944 0.0847 
     G.81071 0.1289 0.2486 0.3420 0.1766 0.1038 
     G.88661 0.0311 0.3645 0.2906 0.2264 0.0874 
    G.886611 0.0126 0.4961 0.2666 0.2155 0.0093 
  G.8867Y%12 0.0301 0.4736 0.4040 0.0602 0.0321 
     G.88839 0.0072 0.5082 0.0072 0.0077 0.4698 
     G.88842 0.0203 0.3363 0.2431 0.0138 0.3866 
   GALACTICA 0.1640 0.0047 0.4533 0.0088 0.3692 
      GEMSON 0.2208 0.1995 0.4404 0.1157 0.0236 
  GL.76B/102 0.3501 0.1933 0.0151 0.1753 0.2661 
   GL.76B/94 0.5026 0.0090 0.1271 0.0071 0.3542 
  GL.77M/106 0.1749 0.3036 0.2269 0.2835 0.0111 
   GL.78/166 0.5905 0.0088 0.0674 0.0551 0.2782 
    GL.78/53 0.5065 0.1994 0.0065 0.2522 0.0354 
    GL.78/97 0.5363 0.1000 0.0164 0.1570 0.1902 
    GL.79/42 0.4948 0.2168 0.0034 0.1843 0.1007 
    GL.79/45 0.5258 0.2002 0.0179 0.1450 0.1110 
 GL.81_NT_25 0.3200 0.0031 0.0269 0.5399 0.1101 
   GLADIATOR 0.0169 0.3795 0.2299 0.1193 0.2544 
      GLAMIS 0.0534 0.2365 0.1428 0.4352 0.1322 
 GOLDEN_MILL 0.0832 0.1942 0.1743 0.5252 0.0231 
 GOLDEN_NUGG 0.0139 0.1722 0.3208 0.1269 0.3662 
 GOLDEN_WOND 0.5866 0.1563 0.0596 0.0529 0.1447 
     GRANOLA 0.0704 0.5620 0.0081 0.1354 0.2241 
    H1H3_101 0.3034 0.0024 0.0057 0.6782 0.0102 
      H1H3_3 0.2076 0.0750 0.1962 0.4491 0.0721 
 HARBOROUGH_ 0.0089 0.1672 0.0926 0.7200 0.0114 
   HARLEQUIN 0.1534 0.5329 0.0164 0.1607 0.1365 
      HERMES 0.1214 0.2152 0.1893 0.0738 0.4003 
 HIGHLAND_BU 0.7828 0.0055 0.0190 0.0213 0.1713 
  HOME_GUARD 0.3065 0.1935 0.3018 0.1788 0.0194 
     HORIZON 0.2187 0.0707 0.1347 0.1080 0.4679 
   INNOVATOR 0.2993 0.0081 0.3928 0.0054 0.2943 
 INTERNATION 0.8582 0.0039 0.0136 0.0072 0.1172 
 ISLE_OF_JUR 0.1261 0.1369 0.1990 0.4514 0.0866 
    JULIETTE 0.0250 0.5743 0.0067 0.0311 0.3630 
     KARLENA 0.2450 0.0110 0.3729 0.0352 0.3359 
 KERR'S_PINK 0.5524 0.1032 0.2330 0.0918 0.0197 
     KESTREL 0.0077 0.2361 0.3783 0.3725 0.0055 
       KIFLI 0.1327 0.4693 0.0052 0.1388 0.2540 
 KING_EDWARD 0.7707 0.1432 0.0056 0.0673 0.0132 
    KINGSTON 0.1570 0.0922 0.1226 0.5210 0.1071 
 KUFRI_CHAND 0.2703 0.1945 0.2939 0.0841 0.1573 
 KUFRI_JYOTI 0.1457 0.2236 0.3890 0.0431 0.1987 
      KURODA 0.0346 0.1408 0.2675 0.0358 0.5214 
 LADY_BALFOU 0.1761 0.1229 0.4699 0.1917 0.0393 
 LADY_CHRIST 0.2706 0.0818 0.0948 0.1021 0.4507 
 LADY_CLAIRE 0.1757 0.0055 0.0549 0.0116 0.7523 
     LADY_JO 0.2740 0.0029 0.1079 0.0204 0.5948 
 LADY_ROSETT 0.1362 0.2061 0.1552 0.1532 0.3493 
    LIBERTAS 0.2628 0.0029 0.1599 0.0090 0.5654 
       LINDA 0.1872 0.5275 0.0054 0.0059 0.2740 
      LINTON 0.0843 0.2391 0.2019 0.1844 0.2903 
 LINZER_DELI 0.1801 0.4372 0.0195 0.0348 0.3283 
   LIONHEART 0.0757 0.1664 0.2475 0.0641 0.4463 
   MADELEINE 0.0514 0.4099 0.0383 0.0996 0.4008 
   MADINGLEY 0.0491 0.3196 0.1554 0.1615 0.3144 
    MAJESTIC 0.2194 0.2688 0.4455 0.0178 0.0484 
     MARABEL 0.0125 0.3505 0.1185 0.0176 0.5009 
     MARFONA 0.1789 0.0343 0.2053 0.1132 0.4682 
     MARILYN 0.0845 0.3893 0.1461 0.0284 0.3517 
 MARIS_ANCHO 0.2288 0.2451 0.1610 0.0717 0.2935 
  MARIS_BARD 0.1962 0.0035 0.3629 0.2327 0.2048 
  MARIS_PEER 0.2445 0.2056 0.3771 0.1545 0.0183 
 MARIS_PIPER 0.1094 0.0053 0.0059 0.8271 0.0522 
     MARKIES 0.1149 0.2964 0.0490 0.0285 0.5112 
      MAXINE 0.0871 0.2147 0.2719 0.4070 0.0194 
      MEGARA 0.0445 0.2998 0.0336 0.0911 0.5311 
      MELODY 0.1408 0.1611 0.1602 0.1138 0.4241 
       MIDAS 0.0837 0.1488 0.0056 0.5099 0.2520 
       MILVA 0.1668 0.3501 0.0511 0.0268 0.4052 
        MIMI 0.0715 0.1033 0.1888 0.3575 0.2789 
        MIRA 0.2093 0.0081 0.1863 0.0110 0.5853 
       MOIRA 0.1527 0.2557 0.2430 0.0554 0.2932 
    MONTROSE 0.2321 0.1152 0.0284 0.6164 0.0079 
       MORAG 0.2421 0.1594 0.4155 0.1695 0.0136 
      MORENE 0.1753 0.0117 0.2380 0.0039 0.5712 
      MOZART 0.0030 0.5055 0.0651 0.0844 0.3420 
 MYATT'S_ASH 0.7245 0.0048 0.0170 0.0044 0.2493 
      NADINE 0.0104 0.3309 0.1530 0.4543 0.0514 
       NAVAN 0.0491 0.0926 0.1470 0.6889 0.0224 
 NDTX_4271_5 0.0926 0.5683 0.1156 0.2173 0.0061 
      NICOLA 0.1594 0.4018 0.0046 0.0041 0.4301 
     NOVELLA 0.0400 0.2595 0.2772 0.0461 0.3772 
     OLYMPUS 0.1497 0.3283 0.1807 0.3344 0.0070 
       OPERA 0.0156 0.2729 0.1900 0.1505 0.3711 
   ORCHESTRA 0.0547 0.3562 0.0222 0.1589 0.4080 
      ORIANA 0.1080 0.1515 0.2934 0.0041 0.4430 
     OTHELLO 0.0292 0.2256 0.5903 0.1492 0.0057 
     PALADIN 0.2156 0.0072 0.0326 0.6833 0.0614 
       PANDA 0.0144 0.5293 0.0122 0.1127 0.3314 
   PARAMOUNT 0.0573 0.2404 0.4870 0.0202 0.1950 
    PATRONES 0.2319 0.1605 0.1728 0.0666 0.3683 
 PENTLAND_AC 0.2000 0.2265 0.2771 0.1541 0.1423 
 PENTLAND_BE 0.5046 0.0089 0.3388 0.0146 0.1332 
 PENTLAND_CR 0.1255 0.1268 0.3678 0.1448 0.2352 
 PENTLAND_DE 0.3124 0.2246 0.3940 0.0549 0.0141 
 PENTLAND_IV 0.1630 0.4048 0.3484 0.0790 0.0048 
 PENTLAND_JA 0.2071 0.1557 0.3881 0.0630 0.1862 
 PENTLAND_MA 0.1218 0.1111 0.4202 0.0107 0.3363 
 PENTLAND_SQ 0.2320 0.2246 0.3362 0.1139 0.0933 
   PEPO_1978 0.1049 0.3375 0.0303 0.1171 0.4101 
     PICASSO 0.0040 0.0523 0.5590 0.1408 0.2440 
   PIMPERNEL 0.1565 0.1611 0.1090 0.0846 0.4887 
     PIONEER 0.1466 0.6019 0.0055 0.0160 0.2301 
       PIXIE 0.0059 0.2880 0.3113 0.3708 0.0238 
    PREMIERE 0.2740 0.0061 0.1881 0.0499 0.4819 
   PRODUCENT 0.0893 0.1754 0.0496 0.2379 0.4479 
     PROVOST 0.2064 0.2132 0.3808 0.0365 0.1631 
  R.P.LUSTRE 0.2832 0.3815 0.1085 0.2041 0.0228 
 RANGER_RUSS 0.3756 0.0418 0.3794 0.0025 0.2007 
       RATTE 0.4800 0.2680 0.0083 0.1954 0.0484 
      RECORD 0.2472 0.0072 0.1269 0.0086 0.6101 
   REMBRANDT 0.1588 0.1483 0.1067 0.1311 0.4551 
    RIO_ROJO 0.1644 0.3751 0.3067 0.0638 0.0900 
      ROBIJN 0.2767 0.0212 0.1039 0.0065 0.5916 
      ROCKET 0.1990 0.0897 0.1698 0.5231 0.0184 
   RODE_STAR 0.3262 0.1819 0.0059 0.0462 0.4398 
      ROMANO 0.0127 0.2806 0.3294 0.0487 0.3286 
       ROMEO 0.2087 0.4173 0.2927 0.0626 0.0186 
     ROOSTER 0.1543 0.2304 0.3594 0.1025 0.1534 
       ROYAL 0.0770 0.2561 0.0115 0.3632 0.2923 
 ROYAL_KIDNE 0.5665 0.0169 0.3312 0.0033 0.0821 
     RUBESSE 0.1127 0.4069 0.1994 0.0378 0.2431 
 RUSSET_BURB 0.2981 0.2211 0.3401 0.0132 0.1275 
 RUSSET_NORK 0.2684 0.4446 0.2479 0.0310 0.0081 
      SAFARI 0.0121 0.2031 0.3304 0.0382 0.4162 
     SANTANA 0.1247 0.1269 0.1944 0.1463 0.4078 
       SANTE 0.0703 0.1826 0.1231 0.1931 0.4309 
     SAPHIRE 0.0274 0.1765 0.2788 0.1000 0.4173 
  SARPO_MIRA 0.1453 0.3942 0.0349 0.0911 0.3345 
 SARPO_SHONA 0.0590 0.3765 0.0634 0.0878 0.4133 
       SASSY 0.2467 0.1896 0.1374 0.0981 0.3281 
     SATURNA 0.2271 0.1803 0.0061 0.0531 0.5334 
        SAVA 0.0664 0.4324 0.0571 0.1309 0.3132 
       SAXON 0.1164 0.1319 0.1458 0.5692 0.0367 
 SCARBOROUGH 0.0391 0.1687 0.0302 0.7564 0.0056 
 SEFTON_WOND 0.5314 0.0656 0.2404 0.1509 0.0117 
    SERAFINA 0.1185 0.4871 0.0757 0.0121 0.3066 
     SETANTA 0.0538 0.3169 0.2818 0.3067 0.0408 
 SHARPE'S_EX 0.6080 0.1105 0.0311 0.1071 0.1433 
     SHELAGH 0.2539 0.1177 0.2796 0.1866 0.1622 
    SHELFORD 0.1945 0.2243 0.1934 0.0282 0.3596 
     SHEPODY 0.2957 0.0038 0.4664 0.0054 0.2287 
      SLANEY 0.0090 0.2536 0.4307 0.2946 0.0122 
        SPEY 0.0043 0.1812 0.4968 0.2897 0.0280 
      SPUNTA 0.2071 0.4053 0.1300 0.1341 0.1234 
     STAMINA 0.0047 0.0172 0.3074 0.6186 0.0521 
    STEMSTER 0.1551 0.1495 0.0995 0.3249 0.2711 
 STORMONT_EN 0.1962 0.0873 0.2461 0.1798 0.2906 
    STIRLING 0.0176 0.2678 0.4863 0.1665 0.0618 
     SYLVANA 0.1170 0.2680 0.2386 0.0950 0.2814 
         TAY 0.0087 0.2782 0.2765 0.4297 0.0070 
      TIMATE 0.0382 0.3851 0.0070 0.1410 0.4286 
      TOLUCA 0.0463 0.3688 0.2031 0.0074 0.3744 
    TORRIDON 0.1098 0.1274 0.3494 0.0765 0.3369 
 ULSTER_SCEP 0.1722 0.1036 0.3637 0.2958 0.0648 
 UMATILLA_RU 0.3572 0.0364 0.0744 0.3388 0.1932 
 VALES_EMERA 0.1042 0.5161 0.0669 0.2594 0.0534 
 VALES_EVERE 0.1320 0.1576 0.4262 0.2737 0.0105 
 VALES_RUSSE 0.3600 0.2364 0.2349 0.0353 0.1334 
 VALES_SOVER 0.0036 0.0266 0.5944 0.3447 0.0307 
       VALOR 0.0033 0.0977 0.4876 0.3811 0.0304 
    VAN_GOGH 0.1368 0.1661 0.0794 0.1149 0.5028 
     VANTAGE 0.3419 0.0063 0.2034 0.0109 0.4374 
       VERDI 0.1744 0.2146 0.0579 0.1259 0.4272 
    VICTORIA 0.1115 0.2461 0.1802 0.0381 0.4241 
     VIVALDI 0.0714 0.1775 0.2992 0.0040 0.4480 
       WILJA 0.1873 0.0025 0.2496 0.0097 0.5510 
     WINSTON 0.0058 0.3054 0.2428 0.4381 0.0079 
      XD2-21 0.2599 0.2043 0.3727 0.0978 0.0654 
  YUKON_GOLD 0.0255 0.4640 0.1681 0.2398 0.1027 
       ZORBA 0.2027 0.0178 0.3392 0.0102 0.4301 
