  00C133-020 0.1033 0.0145 0.5071 0.0142 0.3610 
 01C_071-002 0.0825 0.1514 0.2056 0.3011 0.2594 
 02M_012-001 0.1011 0.1365 0.6143 0.1032 0.0449 
 03M_016-002 0.0388 0.4386 0.3761 0.0499 0.0965 
 03M_034-002 0.0311 0.1806 0.5273 0.0458 0.2152 
 04C_055-004 0.3042 0.0604 0.4833 0.1209 0.0311 
 04C_126-005 0.1209 0.0894 0.3067 0.1142 0.3689 
 04M_034-013 0.1247 0.2633 0.4781 0.0925 0.0413 
 05M_002-001 0.2163 0.1374 0.1420 0.3682 0.1362 
 05M_004-003 0.1470 0.0081 0.1976 0.3634 0.2839 
 05M_012-004 0.1535 0.0902 0.1871 0.2170 0.3522 
 06C_127-002 0.4650 0.0391 0.3191 0.0090 0.1678 
 12288_AF_23 0.2591 0.0145 0.4307 0.0313 0.2643 
    12601AB1 0.0627 0.4332 0.4720 0.0096 0.0225 
   12636_A_2 0.0499 0.2154 0.4892 0.0101 0.2354 
  15119_AC_5 0.0026 0.1938 0.2387 0.0272 0.5377 
     1512C16 0.2310 0.3239 0.0165 0.0963 0.3323 
   15144_A_3 0.2840 0.0348 0.0292 0.0808 0.5712 
     1563C14 0.2194 0.4427 0.0267 0.2687 0.0426 
     2182EF7 0.2303 0.1319 0.0796 0.0610 0.4972 
     3681AD1 0.1075 0.0497 0.0962 0.3746 0.3719 
     5008AB6 0.2883 0.0958 0.0525 0.2638 0.2996 
    8204_A_4 0.3355 0.0414 0.1744 0.0249 0.4238 
       AGRIA 0.3447 0.0478 0.0804 0.5179 0.0092 
       AILSA 0.2787 0.1237 0.5646 0.0079 0.0252 
      ALMERA 0.2414 0.0596 0.0660 0.4570 0.1760 
       ALPHA 0.1603 0.2311 0.0579 0.4207 0.1301 
      ALWARA 0.2829 0.0309 0.0464 0.3615 0.2783 
      AMADRA 0.2716 0.1428 0.2245 0.3346 0.0266 
       AMOUR 0.0814 0.0396 0.4123 0.0218 0.4449 
        ANNA 0.0059 0.1629 0.0198 0.0138 0.7976 
   ANNABELLE 0.4314 0.0272 0.0171 0.4732 0.0511 
        ANYA 0.5020 0.2218 0.0426 0.1728 0.0608 
       ARGOS 0.0530 0.0105 0.2368 0.1231 0.5765 
     ARIELLE 0.3170 0.1146 0.0253 0.4189 0.1243 
      ARKULA 0.2121 0.1239 0.0169 0.4482 0.1990 
      ARMADA 0.1948 0.1351 0.1140 0.3852 0.1710 
   AVALANCHE 0.0122 0.0462 0.4451 0.2763 0.2203 
     BAILLIE 0.1082 0.0201 0.4885 0.1775 0.2057 
    BALMORAL 0.0193 0.0939 0.0224 0.2378 0.6266 
     BAMBINO 0.1274 0.0150 0.4995 0.0815 0.2766 
       BARNA 0.3266 0.0535 0.1032 0.1014 0.4153 
 BELLE_DE_FO 0.0059 0.8606 0.0046 0.0666 0.0623 
       BENOL 0.0809 0.1580 0.6110 0.0983 0.0519 
       BF_15 0.0482 0.6972 0.0056 0.2174 0.0316 
      BINTJE 0.1237 0.3693 0.0718 0.2591 0.1760 
 BIONICA_EX_ 0.1906 0.1357 0.1341 0.2778 0.2618 
 BLUE_DANUBE 0.0065 0.1511 0.0153 0.5580 0.2691 
      BONNIE 0.2648 0.0288 0.2489 0.1765 0.2811 
      BOUNTY 0.1122 0.0206 0.4550 0.0909 0.3212 
 BRITISH_QUE 0.0055 0.4953 0.0076 0.2091 0.2826 
     BRODICK 0.3161 0.0098 0.5482 0.0091 0.1169 
      BRODIE 0.1634 0.1513 0.0779 0.0061 0.6014 
      BUCHAN 0.2867 0.0910 0.1328 0.0040 0.4856 
      BURREN 0.2020 0.1049 0.0931 0.1561 0.4438 
     CABARET 0.0189 0.2945 0.5281 0.0132 0.1453 
      CAESAR 0.4103 0.0045 0.0409 0.3873 0.1570 
        CARA 0.0993 0.0439 0.1416 0.0164 0.6989 
 CARLINGFORD 0.3567 0.1085 0.1083 0.0263 0.4002 
  CASABLANCA 0.0093 0.0045 0.3148 0.2325 0.4388 
      CELINE 0.1155 0.0651 0.1120 0.4117 0.2956 
  CHALLENGER 0.2666 0.1530 0.2092 0.3294 0.0418 
   CHARLOTTE 0.6635 0.1084 0.1380 0.0834 0.0067 
     CHICAGO 0.1530 0.0304 0.5289 0.2743 0.0135 
   CHIEFTAIN 0.4769 0.2142 0.0289 0.0104 0.2695 
      CHOPIN 0.2796 0.0744 0.0340 0.4051 0.2069 
      CLARET 0.2019 0.0455 0.1148 0.0244 0.6133 
      CORINE 0.0102 0.1171 0.1895 0.3269 0.3562 
      COSMOS 0.1211 0.1016 0.1221 0.4684 0.1867 
     COURAGE 0.2345 0.1171 0.0753 0.3515 0.2216 
     COURLAN 0.3545 0.1469 0.0977 0.1430 0.2579 
 CRAIGS_ROYA 0.1766 0.1326 0.2058 0.0054 0.4796 
 CRAIGS_SNOW 0.1191 0.3927 0.1527 0.0874 0.2482 
     CRAMOND 0.1576 0.0160 0.4915 0.1042 0.2307 
 CRISPS_FOR_ 0.3698 0.0810 0.1106 0.3052 0.1334 
    CROMWELL 0.0100 0.1851 0.6681 0.1171 0.0197 
       D22/1 0.0047 0.1977 0.5177 0.0613 0.2187 
       D23/3 0.0874 0.3356 0.3876 0.0729 0.1165 
      D47-11 0.0032 0.2145 0.7032 0.0652 0.0139 
       D49/1 0.0160 0.1381 0.7756 0.0669 0.0034 
       DAISY 0.1175 0.1799 0.4885 0.2008 0.0133 
 DARK_RED_NO 0.3418 0.2407 0.0317 0.0758 0.3099 
     DARWINA 0.1556 0.1376 0.1098 0.4572 0.1398 
     DESIREE 0.3764 0.1471 0.0045 0.2535 0.2184 
       DITTA 0.3239 0.1651 0.0176 0.4227 0.0707 
 DR._MCINTOS 0.2548 0.1932 0.0439 0.0277 0.4804 
       DRAGA 0.1632 0.0399 0.1576 0.3054 0.3339 
 DUKE_OF_YOR 0.0134 0.4685 0.0037 0.2911 0.2234 
 DUNBAR_STAN 0.1036 0.4286 0.1522 0.0126 0.3030 
     DUNDROD 0.1961 0.1834 0.4963 0.0280 0.0961 
     ECLIPSE 0.3603 0.5177 0.0608 0.0100 0.0512 
        EDEN 0.0309 0.2105 0.7123 0.0122 0.0342 
 EDZELL_BLUE 0.1458 0.3499 0.0730 0.2399 0.1914 
   ELISABETH 0.5526 0.0109 0.1606 0.2455 0.0304 
     EMPEROR 0.3665 0.0921 0.1939 0.1840 0.1636 
         EOS 0.4369 0.0452 0.2777 0.1316 0.1086 
     EPICURE 0.2883 0.4568 0.0116 0.0615 0.1819 
  ERNTESTOLZ 0.1930 0.2804 0.0351 0.3285 0.1630 
      ESCORT 0.3550 0.0074 0.1738 0.3863 0.0775 
   ESMERALDA 0.2664 0.1337 0.1674 0.3137 0.1188 
      ESTIMA 0.2738 0.1301 0.1537 0.3439 0.0985 
 EVE_BALFOUR 0.1016 0.2411 0.1976 0.0210 0.4386 
   EXCALIBUR 0.1156 0.0034 0.4829 0.0189 0.3791 
     EXQUISA 0.4260 0.1366 0.0098 0.3783 0.0493 
    FESTIVAL 0.3742 0.0081 0.1464 0.4069 0.0644 
      FIANNA 0.1818 0.0409 0.0466 0.3542 0.3765 
   FIFTYFOLD 0.1670 0.5719 0.0927 0.0728 0.0957 
     FONTANE 0.2595 0.0532 0.2080 0.4366 0.0426 
   FORTYFOLD 0.0058 0.5727 0.0045 0.3107 0.1063 
 FRONTIER_RU 0.3480 0.2896 0.0920 0.0856 0.1848 
     G.81071 0.2467 0.1302 0.1712 0.1077 0.3443 
     G.88661 0.3646 0.0323 0.2278 0.0851 0.2902 
    G.886611 0.4992 0.0100 0.2161 0.0085 0.2663 
  G.8867Y%12 0.4736 0.0270 0.0595 0.0324 0.4075 
     G.88839 0.5126 0.0075 0.0071 0.4664 0.0065 
     G.88842 0.3384 0.0200 0.0131 0.3884 0.2401 
   GALACTICA 0.0048 0.1640 0.0095 0.3746 0.4470 
      GEMSON 0.1990 0.2193 0.1193 0.0237 0.4387 
  GL.76B/102 0.1959 0.3509 0.1742 0.2648 0.0141 
   GL.76B/94 0.0116 0.5031 0.0055 0.3584 0.1214 
  GL.77M/106 0.3048 0.1716 0.2887 0.0108 0.2242 
   GL.78/166 0.0070 0.5894 0.0596 0.2809 0.0632 
    GL.78/53 0.2048 0.5050 0.2501 0.0337 0.0063 
    GL.78/97 0.1042 0.5332 0.1590 0.1911 0.0125 
    GL.79/42 0.2237 0.4928 0.1856 0.0944 0.0035 
    GL.79/45 0.2010 0.5225 0.1502 0.1119 0.0144 
 GL.81_NT_25 0.0034 0.3149 0.5414 0.1152 0.0251 
   GLADIATOR 0.3824 0.0158 0.1190 0.2561 0.2268 
      GLAMIS 0.2386 0.0545 0.4348 0.1303 0.1417 
 GOLDEN_MILL 0.2014 0.0821 0.5224 0.0197 0.1743 
 GOLDEN_NUGG 0.1754 0.0133 0.1240 0.3728 0.3145 
 GOLDEN_WOND 0.1560 0.5900 0.0553 0.1502 0.0485 
     GRANOLA 0.5670 0.0683 0.1356 0.2198 0.0093 
    H1H3_101 0.0024 0.3000 0.6813 0.0112 0.0051 
      H1H3_3 0.0723 0.2070 0.4492 0.0716 0.2000 
 HARBOROUGH_ 0.1695 0.0097 0.7186 0.0124 0.0899 
   HARLEQUIN 0.5382 0.1518 0.1619 0.1296 0.0184 
      HERMES 0.2159 0.1196 0.0717 0.4032 0.1897 
 HIGHLAND_BU 0.0054 0.7843 0.0197 0.1720 0.0185 
  HOME_GUARD 0.1923 0.3049 0.1807 0.0179 0.3042 
     HORIZON 0.0782 0.2146 0.1103 0.4753 0.1217 
   INNOVATOR 0.0084 0.3005 0.0052 0.2995 0.3864 
 INTERNATION 0.0038 0.8572 0.0063 0.1192 0.0135 
 ISLE_OF_JUR 0.1342 0.1238 0.4497 0.0928 0.1995 
    JULIETTE 0.5801 0.0253 0.0300 0.3585 0.0062 
     KARLENA 0.0103 0.2465 0.0332 0.3396 0.3704 
 KERR'S_PINK 0.1051 0.5548 0.0889 0.0170 0.2341 
     KESTREL 0.2357 0.0068 0.3720 0.0049 0.3806 
       KIFLI 0.4795 0.1316 0.1376 0.2465 0.0048 
 KING_EDWARD 0.1399 0.7720 0.0704 0.0126 0.0052 
    KINGSTON 0.0968 0.1542 0.5189 0.1086 0.1215 
 KUFRI_CHAND 0.1940 0.2688 0.0867 0.1591 0.2914 
 KUFRI_JYOTI 0.2254 0.1426 0.0490 0.2016 0.3815 
      KURODA 0.1469 0.0288 0.0333 0.5287 0.2624 
 LADY_BALFOU 0.1206 0.1750 0.1938 0.0440 0.4665 
 LADY_CHRIST 0.0837 0.2705 0.1022 0.4549 0.0886 
 LADY_CLAIRE 0.0059 0.1750 0.0134 0.7585 0.0471 
     LADY_JO 0.0031 0.2759 0.0227 0.6040 0.0943 
 LADY_ROSETT 0.2064 0.1378 0.1525 0.3542 0.1491 
    LIBERTAS 0.0030 0.2645 0.0100 0.5726 0.1499 
       LINDA 0.5311 0.1859 0.0070 0.2701 0.0059 
      LINTON 0.2415 0.0827 0.1795 0.2920 0.2043 
 LINZER_DELI 0.4404 0.1820 0.0334 0.3258 0.0184 
   LIONHEART 0.1656 0.0735 0.0663 0.4522 0.2425 
   MADELEINE 0.4134 0.0497 0.0978 0.4014 0.0377 
   MADINGLEY 0.3221 0.0465 0.1591 0.3157 0.1565 
    MAJESTIC 0.2660 0.2180 0.0186 0.0548 0.4425 
     MARABEL 0.3563 0.0111 0.0176 0.4999 0.1152 
     MARFONA 0.0313 0.1796 0.1173 0.4801 0.1917 
     MARILYN 0.3897 0.0838 0.0324 0.3482 0.1459 
 MARIS_ANCHO 0.2483 0.2260 0.0732 0.2969 0.1556 
  MARIS_BARD 0.0036 0.1953 0.2332 0.2110 0.3569 
  MARIS_PEER 0.2047 0.2464 0.1586 0.0148 0.3755 
 MARIS_PIPER 0.0054 0.1074 0.8272 0.0536 0.0064 
     MARKIES 0.3032 0.1115 0.0341 0.5129 0.0384 
      MAXINE 0.2107 0.0885 0.4075 0.0204 0.2729 
      MEGARA 0.3045 0.0383 0.0906 0.5366 0.0301 
      MELODY 0.1639 0.1439 0.1121 0.4270 0.1530 
       MIDAS 0.1500 0.0835 0.5097 0.2511 0.0057 
       MILVA 0.3548 0.1675 0.0238 0.4041 0.0498 
        MIMI 0.1052 0.0721 0.3541 0.2836 0.1850 
        MIRA 0.0071 0.2108 0.0098 0.5951 0.1772 
       MOIRA 0.2583 0.1513 0.0550 0.2925 0.2429 
    MONTROSE 0.1156 0.2298 0.6134 0.0085 0.0327 
       MORAG 0.1586 0.2448 0.1706 0.0103 0.4157 
      MORENE 0.0160 0.1740 0.0038 0.5762 0.2300 
      MOZART 0.5091 0.0030 0.0800 0.3460 0.0620 
 MYATT'S_ASH 0.0052 0.7247 0.0051 0.2489 0.0161 
      NADINE 0.3373 0.0097 0.4507 0.0482 0.1541 
       NAVAN 0.0905 0.0501 0.6901 0.0219 0.1475 
 NDTX_4271_5 0.5689 0.0911 0.2142 0.0059 0.1199 
      NICOLA 0.4047 0.1582 0.0036 0.4281 0.0054 
     NOVELLA 0.2658 0.0342 0.0443 0.3825 0.2732 
     OLYMPUS 0.3288 0.1493 0.3344 0.0076 0.1798 
       OPERA 0.2778 0.0188 0.1453 0.3741 0.1840 
   ORCHESTRA 0.3603 0.0560 0.1562 0.4048 0.0227 
      ORIANA 0.1518 0.1104 0.0049 0.4470 0.2860 
     OTHELLO 0.2230 0.0259 0.1539 0.0055 0.5916 
     PALADIN 0.0066 0.2139 0.6842 0.0657 0.0297 
       PANDA 0.5368 0.0152 0.1093 0.3242 0.0145 
   PARAMOUNT 0.2437 0.0559 0.0244 0.1915 0.4845 
    PATRONES 0.1594 0.2319 0.0662 0.3717 0.1708 
 PENTLAND_AC 0.2218 0.2014 0.1503 0.1461 0.2804 
 PENTLAND_BE 0.0087 0.5037 0.0146 0.1348 0.3382 
 PENTLAND_CR 0.1276 0.1262 0.1410 0.2416 0.3635 
 PENTLAND_DE 0.2188 0.3116 0.0592 0.0163 0.3940 
 PENTLAND_IV 0.4028 0.1620 0.0773 0.0041 0.3537 
 PENTLAND_JA 0.1518 0.2089 0.0641 0.1926 0.3827 
 PENTLAND_MA 0.1113 0.1217 0.0093 0.3431 0.4147 
 PENTLAND_SQ 0.2262 0.2331 0.1112 0.0914 0.3381 
   PEPO_1978 0.3420 0.1072 0.1130 0.4093 0.0285 
     PICASSO 0.0488 0.0042 0.1429 0.2506 0.5536 
   PIMPERNEL 0.1631 0.1536 0.0893 0.4951 0.0988 
     PIONEER 0.6072 0.1461 0.0159 0.2240 0.0069 
       PIXIE 0.2893 0.0059 0.3686 0.0262 0.3099 
    PREMIERE 0.0064 0.2718 0.0517 0.4908 0.1794 
   PRODUCENT 0.1818 0.0907 0.2360 0.4539 0.0375 
     PROVOST 0.2128 0.2069 0.0369 0.1632 0.3802 
  R.P.LUSTRE 0.3816 0.2820 0.2056 0.0247 0.1061 
 RANGER_RUSS 0.0298 0.3807 0.0029 0.2068 0.3798 
       RATTE 0.2718 0.4786 0.1916 0.0482 0.0098 
      RECORD 0.0081 0.2461 0.0092 0.6212 0.1155 
   REMBRANDT 0.1522 0.1581 0.1300 0.4571 0.1027 
    RIO_ROJO 0.3737 0.1631 0.0660 0.0931 0.3041 
      ROBIJN 0.0206 0.2774 0.0064 0.5969 0.0987 
      ROCKET 0.0922 0.1972 0.5255 0.0222 0.1628 
   RODE_STAR 0.1858 0.3257 0.0454 0.4382 0.0049 
      ROMANO 0.2831 0.0137 0.0479 0.3326 0.3227 
       ROMEO 0.4146 0.2093 0.0669 0.0177 0.2915 
     ROOSTER 0.2308 0.1540 0.0985 0.1557 0.3610 
       ROYAL 0.2593 0.0724 0.3640 0.2935 0.0108 
 ROYAL_KIDNE 0.0150 0.5672 0.0037 0.0852 0.3289 
     RUBESSE 0.4097 0.1114 0.0338 0.2446 0.2006 
 RUSSET_BURB 0.2216 0.2980 0.0151 0.1285 0.3368 
 RUSSET_NORK 0.4408 0.2697 0.0306 0.0078 0.2511 
      SAFARI 0.2058 0.0104 0.0364 0.4239 0.3234 
     SANTANA 0.1231 0.1266 0.1438 0.4158 0.1906 
       SANTE 0.1875 0.0673 0.1907 0.4405 0.1140 
     SAPHIRE 0.1807 0.0266 0.1001 0.4211 0.2715 
  SARPO_MIRA 0.3961 0.1483 0.0883 0.3307 0.0366 
 SARPO_SHONA 0.3826 0.0632 0.0814 0.4110 0.0618 
       SASSY 0.1884 0.2503 0.1012 0.3298 0.1303 
     SATURNA 0.1867 0.2277 0.0443 0.5356 0.0056 
        SAVA 0.4344 0.0656 0.1270 0.3134 0.0595 
       SAXON 0.1327 0.1148 0.5697 0.0384 0.1444 
 SCARBOROUGH 0.1670 0.0397 0.7551 0.0060 0.0321 
 SEFTON_WOND 0.0611 0.5319 0.1527 0.0129 0.2415 
    SERAFINA 0.4924 0.1186 0.0160 0.3048 0.0683 
     SETANTA 0.3200 0.0522 0.3090 0.0397 0.2791 
 SHARPE'S_EX 0.1077 0.6096 0.1077 0.1428 0.0322 
     SHELAGH 0.1250 0.2515 0.1821 0.1641 0.2773 
    SHELFORD 0.2265 0.1920 0.0308 0.3599 0.1908 
     SHEPODY 0.0042 0.2958 0.0058 0.2347 0.4596 
      SLANEY 0.2536 0.0089 0.2942 0.0132 0.4300 
        SPEY 0.1816 0.0044 0.2856 0.0288 0.4996 
      SPUNTA 0.4046 0.2063 0.1350 0.1223 0.1318 
     STAMINA 0.0185 0.0045 0.6185 0.0514 0.3071 
    STEMSTER 0.1497 0.1549 0.3277 0.2750 0.0927 
 STORMONT_EN 0.0802 0.1932 0.1835 0.2982 0.2450 
    STIRLING 0.2696 0.0154 0.1639 0.0687 0.4824 
     SYLVANA 0.2704 0.1152 0.0936 0.2865 0.2343 
         TAY 0.2766 0.0082 0.4280 0.0074 0.2797 
      TIMATE 0.3863 0.0374 0.1402 0.4285 0.0076 
      TOLUCA 0.3730 0.0439 0.0069 0.3744 0.2017 
    TORRIDON 0.1328 0.1074 0.0713 0.3441 0.3444 
 ULSTER_SCEP 0.1011 0.1740 0.2946 0.0681 0.3622 
 UMATILLA_RU 0.0405 0.3572 0.3406 0.1954 0.0663 
 VALES_EMERA 0.5196 0.1028 0.2611 0.0490 0.0675 
 VALES_EVERE 0.1621 0.1298 0.2728 0.0098 0.4256 
 VALES_RUSSE 0.2373 0.3620 0.0326 0.1316 0.2364 
 VALES_SOVER 0.0217 0.0038 0.3466 0.0290 0.5989 
       VALOR 0.0982 0.0036 0.3781 0.0324 0.4876 
    VAN_GOGH 0.1687 0.1334 0.1162 0.5114 0.0703 
     VANTAGE 0.0068 0.3445 0.0115 0.4411 0.1961 
       VERDI 0.2185 0.1742 0.1253 0.4284 0.0536 
    VICTORIA 0.2515 0.1078 0.0391 0.4272 0.1745 
     VIVALDI 0.1770 0.0670 0.0042 0.4547 0.2971 
       WILJA 0.0026 0.1876 0.0099 0.5612 0.2387 
     WINSTON 0.3066 0.0047 0.4371 0.0081 0.2436 
      XD2-21 0.2019 0.2599 0.0948 0.0695 0.3739 
  YUKON_GOLD 0.4655 0.0270 0.2353 0.1031 0.1690 
       ZORBA 0.0170 0.2039 0.0091 0.4368 0.3331 
