  00C133-020 0.0097 0.2330 0.2663 0.3869 0.0080 0.0596 0.0125 0.0240 
 01C_071-002 0.1223 0.0292 0.2481 0.1717 0.1666 0.0923 0.0256 0.1443 
 02M_012-001 0.0864 0.1793 0.0600 0.4493 0.0226 0.0116 0.0037 0.1873 
 03M_016-002 0.0312 0.0105 0.0188 0.3375 0.0523 0.0036 0.2072 0.3389 
 03M_034-002 0.0034 0.2683 0.0413 0.3204 0.0024 0.1584 0.0088 0.1969 
 04C_055-004 0.2874 0.0563 0.0309 0.4368 0.0147 0.0531 0.0574 0.0634 
 04C_126-005 0.0153 0.2239 0.2779 0.1897 0.0665 0.1087 0.0103 0.1078 
 04M_034-013 0.0874 0.1022 0.0056 0.3816 0.0125 0.0552 0.1354 0.2201 
 05M_002-001 0.1350 0.0643 0.0511 0.1309 0.3729 0.0596 0.1142 0.0720 
 05M_004-003 0.0156 0.1728 0.1636 0.1296 0.3573 0.1277 0.0270 0.0065 
 05M_012-004 0.0108 0.2637 0.1088 0.0883 0.0961 0.2238 0.1701 0.0385 
 06C_127-002 0.2406 0.3856 0.0793 0.1530 0.0129 0.0069 0.1036 0.0182 
 12288_AF_23 0.1420 0.1516 0.1788 0.3512 0.0056 0.0605 0.1051 0.0052 
    12601AB1 0.0032 0.3640 0.0048 0.1650 0.0064 0.0039 0.0023 0.4504 
   12636_A_2 0.0037 0.2879 0.1084 0.3172 0.0044 0.0098 0.0735 0.1951 
  15119_AC_5 0.0023 0.0050 0.5048 0.2338 0.0069 0.0379 0.0220 0.1873 
     1512C16 0.0948 0.1353 0.1310 0.0062 0.0620 0.0701 0.3003 0.2002 
   15144_A_3 0.2123 0.0503 0.6258 0.0086 0.0678 0.0037 0.0051 0.0264 
     1563C14 0.2281 0.0065 0.0609 0.0148 0.0992 0.1049 0.0710 0.4145 
     2182EF7 0.0091 0.2726 0.2416 0.0163 0.1518 0.0386 0.2377 0.0322 
     3681AD1 0.0157 0.1491 0.2414 0.0376 0.2347 0.2304 0.0351 0.0561 
     5008AB6 0.1342 0.2446 0.1916 0.0040 0.1142 0.1963 0.0072 0.1080 
    8204_A_4 0.0646 0.3697 0.2403 0.0421 0.0779 0.0576 0.1295 0.0184 
       AGRIA 0.1908 0.0812 0.0034 0.0471 0.6312 0.0155 0.0206 0.0102 
       AILSA 0.1775 0.2082 0.0071 0.4321 0.0068 0.0034 0.0652 0.0995 
      ALMERA 0.2070 0.0066 0.0304 0.0933 0.2676 0.2164 0.1709 0.0077 
       ALPHA 0.1673 0.0329 0.0248 0.0297 0.0092 0.4213 0.0950 0.2198 
      ALWARA 0.3191 0.0130 0.2847 0.0315 0.0139 0.2788 0.0248 0.0343 
      AMADRA 0.2297 0.0967 0.0119 0.1557 0.1134 0.2241 0.0134 0.1552 
       AMOUR 0.0313 0.1532 0.4055 0.3175 0.0275 0.0092 0.0172 0.0386 
        ANNA 0.0018 0.1388 0.6334 0.0069 0.0308 0.0222 0.0426 0.1235 
   ANNABELLE 0.3293 0.0669 0.0078 0.0089 0.2562 0.2746 0.0422 0.0141 
        ANYA 0.3918 0.1344 0.0708 0.0108 0.0875 0.0389 0.0835 0.1824 
       ARGOS 0.0389 0.0177 0.5054 0.2467 0.0876 0.0301 0.0675 0.0061 
     ARIELLE 0.2995 0.0039 0.0912 0.0439 0.2415 0.1609 0.1077 0.0513 
      ARKULA 0.1588 0.0714 0.0547 0.0093 0.0618 0.4526 0.0742 0.1172 
      ARMADA 0.1837 0.0160 0.0336 0.1269 0.0213 0.4035 0.1012 0.1137 
   AVALANCHE 0.0149 0.0141 0.0886 0.4334 0.1214 0.1845 0.1282 0.0148 
     BAILLIE 0.0891 0.0752 0.1337 0.4431 0.0708 0.1069 0.0685 0.0126 
    BALMORAL 0.0048 0.0702 0.3807 0.0217 0.1410 0.1614 0.2085 0.0117 
     BAMBINO 0.0659 0.1377 0.2132 0.4221 0.0256 0.0851 0.0220 0.0282 
       BARNA 0.2489 0.0949 0.3711 0.0571 0.0030 0.1316 0.0544 0.0390 
 BELLE_DE_FO 0.0054 0.0019 0.0732 0.0020 0.0302 0.0083 0.0897 0.7893 
       BENOL 0.0033 0.3044 0.0035 0.3727 0.1432 0.0050 0.0029 0.1651 
       BF_15 0.0542 0.0042 0.0504 0.0028 0.1191 0.0809 0.0286 0.6599 
      BINTJE 0.0853 0.0231 0.0832 0.0669 0.1330 0.1421 0.1731 0.2933 
 BIONICA_EX_ 0.0234 0.2863 0.0868 0.0197 0.1712 0.2393 0.0300 0.1434 
 BLUE_DANUBE 0.0105 0.0045 0.1265 0.0175 0.1918 0.4114 0.0942 0.1436 
      BONNIE 0.1576 0.1824 0.1496 0.1697 0.0090 0.2287 0.0843 0.0186 
      BOUNTY 0.0240 0.1631 0.2408 0.3735 0.0803 0.0723 0.0238 0.0222 
 BRITISH_QUE 0.0025 0.0018 0.0401 0.0225 0.1920 0.0387 0.3868 0.3154 
     BRODICK 0.0811 0.5375 0.0077 0.2734 0.0260 0.0367 0.0154 0.0222 
      BRODIE 0.0294 0.1826 0.4602 0.0207 0.0062 0.0092 0.2069 0.0848 
      BUCHAN 0.1427 0.1879 0.3979 0.0765 0.0047 0.0053 0.1423 0.0428 
      BURREN 0.1330 0.1070 0.4388 0.0408 0.1429 0.0231 0.0126 0.1017 
     CABARET 0.0060 0.1319 0.0561 0.4387 0.0080 0.0137 0.0769 0.2686 
      CAESAR 0.2538 0.1709 0.0421 0.0126 0.2107 0.2566 0.0511 0.0022 
        CARA 0.0235 0.1490 0.6573 0.0741 0.0144 0.0187 0.0140 0.0489 
 CARLINGFORD 0.1689 0.1900 0.1317 0.0775 0.0081 0.1021 0.3132 0.0085 
  CASABLANCA 0.0028 0.1123 0.2261 0.2764 0.0899 0.2101 0.0796 0.0028 
      CELINE 0.0264 0.1538 0.1464 0.0330 0.0890 0.4544 0.0124 0.0846 
  CHALLENGER 0.1641 0.0861 0.0035 0.1613 0.2484 0.1180 0.1465 0.0722 
   CHARLOTTE 0.4659 0.2534 0.0092 0.0325 0.1172 0.0057 0.0067 0.1095 
     CHICAGO 0.1636 0.0817 0.0113 0.4403 0.0875 0.1398 0.0041 0.0716 
   CHIEFTAIN 0.2353 0.1983 0.0550 0.0100 0.0873 0.0040 0.3528 0.0572 
      CHOPIN 0.1881 0.1081 0.0139 0.0145 0.1581 0.3104 0.1927 0.0143 
      CLARET 0.1423 0.0805 0.5894 0.0858 0.0089 0.0176 0.0476 0.0279 
      CORINE 0.0025 0.1356 0.1731 0.1333 0.2738 0.1088 0.0970 0.0760 
      COSMOS 0.1075 0.0223 0.0083 0.1225 0.0727 0.4414 0.1784 0.0468 
     COURAGE 0.1735 0.0904 0.0796 0.0413 0.0209 0.3555 0.1508 0.0880 
     COURLAN 0.2421 0.1151 0.1290 0.0800 0.1750 0.0077 0.2258 0.0252 
 CRAIGS_ROYA 0.0674 0.1186 0.3513 0.1768 0.0070 0.0045 0.2225 0.0517 
 CRAIGS_SNOW 0.0831 0.0077 0.0819 0.1753 0.0921 0.0087 0.3085 0.2426 
     CRAMOND 0.0068 0.3601 0.0257 0.3273 0.0338 0.1795 0.0537 0.0131 
 CRISPS_FOR_ 0.2927 0.1010 0.0286 0.0821 0.0495 0.2707 0.1309 0.0445 
    CROMWELL 0.0301 0.0043 0.0882 0.5935 0.0638 0.0048 0.0038 0.2116 
       D22/1 0.0049 0.0042 0.1181 0.5245 0.0323 0.0249 0.1332 0.1579 
       D23/3 0.0723 0.0170 0.0347 0.3670 0.0456 0.0103 0.1812 0.2718 
      D47-11 0.0051 0.0080 0.0129 0.6576 0.0144 0.0393 0.0115 0.2512 
       D49/1 0.0715 0.0136 0.0023 0.7070 0.0031 0.0339 0.0085 0.1601 
       DAISY 0.1043 0.1040 0.0063 0.3905 0.0548 0.1223 0.0105 0.2074 
 DARK_RED_NO 0.2383 0.0656 0.1149 0.0482 0.0827 0.0093 0.3849 0.0561 
     DARWINA 0.1446 0.0104 0.0091 0.1154 0.1710 0.3176 0.1477 0.0843 
     DESIREE 0.3789 0.0067 0.2310 0.0029 0.0055 0.1828 0.0816 0.1106 
       DITTA 0.2678 0.0082 0.0157 0.0359 0.3310 0.1001 0.1588 0.0826 
 DR._MCINTOS 0.0509 0.1782 0.0386 0.0447 0.0050 0.1784 0.4873 0.0170 
       DRAGA 0.0266 0.1279 0.0543 0.1293 0.2231 0.1720 0.2635 0.0032 
 DUKE_OF_YOR 0.0037 0.0032 0.0050 0.0024 0.1570 0.1581 0.3611 0.3093 
 DUNBAR_STAN 0.0530 0.0147 0.0770 0.1731 0.0087 0.0107 0.4411 0.2217 
     DUNDROD 0.1561 0.0749 0.0854 0.4261 0.0392 0.0050 0.0707 0.1425 
     ECLIPSE 0.2364 0.0781 0.0023 0.0116 0.0024 0.0060 0.3142 0.3490 
        EDEN 0.0057 0.1978 0.0047 0.5451 0.0035 0.0114 0.0126 0.2193 
 EDZELL_BLUE 0.0936 0.0965 0.1184 0.0221 0.1309 0.1137 0.1220 0.3028 
   ELISABETH 0.3755 0.1787 0.0056 0.0989 0.0097 0.2810 0.0452 0.0054 
     EMPEROR 0.1755 0.1579 0.0065 0.1542 0.2372 0.0098 0.2536 0.0053 
         EOS 0.2950 0.1669 0.0090 0.2081 0.0123 0.1549 0.1417 0.0120 
     EPICURE 0.1711 0.0892 0.0072 0.0040 0.0046 0.0910 0.3143 0.3185 
  ERNTESTOLZ 0.1303 0.0526 0.0571 0.0281 0.2587 0.1051 0.1595 0.2086 
      ESCORT 0.2713 0.1705 0.0311 0.0968 0.0789 0.3310 0.0070 0.0134 
   ESMERALDA 0.1888 0.1415 0.0401 0.0893 0.0086 0.3596 0.0227 0.1493 
      ESTIMA 0.2211 0.0479 0.0048 0.1192 0.0182 0.3335 0.1945 0.0606 
 EVE_BALFOUR 0.0157 0.2408 0.3356 0.0487 0.0086 0.0398 0.0896 0.2212 
   EXCALIBUR 0.0073 0.2591 0.3049 0.3396 0.0683 0.0144 0.0030 0.0035 
     EXQUISA 0.3991 0.0166 0.1180 0.0044 0.1609 0.1637 0.0060 0.1311 
    FESTIVAL 0.2532 0.1376 0.0080 0.0960 0.1493 0.3256 0.0233 0.0071 
      FIANNA 0.0845 0.0924 0.1569 0.0330 0.1673 0.2703 0.1879 0.0076 
   FIFTYFOLD 0.1575 0.0351 0.0720 0.0432 0.0179 0.0097 0.1551 0.5094 
     FONTANE 0.1424 0.0559 0.0048 0.1869 0.4306 0.0789 0.0920 0.0085 
   FORTYFOLD 0.0041 0.0053 0.0117 0.0024 0.1908 0.1143 0.1553 0.5160 
 FRONTIER_RU 0.2590 0.0672 0.0066 0.0898 0.0412 0.0111 0.4255 0.0996 
     G.81071 0.0755 0.2710 0.1085 0.0785 0.0181 0.1890 0.1932 0.0662 
     G.88661 0.1099 0.2245 0.0059 0.1583 0.0119 0.1992 0.2864 0.0039 
    G.886611 0.1851 0.2925 0.0085 0.1383 0.0038 0.1121 0.2568 0.0028 
  G.8867Y%12 0.1900 0.2128 0.0841 0.0345 0.0113 0.1428 0.3214 0.0031 
     G.88839 0.5001 0.0794 0.0043 0.0036 0.0288 0.3643 0.0036 0.0159 
     G.88842 0.2376 0.1149 0.0742 0.0089 0.1043 0.3563 0.0955 0.0083 
   GALACTICA 0.0060 0.0025 0.3893 0.0072 0.2025 0.1811 0.0746 0.1368 
      GEMSON 0.0574 0.1268 0.2449 0.1025 0.0819 0.0132 0.2682 0.1050 
  GL.76B/102 0.2383 0.0123 0.0067 0.1542 0.1087 0.0582 0.1046 0.3170 
   GL.76B/94 0.0553 0.0049 0.1321 0.0029 0.1317 0.1538 0.0085 0.5109 
  GL.77M/106 0.1475 0.3248 0.2008 0.1052 0.0153 0.0051 0.0148 0.1864 
   GL.78/166 0.0339 0.0023 0.0677 0.0500 0.1288 0.0450 0.0907 0.5816 
    GL.78/53 0.1812 0.1450 0.0087 0.1226 0.0113 0.0029 0.0062 0.5220 
    GL.78/97 0.1412 0.0563 0.0356 0.0768 0.0874 0.0199 0.0218 0.5610 
    GL.79/42 0.2241 0.0982 0.0057 0.0985 0.0071 0.0337 0.0035 0.5292 
    GL.79/45 0.2032 0.0872 0.0857 0.0243 0.0043 0.0306 0.0043 0.5603 
 GL.81_NT_25 0.0025 0.0030 0.0407 0.4932 0.1167 0.0045 0.0046 0.3348 
   GLADIATOR 0.2801 0.1017 0.1268 0.0892 0.1085 0.1424 0.1464 0.0049 
      GLAMIS 0.1768 0.0704 0.0356 0.4127 0.0403 0.0884 0.1608 0.0150 
 GOLDEN_MILL 0.0098 0.4874 0.0509 0.2555 0.0389 0.0435 0.0074 0.1066 
 GOLDEN_NUGG 0.0159 0.2413 0.1628 0.0221 0.1279 0.4003 0.0061 0.0235 
 GOLDEN_WOND 0.1405 0.0420 0.0163 0.0135 0.0053 0.1150 0.1404 0.5270 
     GRANOLA 0.4303 0.2278 0.0114 0.0363 0.1560 0.0439 0.0060 0.0884 
    H1H3_101 0.0027 0.0028 0.0061 0.6427 0.0199 0.0026 0.0066 0.3168 
      H1H3_3 0.0078 0.1850 0.0156 0.3573 0.0755 0.0515 0.1539 0.1534 
 HARBOROUGH_ 0.0036 0.4967 0.0030 0.4274 0.0424 0.0106 0.0065 0.0099 
   HARLEQUIN 0.3870 0.1647 0.0695 0.0640 0.1646 0.0034 0.0110 0.1358 
      HERMES 0.2622 0.0027 0.2267 0.0729 0.2508 0.0708 0.0339 0.0801 
 HIGHLAND_BU 0.0030 0.0734 0.0030 0.0029 0.0254 0.0936 0.0155 0.7832 
  HOME_GUARD 0.0381 0.1839 0.1125 0.1315 0.0619 0.0169 0.2599 0.1953 
     HORIZON 0.0597 0.0144 0.0673 0.0901 0.2028 0.3300 0.0142 0.2216 
   INNOVATOR 0.0030 0.0153 0.0458 0.0054 0.2167 0.1822 0.4191 0.1124 
 INTERNATION 0.0028 0.0029 0.0060 0.0031 0.1320 0.0044 0.0321 0.8168 
 ISLE_OF_JUR 0.0786 0.0954 0.1473 0.3957 0.0485 0.0634 0.0428 0.1283 
    JULIETTE 0.3835 0.1180 0.0046 0.0072 0.4716 0.0038 0.0027 0.0086 
     KARLENA 0.0099 0.0046 0.2530 0.0438 0.2692 0.0600 0.2004 0.1591 
 KERR'S_PINK 0.0543 0.0589 0.0689 0.0613 0.0117 0.0069 0.3275 0.4104 
     KESTREL 0.1549 0.1202 0.3755 0.3125 0.0025 0.0054 0.0242 0.0047 
       KIFLI 0.4993 0.1240 0.0105 0.0740 0.0559 0.0465 0.0083 0.1816 
 KING_EDWARD 0.1322 0.0133 0.0025 0.0238 0.0041 0.0040 0.1365 0.6836 
    KINGSTON 0.0064 0.2587 0.0443 0.3377 0.1042 0.0538 0.0038 0.1911 
 KUFRI_CHAND 0.0943 0.0361 0.0688 0.1214 0.1855 0.0237 0.3508 0.1193 
 KUFRI_JYOTI 0.0436 0.2490 0.2446 0.0043 0.1894 0.1084 0.0439 0.1168 
      KURODA 0.1201 0.0100 0.1147 0.0514 0.2947 0.2790 0.1238 0.0064 
 LADY_BALFOU 0.0214 0.1391 0.3402 0.1428 0.0547 0.0320 0.1405 0.1293 
 LADY_CHRIST 0.0766 0.0799 0.0171 0.0281 0.1250 0.3530 0.0405 0.2798 
 LADY_CLAIRE 0.0032 0.0022 0.0081 0.0055 0.5382 0.2839 0.0042 0.1547 
     LADY_JO 0.0022 0.0026 0.0062 0.0129 0.2080 0.4392 0.0542 0.2747 
 LADY_ROSETT 0.1550 0.0764 0.0327 0.1078 0.0097 0.3724 0.1246 0.1214 
    LIBERTAS 0.0031 0.0024 0.1074 0.0039 0.1122 0.4678 0.0045 0.2987 
       LINDA 0.4778 0.0331 0.0371 0.0051 0.2743 0.0052 0.0058 0.1616 
      LINTON 0.2296 0.0084 0.1572 0.1942 0.2300 0.0182 0.1494 0.0130 
 LINZER_DELI 0.3787 0.1129 0.0102 0.0083 0.1196 0.1557 0.0492 0.1653 
   LIONHEART 0.0624 0.1140 0.0479 0.0367 0.2464 0.3247 0.1464 0.0214 
   MADELEINE 0.3075 0.1464 0.0113 0.0295 0.1675 0.2697 0.0072 0.0610 
   MADINGLEY 0.3395 0.0228 0.2012 0.1432 0.1827 0.0360 0.0552 0.0194 
    MAJESTIC 0.0738 0.1689 0.0861 0.0128 0.0794 0.0802 0.4821 0.0167 
     MARABEL 0.2787 0.0636 0.0154 0.0129 0.2177 0.3455 0.0597 0.0064 
     MARFONA 0.0326 0.0158 0.0332 0.1088 0.1271 0.4110 0.1351 0.1362 
     MARILYN 0.2870 0.1160 0.1063 0.0100 0.2637 0.1272 0.0350 0.0548 
 MARIS_ANCHO 0.1957 0.0577 0.0128 0.0594 0.0508 0.2604 0.2103 0.1530 
  MARIS_BARD 0.0016 0.0523 0.0497 0.2347 0.0618 0.2602 0.2363 0.1032 
  MARIS_PEER 0.0713 0.0835 0.1796 0.1531 0.1088 0.0040 0.3007 0.0990 
 MARIS_PIPER 0.0079 0.0148 0.0061 0.7670 0.0546 0.0070 0.0041 0.1384 
     MARKIES 0.2505 0.0254 0.0432 0.0184 0.3448 0.2181 0.0108 0.0888 
      MAXINE 0.1183 0.0712 0.1160 0.3928 0.0216 0.0136 0.2592 0.0073 
      MEGARA 0.2168 0.0786 0.0188 0.0470 0.3882 0.1957 0.0052 0.0496 
      MELODY 0.1531 0.0521 0.1361 0.0616 0.2052 0.2317 0.0111 0.1491 
       MIDAS 0.2076 0.0157 0.0080 0.4659 0.0962 0.0827 0.0032 0.1207 
       MILVA 0.2698 0.1069 0.0177 0.0068 0.2074 0.2077 0.0159 0.1677 
        MIMI 0.0324 0.1865 0.1056 0.2154 0.0181 0.3180 0.0054 0.1187 
        MIRA 0.0074 0.0082 0.0385 0.0103 0.2270 0.4585 0.0402 0.2100 
       MOIRA 0.1921 0.0869 0.1281 0.0404 0.1258 0.1950 0.1224 0.1093 
    MONTROSE 0.0052 0.3767 0.0078 0.3313 0.0101 0.0033 0.0026 0.2630 
       MORAG 0.0087 0.3072 0.1975 0.0451 0.0121 0.0607 0.1871 0.1816 
      MORENE 0.0076 0.0074 0.0754 0.0029 0.2153 0.4574 0.0818 0.1520 
      MOZART 0.3135 0.2553 0.0055 0.0081 0.1286 0.2729 0.0139 0.0021 
 MYATT'S_ASH 0.0039 0.0026 0.0097 0.0031 0.1939 0.0270 0.0643 0.6955 
      NADINE 0.2112 0.1759 0.0919 0.3758 0.0123 0.0591 0.0669 0.0068 
       NAVAN 0.0503 0.0724 0.0395 0.6401 0.0038 0.0677 0.0831 0.0431 
 NDTX_4271_5 0.3479 0.2178 0.0069 0.1481 0.0033 0.0056 0.2651 0.0053 
      NICOLA 0.4127 0.0038 0.0066 0.0043 0.3478 0.0719 0.0336 0.1192 
     NOVELLA 0.1724 0.1105 0.1342 0.0270 0.1236 0.3458 0.0632 0.0232 
     OLYMPUS 0.1053 0.3868 0.0466 0.1721 0.0201 0.0077 0.1462 0.1152 
       OPERA 0.1708 0.1409 0.1053 0.0802 0.2569 0.1759 0.0620 0.0079 
   ORCHESTRA 0.2964 0.0904 0.0219 0.1127 0.2241 0.1880 0.0085 0.0581 
      ORIANA 0.1438 0.0044 0.1510 0.0043 0.2020 0.2866 0.1713 0.0365 
     OTHELLO 0.1046 0.1287 0.5167 0.1154 0.0059 0.0042 0.1173 0.0072 
     PALADIN 0.0033 0.0775 0.0052 0.5957 0.0535 0.0192 0.0342 0.2114 
       PANDA 0.4870 0.0780 0.0597 0.0829 0.2229 0.0536 0.0071 0.0088 
   PARAMOUNT 0.1625 0.1312 0.3827 0.0043 0.0054 0.2344 0.0309 0.0486 
    PATRONES 0.1424 0.0099 0.0393 0.0768 0.1632 0.2239 0.1829 0.1617 
 PENTLAND_AC 0.1266 0.0841 0.1496 0.1400 0.0699 0.1210 0.1966 0.1120 
 PENTLAND_BE 0.0058 0.0047 0.1611 0.0143 0.0134 0.1212 0.2956 0.3840 
 PENTLAND_CR 0.0026 0.3244 0.0870 0.0127 0.2063 0.1710 0.1075 0.0883 
 PENTLAND_DE 0.0327 0.2632 0.1367 0.0057 0.0050 0.0825 0.2691 0.2052 
 PENTLAND_IV 0.1859 0.2444 0.1263 0.0408 0.0047 0.0109 0.3483 0.0387 
 PENTLAND_JA 0.0098 0.1885 0.0425 0.0250 0.1914 0.1103 0.3791 0.0533 
 PENTLAND_MA 0.0320 0.1231 0.2199 0.0059 0.2115 0.2403 0.0944 0.0730 
 PENTLAND_SQ 0.0125 0.3345 0.0791 0.0084 0.1516 0.0507 0.2014 0.1617 
   PEPO_1978 0.3472 0.0314 0.0235 0.1029 0.2022 0.1596 0.0220 0.1113 
     PICASSO 0.0549 0.0204 0.4911 0.1410 0.0630 0.2057 0.0207 0.0032 
   PIMPERNEL 0.1598 0.0736 0.1042 0.0127 0.1070 0.3379 0.0031 0.2018 
     PIONEER 0.3787 0.1337 0.0030 0.0042 0.3749 0.0021 0.0054 0.0980 
       PIXIE 0.1345 0.2678 0.2225 0.2497 0.0075 0.0940 0.0191 0.0048 
    PREMIERE 0.0034 0.0099 0.0086 0.0471 0.1299 0.4543 0.1062 0.2405 
   PRODUCENT 0.1294 0.0829 0.0049 0.1770 0.1827 0.3108 0.0233 0.0890 
     PROVOST 0.0709 0.1770 0.1442 0.0101 0.1264 0.0972 0.2633 0.1110 
  R.P.LUSTRE 0.2515 0.1513 0.0228 0.1473 0.0067 0.0212 0.2030 0.1962 
 RANGER_RUSS 0.0369 0.0023 0.1107 0.0031 0.1804 0.0155 0.4978 0.1532 
       RATTE 0.1843 0.2214 0.0059 0.0469 0.0091 0.0085 0.0395 0.4843 
      RECORD 0.0131 0.0028 0.0517 0.0049 0.1072 0.5347 0.0064 0.2793 
   REMBRANDT 0.0331 0.1016 0.0078 0.0857 0.4887 0.0914 0.0934 0.0984 
    RIO_ROJO 0.2515 0.1501 0.1248 0.0457 0.0177 0.0725 0.3091 0.0288 
      ROBIJN 0.1098 0.0029 0.0436 0.0030 0.1126 0.4311 0.0101 0.2870 
      ROCKET 0.0337 0.1339 0.0305 0.4338 0.0028 0.0847 0.1184 0.1622 
   RODE_STAR 0.2808 0.0062 0.0183 0.0060 0.0057 0.2952 0.0018 0.3860 
      ROMANO 0.2152 0.1295 0.2362 0.0093 0.0076 0.3783 0.0126 0.0113 
       ROMEO 0.2659 0.1952 0.2680 0.0081 0.0045 0.0117 0.0714 0.1753 
     ROOSTER 0.0367 0.3080 0.1594 0.0074 0.0867 0.1547 0.1293 0.1179 
       ROYAL 0.3082 0.0128 0.0606 0.3311 0.1535 0.0354 0.0045 0.0940 
 ROYAL_KIDNE 0.0024 0.0087 0.0151 0.0031 0.1020 0.0276 0.5006 0.3406 
     RUBESSE 0.2467 0.1496 0.0886 0.0139 0.1872 0.1254 0.1414 0.0472 
 RUSSET_BURB 0.1456 0.0617 0.0294 0.0171 0.0468 0.0881 0.5233 0.0880 
 RUSSET_NORK 0.2756 0.0912 0.0049 0.0441 0.0120 0.0030 0.5500 0.0193 
      SAFARI 0.0618 0.1913 0.1214 0.0082 0.1398 0.4431 0.0221 0.0123 
     SANTANA 0.1075 0.0246 0.0505 0.1343 0.1802 0.2722 0.1574 0.0732 
       SANTE 0.0809 0.1855 0.0186 0.0722 0.0837 0.4420 0.0073 0.1098 
     SAPHIRE 0.0195 0.1618 0.0128 0.0515 0.2604 0.2969 0.1932 0.0040 
  SARPO_MIRA 0.4436 0.0066 0.1502 0.0583 0.0223 0.1503 0.0119 0.1569 
 SARPO_SHONA 0.4170 0.0236 0.1394 0.0454 0.0601 0.2235 0.0065 0.0844 
       SASSY 0.1733 0.0429 0.0521 0.0806 0.1213 0.1944 0.1366 0.1988 
     SATURNA 0.2779 0.0031 0.0076 0.0303 0.1427 0.2778 0.0039 0.2567 
        SAVA 0.3467 0.0378 0.0173 0.1330 0.2071 0.1045 0.1351 0.0185 
       SAXON 0.0118 0.2404 0.0393 0.4459 0.0336 0.0746 0.0140 0.1404 
 SCARBOROUGH 0.0136 0.4009 0.0025 0.4951 0.0030 0.0097 0.0057 0.0695 
 SEFTON_WOND 0.0061 0.1305 0.0384 0.0841 0.0163 0.0134 0.3137 0.3974 
    SERAFINA 0.3938 0.1371 0.0715 0.0036 0.0835 0.1869 0.0149 0.1089 
     SETANTA 0.0754 0.4876 0.1083 0.0811 0.0325 0.1043 0.0566 0.0541 
 SHARPE'S_EX 0.1027 0.0115 0.0224 0.0846 0.0885 0.0167 0.1139 0.5597 
     SHELAGH 0.0350 0.1288 0.2416 0.1149 0.1061 0.0910 0.0151 0.2675 
    SHELFORD 0.2988 0.0023 0.2361 0.0377 0.2035 0.0279 0.0609 0.1328 
     SHEPODY 0.0023 0.0071 0.1600 0.0076 0.1737 0.1440 0.3704 0.1350 
      SLANEY 0.1133 0.1735 0.3712 0.2322 0.0552 0.0065 0.0411 0.0070 
        SPEY 0.0445 0.2011 0.4134 0.2137 0.0831 0.0275 0.0135 0.0032 
      SPUNTA 0.3127 0.1529 0.1397 0.0632 0.0566 0.0369 0.0510 0.1870 
     STAMINA 0.0078 0.0385 0.2160 0.6051 0.0396 0.0328 0.0577 0.0025 
    STEMSTER 0.1849 0.0109 0.1074 0.2937 0.0755 0.1498 0.0216 0.1563 
 STORMONT_EN 0.0914 0.0143 0.1319 0.1683 0.0101 0.3017 0.1164 0.1659 
    STIRLING 0.0103 0.3439 0.2421 0.0530 0.1461 0.0710 0.1274 0.0062 
     SYLVANA 0.2094 0.0507 0.0715 0.1055 0.0916 0.2281 0.2145 0.0287 
         TAY 0.0680 0.4622 0.1622 0.2209 0.0071 0.0433 0.0221 0.0143 
      TIMATE 0.3609 0.0507 0.0037 0.1156 0.1741 0.2347 0.0291 0.0312 
      TOLUCA 0.3147 0.0488 0.1617 0.0046 0.1929 0.1949 0.0643 0.0181 
    TORRIDON 0.0370 0.1539 0.2363 0.0128 0.2441 0.1965 0.0251 0.0941 
 ULSTER_SCEP 0.0082 0.1332 0.0515 0.2770 0.0261 0.1546 0.3167 0.0328 
 UMATILLA_RU 0.0639 0.0640 0.0476 0.2585 0.0376 0.1047 0.0432 0.3806 
 VALES_EMERA 0.3538 0.2446 0.0377 0.1669 0.0397 0.0174 0.0567 0.0831 
 VALES_EVERE 0.0111 0.3348 0.3031 0.1155 0.0314 0.0182 0.0517 0.1343 
 VALES_RUSSE 0.1367 0.0843 0.0150 0.0175 0.1507 0.0084 0.4077 0.1797 
 VALES_SOVER 0.0143 0.0845 0.5675 0.2873 0.0053 0.0330 0.0051 0.0030 
       VALOR 0.0061 0.2382 0.3774 0.2611 0.0172 0.0918 0.0051 0.0031 
    VAN_GOGH 0.1196 0.0781 0.0083 0.0709 0.1831 0.3766 0.0165 0.1469 
     VANTAGE 0.0107 0.0025 0.0583 0.0201 0.1186 0.3269 0.1925 0.2705 
       VERDI 0.2696 0.0158 0.0663 0.0947 0.1437 0.2043 0.0159 0.1898 
    VICTORIA 0.1006 0.0991 0.0170 0.0233 0.4499 0.1049 0.1925 0.0127 
     VIVALDI 0.1385 0.0113 0.0938 0.0033 0.1561 0.3836 0.2033 0.0100 
       WILJA 0.0018 0.0017 0.0814 0.0152 0.1595 0.4843 0.0881 0.1680 
     WINSTON 0.1734 0.1651 0.1624 0.3706 0.0024 0.0393 0.0842 0.0026 
      XD2-21 0.0796 0.1285 0.1562 0.0575 0.0037 0.1555 0.2728 0.1463 
  YUKON_GOLD 0.2276 0.2455 0.0068 0.1300 0.0931 0.0272 0.2666 0.0032 
       ZORBA 0.0042 0.0352 0.1049 0.0097 0.3212 0.2225 0.1848 0.1174 
