  00C133-020 0.0236 0.0307 0.5918 0.3539 
 01C_071-002 0.2017 0.2647 0.2336 0.3000 
 02M_012-001 0.1988 0.1372 0.6356 0.0284 
 03M_016-002 0.4889 0.0147 0.3729 0.1236 
 03M_034-002 0.2114 0.0292 0.5658 0.1936 
 04C_055-004 0.1094 0.3226 0.5184 0.0496 
 04C_126-005 0.1049 0.1341 0.3802 0.3808 
 04M_034-013 0.3223 0.1218 0.4910 0.0649 
 05M_002-001 0.1987 0.4229 0.1704 0.2080 
 05M_004-003 0.0283 0.3760 0.2470 0.3487 
 05M_012-004 0.1200 0.2025 0.2479 0.4297 
 06C_127-002 0.0613 0.2839 0.4386 0.2162 
 12288_AF_23 0.0246 0.1593 0.5087 0.3074 
    12601AB1 0.4767 0.0134 0.4934 0.0165 
   12636_A_2 0.2289 0.0101 0.5448 0.2162 
  15119_AC_5 0.2024 0.0041 0.2919 0.5016 
     1512C16 0.3350 0.1479 0.0861 0.4310 
   15144_A_3 0.0275 0.2158 0.1534 0.6033 
     1563C14 0.5156 0.3275 0.0396 0.1174 
     2182EF7 0.1216 0.0999 0.1919 0.5866 
     3681AD1 0.1139 0.2951 0.1187 0.4723 
     5008AB6 0.1228 0.3876 0.1365 0.3531 
    8204_A_4 0.0403 0.1720 0.3020 0.4857 
       AGRIA 0.1325 0.7077 0.1087 0.0511 
       AILSA 0.1655 0.1574 0.6362 0.0409 
      ALMERA 0.1185 0.5237 0.0828 0.2750 
       ALPHA 0.3126 0.3957 0.0588 0.2329 
      ALWARA 0.0681 0.4745 0.0975 0.3599 
      AMADRA 0.2096 0.4707 0.2488 0.0709 
       AMOUR 0.0423 0.0258 0.4989 0.4331 
        ANNA 0.1060 0.0055 0.1057 0.7828 
   ANNABELLE 0.0909 0.7218 0.0403 0.1470 
        ANYA 0.2410 0.4981 0.1299 0.1311 
       ARGOS 0.0151 0.0673 0.3191 0.5985 
     ARIELLE 0.1769 0.5541 0.0485 0.2205 
      ARKULA 0.1956 0.4634 0.0269 0.3141 
      ARMADA 0.1946 0.4052 0.1333 0.2670 
   AVALANCHE 0.1124 0.1667 0.4448 0.2760 
     BAILLIE 0.0435 0.2013 0.5254 0.2299 
    BALMORAL 0.0914 0.0941 0.1073 0.7071 
     BAMBINO 0.0319 0.1177 0.5637 0.2867 
       BARNA 0.0584 0.2557 0.2119 0.4740 
 BELLE_DE_FO 0.8977 0.0070 0.0046 0.0907 
       BENOL 0.2121 0.1159 0.6297 0.0422 
       BF_15 0.7633 0.1459 0.0060 0.0848 
      BINTJE 0.4320 0.2130 0.0864 0.2686 
 BIONICA_EX_ 0.1794 0.2989 0.1840 0.3377 
 BLUE_DANUBE 0.2313 0.3700 0.0331 0.3656 
      BONNIE 0.0587 0.2899 0.3224 0.3290 
      BOUNTY 0.0326 0.1164 0.5205 0.3305 
 BRITISH_QUE 0.5555 0.0200 0.0113 0.4132 
     BRODICK 0.0207 0.2089 0.6514 0.1191 
      BRODIE 0.1204 0.0103 0.2078 0.6615 
      BUCHAN 0.0953 0.0554 0.2937 0.5556 
      BURREN 0.1082 0.2193 0.1885 0.4840 
     CABARET 0.3223 0.0100 0.5485 0.1192 
      CAESAR 0.0092 0.6246 0.1113 0.2550 
        CARA 0.0279 0.0123 0.2594 0.7003 
 CARLINGFORD 0.1099 0.1883 0.2102 0.4916 
  CASABLANCA 0.0109 0.1264 0.3655 0.4971 
      CELINE 0.1208 0.3649 0.1272 0.3871 
  CHALLENGER 0.2195 0.4359 0.2238 0.1208 
   CHARLOTTE 0.1313 0.6041 0.2471 0.0174 
     CHICAGO 0.1040 0.3419 0.5338 0.0203 
   CHIEFTAIN 0.2240 0.2364 0.1504 0.3893 
      CHOPIN 0.1269 0.4966 0.0685 0.3080 
      CLARET 0.0342 0.0755 0.2385 0.6518 
      CORINE 0.1741 0.1778 0.2318 0.4162 
      COSMOS 0.1774 0.4052 0.1147 0.3027 
     COURAGE 0.1721 0.3934 0.1094 0.3251 
     COURLAN 0.1648 0.3223 0.1831 0.3297 
 CRAIGS_ROYA 0.1265 0.0142 0.3270 0.5323 
 CRAIGS_SNOW 0.4290 0.0574 0.1917 0.3219 
     CRAMOND 0.0321 0.1570 0.5548 0.2560 
 CRISPS_FOR_ 0.1304 0.4943 0.1636 0.2117 
    CROMWELL 0.2599 0.0701 0.6555 0.0145 
       D22/1 0.2490 0.0106 0.5282 0.2122 
       D23/3 0.3966 0.0482 0.4042 0.1509 
      D47-11 0.3112 0.0098 0.6643 0.0147 
       D49/1 0.2095 0.0414 0.7447 0.0045 
       DAISY 0.2557 0.2344 0.4890 0.0208 
 DARK_RED_NO 0.2468 0.2236 0.1095 0.4200 
     DARWINA 0.2250 0.4289 0.1014 0.2447 
     DESIREE 0.1882 0.4586 0.0160 0.3373 
       DITTA 0.2300 0.5565 0.0338 0.1796 
 DR._MCINTOS 0.1786 0.0674 0.1476 0.6064 
       DRAGA 0.0746 0.2880 0.1927 0.4447 
 DUKE_OF_YOR 0.5226 0.1202 0.0050 0.3521 
 DUNBAR_STAN 0.4269 0.0115 0.2020 0.3596 
     DUNDROD 0.2261 0.1282 0.5363 0.1094 
     ECLIPSE 0.5477 0.1734 0.1467 0.1322 
        EDEN 0.2524 0.0112 0.7209 0.0154 
 EDZELL_BLUE 0.4120 0.2127 0.1015 0.2738 
   ELISABETH 0.0294 0.6137 0.2377 0.1192 
     EMPEROR 0.1263 0.3645 0.2596 0.2496 
         EOS 0.0759 0.3977 0.3369 0.1895 
     EPICURE 0.4806 0.1747 0.0616 0.2832 
  ERNTESTOLZ 0.3382 0.3505 0.0552 0.2561 
      ESCORT 0.0289 0.5958 0.2214 0.1539 
   ESMERALDA 0.1984 0.4138 0.2007 0.1871 
      ESTIMA 0.1968 0.4370 0.1654 0.2008 
 EVE_BALFOUR 0.2409 0.0209 0.2771 0.4611 
   EXCALIBUR 0.0045 0.0661 0.5923 0.3371 
     EXQUISA 0.1971 0.6473 0.0236 0.1320 
    FESTIVAL 0.0300 0.6243 0.1995 0.1462 
      FIANNA 0.0784 0.3433 0.0896 0.4887 
   FIFTYFOLD 0.6173 0.1065 0.1375 0.1386 
     FONTANE 0.1258 0.5330 0.2152 0.1259 
   FORTYFOLD 0.6658 0.1088 0.0051 0.2203 
 FRONTIER_RU 0.3062 0.2509 0.1705 0.2724 
     G.81071 0.1390 0.1886 0.2472 0.4252 
     G.88661 0.0465 0.2519 0.2991 0.4025 
    G.886611 0.0163 0.2595 0.3405 0.3837 
  G.8867Y%12 0.0260 0.2687 0.1809 0.5243 
     G.88839 0.0417 0.8841 0.0273 0.0469 
     G.88842 0.0488 0.5533 0.0516 0.3463 
   GALACTICA 0.2408 0.1830 0.0249 0.5513 
      GEMSON 0.2251 0.0411 0.2145 0.5193 
  GL.76B/102 0.4314 0.3420 0.1761 0.0504 
   GL.76B/94 0.5845 0.2158 0.0095 0.1902 
  GL.77M/106 0.1930 0.1541 0.3925 0.2603 
   GL.78/166 0.6963 0.1207 0.0488 0.1341 
    GL.78/53 0.5686 0.1306 0.2902 0.0106 
    GL.78/97 0.6200 0.1857 0.1629 0.0313 
    GL.79/42 0.5711 0.2115 0.2114 0.0060 
    GL.79/45 0.6005 0.1822 0.1742 0.0431 
 GL.81_NT_25 0.4284 0.0147 0.5243 0.0327 
   GLADIATOR 0.0429 0.4462 0.1904 0.3206 
      GLAMIS 0.0980 0.2427 0.4796 0.1797 
 GOLDEN_MILL 0.1043 0.1249 0.6040 0.1667 
 GOLDEN_NUGG 0.0420 0.3871 0.1707 0.4002 
 GOLDEN_WOND 0.6476 0.1558 0.0888 0.1078 
     GRANOLA 0.1220 0.6384 0.2145 0.0252 
    H1H3_101 0.3698 0.0034 0.6225 0.0043 
      H1H3_3 0.2426 0.0511 0.4804 0.2259 
 HARBOROUGH_ 0.0194 0.1183 0.7921 0.0702 
   HARLEQUIN 0.1903 0.5232 0.2404 0.0461 
      HERMES 0.1819 0.4642 0.0979 0.2561 
 HIGHLAND_BU 0.8801 0.0272 0.0224 0.0703 
  HOME_GUARD 0.3219 0.0491 0.2698 0.3593 
     HORIZON 0.3119 0.3912 0.0912 0.2057 
   INNOVATOR 0.3597 0.0856 0.0097 0.5450 
 INTERNATION 0.9474 0.0109 0.0072 0.0344 
 ISLE_OF_JUR 0.1568 0.1342 0.5007 0.2083 
    JULIETTE 0.0709 0.8045 0.1055 0.0190 
     KARLENA 0.2935 0.1747 0.0758 0.4560 
 KERR'S_PINK 0.5686 0.0128 0.1435 0.2751 
     KESTREL 0.0118 0.0454 0.5248 0.4180 
       KIFLI 0.1801 0.6146 0.1955 0.0098 
 KING_EDWARD 0.8218 0.0438 0.1231 0.0112 
    KINGSTON 0.2069 0.1260 0.5548 0.1123 
 KUFRI_CHAND 0.3029 0.1707 0.1372 0.3892 
 KUFRI_JYOTI 0.1714 0.2365 0.1257 0.4664 
      KURODA 0.1018 0.4827 0.0430 0.3725 
 LADY_BALFOU 0.1782 0.0294 0.2806 0.5118 
 LADY_CHRIST 0.3665 0.3727 0.0731 0.1877 
 LADY_CLAIRE 0.2869 0.5792 0.0126 0.1213 
     LADY_JO 0.4247 0.3250 0.0179 0.2324 
 LADY_ROSETT 0.2021 0.3790 0.1716 0.2473 
    LIBERTAS 0.4009 0.2970 0.0104 0.2917 
       LINDA 0.2539 0.6788 0.0462 0.0211 
      LINTON 0.1302 0.3782 0.2212 0.2704 
 LINZER_DELI 0.2397 0.6062 0.0790 0.0751 
   LIONHEART 0.1384 0.4294 0.0829 0.3494 
   MADELEINE 0.1165 0.6405 0.1406 0.1024 
   MADINGLEY 0.0954 0.4799 0.2057 0.2189 
    MAJESTIC 0.2061 0.1219 0.1125 0.5596 
     MARABEL 0.0454 0.6993 0.0454 0.2098 
     MARFONA 0.2744 0.3169 0.0693 0.3394 
     MARILYN 0.1260 0.5658 0.0864 0.2218 
 MARIS_ANCHO 0.2746 0.3729 0.1101 0.2424 
  MARIS_BARD 0.2618 0.0214 0.2650 0.4518 
  MARIS_PEER 0.2564 0.0415 0.2404 0.4617 
 MARIS_PIPER 0.1830 0.0159 0.7948 0.0063 
     MARKIES 0.1917 0.6367 0.0405 0.1310 
      MAXINE 0.1018 0.0956 0.4769 0.3257 
      MEGARA 0.1279 0.6657 0.1011 0.1053 
      MELODY 0.2150 0.4257 0.1252 0.2340 
       MIDAS 0.1638 0.3239 0.5048 0.0075 
       MILVA 0.2320 0.5927 0.0494 0.1259 
        MIMI 0.1334 0.2695 0.3757 0.2214 
        MIRA 0.2948 0.4307 0.0170 0.2575 
       MOIRA 0.1919 0.3806 0.1091 0.3184 
    MONTROSE 0.2756 0.0402 0.6652 0.0190 
       MORAG 0.2459 0.0217 0.2613 0.4711 
      MORENE 0.2481 0.4078 0.0064 0.3377 
      MOZART 0.0057 0.6919 0.1533 0.1491 
 MYATT'S_ASH 0.8193 0.0880 0.0065 0.0862 
      NADINE 0.0178 0.2775 0.5324 0.1723 
       NAVAN 0.0896 0.0371 0.7270 0.1462 
 NDTX_4271_5 0.1157 0.2992 0.3424 0.2427 
      NICOLA 0.2419 0.7218 0.0089 0.0273 
     NOVELLA 0.0797 0.4659 0.0961 0.3584 
     OLYMPUS 0.1754 0.1347 0.4396 0.2502 
       OPERA 0.0596 0.4897 0.1903 0.2603 
   ORCHESTRA 0.1179 0.6151 0.1867 0.0803 
      ORIANA 0.1542 0.4328 0.0089 0.4040 
     OTHELLO 0.0207 0.0279 0.3044 0.6471 
     PALADIN 0.2884 0.0136 0.6673 0.0307 
       PANDA 0.0452 0.7337 0.1747 0.0464 
   PARAMOUNT 0.0693 0.2529 0.1089 0.5688 
    PATRONES 0.3045 0.3541 0.0734 0.2680 
 PENTLAND_AC 0.2287 0.2053 0.2190 0.3470 
 PENTLAND_BE 0.5380 0.0152 0.0264 0.4204 
 PENTLAND_CR 0.1582 0.1996 0.1957 0.4465 
 PENTLAND_DE 0.3082 0.0448 0.1699 0.4770 
 PENTLAND_IV 0.1594 0.1385 0.2421 0.4600 
 PENTLAND_JA 0.2267 0.1450 0.1257 0.5026 
 PENTLAND_MA 0.1540 0.2948 0.0288 0.5224 
 PENTLAND_SQ 0.2438 0.1498 0.1932 0.4133 
   PEPO_1978 0.1714 0.6147 0.1373 0.0766 
     PICASSO 0.0071 0.1797 0.1935 0.6196 
   PIMPERNEL 0.2459 0.4836 0.0860 0.1845 
     PIONEER 0.1995 0.6875 0.0951 0.0180 
       PIXIE 0.0085 0.1939 0.4658 0.3319 
    PREMIERE 0.3685 0.2943 0.0437 0.2935 
   PRODUCENT 0.1809 0.4797 0.2294 0.1100 
     PROVOST 0.2246 0.1951 0.1066 0.4737 
  R.P.LUSTRE 0.3090 0.2315 0.2959 0.1636 
 RANGER_RUSS 0.4112 0.0530 0.0043 0.5315 
       RATTE 0.5358 0.2056 0.2395 0.0192 
      RECORD 0.3648 0.3951 0.0071 0.2330 
   REMBRANDT 0.2443 0.4351 0.1267 0.1940 
    RIO_ROJO 0.1681 0.2536 0.1644 0.4139 
      ROBIJN 0.3658 0.4691 0.0072 0.1579 
      ROCKET 0.2387 0.0227 0.5538 0.1849 
   RODE_STAR 0.4269 0.5114 0.0502 0.0115 
      ROMANO 0.0290 0.4439 0.1113 0.4159 
       ROMEO 0.2044 0.2539 0.1941 0.3476 
     ROOSTER 0.1696 0.2177 0.1843 0.4284 
       ROYAL 0.1499 0.4486 0.3819 0.0196 
 ROYAL_KIDNE 0.5708 0.0062 0.0052 0.4178 
     RUBESSE 0.1404 0.4553 0.1139 0.2904 
 RUSSET_BURB 0.3118 0.1666 0.0658 0.4558 
 RUSSET_NORK 0.2625 0.1976 0.1632 0.3766 
      SAFARI 0.0449 0.4398 0.0773 0.4381 
     SANTANA 0.1923 0.3800 0.1463 0.2813 
       SANTE 0.1474 0.4612 0.1948 0.1965 
     SAPHIRE 0.0749 0.4127 0.1248 0.3876 
  SARPO_MIRA 0.2031 0.5691 0.1277 0.1001 
 SARPO_SHONA 0.1219 0.6283 0.1206 0.1292 
       SASSY 0.3180 0.3387 0.1171 0.2261 
     SATURNA 0.3350 0.5963 0.0546 0.0141 
        SAVA 0.1126 0.5689 0.1782 0.1403 
       SAXON 0.1552 0.0872 0.6176 0.1401 
 SCARBOROUGH 0.0764 0.0768 0.8242 0.0226 
 SEFTON_WOND 0.5369 0.0074 0.1897 0.2660 
    SERAFINA 0.1581 0.6162 0.0609 0.1648 
     SETANTA 0.0570 0.2194 0.4157 0.3079 
 SHARPE'S_EX 0.6815 0.1115 0.1165 0.0905 
     SHELAGH 0.3022 0.1348 0.2239 0.3391 
    SHELFORD 0.2512 0.4302 0.0554 0.2632 
     SHEPODY 0.3622 0.0210 0.0095 0.6073 
      SLANEY 0.0124 0.1120 0.4133 0.4623 
        SPEY 0.0052 0.0810 0.3947 0.5191 
      SPUNTA 0.2326 0.3746 0.2113 0.1815 
     STAMINA 0.0068 0.0269 0.6733 0.2930 
    STEMSTER 0.2272 0.3022 0.3390 0.1316 
 STORMONT_EN 0.2652 0.2087 0.1903 0.3358 
    STIRLING 0.0211 0.1257 0.2732 0.5800 
     SYLVANA 0.1491 0.3817 0.1468 0.3224 
         TAY 0.0112 0.1349 0.5512 0.3027 
      TIMATE 0.1091 0.6829 0.1750 0.0330 
      TOLUCA 0.0894 0.5856 0.0226 0.3024 
    TORRIDON 0.1627 0.3032 0.1029 0.4312 
 ULSTER_SCEP 0.1859 0.0411 0.3507 0.4223 
 UMATILLA_RU 0.4339 0.1381 0.3388 0.0892 
 VALES_EMERA 0.1207 0.4139 0.3555 0.1099 
 VALES_EVERE 0.1306 0.0248 0.3867 0.4580 
 VALES_RUSSE 0.3887 0.1859 0.0880 0.3375 
 VALES_SOVER 0.0047 0.0110 0.4196 0.5648 
       VALOR 0.0043 0.0418 0.4709 0.4830 
    VAN_GOGH 0.2239 0.5103 0.1094 0.1564 
     VANTAGE 0.4463 0.2255 0.0156 0.3125 
       VERDI 0.2433 0.5136 0.1400 0.1031 
    VICTORIA 0.1633 0.4909 0.0631 0.2827 
     VIVALDI 0.1108 0.4592 0.0080 0.4219 
       WILJA 0.3192 0.2619 0.0107 0.4082 
     WINSTON 0.0087 0.1601 0.5495 0.2817 
      XD2-21 0.2697 0.0959 0.1741 0.4603 
  YUKON_GOLD 0.0446 0.3778 0.3123 0.2653 
       ZORBA 0.2518 0.2963 0.0227 0.4293 
