  00C133-020 0.0793 0.1797 0.7409 
 01C_071-002 0.2398 0.4395 0.3207 
 02M_012-001 0.2855 0.0973 0.6173 
 03M_016-002 0.5407 0.0669 0.3924 
 03M_034-002 0.2813 0.0893 0.6294 
 04C_055-004 0.1899 0.2952 0.5150 
 04C_126-005 0.1487 0.3237 0.5276 
 04M_034-013 0.3866 0.1313 0.4821 
 05M_002-001 0.2440 0.5396 0.2164 
 05M_004-003 0.0655 0.5684 0.3661 
 05M_012-004 0.1404 0.4568 0.4028 
 06C_127-002 0.1262 0.3668 0.5070 
 12288_AF_23 0.0734 0.3040 0.6227 
    12601AB1 0.5342 0.0107 0.4550 
   12636_A_2 0.3021 0.0532 0.6447 
  15119_AC_5 0.2725 0.1533 0.5743 
     1512C16 0.3420 0.4450 0.2130 
   15144_A_3 0.0371 0.5738 0.3891 
     1563C14 0.5259 0.4177 0.0565 
     2182EF7 0.1263 0.4742 0.3995 
     3681AD1 0.1279 0.6013 0.2708 
     5008AB6 0.1546 0.5946 0.2509 
    8204_A_4 0.0596 0.4640 0.4765 
       AGRIA 0.1817 0.7226 0.0957 
       AILSA 0.2579 0.1148 0.6273 
      ALMERA 0.1598 0.6888 0.1514 
       ALPHA 0.3379 0.5484 0.1137 
      ALWARA 0.1016 0.6875 0.2109 
      AMADRA 0.2572 0.4912 0.2516 
       AMOUR 0.0825 0.2322 0.6853 
        ANNA 0.1373 0.3769 0.4858 
   ANNABELLE 0.1403 0.8041 0.0556 
        ANYA 0.2672 0.5747 0.1581 
       ARGOS 0.0212 0.4112 0.5676 
     ARIELLE 0.2071 0.6885 0.1043 
      ARKULA 0.2170 0.6773 0.1057 
      ARMADA 0.2329 0.5661 0.2010 
   AVALANCHE 0.1679 0.3030 0.5291 
     BAILLIE 0.1178 0.2900 0.5923 
    BALMORAL 0.0720 0.5465 0.3814 
     BAMBINO 0.0982 0.2334 0.6684 
       BARNA 0.0792 0.5397 0.3811 
 BELLE_DE_FO 0.9116 0.0777 0.0106 
       BENOL 0.2986 0.0827 0.6187 
       BF_15 0.7572 0.2341 0.0087 
      BINTJE 0.4421 0.4045 0.1534 
 BIONICA_EX_ 0.2160 0.5002 0.2838 
 BLUE_DANUBE 0.2470 0.6261 0.1270 
      BONNIE 0.1012 0.4641 0.4347 
      BOUNTY 0.0870 0.2688 0.6442 
 BRITISH_QUE 0.5420 0.3326 0.1255 
     BRODICK 0.0921 0.2147 0.6932 
      BRODIE 0.1477 0.3791 0.4732 
      BUCHAN 0.1104 0.3816 0.5080 
      BURREN 0.1266 0.5021 0.3713 
     CABARET 0.3938 0.0209 0.5853 
      CAESAR 0.0183 0.7866 0.1951 
        CARA 0.0456 0.3973 0.5572 
 CARLINGFORD 0.1279 0.4971 0.3751 
  CASABLANCA 0.0234 0.4060 0.5706 
      CELINE 0.1483 0.6002 0.2515 
  CHALLENGER 0.2649 0.4960 0.2391 
   CHARLOTTE 0.2056 0.5613 0.2332 
     CHICAGO 0.2014 0.2866 0.5119 
   CHIEFTAIN 0.2353 0.4914 0.2733 
      CHOPIN 0.1592 0.6899 0.1509 
      CLARET 0.0434 0.4623 0.4943 
      CORINE 0.1881 0.4337 0.3782 
      COSMOS 0.2049 0.6039 0.1912 
     COURAGE 0.1948 0.6045 0.2006 
     COURLAN 0.1910 0.5175 0.2915 
 CRAIGS_ROYA 0.1499 0.3030 0.5471 
 CRAIGS_SNOW 0.4463 0.2674 0.2863 
     CRAMOND 0.0936 0.2644 0.6420 
 CRISPS_FOR_ 0.1645 0.6148 0.2207 
    CROMWELL 0.3590 0.0290 0.6119 
       D22/1 0.3305 0.0534 0.6161 
       D23/3 0.4395 0.1262 0.4344 
      D47-11 0.3824 0.0092 0.6085 
       D49/1 0.3268 0.0127 0.6605 
       DAISY 0.3359 0.1996 0.4645 
 DARK_RED_NO 0.2568 0.5075 0.2357 
     DARWINA 0.2565 0.5848 0.1587 
     DESIREE 0.2045 0.6938 0.1017 
       DITTA 0.2617 0.6781 0.0603 
 DR._MCINTOS 0.1818 0.4746 0.3436 
       DRAGA 0.0999 0.5630 0.3371 
 DUKE_OF_YOR 0.5200 0.4455 0.0345 
 DUNBAR_STAN 0.4493 0.2145 0.3362 
     DUNDROD 0.2954 0.1508 0.5538 
     ECLIPSE 0.5569 0.2787 0.1644 
        EDEN 0.3307 0.0091 0.6602 
 EDZELL_BLUE 0.4261 0.4039 0.1699 
   ELISABETH 0.0795 0.6608 0.2597 
     EMPEROR 0.1634 0.4979 0.3388 
         EOS 0.1273 0.4841 0.3887 
     EPICURE 0.4887 0.3930 0.1183 
  ERNTESTOLZ 0.3529 0.5254 0.1217 
      ESCORT 0.0735 0.6630 0.2635 
   ESMERALDA 0.2383 0.5133 0.2484 
      ESTIMA 0.2370 0.5525 0.2105 
 EVE_BALFOUR 0.2666 0.2748 0.4586 
   EXCALIBUR 0.0089 0.2325 0.7586 
     EXQUISA 0.2367 0.7266 0.0367 
    FESTIVAL 0.0800 0.6881 0.2318 
      FIANNA 0.0947 0.6576 0.2477 
   FIFTYFOLD 0.6297 0.2152 0.1551 
     FONTANE 0.1728 0.5886 0.2385 
   FORTYFOLD 0.6613 0.3244 0.0143 
 FRONTIER_RU 0.3250 0.4326 0.2424 
     G.81071 0.1650 0.4410 0.3940 
     G.88661 0.0852 0.4812 0.4336 
    G.886611 0.0402 0.4794 0.4804 
  G.8867Y%12 0.0386 0.5918 0.3696 
     G.88839 0.0931 0.8859 0.0211 
     G.88842 0.0837 0.7668 0.1495 
   GALACTICA 0.2233 0.5519 0.2248 
      GEMSON 0.2304 0.3755 0.3941 
  GL.76B/102 0.4767 0.3640 0.1593 
   GL.76B/94 0.5921 0.3889 0.0189 
  GL.77M/106 0.2354 0.2813 0.4833 
   GL.78/166 0.7048 0.2363 0.0589 
    GL.78/53 0.6237 0.1025 0.2738 
    GL.78/97 0.6456 0.2140 0.1404 
    GL.79/42 0.6130 0.1952 0.1919 
    GL.79/45 0.6303 0.2143 0.1554 
 GL.81_NT_25 0.4951 0.0149 0.4900 
   GLADIATOR 0.0658 0.6389 0.2953 
      GLAMIS 0.1688 0.3107 0.5205 
 GOLDEN_MILL 0.1837 0.1603 0.6560 
 GOLDEN_NUGG 0.0595 0.6303 0.3102 
 GOLDEN_WOND 0.6569 0.2453 0.0978 
     GRANOLA 0.1745 0.6169 0.2086 
    H1H3_101 0.4652 0.0042 0.5306 
      H1H3_3 0.2972 0.1475 0.5552 
 HARBOROUGH_ 0.1045 0.0845 0.8110 
   HARLEQUIN 0.2400 0.5152 0.2448 
      HERMES 0.2161 0.6196 0.1644 
 HIGHLAND_BU 0.8817 0.0965 0.0218 
  HOME_GUARD 0.3350 0.2780 0.3870 
     HORIZON 0.3388 0.5324 0.1288 
   INNOVATOR 0.3341 0.5172 0.1486 
 INTERNATION 0.9496 0.0401 0.0103 
 ISLE_OF_JUR 0.2227 0.2190 0.5582 
    JULIETTE 0.1340 0.7738 0.0922 
     KARLENA 0.2837 0.4830 0.2333 
 KERR'S_PINK 0.5859 0.1920 0.2221 
     KESTREL 0.0266 0.2645 0.7089 
       KIFLI 0.2565 0.5755 0.1680 
 KING_EDWARD 0.8368 0.0711 0.0922 
    KINGSTON 0.2755 0.1468 0.5777 
 KUFRI_CHAND 0.3129 0.4378 0.2493 
 KUFRI_JYOTI 0.1827 0.5371 0.2802 
      KURODA 0.1265 0.7273 0.1462 
 LADY_BALFOU 0.1971 0.3281 0.4748 
 LADY_CHRIST 0.3867 0.4986 0.1147 
 LADY_CLAIRE 0.3308 0.6562 0.0130 
     LADY_JO 0.4425 0.5111 0.0463 
 LADY_ROSETT 0.2315 0.5372 0.2313 
    LIBERTAS 0.4151 0.5344 0.0505 
       LINDA 0.2906 0.6704 0.0391 
      LINTON 0.1652 0.5312 0.3035 
 LINZER_DELI 0.2739 0.6431 0.0830 
   LIONHEART 0.1599 0.6530 0.1871 
   MADELEINE 0.1684 0.6774 0.1542 
   MADINGLEY 0.1378 0.5983 0.2639 
    MAJESTIC 0.2100 0.4960 0.2940 
     MARABEL 0.0954 0.8181 0.0865 
     MARFONA 0.2865 0.5486 0.1650 
     MARILYN 0.1627 0.6970 0.1402 
 MARIS_ANCHO 0.3005 0.5295 0.1700 
  MARIS_BARD 0.2828 0.2770 0.4402 
  MARIS_PEER 0.2680 0.3288 0.4031 
 MARIS_PIPER 0.2741 0.0081 0.7178 
     MARKIES 0.2326 0.7146 0.0528 
      MAXINE 0.1525 0.2604 0.5871 
      MEGARA 0.1767 0.7129 0.1104 
      MELODY 0.2467 0.5724 0.1808 
       MIDAS 0.2663 0.2623 0.4714 
       MILVA 0.2659 0.6644 0.0697 
        MIMI 0.1844 0.3743 0.4413 
        MIRA 0.3285 0.6195 0.0520 
       MOIRA 0.2224 0.5757 0.2019 
    MONTROSE 0.3531 0.0175 0.6294 
       MORAG 0.2703 0.2922 0.4375 
      MORENE 0.2726 0.6940 0.0335 
      MOZART 0.0137 0.7791 0.2072 
 MYATT'S_ASH 0.8052 0.1878 0.0070 
      NADINE 0.0801 0.3273 0.5926 
       NAVAN 0.1797 0.0578 0.7625 
 NDTX_4271_5 0.1525 0.4261 0.4215 
      NICOLA 0.2761 0.7158 0.0081 
     NOVELLA 0.1039 0.6876 0.2085 
     OLYMPUS 0.2194 0.2632 0.5174 
       OPERA 0.0987 0.6322 0.2691 
   ORCHESTRA 0.1751 0.6351 0.1898 
      ORIANA 0.1817 0.7444 0.0738 
     OTHELLO 0.0302 0.3962 0.5736 
     PALADIN 0.3552 0.0119 0.6329 
       PANDA 0.1100 0.7217 0.1683 
   PARAMOUNT 0.0797 0.6119 0.3084 
    PATRONES 0.3249 0.5381 0.1370 
 PENTLAND_AC 0.2523 0.4173 0.3303 
 PENTLAND_BE 0.5260 0.2893 0.1848 
 PENTLAND_CR 0.1799 0.4692 0.3509 
 PENTLAND_DE 0.3227 0.3518 0.3255 
 PENTLAND_IV 0.1752 0.4156 0.4092 
 PENTLAND_JA 0.2213 0.4845 0.2942 
 PENTLAND_MA 0.1526 0.6429 0.2045 
 PENTLAND_SQ 0.2656 0.4061 0.3283 
   PEPO_1978 0.2269 0.6392 0.1339 
     PICASSO 0.0116 0.5589 0.4295 
   PIMPERNEL 0.2769 0.5999 0.1232 
     PIONEER 0.2614 0.6660 0.0726 
       PIXIE 0.0252 0.3655 0.6093 
    PREMIERE 0.3828 0.4977 0.1195 
   PRODUCENT 0.2305 0.5310 0.2385 
     PROVOST 0.2297 0.5072 0.2631 
  R.P.LUSTRE 0.3463 0.3191 0.3347 
 RANGER_RUSS 0.3924 0.5188 0.0888 
       RATTE 0.5661 0.2094 0.2245 
      RECORD 0.3860 0.5943 0.0197 
   REMBRANDT 0.2781 0.5608 0.1611 
    RIO_ROJO 0.1816 0.5266 0.2918 
      ROBIJN 0.3928 0.5954 0.0118 
      ROCKET 0.3003 0.0898 0.6099 
   RODE_STAR 0.4758 0.4958 0.0285 
      ROMANO 0.0543 0.6929 0.2529 
       ROMEO 0.2248 0.4553 0.3199 
     ROOSTER 0.1899 0.4702 0.3399 
       ROYAL 0.2331 0.4064 0.3606 
 ROYAL_KIDNE 0.5732 0.3056 0.1213 
     RUBESSE 0.1659 0.6293 0.2049 
 RUSSET_BURB 0.3161 0.4787 0.2052 
 RUSSET_NORK 0.2765 0.4517 0.2717 
      SAFARI 0.0603 0.7185 0.2212 
     SANTANA 0.2171 0.5543 0.2286 
       SANTE 0.1823 0.5746 0.2431 
     SAPHIRE 0.0917 0.6580 0.2503 
  SARPO_MIRA 0.2393 0.6171 0.1436 
 SARPO_SHONA 0.1756 0.6909 0.1335 
       SASSY 0.3444 0.4895 0.1661 
     SATURNA 0.3843 0.5905 0.0252 
        SAVA 0.1570 0.6392 0.2038 
       SAXON 0.2324 0.1167 0.6509 
 SCARBOROUGH 0.1831 0.0195 0.7974 
 SEFTON_WOND 0.5699 0.1326 0.2975 
    SERAFINA 0.1947 0.7042 0.1011 
     SETANTA 0.1079 0.3633 0.5288 
 SHARPE'S_EX 0.6923 0.1898 0.1179 
     SHELAGH 0.3211 0.3512 0.3276 
    SHELFORD 0.2763 0.5993 0.1244 
     SHEPODY 0.3283 0.4625 0.2092 
      SLANEY 0.0248 0.3740 0.6012 
        SPEY 0.0093 0.3849 0.6057 
      SPUNTA 0.2617 0.4691 0.2692 
     STAMINA 0.0276 0.1617 0.8107 
    STEMSTER 0.2891 0.3598 0.3511 
 STORMONT_EN 0.2906 0.4251 0.2843 
    STIRLING 0.0271 0.4853 0.4876 
     SYLVANA 0.1816 0.5775 0.2408 
         TAY 0.0476 0.2713 0.6811 
      TIMATE 0.1700 0.6761 0.1539 
      TOLUCA 0.1230 0.7833 0.0937 
    TORRIDON 0.1813 0.5778 0.2409 
 ULSTER_SCEP 0.2189 0.2706 0.5104 
 UMATILLA_RU 0.4867 0.1762 0.3371 
 VALES_EMERA 0.1847 0.4377 0.3776 
 VALES_EVERE 0.1649 0.2746 0.5605 
 VALES_RUSSE 0.4008 0.4227 0.1765 
 VALES_SOVER 0.0088 0.3025 0.6887 
       VALOR 0.0084 0.3055 0.6861 
    VAN_GOGH 0.2658 0.5996 0.1346 
     VANTAGE 0.4475 0.4830 0.0694 
       VERDI 0.2993 0.5605 0.1402 
    VICTORIA 0.1887 0.6695 0.1418 
     VIVALDI 0.1415 0.7896 0.0689 
       WILJA 0.3258 0.5709 0.1034 
     WINSTON 0.0316 0.2930 0.6754 
      XD2-21 0.2800 0.3927 0.3273 
  YUKON_GOLD 0.0816 0.5193 0.3992 
       ZORBA 0.2511 0.6001 0.1488 
