  00C133-020 0.4855 0.0332 0.0146 0.3567 0.0144 0.0955 
 01C_071-002 0.1809 0.1728 0.2532 0.2437 0.0494 0.1001 
 02M_012-001 0.5436 0.2013 0.0606 0.0809 0.0048 0.1088 
 03M_016-002 0.3430 0.3896 0.0141 0.0132 0.2223 0.0178 
 03M_034-002 0.4859 0.2302 0.0417 0.2116 0.0139 0.0168 
 04C_055-004 0.4595 0.0996 0.0946 0.0166 0.0499 0.2798 
 04C_126-005 0.2767 0.1168 0.0991 0.3778 0.0148 0.1149 
 04M_034-013 0.4473 0.2523 0.0633 0.0092 0.1453 0.0826 
 05M_002-001 0.1367 0.1110 0.3264 0.0595 0.1642 0.2021 
 05M_004-003 0.2042 0.0071 0.3485 0.2111 0.0982 0.1308 
 05M_012-004 0.2028 0.0391 0.2047 0.2338 0.2043 0.1153 
 06C_127-002 0.3145 0.0286 0.0075 0.1476 0.0727 0.4291 
 12288_AF_23 0.4311 0.0105 0.0341 0.1927 0.1149 0.2166 
    12601AB1 0.3750 0.4833 0.0046 0.0893 0.0033 0.0444 
   12636_A_2 0.4575 0.2131 0.0069 0.2091 0.0760 0.0374 
  15119_AC_5 0.2039 0.2169 0.0165 0.5373 0.0228 0.0025 
     1512C16 0.0192 0.2240 0.0600 0.1897 0.3097 0.1975 
   15144_A_3 0.0112 0.0426 0.0291 0.6191 0.0054 0.2926 
     1563C14 0.0146 0.4471 0.1999 0.0429 0.0649 0.2306 
     2182EF7 0.1020 0.0416 0.0465 0.3525 0.2736 0.1838 
     3681AD1 0.0911 0.0505 0.3516 0.3198 0.0795 0.1076 
     5008AB6 0.0340 0.1170 0.2222 0.3238 0.0094 0.2937 
    8204_A_4 0.1846 0.0164 0.0196 0.3558 0.1297 0.2938 
       AGRIA 0.0750 0.0287 0.4647 0.0035 0.1148 0.3132 
       AILSA 0.5414 0.1306 0.0063 0.0131 0.0586 0.2501 
      ALMERA 0.0801 0.0197 0.4149 0.0266 0.2260 0.2327 
       ALPHA 0.0594 0.2299 0.3786 0.0684 0.1133 0.1504 
      ALWARA 0.0347 0.0499 0.3067 0.2901 0.0223 0.2963 
      AMADRA 0.2122 0.1687 0.2995 0.0207 0.0324 0.2665 
       AMOUR 0.3907 0.0427 0.0248 0.4312 0.0303 0.0802 
        ANNA 0.0156 0.1391 0.0111 0.7559 0.0722 0.0061 
   ANNABELLE 0.0157 0.0326 0.4216 0.0193 0.0894 0.4215 
        ANYA 0.0395 0.2121 0.1223 0.0598 0.0726 0.4937 
       ARGOS 0.2326 0.0088 0.1160 0.5002 0.0956 0.0468 
     ARIELLE 0.0279 0.0946 0.3646 0.0559 0.1434 0.3137 
      ARKULA 0.0153 0.1191 0.4161 0.1377 0.1068 0.2051 
      ARMADA 0.1163 0.1291 0.3602 0.0897 0.1295 0.1752 
   AVALANCHE 0.4396 0.0232 0.2685 0.0782 0.1830 0.0076 
     BAILLIE 0.4767 0.0166 0.1702 0.1381 0.1002 0.0982 
    BALMORAL 0.0363 0.0193 0.2163 0.4572 0.2584 0.0125 
     BAMBINO 0.4858 0.0337 0.0886 0.2428 0.0377 0.1116 
       BARNA 0.0982 0.0441 0.0866 0.4029 0.0558 0.3124 
 BELLE_DE_FO 0.0023 0.8360 0.0136 0.0708 0.0693 0.0080 
       BENOL 0.5664 0.2178 0.0846 0.0479 0.0088 0.0745 
       BF_15 0.0034 0.7014 0.1474 0.0584 0.0287 0.0607 
      BINTJE 0.0682 0.3233 0.2078 0.0925 0.1991 0.1091 
 BIONICA_EX_ 0.1305 0.1379 0.2500 0.2094 0.0933 0.1788 
 BLUE_DANUBE 0.0120 0.1465 0.5139 0.1696 0.1525 0.0056 
      BONNIE 0.2530 0.0207 0.1703 0.2189 0.1003 0.2368 
      BOUNTY 0.4394 0.0280 0.1042 0.2889 0.0381 0.1014 
 BRITISH_QUE 0.0096 0.3661 0.1421 0.0436 0.4352 0.0035 
     BRODICK 0.5434 0.0183 0.0124 0.1155 0.0141 0.2964 
      BRODIE 0.0789 0.0795 0.0049 0.5119 0.1885 0.1364 
      BUCHAN 0.1369 0.0432 0.0031 0.4377 0.1158 0.2634 
      BURREN 0.0735 0.1137 0.1302 0.4582 0.0153 0.2090 
     CABARET 0.4921 0.2986 0.0117 0.1065 0.0771 0.0140 
      CAESAR 0.0704 0.0028 0.3744 0.0806 0.0973 0.3746 
        CARA 0.1195 0.0444 0.0118 0.7099 0.0147 0.0998 
 CARLINGFORD 0.1383 0.0201 0.0197 0.2025 0.3170 0.3024 
  CASABLANCA 0.3278 0.0027 0.2369 0.2867 0.1407 0.0051 
      CELINE 0.1018 0.0864 0.3913 0.2761 0.0286 0.1157 
  CHALLENGER 0.1972 0.0966 0.2913 0.0053 0.1894 0.2202 
   CHARLOTTE 0.1312 0.1442 0.0502 0.0113 0.0057 0.6573 
     CHICAGO 0.4883 0.0940 0.2466 0.0155 0.0077 0.1480 
   CHIEFTAIN 0.0560 0.0807 0.0070 0.0827 0.3648 0.4088 
      CHOPIN 0.0472 0.0240 0.3833 0.0534 0.2469 0.2451 
      CLARET 0.0967 0.0375 0.0143 0.6099 0.0462 0.1954 
      CORINE 0.1875 0.0902 0.2977 0.2426 0.1731 0.0088 
      COSMOS 0.1418 0.0488 0.4514 0.0314 0.2373 0.0893 
     COURAGE 0.0752 0.0995 0.3157 0.1436 0.1564 0.2096 
     COURLAN 0.1224 0.0638 0.1057 0.1209 0.2577 0.3296 
 CRAIGS_ROYA 0.2211 0.0567 0.0048 0.3603 0.2222 0.1350 
 CRAIGS_SNOW 0.1669 0.2947 0.0525 0.0652 0.3342 0.0865 
     CRAMOND 0.4937 0.0178 0.1174 0.1605 0.0857 0.1250 
 CRISPS_FOR_ 0.1239 0.0568 0.2845 0.0506 0.1460 0.3382 
    CROMWELL 0.5935 0.2631 0.0808 0.0460 0.0048 0.0118 
       D22/1 0.5022 0.1921 0.0474 0.1014 0.1530 0.0039 
       D23/3 0.3685 0.3108 0.0450 0.0268 0.1864 0.0625 
      D47-11 0.6435 0.2734 0.0523 0.0116 0.0161 0.0031 
       D49/1 0.7275 0.1967 0.0479 0.0027 0.0102 0.0149 
       DAISY 0.4550 0.2309 0.1702 0.0087 0.0204 0.1148 
 DARK_RED_NO 0.0594 0.1043 0.0346 0.1080 0.3988 0.2948 
     DARWINA 0.1094 0.1116 0.4164 0.0241 0.1985 0.1400 
     DESIREE 0.0032 0.1351 0.1949 0.2284 0.0601 0.3783 
       DITTA 0.0176 0.1303 0.3523 0.0091 0.1891 0.3016 
 DR._MCINTOS 0.1016 0.0266 0.0217 0.1579 0.5094 0.1827 
       DRAGA 0.1778 0.0067 0.2813 0.0907 0.3409 0.1025 
 DUKE_OF_YOR 0.0030 0.3437 0.2227 0.0090 0.4160 0.0055 
 DUNBAR_STAN 0.1698 0.2570 0.0092 0.0704 0.4503 0.0434 
     DUNDROD 0.4607 0.1897 0.0197 0.0736 0.0797 0.1765 
     ECLIPSE 0.0310 0.3905 0.0035 0.0033 0.2883 0.2835 
        EDEN 0.6614 0.2530 0.0112 0.0251 0.0267 0.0227 
 EDZELL_BLUE 0.0561 0.3226 0.1874 0.1513 0.1375 0.1452 
   ELISABETH 0.1732 0.0101 0.2339 0.0152 0.0617 0.5058 
     EMPEROR 0.2186 0.0117 0.1481 0.0090 0.3173 0.2954 
         EOS 0.2930 0.0185 0.1324 0.0199 0.1534 0.3828 
     EPICURE 0.0106 0.3616 0.0234 0.0316 0.3263 0.2465 
  ERNTESTOLZ 0.0378 0.2366 0.2747 0.0567 0.2103 0.1839 
      ESCORT 0.1812 0.0134 0.3729 0.0749 0.0137 0.3439 
   ESMERALDA 0.1576 0.1621 0.2910 0.1093 0.0251 0.2549 
      ESTIMA 0.1535 0.0714 0.3103 0.0075 0.2287 0.2285 
 EVE_BALFOUR 0.1628 0.2194 0.0149 0.4229 0.0772 0.1029 
   EXCALIBUR 0.4618 0.0048 0.0243 0.3954 0.0049 0.1088 
     EXQUISA 0.0052 0.1633 0.2912 0.1020 0.0065 0.4317 
    FESTIVAL 0.1667 0.0079 0.3935 0.0311 0.0534 0.3475 
      FIANNA 0.0589 0.0096 0.3248 0.2140 0.2440 0.1486 
   FIFTYFOLD 0.0627 0.5488 0.0195 0.0622 0.1399 0.1669 
     FONTANE 0.2023 0.0255 0.3920 0.0047 0.1639 0.2116 
   FORTYFOLD 0.0032 0.5418 0.2378 0.0187 0.1930 0.0055 
 FRONTIER_RU 0.1107 0.1374 0.0313 0.0068 0.4306 0.2832 
     G.81071 0.1876 0.0734 0.0984 0.2195 0.2104 0.2108 
     G.88661 0.2661 0.0054 0.0890 0.0448 0.3363 0.2583 
    G.886611 0.2608 0.0035 0.0086 0.0611 0.2724 0.3936 
  G.8867Y%12 0.1064 0.0044 0.0252 0.1511 0.3434 0.3694 
     G.88839 0.0065 0.0212 0.4031 0.0087 0.0051 0.5553 
     G.88842 0.0178 0.0124 0.3584 0.1471 0.1340 0.3302 
   GALACTICA 0.0067 0.1488 0.3360 0.3910 0.1131 0.0044 
      GEMSON 0.1313 0.1346 0.0117 0.2823 0.2795 0.1605 
  GL.76B/102 0.1424 0.3547 0.1888 0.0055 0.1141 0.1945 
   GL.76B/94 0.0030 0.5317 0.2759 0.1509 0.0173 0.0212 
  GL.77M/106 0.2444 0.1826 0.0069 0.2616 0.0112 0.2932 
   GL.78/166 0.0233 0.6090 0.2019 0.0426 0.1135 0.0096 
    GL.78/53 0.2080 0.5490 0.0109 0.0151 0.0066 0.2103 
    GL.78/97 0.1092 0.5785 0.1232 0.0235 0.0221 0.1435 
    GL.79/42 0.1477 0.5490 0.0451 0.0063 0.0043 0.2475 
    GL.79/45 0.0660 0.5794 0.0340 0.0981 0.0045 0.2179 
 GL.81_NT_25 0.4894 0.3810 0.0865 0.0318 0.0082 0.0031 
   GLADIATOR 0.1325 0.0063 0.2315 0.1235 0.1697 0.3365 
      GLAMIS 0.4354 0.0390 0.1245 0.0331 0.1629 0.2049 
 GOLDEN_MILL 0.4818 0.1189 0.0160 0.1963 0.0096 0.1774 
 GOLDEN_NUGG 0.1184 0.0174 0.3669 0.3159 0.0142 0.1672 
 GOLDEN_WOND 0.0368 0.5588 0.0945 0.0268 0.1311 0.1520 
     GRANOLA 0.1281 0.1050 0.1784 0.0173 0.0075 0.5637 
    H1H3_101 0.6179 0.3583 0.0068 0.0047 0.0101 0.0022 
      H1H3_3 0.4477 0.1789 0.0631 0.0865 0.1763 0.0475 
 HARBOROUGH_ 0.7206 0.0199 0.0266 0.0535 0.0282 0.1513 
   HARLEQUIN 0.1441 0.1780 0.0862 0.0378 0.0124 0.5415 
      HERMES 0.0550 0.1297 0.3437 0.1624 0.0712 0.2380 
 HIGHLAND_BU 0.0123 0.8066 0.1074 0.0254 0.0420 0.0063 
  HOME_GUARD 0.2026 0.2055 0.0139 0.1512 0.2741 0.1527 
     HORIZON 0.0856 0.2448 0.4308 0.1223 0.0371 0.0794 
   INNOVATOR 0.0071 0.1334 0.2631 0.1103 0.4805 0.0055 
 INTERNATION 0.0041 0.8543 0.0526 0.0068 0.0787 0.0035 
 ISLE_OF_JUR 0.4321 0.1464 0.0817 0.1651 0.0572 0.1175 
    JULIETTE 0.0272 0.0529 0.3039 0.0091 0.0072 0.5998 
     KARLENA 0.0295 0.1812 0.2848 0.2326 0.2629 0.0090 
 KERR'S_PINK 0.0920 0.4332 0.0075 0.0732 0.3242 0.0699 
     KESTREL 0.3758 0.0070 0.0055 0.3764 0.0198 0.2156 
       KIFLI 0.1116 0.1839 0.1836 0.0061 0.0074 0.5073 
 KING_EDWARD 0.0371 0.7204 0.0042 0.0031 0.1082 0.1269 
    KINGSTON 0.4709 0.2064 0.0957 0.1464 0.0057 0.0749 
 KUFRI_CHAND 0.1118 0.1528 0.1232 0.0722 0.3929 0.1471 
 KUFRI_JYOTI 0.0362 0.1308 0.1711 0.3676 0.0795 0.2147 
      KURODA 0.0402 0.0110 0.4803 0.1333 0.1983 0.1369 
 LADY_BALFOU 0.1888 0.1397 0.0308 0.3919 0.1512 0.0976 
 LADY_CHRIST 0.0839 0.2813 0.4094 0.0681 0.0694 0.0880 
 LADY_CLAIRE 0.0088 0.2112 0.7027 0.0204 0.0508 0.0062 
     LADY_JO 0.0127 0.2775 0.5549 0.0182 0.1343 0.0023 
 LADY_ROSETT 0.1524 0.1241 0.3247 0.0832 0.1388 0.1766 
    LIBERTAS 0.0050 0.2970 0.5172 0.1708 0.0075 0.0025 
       LINDA 0.0049 0.2164 0.2080 0.0075 0.0055 0.5577 
      LINTON 0.1907 0.0387 0.2571 0.0990 0.1822 0.2323 
 LINZER_DELI 0.0294 0.1998 0.2639 0.0156 0.0404 0.4509 
   LIONHEART 0.0850 0.0213 0.4368 0.1129 0.2146 0.1293 
   MADELEINE 0.0960 0.0808 0.3675 0.0413 0.0115 0.4029 
   MADINGLEY 0.1469 0.0448 0.2590 0.1379 0.0747 0.3367 
    MAJESTIC 0.0516 0.0390 0.0310 0.1551 0.5206 0.2027 
     MARABEL 0.0241 0.0099 0.4755 0.0308 0.1088 0.3509 
     MARFONA 0.1230 0.1418 0.4556 0.0712 0.1890 0.0194 
     MARILYN 0.0251 0.0857 0.3038 0.1360 0.0556 0.3939 
 MARIS_ANCHO 0.0809 0.1701 0.2562 0.0325 0.2376 0.2226 
  MARIS_BARD 0.2497 0.1109 0.2018 0.1476 0.2876 0.0024 
  MARIS_PEER 0.1722 0.1412 0.0101 0.1859 0.3316 0.1590 
 MARIS_PIPER 0.7687 0.1721 0.0445 0.0046 0.0056 0.0045 
     MARKIES 0.0208 0.1249 0.4638 0.0468 0.0406 0.3030 
      MAXINE 0.4213 0.0195 0.0188 0.0983 0.2838 0.1584 
      MEGARA 0.0803 0.0794 0.4912 0.0339 0.0147 0.3005 
      MELODY 0.0841 0.1644 0.3839 0.1627 0.0257 0.1793 
       MIDAS 0.4654 0.1486 0.2113 0.0067 0.0042 0.1638 
       MILVA 0.0203 0.1946 0.3531 0.0439 0.0321 0.3560 
        MIMI 0.3157 0.1190 0.2605 0.2015 0.0076 0.0958 
        MIRA 0.0065 0.2189 0.5492 0.1246 0.0929 0.0080 
       MOIRA 0.0594 0.1283 0.2597 0.1722 0.1302 0.2502 
    MONTROSE 0.5374 0.2793 0.0063 0.0690 0.0042 0.1040 
       MORAG 0.1646 0.1808 0.0120 0.3294 0.1760 0.1373 
      MORENE 0.0036 0.1574 0.5377 0.1476 0.1432 0.0105 
      MOZART 0.1153 0.0027 0.3389 0.0218 0.0504 0.4710 
 MYATT'S_ASH 0.0028 0.7213 0.1683 0.0097 0.0928 0.0051 
      NADINE 0.4577 0.0103 0.0622 0.1018 0.0728 0.2952 
       NAVAN 0.6779 0.0724 0.0274 0.0663 0.0942 0.0616 
 NDTX_4271_5 0.2309 0.0106 0.0047 0.0096 0.2558 0.4884 
      NICOLA 0.0035 0.1714 0.3576 0.0044 0.0278 0.4352 
     NOVELLA 0.0502 0.0280 0.3521 0.2073 0.1070 0.2554 
     OLYMPUS 0.3274 0.1138 0.0062 0.1264 0.1374 0.2888 
       OPERA 0.1506 0.0119 0.3545 0.1255 0.1027 0.2549 
   ORCHESTRA 0.1460 0.0799 0.3660 0.0301 0.0179 0.3602 
      ORIANA 0.0038 0.0618 0.3973 0.1731 0.2072 0.1567 
     OTHELLO 0.1576 0.0086 0.0040 0.5264 0.1120 0.1913 
     PALADIN 0.6371 0.2376 0.0485 0.0113 0.0610 0.0045 
       PANDA 0.1118 0.0337 0.2718 0.0168 0.0085 0.5575 
   PARAMOUNT 0.0167 0.0587 0.1679 0.4786 0.0339 0.2442 
    PATRONES 0.0769 0.1843 0.3295 0.0417 0.2190 0.1486 
 PENTLAND_AC 0.1600 0.1412 0.1295 0.1838 0.1886 0.1969 
 PENTLAND_BE 0.0105 0.4163 0.0821 0.1910 0.2941 0.0059 
 PENTLAND_CR 0.1546 0.0886 0.2309 0.2437 0.1786 0.1036 
 PENTLAND_DE 0.0642 0.2241 0.0081 0.2582 0.2541 0.1914 
 PENTLAND_IV 0.1182 0.0380 0.0036 0.1758 0.3206 0.3439 
 PENTLAND_JA 0.1082 0.0678 0.1683 0.1196 0.4393 0.0968 
 PENTLAND_MA 0.0083 0.0924 0.3007 0.3305 0.1345 0.1334 
 PENTLAND_SQ 0.1235 0.1723 0.0743 0.2074 0.2236 0.1990 
   PEPO_1978 0.1006 0.1397 0.3543 0.0156 0.0394 0.3502 
     PICASSO 0.1471 0.0037 0.2573 0.4993 0.0476 0.0449 
   PIMPERNEL 0.0442 0.2069 0.4278 0.1508 0.0041 0.1662 
     PIONEER 0.0187 0.1700 0.1696 0.0054 0.0181 0.6183 
       PIXIE 0.3768 0.0064 0.0376 0.2923 0.0214 0.2655 
    PREMIERE 0.0474 0.2386 0.4593 0.0688 0.1813 0.0047 
   PRODUCENT 0.2284 0.1035 0.4203 0.0122 0.0724 0.1632 
     PROVOST 0.0504 0.1251 0.1380 0.2128 0.2863 0.1873 
  R.P.LUSTRE 0.2080 0.2309 0.0137 0.0274 0.1818 0.3382 
 RANGER_RUSS 0.0028 0.2063 0.1479 0.0869 0.5369 0.0193 
       RATTE 0.1597 0.5004 0.0152 0.0143 0.0313 0.2791 
      RECORD 0.0058 0.2863 0.5626 0.1232 0.0145 0.0075 
   REMBRANDT 0.1342 0.1202 0.4194 0.0128 0.1873 0.1261 
    RIO_ROJO 0.0967 0.0484 0.0587 0.1441 0.3226 0.3295 
      ROBIJN 0.0040 0.3124 0.5309 0.0926 0.0256 0.0347 
      ROCKET 0.5067 0.1958 0.0162 0.0893 0.1268 0.0651 
   RODE_STAR 0.0095 0.4070 0.3424 0.0210 0.0020 0.2181 
      ROMANO 0.0336 0.0139 0.3133 0.3394 0.0138 0.2860 
       ROMEO 0.0469 0.1905 0.0068 0.3033 0.0513 0.4012 
     ROOSTER 0.1072 0.1230 0.1281 0.2871 0.1508 0.2038 
       ROYAL 0.3288 0.1286 0.2404 0.0190 0.0061 0.2769 
 ROYAL_KIDNE 0.0037 0.3813 0.0375 0.0497 0.5223 0.0055 
     RUBESSE 0.0475 0.0632 0.2156 0.1221 0.1709 0.3806 
 RUSSET_BURB 0.0370 0.1201 0.0905 0.0377 0.5458 0.1689 
 RUSSET_NORK 0.0622 0.0406 0.0041 0.0057 0.5507 0.3367 
      SAFARI 0.0525 0.0114 0.4146 0.2583 0.0629 0.2003 
     SANTANA 0.1603 0.0813 0.3915 0.0510 0.2121 0.1038 
       SANTE 0.1717 0.1013 0.4154 0.1257 0.0132 0.1727 
     SAPHIRE 0.1286 0.0041 0.4069 0.0650 0.2773 0.1180 
  SARPO_MIRA 0.0451 0.1807 0.2617 0.0929 0.0091 0.4104 
 SARPO_SHONA 0.0435 0.1003 0.3418 0.1135 0.0085 0.3924 
       SASSY 0.0876 0.2274 0.2824 0.0757 0.1481 0.1788 
     SATURNA 0.0228 0.2893 0.4614 0.0068 0.0057 0.2140 
        SAVA 0.1329 0.0348 0.2713 0.0123 0.1450 0.4038 
       SAXON 0.5436 0.1529 0.0433 0.1309 0.0209 0.1084 
 SCARBOROUGH 0.7289 0.0859 0.0063 0.0202 0.0105 0.1482 
 SEFTON_WOND 0.1598 0.4169 0.0071 0.0779 0.3141 0.0241 
    SERAFINA 0.0095 0.1369 0.2467 0.1044 0.0142 0.4884 
     SETANTA 0.3036 0.0507 0.0339 0.2530 0.0689 0.2900 
 SHARPE'S_EX 0.0844 0.5962 0.0764 0.0160 0.1135 0.1135 
     SHELAGH 0.1588 0.2737 0.1283 0.2939 0.0236 0.1218 
    SHELFORD 0.0163 0.1868 0.2876 0.1693 0.0951 0.2449 
     SHEPODY 0.0068 0.1560 0.2052 0.1962 0.4329 0.0029 
      SLANEY 0.2954 0.0085 0.0114 0.3948 0.0555 0.2344 
        SPEY 0.2885 0.0035 0.0404 0.4723 0.0225 0.1728 
      SPUNTA 0.1228 0.2092 0.0909 0.1427 0.0328 0.4016 
     STAMINA 0.6200 0.0034 0.0659 0.2086 0.0881 0.0140 
    STEMSTER 0.2866 0.1925 0.2309 0.1012 0.0295 0.1594 
 STORMONT_EN 0.1761 0.1791 0.2730 0.1672 0.1397 0.0650 
    STIRLING 0.1890 0.0066 0.0624 0.3574 0.1736 0.2110 
     SYLVANA 0.1134 0.0476 0.2610 0.0949 0.2391 0.2440 
         TAY 0.4283 0.0103 0.0079 0.2755 0.0168 0.2612 
      TIMATE 0.1358 0.0447 0.3879 0.0042 0.0534 0.3740 
      TOLUCA 0.0063 0.0331 0.3305 0.1705 0.0839 0.3757 
    TORRIDON 0.0623 0.1096 0.3136 0.3098 0.0659 0.1388 
 ULSTER_SCEP 0.3312 0.0623 0.0709 0.1393 0.3529 0.0434 
 UMATILLA_RU 0.2978 0.3961 0.1568 0.0589 0.0488 0.0417 
 VALES_EMERA 0.2622 0.1149 0.0209 0.0446 0.0549 0.5025 
 VALES_EVERE 0.2650 0.1234 0.0076 0.3945 0.0598 0.1496 
 VALES_RUSSE 0.0565 0.2214 0.0729 0.0174 0.4411 0.1906 
 VALES_SOVER 0.3314 0.0038 0.0379 0.5905 0.0099 0.0263 
       VALOR 0.3778 0.0029 0.0539 0.4649 0.0105 0.0900 
    VAN_GOGH 0.1118 0.1579 0.4760 0.0329 0.0598 0.1616 
     VANTAGE 0.0086 0.2897 0.3876 0.0770 0.2318 0.0053 
       VERDI 0.0981 0.2175 0.3597 0.0617 0.0236 0.2393 
    VICTORIA 0.0558 0.0283 0.4003 0.0345 0.2728 0.2083 
     VIVALDI 0.0047 0.0175 0.4291 0.1505 0.2511 0.1471 
       WILJA 0.0074 0.1765 0.5307 0.1406 0.1428 0.0020 
     WINSTON 0.4520 0.0042 0.0077 0.1879 0.0704 0.2779 
      XD2-21 0.1062 0.1727 0.0490 0.2422 0.2644 0.1656 
  YUKON_GOLD 0.2490 0.0040 0.0721 0.0096 0.2997 0.3656 
       ZORBA 0.0127 0.1400 0.3988 0.1772 0.2568 0.0144 
