  00C133-020 0.7403 0.0729 0.1868 
 01C_071-002 0.3212 0.2372 0.4416 
 02M_012-001 0.6199 0.2882 0.0919 
 03M_016-002 0.3937 0.5395 0.0668 
 03M_034-002 0.6345 0.2817 0.0838 
 04C_055-004 0.5120 0.1925 0.2955 
 04C_126-005 0.5252 0.1489 0.3259 
 04M_034-013 0.4837 0.3824 0.1339 
 05M_002-001 0.2136 0.2437 0.5427 
 05M_004-003 0.3645 0.0622 0.5734 
 05M_012-004 0.4020 0.1368 0.4613 
 06C_127-002 0.5096 0.1217 0.3686 
 12288_AF_23 0.6219 0.0695 0.3086 
    12601AB1 0.4573 0.5329 0.0099 
   12636_A_2 0.6494 0.2982 0.0524 
  15119_AC_5 0.5770 0.2738 0.1492 
     1512C16 0.2168 0.3389 0.4443 
   15144_A_3 0.3904 0.0330 0.5766 
     1563C14 0.0498 0.5291 0.4212 
     2182EF7 0.3990 0.1219 0.4791 
     3681AD1 0.2692 0.1253 0.6056 
     5008AB6 0.2518 0.1510 0.5972 
    8204_A_4 0.4778 0.0582 0.4640 
       AGRIA 0.0942 0.1790 0.7268 
       AILSA 0.6302 0.2572 0.1127 
      ALMERA 0.1479 0.1584 0.6938 
       ALPHA 0.1134 0.3369 0.5498 
      ALWARA 0.2094 0.0990 0.6916 
      AMADRA 0.2511 0.2565 0.4924 
       AMOUR 0.6858 0.0794 0.2348 
        ANNA 0.4865 0.1353 0.3782 
   ANNABELLE 0.0554 0.1374 0.8071 
        ANYA 0.1584 0.2658 0.5759 
       ARGOS 0.5654 0.0224 0.4122 
     ARIELLE 0.1000 0.2072 0.6928 
      ARKULA 0.1063 0.2136 0.6801 
      ARMADA 0.1989 0.2300 0.5710 
   AVALANCHE 0.5289 0.1657 0.3053 
     BAILLIE 0.5948 0.1153 0.2899 
    BALMORAL 0.3825 0.0705 0.5470 
     BAMBINO 0.6698 0.0969 0.2333 
       BARNA 0.3825 0.0752 0.5422 
 BELLE_DE_FO 0.0093 0.9136 0.0771 
       BENOL 0.6236 0.3009 0.0755 
       BF_15 0.0091 0.7578 0.2332 
      BINTJE 0.1506 0.4431 0.4063 
 BIONICA_EX_ 0.2853 0.2114 0.5033 
 BLUE_DANUBE 0.1244 0.2464 0.6293 
      BONNIE 0.4353 0.0970 0.4677 
      BOUNTY 0.6454 0.0857 0.2688 
 BRITISH_QUE 0.1230 0.5440 0.3331 
     BRODICK 0.6970 0.0895 0.2135 
      BRODIE 0.4726 0.1450 0.3823 
      BUCHAN 0.5085 0.1080 0.3834 
      BURREN 0.3717 0.1195 0.5089 
     CABARET 0.5876 0.3920 0.0204 
      CAESAR 0.1932 0.0171 0.7897 
        CARA 0.5566 0.0434 0.4000 
 CARLINGFORD 0.3753 0.1228 0.5018 
  CASABLANCA 0.5731 0.0219 0.4050 
      CELINE 0.2513 0.1457 0.6029 
  CHALLENGER 0.2367 0.2643 0.4990 
   CHARLOTTE 0.2349 0.2003 0.5649 
     CHICAGO 0.5121 0.1978 0.2901 
   CHIEFTAIN 0.2694 0.2337 0.4969 
      CHOPIN 0.1489 0.1547 0.6963 
      CLARET 0.4949 0.0378 0.4674 
      CORINE 0.3790 0.1879 0.4332 
      COSMOS 0.1915 0.2017 0.6068 
     COURAGE 0.1975 0.1926 0.6100 
     COURLAN 0.2909 0.1885 0.5206 
 CRAIGS_ROYA 0.5482 0.1466 0.3052 
 CRAIGS_SNOW 0.2831 0.4466 0.2703 
     CRAMOND 0.6446 0.0905 0.2650 
 CRISPS_FOR_ 0.2179 0.1653 0.6168 
    CROMWELL 0.6133 0.3590 0.0277 
       D22/1 0.6159 0.3305 0.0535 
       D23/3 0.4334 0.4396 0.1270 
      D47-11 0.6103 0.3818 0.0079 
       D49/1 0.6645 0.3251 0.0104 
       DAISY 0.4650 0.3370 0.1979 
 DARK_RED_NO 0.2339 0.2564 0.5097 
     DARWINA 0.1541 0.2572 0.5887 
     DESIREE 0.1014 0.2031 0.6956 
       DITTA 0.0602 0.2595 0.6803 
 DR._MCINTOS 0.3435 0.1789 0.4775 
       DRAGA 0.3371 0.0965 0.5664 
 DUKE_OF_YOR 0.0309 0.5205 0.4486 
 DUNBAR_STAN 0.3373 0.4486 0.2141 
     DUNDROD 0.5540 0.2912 0.1548 
     ECLIPSE 0.1631 0.5579 0.2790 
        EDEN 0.6611 0.3302 0.0087 
 EDZELL_BLUE 0.1695 0.4257 0.4049 
   ELISABETH 0.2603 0.0739 0.6658 
     EMPEROR 0.3376 0.1585 0.5039 
         EOS 0.3874 0.1252 0.4874 
     EPICURE 0.1179 0.4885 0.3936 
  ERNTESTOLZ 0.1156 0.3554 0.5289 
      ESCORT 0.2599 0.0748 0.6653 
   ESMERALDA 0.2462 0.2373 0.5165 
      ESTIMA 0.2046 0.2343 0.5611 
 EVE_BALFOUR 0.4589 0.2679 0.2732 
   EXCALIBUR 0.7615 0.0092 0.2293 
     EXQUISA 0.0339 0.2354 0.7307 
    FESTIVAL 0.2333 0.0715 0.6953 
      FIANNA 0.2479 0.0885 0.6636 
   FIFTYFOLD 0.1542 0.6321 0.2137 
     FONTANE 0.2366 0.1710 0.5925 
   FORTYFOLD 0.0136 0.6613 0.3251 
 FRONTIER_RU 0.2411 0.3252 0.4337 
     G.81071 0.3935 0.1637 0.4428 
     G.88661 0.4360 0.0770 0.4869 
    G.886611 0.4815 0.0345 0.4840 
  G.8867Y%12 0.3657 0.0380 0.5964 
     G.88839 0.0189 0.0866 0.8945 
     G.88842 0.1463 0.0782 0.7755 
   GALACTICA 0.2218 0.2250 0.5532 
      GEMSON 0.3946 0.2286 0.3767 
  GL.76B/102 0.1558 0.4769 0.3673 
   GL.76B/94 0.0174 0.5938 0.3888 
  GL.77M/106 0.4839 0.2318 0.2843 
   GL.78/166 0.0515 0.7083 0.2402 
    GL.78/53 0.2708 0.6221 0.1071 
    GL.78/97 0.1398 0.6488 0.2113 
    GL.79/42 0.1912 0.6147 0.1941 
    GL.79/45 0.1554 0.6295 0.2152 
 GL.81_NT_25 0.4905 0.4933 0.0163 
   GLADIATOR 0.2912 0.0669 0.6419 
      GLAMIS 0.5237 0.1675 0.3087 
 GOLDEN_MILL 0.6599 0.1820 0.1581 
 GOLDEN_NUGG 0.3075 0.0584 0.6341 
 GOLDEN_WOND 0.0940 0.6612 0.2448 
     GRANOLA 0.2082 0.1740 0.6178 
    H1H3_101 0.5301 0.4659 0.0040 
      H1H3_3 0.5539 0.2966 0.1495 
 HARBOROUGH_ 0.8170 0.1005 0.0824 
   HARLEQUIN 0.2461 0.2393 0.5147 
      HERMES 0.1623 0.2137 0.6240 
 HIGHLAND_BU 0.0216 0.8868 0.0916 
  HOME_GUARD 0.3879 0.3341 0.2780 
     HORIZON 0.1244 0.3413 0.5343 
   INNOVATOR 0.1443 0.3347 0.5210 
 INTERNATION 0.0097 0.9548 0.0355 
 ISLE_OF_JUR 0.5586 0.2211 0.2203 
    JULIETTE 0.0888 0.1344 0.7768 
     KARLENA 0.2344 0.2844 0.4812 
 KERR'S_PINK 0.2240 0.5864 0.1897 
     KESTREL 0.7100 0.0241 0.2660 
       KIFLI 0.1673 0.2563 0.5764 
 KING_EDWARD 0.0976 0.8406 0.0617 
    KINGSTON 0.5802 0.2751 0.1446 
 KUFRI_CHAND 0.2482 0.3104 0.4414 
 KUFRI_JYOTI 0.2779 0.1808 0.5413 
      KURODA 0.1440 0.1266 0.7294 
 LADY_BALFOU 0.4768 0.1968 0.3263 
 LADY_CHRIST 0.1133 0.3823 0.5044 
 LADY_CLAIRE 0.0124 0.3298 0.6579 
     LADY_JO 0.0416 0.4437 0.5147 
 LADY_ROSETT 0.2273 0.2300 0.5428 
    LIBERTAS 0.0437 0.4164 0.5399 
       LINDA 0.0352 0.2883 0.6765 
      LINTON 0.3010 0.1672 0.5318 
 LINZER_DELI 0.0809 0.2725 0.6466 
   LIONHEART 0.1857 0.1589 0.6554 
   MADELEINE 0.1508 0.1652 0.6841 
   MADINGLEY 0.2621 0.1379 0.6000 
    MAJESTIC 0.2933 0.2104 0.4963 
     MARABEL 0.0861 0.0921 0.8218 
     MARFONA 0.1669 0.2859 0.5472 
     MARILYN 0.1388 0.1581 0.7031 
 MARIS_ANCHO 0.1684 0.3001 0.5315 
  MARIS_BARD 0.4404 0.2812 0.2785 
  MARIS_PEER 0.4026 0.2674 0.3300 
 MARIS_PIPER 0.7209 0.2716 0.0074 
     MARKIES 0.0543 0.2299 0.7158 
      MAXINE 0.5896 0.1490 0.2614 
      MEGARA 0.1095 0.1731 0.7173 
      MELODY 0.1781 0.2464 0.5755 
       MIDAS 0.4726 0.2666 0.2607 
       MILVA 0.0641 0.2654 0.6705 
        MIMI 0.4429 0.1840 0.3731 
        MIRA 0.0461 0.3313 0.6226 
       MOIRA 0.2040 0.2188 0.5772 
    MONTROSE 0.6333 0.3510 0.0157 
       MORAG 0.4377 0.2687 0.2937 
      MORENE 0.0341 0.2712 0.6947 
      MOZART 0.2057 0.0114 0.7828 
 MYATT'S_ASH 0.0069 0.8089 0.1842 
      NADINE 0.5952 0.0727 0.3321 
       NAVAN 0.7626 0.1733 0.0641 
 NDTX_4271_5 0.4224 0.1476 0.4300 
      NICOLA 0.0078 0.2731 0.7191 
     NOVELLA 0.2055 0.1010 0.6935 
     OLYMPUS 0.5228 0.2138 0.2634 
       OPERA 0.2660 0.0988 0.6352 
   ORCHESTRA 0.1875 0.1707 0.6418 
      ORIANA 0.0700 0.1807 0.7493 
     OTHELLO 0.5738 0.0278 0.3984 
     PALADIN 0.6332 0.3565 0.0102 
       PANDA 0.1669 0.1062 0.7269 
   PARAMOUNT 0.3086 0.0752 0.6161 
    PATRONES 0.1356 0.3255 0.5389 
 PENTLAND_AC 0.3313 0.2510 0.4177 
 PENTLAND_BE 0.1841 0.5261 0.2898 
 PENTLAND_CR 0.3488 0.1766 0.4746 
 PENTLAND_DE 0.3296 0.3190 0.3514 
 PENTLAND_IV 0.4092 0.1726 0.4182 
 PENTLAND_JA 0.2909 0.2198 0.4893 
 PENTLAND_MA 0.2025 0.1528 0.6447 
 PENTLAND_SQ 0.3318 0.2606 0.4076 
   PEPO_1978 0.1353 0.2229 0.6418 
     PICASSO 0.4279 0.0097 0.5624 
   PIMPERNEL 0.1247 0.2757 0.5996 
     PIONEER 0.0709 0.2576 0.6715 
       PIXIE 0.6129 0.0242 0.3629 
    PREMIERE 0.1182 0.3791 0.5028 
   PRODUCENT 0.2396 0.2276 0.5328 
     PROVOST 0.2614 0.2267 0.5118 
  R.P.LUSTRE 0.3338 0.3424 0.3238 
 RANGER_RUSS 0.0810 0.3940 0.5250 
       RATTE 0.2244 0.5652 0.2104 
      RECORD 0.0174 0.3857 0.5969 
   REMBRANDT 0.1597 0.2761 0.5642 
    RIO_ROJO 0.2909 0.1761 0.5329 
      ROBIJN 0.0106 0.3940 0.5954 
      ROCKET 0.6118 0.3001 0.0881 
   RODE_STAR 0.0296 0.4748 0.4957 
      ROMANO 0.2504 0.0515 0.6981 
       ROMEO 0.3197 0.2234 0.4569 
     ROOSTER 0.3371 0.1875 0.4754 
       ROYAL 0.3599 0.2324 0.4077 
 ROYAL_KIDNE 0.1164 0.5754 0.3083 
     RUBESSE 0.2049 0.1624 0.6327 
 RUSSET_BURB 0.2020 0.3138 0.4842 
 RUSSET_NORK 0.2728 0.2720 0.4551 
      SAFARI 0.2210 0.0592 0.7197 
     SANTANA 0.2261 0.2150 0.5589 
       SANTE 0.2409 0.1842 0.5749 
     SAPHIRE 0.2448 0.0924 0.6629 
  SARPO_MIRA 0.1388 0.2394 0.6217 
 SARPO_SHONA 0.1378 0.1691 0.6931 
       SASSY 0.1620 0.3436 0.4945 
     SATURNA 0.0240 0.3856 0.5905 
        SAVA 0.2034 0.1539 0.6428 
       SAXON 0.6527 0.2306 0.1167 
 SCARBOROUGH 0.8008 0.1794 0.0199 
 SEFTON_WOND 0.2985 0.5725 0.1289 
    SERAFINA 0.0992 0.1920 0.7088 
     SETANTA 0.5318 0.1016 0.3665 
 SHARPE'S_EX 0.1200 0.6925 0.1875 
     SHELAGH 0.3265 0.3210 0.3525 
    SHELFORD 0.1212 0.2762 0.6026 
     SHEPODY 0.2114 0.3291 0.4595 
      SLANEY 0.6006 0.0265 0.3730 
        SPEY 0.6069 0.0090 0.3841 
      SPUNTA 0.2688 0.2595 0.4717 
     STAMINA 0.8141 0.0243 0.1617 
    STEMSTER 0.3515 0.2879 0.3606 
 STORMONT_EN 0.2823 0.2868 0.4308 
    STIRLING 0.4850 0.0257 0.4893 
     SYLVANA 0.2391 0.1787 0.5821 
         TAY 0.6831 0.0406 0.2763 
      TIMATE 0.1562 0.1662 0.6777 
      TOLUCA 0.0888 0.1212 0.7900 
    TORRIDON 0.2423 0.1816 0.5761 
 ULSTER_SCEP 0.5087 0.2201 0.2712 
 UMATILLA_RU 0.3356 0.4857 0.1787 
 VALES_EMERA 0.3796 0.1837 0.4367 
 VALES_EVERE 0.5614 0.1635 0.2751 
 VALES_RUSSE 0.1765 0.3989 0.4246 
 VALES_SOVER 0.6898 0.0087 0.3015 
       VALOR 0.6873 0.0085 0.3042 
    VAN_GOGH 0.1313 0.2651 0.6036 
     VANTAGE 0.0632 0.4497 0.4871 
       VERDI 0.1368 0.2993 0.5638 
    VICTORIA 0.1420 0.1827 0.6753 
     VIVALDI 0.0659 0.1406 0.7936 
       WILJA 0.0955 0.3276 0.5769 
     WINSTON 0.6769 0.0296 0.2935 
      XD2-21 0.3249 0.2808 0.3943 
  YUKON_GOLD 0.3962 0.0793 0.5245 
       ZORBA 0.1477 0.2508 0.6015 
