  00C133-020 0.4009 0.0102 0.2532 0.0223 0.0239 0.0126 0.2770 
 01C_071-002 0.1821 0.0406 0.0288 0.1984 0.1521 0.1392 0.2589 
 02M_012-001 0.4785 0.0044 0.1765 0.0257 0.1721 0.0817 0.0610 
 03M_016-002 0.3567 0.2237 0.0097 0.0069 0.3339 0.0505 0.0186 
 03M_034-002 0.3568 0.0078 0.2993 0.0645 0.1985 0.0026 0.0706 
 04C_055-004 0.4439 0.0537 0.0875 0.0358 0.0639 0.2777 0.0375 
 04C_126-005 0.2037 0.0121 0.2407 0.1248 0.1122 0.0140 0.2925 
 04M_034-013 0.4020 0.1414 0.1188 0.0330 0.2177 0.0792 0.0078 
 05M_002-001 0.1281 0.1575 0.0637 0.3027 0.1054 0.1895 0.0532 
 05M_004-003 0.1338 0.0793 0.1789 0.3579 0.0087 0.0726 0.1688 
 05M_012-004 0.0939 0.1840 0.2799 0.2619 0.0434 0.0087 0.1282 
 06C_127-002 0.1573 0.0801 0.4152 0.0092 0.0396 0.2248 0.0737 
 12288_AF_23 0.3551 0.1011 0.1782 0.0208 0.0072 0.1333 0.2044 
    12601AB1 0.2057 0.0021 0.3383 0.0043 0.4427 0.0028 0.0041 
   12636_A_2 0.3462 0.0528 0.2899 0.0067 0.1926 0.0035 0.1082 
  15119_AC_5 0.2576 0.0197 0.0063 0.0162 0.1811 0.0021 0.5172 
     1512C16 0.0063 0.3039 0.1467 0.0739 0.2239 0.0932 0.1522 
   15144_A_3 0.0108 0.0051 0.0538 0.0076 0.0440 0.2403 0.6383 
     1563C14 0.0163 0.0805 0.0089 0.1588 0.4323 0.2315 0.0716 
     2182EF7 0.0213 0.2592 0.2919 0.1238 0.0545 0.0111 0.2383 
     3681AD1 0.0439 0.0635 0.1538 0.3872 0.0717 0.0211 0.2587 
     5008AB6 0.0066 0.0072 0.2631 0.2740 0.1276 0.1151 0.2063 
    8204_A_4 0.0502 0.1240 0.3953 0.1094 0.0315 0.0524 0.2372 
       AGRIA 0.0384 0.1074 0.0767 0.4227 0.0320 0.3191 0.0036 
       AILSA 0.4500 0.0528 0.2190 0.0038 0.0956 0.1691 0.0098 
      ALMERA 0.0887 0.2233 0.0118 0.3888 0.0133 0.2422 0.0320 
       ALPHA 0.0409 0.1015 0.0601 0.3873 0.2270 0.1225 0.0608 
      ALWARA 0.0371 0.0265 0.0270 0.2549 0.0448 0.2882 0.3216 
      AMADRA 0.1648 0.0245 0.1169 0.2913 0.1617 0.2253 0.0154 
       AMOUR 0.3369 0.0230 0.1582 0.0110 0.0330 0.0334 0.4046 
        ANNA 0.0098 0.0436 0.1535 0.0169 0.1344 0.0021 0.6397 
   ANNABELLE 0.0092 0.0702 0.0990 0.4356 0.0295 0.3457 0.0108 
        ANYA 0.0106 0.0791 0.1542 0.0878 0.2088 0.3831 0.0763 
       ARGOS 0.2484 0.0863 0.0220 0.0660 0.0059 0.0582 0.5131 
     ARIELLE 0.0274 0.1407 0.0053 0.2937 0.0831 0.3368 0.1130 
      ARKULA 0.0093 0.0877 0.0989 0.4532 0.1283 0.1232 0.0994 
      ARMADA 0.1264 0.1150 0.0402 0.3765 0.1199 0.1506 0.0713 
   AVALANCHE 0.4465 0.1691 0.0155 0.2368 0.0104 0.0204 0.1013 
     BAILLIE 0.4562 0.0834 0.0820 0.1321 0.0107 0.0928 0.1428 
    BALMORAL 0.0234 0.2441 0.0737 0.2300 0.0193 0.0078 0.4018 
     BAMBINO 0.4366 0.0340 0.1519 0.0670 0.0162 0.0730 0.2214 
       BARNA 0.0578 0.0543 0.1308 0.0667 0.0556 0.2245 0.4104 
 BELLE_DE_FO 0.0025 0.0768 0.0022 0.0082 0.8125 0.0091 0.0888 
       BENOL 0.4192 0.0044 0.3099 0.0745 0.1820 0.0050 0.0050 
       BF_15 0.0033 0.0284 0.0042 0.1276 0.6873 0.0787 0.0705 
      BINTJE 0.0721 0.1957 0.0258 0.2044 0.3078 0.0950 0.0992 
 BIONICA_EX_ 0.0314 0.0626 0.3022 0.3215 0.1542 0.0269 0.1013 
 BLUE_DANUBE 0.0230 0.1469 0.0060 0.5212 0.1438 0.0080 0.1511 
      BONNIE 0.1727 0.0925 0.2165 0.2010 0.0303 0.1229 0.1642 
      BOUNTY 0.3863 0.0225 0.1780 0.1067 0.0182 0.0387 0.2496 
 BRITISH_QUE 0.0226 0.4373 0.0021 0.1380 0.3443 0.0035 0.0522 
     BRODICK 0.2938 0.0095 0.5594 0.0359 0.0285 0.0642 0.0087 
      BRODIE 0.0223 0.1941 0.1948 0.0052 0.0937 0.0163 0.4736 
      BUCHAN 0.0702 0.1233 0.2047 0.0031 0.0508 0.1373 0.4108 
      BURREN 0.0459 0.0167 0.1169 0.1092 0.1171 0.1502 0.4441 
     CABARET 0.4674 0.0748 0.1331 0.0095 0.2556 0.0055 0.0540 
      CAESAR 0.0111 0.0853 0.1905 0.3825 0.0027 0.2689 0.0591 
        CARA 0.0814 0.0117 0.1601 0.0144 0.0517 0.0160 0.6648 
 CARLINGFORD 0.0657 0.3196 0.2301 0.0440 0.0168 0.1558 0.1681 
  CASABLANCA 0.2761 0.1115 0.1230 0.2507 0.0024 0.0031 0.2332 
      CELINE 0.0417 0.0250 0.1778 0.4607 0.0978 0.0125 0.1845 
  CHALLENGER 0.1587 0.1760 0.0960 0.2833 0.0913 0.1911 0.0037 
   CHARLOTTE 0.0251 0.0052 0.2843 0.0142 0.1544 0.5058 0.0109 
     CHICAGO 0.4606 0.0057 0.0911 0.2025 0.0576 0.1698 0.0128 
   CHIEFTAIN 0.0089 0.3686 0.2146 0.0067 0.0770 0.2652 0.0591 
      CHOPIN 0.0157 0.2253 0.1328 0.4101 0.0245 0.1706 0.0211 
      CLARET 0.0903 0.0390 0.0941 0.0076 0.0354 0.1317 0.6020 
      CORINE 0.1505 0.1498 0.1280 0.3039 0.0820 0.0049 0.1810 
      COSMOS 0.1247 0.2236 0.0457 0.4599 0.0453 0.0787 0.0221 
     COURAGE 0.0381 0.1533 0.1219 0.3334 0.1068 0.1300 0.1164 
     COURLAN 0.0753 0.2542 0.1195 0.0474 0.0567 0.2981 0.1489 
 CRAIGS_ROYA 0.1737 0.2103 0.1346 0.0040 0.0606 0.0569 0.3600 
 CRAIGS_SNOW 0.1756 0.3287 0.0112 0.0168 0.2611 0.1085 0.0980 
     CRAMOND 0.3401 0.0622 0.3778 0.1716 0.0099 0.0053 0.0331 
 CRISPS_FOR_ 0.0783 0.1435 0.1263 0.2730 0.0524 0.2772 0.0493 
    CROMWELL 0.6270 0.0051 0.0047 0.0130 0.2029 0.0560 0.0912 
       D22/1 0.5417 0.1485 0.0041 0.0248 0.1445 0.0062 0.1302 
       D23/3 0.3801 0.1881 0.0246 0.0148 0.2714 0.0844 0.0367 
      D47-11 0.6982 0.0169 0.0076 0.0273 0.2258 0.0048 0.0195 
       D49/1 0.7439 0.0115 0.0240 0.0121 0.1434 0.0624 0.0027 
       DAISY 0.4166 0.0153 0.1097 0.1420 0.1998 0.1089 0.0077 
 DARK_RED_NO 0.0357 0.4104 0.0891 0.0196 0.0807 0.2459 0.1186 
     DARWINA 0.1186 0.1927 0.0149 0.4035 0.0945 0.1553 0.0204 
     DESIREE 0.0034 0.0653 0.0126 0.1487 0.1423 0.3446 0.2831 
       DITTA 0.0320 0.1905 0.0096 0.3044 0.1185 0.3258 0.0191 
 DR._MCINTOS 0.0397 0.5089 0.2206 0.0875 0.0254 0.0368 0.0812 
       DRAGA 0.1291 0.3188 0.1253 0.2946 0.0057 0.0558 0.0707 
 DUKE_OF_YOR 0.0031 0.4011 0.0037 0.2479 0.3350 0.0043 0.0048 
 DUNBAR_STAN 0.1702 0.4546 0.0158 0.0062 0.2198 0.0573 0.0761 
     DUNDROD 0.4423 0.0767 0.0769 0.0058 0.1362 0.1723 0.0898 
     ECLIPSE 0.0144 0.2998 0.1062 0.0032 0.3739 0.1999 0.0026 
        EDEN 0.5776 0.0103 0.1998 0.0058 0.1966 0.0048 0.0051 
 EDZELL_BLUE 0.0299 0.1328 0.1003 0.1808 0.3213 0.0983 0.1366 
   ELISABETH 0.0830 0.0578 0.2392 0.2592 0.0090 0.3435 0.0083 
     EMPEROR 0.1483 0.3067 0.1736 0.1189 0.0084 0.2377 0.0064 
         EOS 0.2047 0.1476 0.2076 0.1371 0.0132 0.2735 0.0164 
     EPICURE 0.0049 0.3209 0.1303 0.0279 0.3577 0.1418 0.0164 
  ERNTESTOLZ 0.0233 0.2054 0.0537 0.2609 0.2335 0.1659 0.0574 
      ESCORT 0.0957 0.0114 0.2025 0.3824 0.0164 0.2431 0.0485 
   ESMERALDA 0.0910 0.0181 0.1773 0.3070 0.1631 0.1600 0.0835 
      ESTIMA 0.1244 0.2232 0.0766 0.3165 0.0605 0.1911 0.0077 
 EVE_BALFOUR 0.0706 0.0786 0.2432 0.0189 0.2294 0.0127 0.3465 
   EXCALIBUR 0.3584 0.0034 0.2725 0.0333 0.0037 0.0164 0.3123 
     EXQUISA 0.0049 0.0063 0.0296 0.2747 0.1662 0.3845 0.1337 
    FESTIVAL 0.0974 0.0396 0.1739 0.4204 0.0090 0.2442 0.0155 
      FIANNA 0.0271 0.2325 0.1051 0.3634 0.0069 0.0857 0.1791 
   FIFTYFOLD 0.0558 0.1415 0.0404 0.0116 0.5266 0.1469 0.0772 
     FONTANE 0.1775 0.1567 0.0637 0.3601 0.0148 0.2216 0.0056 
   FORTYFOLD 0.0031 0.1922 0.0048 0.2384 0.5368 0.0041 0.0205 
 FRONTIER_RU 0.0817 0.4449 0.0793 0.0140 0.1159 0.2572 0.0071 
     G.81071 0.0881 0.1978 0.2990 0.1486 0.0820 0.0544 0.1299 
     G.88661 0.1527 0.3185 0.2727 0.1484 0.0038 0.0957 0.0082 
    G.886611 0.1362 0.2725 0.3559 0.0359 0.0036 0.1804 0.0155 
  G.8867Y%12 0.0202 0.3388 0.2696 0.0883 0.0041 0.1792 0.0997 
     G.88839 0.0036 0.0047 0.1224 0.3958 0.0173 0.4513 0.0049 
     G.88842 0.0069 0.1179 0.1541 0.4011 0.0111 0.2154 0.0934 
   GALACTICA 0.0133 0.1081 0.0028 0.3182 0.1479 0.0103 0.3994 
      GEMSON 0.0929 0.2807 0.1420 0.0188 0.1300 0.0766 0.2590 
  GL.76B/102 0.1602 0.1296 0.0162 0.1292 0.3213 0.2372 0.0063 
   GL.76B/94 0.0033 0.0160 0.0050 0.2671 0.5227 0.0400 0.1459 
  GL.77M/106 0.1211 0.0120 0.3280 0.0070 0.1905 0.1433 0.1981 
   GL.78/166 0.0655 0.1142 0.0025 0.1511 0.5798 0.0281 0.0588 
    GL.78/53 0.1461 0.0050 0.1455 0.0047 0.5275 0.1625 0.0089 
    GL.78/97 0.0966 0.0273 0.0563 0.0836 0.5677 0.1376 0.0309 
    GL.79/42 0.1195 0.0034 0.1098 0.0341 0.5382 0.1893 0.0057 
    GL.79/45 0.0444 0.0048 0.1020 0.0390 0.5708 0.1509 0.0880 
 GL.81_NT_25 0.5409 0.0091 0.0034 0.0568 0.3378 0.0048 0.0473 
   GLADIATOR 0.0792 0.1699 0.1211 0.1954 0.0057 0.2800 0.1488 
      GLAMIS 0.4160 0.1624 0.0916 0.0889 0.0155 0.1846 0.0411 
 GOLDEN_MILL 0.2805 0.0056 0.5012 0.0391 0.1135 0.0124 0.0477 
 GOLDEN_NUGG 0.0197 0.0073 0.2717 0.4523 0.0413 0.0148 0.1929 
 GOLDEN_WOND 0.0205 0.1329 0.0614 0.0798 0.5544 0.1227 0.0283 
     GRANOLA 0.0330 0.0066 0.2514 0.1422 0.1132 0.4435 0.0101 
    H1H3_101 0.6820 0.0095 0.0024 0.0036 0.2928 0.0036 0.0061 
      H1H3_3 0.3742 0.1556 0.1959 0.0792 0.1562 0.0117 0.0274 
 HARBOROUGH_ 0.4505 0.0083 0.5060 0.0189 0.0081 0.0047 0.0035 
   HARLEQUIN 0.0754 0.0125 0.1827 0.0159 0.1743 0.4562 0.0831 
      HERMES 0.0739 0.0590 0.0033 0.2235 0.0957 0.3118 0.2329 
 HIGHLAND_BU 0.0053 0.0129 0.0723 0.1119 0.7916 0.0025 0.0035 
  HOME_GUARD 0.1226 0.2794 0.1997 0.0198 0.2073 0.0555 0.1157 
     HORIZON 0.1020 0.0252 0.0253 0.4548 0.2361 0.0602 0.0964 
   INNOVATOR 0.0066 0.4681 0.0161 0.3040 0.1315 0.0035 0.0703 
 INTERNATION 0.0059 0.0861 0.0036 0.0440 0.8455 0.0049 0.0099 
 ISLE_OF_JUR 0.4131 0.0368 0.1093 0.0863 0.1207 0.0840 0.1499 
    JULIETTE 0.0090 0.0054 0.1467 0.2363 0.0593 0.5311 0.0122 
     KARLENA 0.0590 0.2528 0.0035 0.2409 0.1669 0.0262 0.2506 
 KERR'S_PINK 0.0675 0.3346 0.0638 0.0064 0.4158 0.0444 0.0675 
     KESTREL 0.3067 0.0182 0.1534 0.0035 0.0055 0.1326 0.3802 
       KIFLI 0.0720 0.0088 0.1305 0.0961 0.1931 0.4904 0.0090 
 KING_EDWARD 0.0358 0.1259 0.0197 0.0040 0.6996 0.1123 0.0027 
    KINGSTON 0.3687 0.0043 0.2668 0.1217 0.1830 0.0075 0.0481 
 KUFRI_CHAND 0.1103 0.3894 0.0493 0.1117 0.1381 0.1259 0.0754 
 KUFRI_JYOTI 0.0052 0.0521 0.2629 0.2408 0.1458 0.0374 0.2557 
      KURODA 0.0515 0.1825 0.0125 0.4612 0.0085 0.1481 0.1358 
 LADY_BALFOU 0.1487 0.1380 0.1553 0.0565 0.1390 0.0148 0.3478 
 LADY_CHRIST 0.0511 0.0635 0.0857 0.4333 0.2852 0.0490 0.0323 
 LADY_CLAIRE 0.0134 0.0358 0.0029 0.7004 0.2119 0.0196 0.0160 
     LADY_JO 0.0257 0.1076 0.0031 0.5730 0.2774 0.0023 0.0108 
 LADY_ROSETT 0.1035 0.1302 0.1128 0.3425 0.1287 0.1103 0.0721 
    LIBERTAS 0.0054 0.0063 0.0031 0.5307 0.2987 0.0023 0.1535 
       LINDA 0.0052 0.0084 0.0506 0.1283 0.2123 0.5439 0.0514 
      LINTON 0.1853 0.1782 0.0086 0.1590 0.0218 0.2831 0.1639 
 LINZER_DELI 0.0070 0.0415 0.1362 0.2125 0.2006 0.3805 0.0217 
   LIONHEART 0.0370 0.1981 0.1253 0.4767 0.0267 0.0676 0.0686 
   MADELEINE 0.0298 0.0096 0.1734 0.3697 0.0842 0.3089 0.0243 
   MADINGLEY 0.1464 0.0743 0.0172 0.1488 0.0317 0.3702 0.2114 
    MAJESTIC 0.0109 0.5121 0.1895 0.0797 0.0380 0.0722 0.0976 
     MARABEL 0.0100 0.0935 0.0963 0.4765 0.0069 0.2915 0.0252 
     MARFONA 0.1130 0.1770 0.0223 0.4637 0.1364 0.0237 0.0639 
     MARILYN 0.0098 0.0430 0.1333 0.2893 0.0950 0.3121 0.1176 
 MARIS_ANCHO 0.0566 0.2257 0.0903 0.2753 0.1664 0.1642 0.0216 
  MARIS_BARD 0.2440 0.2664 0.0521 0.2603 0.0994 0.0015 0.0764 
  MARIS_PEER 0.1511 0.3316 0.0952 0.0093 0.1183 0.1077 0.1868 
 MARIS_PIPER 0.8067 0.0058 0.0141 0.0184 0.1238 0.0242 0.0070 
     MARKIES 0.0176 0.0334 0.0328 0.4332 0.1220 0.2913 0.0696 
      MAXINE 0.3874 0.2675 0.0878 0.0082 0.0074 0.1218 0.1199 
      MEGARA 0.0534 0.0101 0.0910 0.4768 0.0780 0.2655 0.0251 
      MELODY 0.0657 0.0229 0.0619 0.3677 0.1638 0.1604 0.1574 
       MIDAS 0.4836 0.0038 0.0173 0.1483 0.1135 0.2246 0.0089 
       MILVA 0.0083 0.0270 0.1223 0.3499 0.1892 0.2764 0.0269 
        MIMI 0.2296 0.0066 0.2043 0.2993 0.1161 0.0150 0.1290 
        MIRA 0.0107 0.0707 0.0120 0.5973 0.2259 0.0072 0.0760 
       MOIRA 0.0366 0.1366 0.1088 0.2672 0.1255 0.1884 0.1370 
    MONTROSE 0.3670 0.0024 0.3675 0.0042 0.2490 0.0051 0.0049 
       MORAG 0.0655 0.1753 0.3188 0.0354 0.1879 0.0066 0.2106 
      MORENE 0.0037 0.1282 0.0082 0.5768 0.1653 0.0074 0.1105 
      MOZART 0.0084 0.0242 0.2883 0.3639 0.0027 0.3046 0.0080 
 MYATT'S_ASH 0.0035 0.1057 0.0024 0.1591 0.7098 0.0068 0.0127 
      NADINE 0.3749 0.0581 0.2041 0.0362 0.0068 0.2115 0.1084 
       NAVAN 0.6535 0.0829 0.1006 0.0205 0.0385 0.0449 0.0590 
 NDTX_4271_5 0.1355 0.2598 0.2606 0.0038 0.0089 0.3206 0.0108 
      NICOLA 0.0042 0.0570 0.0051 0.2849 0.1680 0.4724 0.0085 
     NOVELLA 0.0218 0.0930 0.1373 0.3813 0.0328 0.1689 0.1647 
     OLYMPUS 0.1835 0.1352 0.3964 0.0090 0.1245 0.1018 0.0496 
       OPERA 0.0842 0.0908 0.1511 0.3477 0.0128 0.1995 0.1139 
   ORCHESTRA 0.1126 0.0130 0.1059 0.3347 0.0798 0.3232 0.0308 
      ORIANA 0.0043 0.2061 0.0074 0.3985 0.0543 0.1460 0.1834 
     OTHELLO 0.1078 0.1103 0.1443 0.0029 0.0082 0.1042 0.5223 
     PALADIN 0.6281 0.0585 0.0737 0.0320 0.1967 0.0046 0.0064 
       PANDA 0.0769 0.0077 0.0953 0.1963 0.0256 0.5325 0.0657 
   PARAMOUNT 0.0054 0.0274 0.1599 0.1792 0.0667 0.1264 0.4350 
    PATRONES 0.0769 0.2152 0.0122 0.3071 0.1711 0.1601 0.0574 
 PENTLAND_AC 0.1340 0.1880 0.1068 0.1386 0.1365 0.1263 0.1697 
 PENTLAND_BE 0.0207 0.2994 0.0056 0.0881 0.3994 0.0043 0.1823 
 PENTLAND_CR 0.0186 0.1387 0.3422 0.3061 0.1057 0.0030 0.0858 
 PENTLAND_DE 0.0076 0.2537 0.2879 0.0272 0.2383 0.0179 0.1674 
 PENTLAND_IV 0.0258 0.3316 0.2823 0.0046 0.0571 0.1679 0.1307 
 PENTLAND_JA 0.0279 0.4223 0.2042 0.2158 0.0724 0.0129 0.0444 
 PENTLAND_MA 0.0072 0.1230 0.1374 0.3503 0.0980 0.0401 0.2440 
 PENTLAND_SQ 0.0105 0.2096 0.3517 0.1462 0.1882 0.0155 0.0783 
   PEPO_1978 0.1003 0.0378 0.0570 0.3077 0.1265 0.3490 0.0219 
     PICASSO 0.1403 0.0341 0.0353 0.2350 0.0030 0.0490 0.5033 
   PIMPERNEL 0.0169 0.0033 0.0889 0.4177 0.2162 0.1246 0.1324 
     PIONEER 0.0057 0.0164 0.1785 0.0971 0.1717 0.5259 0.0047 
       PIXIE 0.2543 0.0182 0.3022 0.0494 0.0053 0.1305 0.2400 
    PREMIERE 0.0596 0.1524 0.0128 0.5194 0.2359 0.0030 0.0168 
   PRODUCENT 0.1863 0.0582 0.0961 0.4142 0.0941 0.1442 0.0068 
     PROVOST 0.0092 0.2769 0.1942 0.1719 0.1337 0.0641 0.1499 
  R.P.LUSTRE 0.1400 0.1858 0.1840 0.0095 0.2206 0.2355 0.0246 
 RANGER_RUSS 0.0031 0.5376 0.0024 0.0852 0.1781 0.0767 0.1169 
       RATTE 0.0640 0.0341 0.2244 0.0100 0.4963 0.1628 0.0083 
      RECORD 0.0061 0.0094 0.0041 0.5768 0.2851 0.0087 0.1097 
   REMBRANDT 0.0848 0.1665 0.0944 0.4161 0.1241 0.1041 0.0101 
    RIO_ROJO 0.0323 0.3265 0.1666 0.0435 0.0454 0.2321 0.1536 
      ROBIJN 0.0043 0.0168 0.0039 0.5194 0.3071 0.0620 0.0864 
      ROCKET 0.4571 0.1247 0.1641 0.0160 0.1634 0.0198 0.0549 
   RODE_STAR 0.0093 0.0016 0.0094 0.2967 0.4021 0.2312 0.0498 
      ROMANO 0.0117 0.0083 0.1575 0.3328 0.0170 0.1724 0.3002 
       ROMEO 0.0064 0.0523 0.2153 0.0053 0.1957 0.2459 0.2792 
     ROOSTER 0.0087 0.1339 0.3255 0.1922 0.1386 0.0272 0.1739 
       ROYAL 0.3387 0.0066 0.0132 0.1452 0.0965 0.3331 0.0668 
 ROYAL_KIDNE 0.0039 0.5213 0.0109 0.0680 0.3683 0.0030 0.0245 
     RUBESSE 0.0124 0.1641 0.1630 0.2194 0.0713 0.2731 0.0966 
 RUSSET_BURB 0.0149 0.5457 0.0765 0.0846 0.1074 0.1318 0.0390 
 RUSSET_NORK 0.0252 0.5657 0.1038 0.0027 0.0251 0.2710 0.0064 
      SAFARI 0.0089 0.0395 0.2237 0.5010 0.0213 0.0465 0.1591 
     SANTANA 0.1354 0.2009 0.0330 0.3696 0.0752 0.1152 0.0708 
       SANTE 0.0880 0.0100 0.2116 0.4714 0.1161 0.0548 0.0480 
     SAPHIRE 0.0392 0.2592 0.1793 0.4561 0.0056 0.0348 0.0258 
  SARPO_MIRA 0.0609 0.0079 0.0089 0.1529 0.1681 0.4238 0.1775 
 SARPO_SHONA 0.0469 0.0076 0.0303 0.2603 0.0934 0.3919 0.1696 
       SASSY 0.0814 0.1470 0.0457 0.2706 0.2142 0.1587 0.0825 
     SATURNA 0.0462 0.0041 0.0046 0.3998 0.2740 0.2608 0.0105 
        SAVA 0.1198 0.1554 0.0695 0.2352 0.0278 0.3738 0.0186 
       SAXON 0.4662 0.0113 0.2586 0.0812 0.1261 0.0133 0.0434 
 SCARBOROUGH 0.5191 0.0045 0.4116 0.0044 0.0495 0.0084 0.0025 
 SEFTON_WOND 0.0910 0.3154 0.1351 0.0084 0.4044 0.0050 0.0409 
    SERAFINA 0.0035 0.0126 0.1600 0.2190 0.1378 0.3750 0.0921 
     SETANTA 0.0950 0.0401 0.5067 0.1103 0.0793 0.0473 0.1212 
 SHARPE'S_EX 0.1009 0.1151 0.0095 0.0375 0.5808 0.1218 0.0345 
     SHELAGH 0.1271 0.0198 0.1321 0.1539 0.2738 0.0450 0.2484 
    SHELFORD 0.0333 0.0836 0.0025 0.1462 0.1523 0.3341 0.2480 
     SHEPODY 0.0064 0.4218 0.0072 0.2294 0.1546 0.0024 0.1782 
      SLANEY 0.2304 0.0482 0.1951 0.0092 0.0071 0.1355 0.3746 
        SPEY 0.2191 0.0180 0.2196 0.0454 0.0032 0.0683 0.4264 
      SPUNTA 0.0645 0.0407 0.1692 0.0566 0.2049 0.3127 0.1514 
     STAMINA 0.6166 0.0704 0.0407 0.0259 0.0021 0.0165 0.2278 
    STEMSTER 0.3056 0.0279 0.0162 0.1778 0.1603 0.1815 0.1307 
 STORMONT_EN 0.1762 0.1278 0.0292 0.2716 0.1677 0.0595 0.1679 
    STIRLING 0.0544 0.1529 0.3741 0.1573 0.0106 0.0115 0.2391 
     SYLVANA 0.0963 0.2358 0.0752 0.2628 0.0334 0.2006 0.0959 
         TAY 0.2415 0.0166 0.4924 0.0275 0.0180 0.0417 0.1623 
      TIMATE 0.1118 0.0559 0.0716 0.3437 0.0423 0.3686 0.0061 
      TOLUCA 0.0048 0.0830 0.0678 0.3227 0.0302 0.3179 0.1735 
    TORRIDON 0.0202 0.0562 0.1582 0.3474 0.1170 0.0509 0.2502 
 ULSTER_SCEP 0.2802 0.3350 0.1611 0.1206 0.0344 0.0062 0.0625 
 UMATILLA_RU 0.2817 0.0372 0.0758 0.1499 0.3739 0.0341 0.0474 
 VALES_EMERA 0.1624 0.0459 0.2711 0.0187 0.1038 0.3621 0.0360 
 VALES_EVERE 0.1280 0.0560 0.3467 0.0145 0.1417 0.0093 0.3037 
 VALES_RUSSE 0.0189 0.4483 0.0910 0.0535 0.2076 0.1610 0.0196 
 VALES_SOVER 0.2999 0.0063 0.0937 0.0182 0.0029 0.0094 0.5697 
       VALOR 0.2694 0.0069 0.2597 0.0613 0.0027 0.0065 0.3934 
    VAN_GOGH 0.0817 0.0362 0.1001 0.4975 0.1573 0.1133 0.0138 
     VANTAGE 0.0218 0.2267 0.0023 0.3697 0.2753 0.0092 0.0949 
       VERDI 0.1032 0.0209 0.0203 0.2976 0.2055 0.2695 0.0830 
    VICTORIA 0.0205 0.2618 0.1000 0.4099 0.0272 0.1615 0.0191 
     VIVALDI 0.0040 0.2466 0.0212 0.4731 0.0179 0.1104 0.1267 
       WILJA 0.0198 0.1349 0.0021 0.5490 0.1710 0.0021 0.1211 
     WINSTON 0.3731 0.0623 0.2022 0.0071 0.0033 0.1625 0.1895 
      XD2-21 0.0601 0.2667 0.1616 0.0841 0.1716 0.0531 0.2029 
  YUKON_GOLD 0.1228 0.2926 0.2707 0.0631 0.0034 0.2399 0.0075 
       ZORBA 0.0098 0.2369 0.0457 0.4306 0.1469 0.0099 0.1203 
