  00C133-020 0.1932 0.0714 0.7355 
 01C_071-002 0.4357 0.2457 0.3187 
 02M_012-001 0.0954 0.2833 0.6213 
 03M_016-002 0.0589 0.5436 0.3974 
 03M_034-002 0.0854 0.2792 0.6354 
 04C_055-004 0.2927 0.1937 0.5136 
 04C_126-005 0.3285 0.1472 0.5243 
 04M_034-013 0.1251 0.3886 0.4864 
 05M_002-001 0.5361 0.2529 0.2109 
 05M_004-003 0.5692 0.0710 0.3599 
 05M_012-004 0.4583 0.1434 0.3983 
 06C_127-002 0.3710 0.1221 0.5069 
 12288_AF_23 0.3113 0.0704 0.6184 
    12601AB1 0.0117 0.5306 0.4578 
   12636_A_2 0.0567 0.2946 0.6487 
  15119_AC_5 0.1543 0.2732 0.5725 
     1512C16 0.4362 0.3517 0.2122 
   15144_A_3 0.5778 0.0384 0.3838 
     1563C14 0.4038 0.5433 0.0529 
     2182EF7 0.4765 0.1294 0.3941 
     3681AD1 0.6004 0.1372 0.2624 
     5008AB6 0.5934 0.1613 0.2453 
    8204_A_4 0.4675 0.0627 0.4698 
       AGRIA 0.7176 0.1949 0.0874 
       AILSA 0.1136 0.2537 0.6328 
      ALMERA 0.6837 0.1727 0.1436 
       ALPHA 0.5406 0.3497 0.1097 
      ALWARA 0.6815 0.1137 0.2047 
      AMADRA 0.4840 0.2657 0.2503 
       AMOUR 0.2438 0.0766 0.6797 
        ANNA 0.3796 0.1392 0.4812 
   ANNABELLE 0.7971 0.1510 0.0519 
        ANYA 0.5672 0.2799 0.1528 
       ARGOS 0.4167 0.0220 0.5614 
     ARIELLE 0.6840 0.2206 0.0955 
      ARKULA 0.6714 0.2266 0.1020 
      ARMADA 0.5588 0.2400 0.2012 
   AVALANCHE 0.3066 0.1684 0.5250 
     BAILLIE 0.2947 0.1157 0.5896 
    BALMORAL 0.5482 0.0774 0.3744 
     BAMBINO 0.2400 0.0929 0.6671 
       BARNA 0.5443 0.0800 0.3757 
 BELLE_DE_FO 0.0577 0.9312 0.0111 
       BENOL 0.0787 0.2964 0.6249 
       BF_15 0.2142 0.7760 0.0098 
      BINTJE 0.3916 0.4550 0.1534 
 BIONICA_EX_ 0.5001 0.2212 0.2787 
 BLUE_DANUBE 0.6168 0.2604 0.1228 
      BONNIE 0.4667 0.1039 0.4294 
      BOUNTY 0.2750 0.0844 0.6406 
 BRITISH_QUE 0.3213 0.5540 0.1247 
     BRODICK 0.2236 0.0840 0.6924 
      BRODIE 0.3832 0.1478 0.4689 
      BUCHAN 0.3854 0.1126 0.5020 
      BURREN 0.5093 0.1259 0.3647 
     CABARET 0.0206 0.3876 0.5919 
      CAESAR 0.7905 0.0207 0.1888 
        CARA 0.4068 0.0426 0.5506 
 CARLINGFORD 0.4977 0.1297 0.3726 
  CASABLANCA 0.4141 0.0210 0.5649 
      CELINE 0.5985 0.1534 0.2480 
  CHALLENGER 0.4908 0.2738 0.2354 
   CHARLOTTE 0.5602 0.2101 0.2297 
     CHICAGO 0.2879 0.2009 0.5112 
   CHIEFTAIN 0.4890 0.2418 0.2692 
      CHOPIN 0.6888 0.1694 0.1417 
      CLARET 0.4696 0.0444 0.4860 
      CORINE 0.4318 0.1937 0.3745 
      COSMOS 0.6009 0.2141 0.1850 
     COURAGE 0.6008 0.2057 0.1935 
     COURLAN 0.5168 0.1978 0.2855 
 CRAIGS_ROYA 0.3063 0.1498 0.5438 
 CRAIGS_SNOW 0.2604 0.4533 0.2863 
     CRAMOND 0.2716 0.0889 0.6395 
 CRISPS_FOR_ 0.6075 0.1750 0.2174 
    CROMWELL 0.0292 0.3546 0.6162 
       D22/1 0.0520 0.3289 0.6190 
       D23/3 0.1212 0.4404 0.4384 
      D47-11 0.0086 0.3755 0.6159 
       D49/1 0.0121 0.3200 0.6679 
       DAISY 0.1945 0.3399 0.4656 
 DARK_RED_NO 0.5016 0.2664 0.2320 
     DARWINA 0.5789 0.2701 0.1510 
     DESIREE 0.6854 0.2201 0.0945 
       DITTA 0.6661 0.2783 0.0555 
 DR._MCINTOS 0.4728 0.1868 0.3404 
       DRAGA 0.5620 0.1058 0.3321 
 DUKE_OF_YOR 0.4311 0.5338 0.0351 
 DUNBAR_STAN 0.2082 0.4551 0.3367 
     DUNDROD 0.1506 0.2947 0.5547 
     ECLIPSE 0.2686 0.5660 0.1654 
        EDEN 0.0078 0.3242 0.6680 
 EDZELL_BLUE 0.3939 0.4374 0.1687 
   ELISABETH 0.6596 0.0881 0.2523 
     EMPEROR 0.4967 0.1684 0.3348 
         EOS 0.4868 0.1306 0.3826 
     EPICURE 0.3800 0.5009 0.1191 
  ERNTESTOLZ 0.5164 0.3678 0.1159 
      ESCORT 0.6614 0.0823 0.2563 
   ESMERALDA 0.5095 0.2485 0.2420 
      ESTIMA 0.5508 0.2459 0.2033 
 EVE_BALFOUR 0.2741 0.2679 0.4580 
   EXCALIBUR 0.2429 0.0091 0.7480 
     EXQUISA 0.7149 0.2502 0.0350 
    FESTIVAL 0.6893 0.0862 0.2245 
      FIANNA 0.6586 0.1008 0.2406 
   FIFTYFOLD 0.2009 0.6426 0.1565 
     FONTANE 0.5862 0.1809 0.2329 
   FORTYFOLD 0.3063 0.6791 0.0146 
 FRONTIER_RU 0.4263 0.3350 0.2386 
     G.81071 0.4414 0.1679 0.3908 
     G.88661 0.4870 0.0853 0.4278 
    G.886611 0.4871 0.0401 0.4728 
  G.8867Y%12 0.5970 0.0437 0.3593 
     G.88839 0.8778 0.1022 0.0200 
     G.88842 0.7688 0.0880 0.1432 
   GALACTICA 0.5426 0.2371 0.2204 
      GEMSON 0.3706 0.2358 0.3936 
  GL.76B/102 0.3529 0.4882 0.1589 
   GL.76B/94 0.3722 0.6075 0.0203 
  GL.77M/106 0.2817 0.2361 0.4822 
   GL.78/166 0.2185 0.7193 0.0622 
    GL.78/53 0.0918 0.6297 0.2785 
    GL.78/97 0.1985 0.6578 0.1437 
    GL.79/42 0.1821 0.6226 0.1953 
    GL.79/45 0.2012 0.6408 0.1580 
 GL.81_NT_25 0.0142 0.4898 0.4960 
   GLADIATOR 0.6370 0.0783 0.2847 
      GLAMIS 0.3101 0.1683 0.5216 
 GOLDEN_MILL 0.1615 0.1811 0.6573 
 GOLDEN_NUGG 0.6338 0.0674 0.2988 
 GOLDEN_WOND 0.2306 0.6708 0.0986 
     GRANOLA 0.6127 0.1851 0.2022 
    H1H3_101 0.0041 0.4547 0.5412 
      H1H3_3 0.1528 0.2935 0.5538 
 HARBOROUGH_ 0.0956 0.0906 0.8138 
   HARLEQUIN 0.5083 0.2487 0.2430 
      HERMES 0.6148 0.2280 0.1572 
 HIGHLAND_BU 0.0774 0.8973 0.0253 
  HOME_GUARD 0.2755 0.3381 0.3863 
     HORIZON 0.5215 0.3529 0.1256 
   INNOVATOR 0.5118 0.3447 0.1436 
 INTERNATION 0.0283 0.9612 0.0105 
 ISLE_OF_JUR 0.2234 0.2165 0.5601 
    JULIETTE 0.7717 0.1513 0.0770 
     KARLENA 0.4739 0.2958 0.2303 
 KERR'S_PINK 0.1775 0.5943 0.2282 
     KESTREL 0.2750 0.0245 0.7006 
       KIFLI 0.5639 0.2708 0.1653 
 KING_EDWARD 0.0495 0.8475 0.1029 
    KINGSTON 0.1478 0.2736 0.5786 
 KUFRI_CHAND 0.4339 0.3209 0.2451 
 KUFRI_JYOTI 0.5402 0.1887 0.2711 
      KURODA 0.7211 0.1386 0.1403 
 LADY_BALFOU 0.3281 0.1986 0.4733 
 LADY_CHRIST 0.4917 0.3983 0.1100 
 LADY_CLAIRE 0.6436 0.3449 0.0115 
     LADY_JO 0.4995 0.4584 0.0421 
 LADY_ROSETT 0.5337 0.2416 0.2247 
    LIBERTAS 0.5232 0.4302 0.0466 
       LINDA 0.6603 0.3045 0.0352 
      LINTON 0.5278 0.1735 0.2987 
 LINZER_DELI 0.6317 0.2871 0.0812 
   LIONHEART 0.6492 0.1687 0.1821 
   MADELEINE 0.6738 0.1768 0.1494 
   MADINGLEY 0.5959 0.1475 0.2565 
    MAJESTIC 0.4918 0.2178 0.2904 
     MARABEL 0.8147 0.1062 0.0791 
     MARFONA 0.5376 0.2996 0.1628 
     MARILYN 0.6937 0.1724 0.1339 
 MARIS_ANCHO 0.5253 0.3107 0.1640 
  MARIS_BARD 0.2752 0.2866 0.4382 
  MARIS_PEER 0.3286 0.2719 0.3995 
 MARIS_PIPER 0.0077 0.2650 0.7273 
     MARKIES 0.7048 0.2456 0.0496 
      MAXINE 0.2657 0.1507 0.5836 
      MEGARA 0.7051 0.1870 0.1079 
      MELODY 0.5666 0.2603 0.1731 
       MIDAS 0.2621 0.2674 0.4705 
       MILVA 0.6541 0.2817 0.0642 
        MIMI 0.3740 0.1845 0.4415 
        MIRA 0.6066 0.3433 0.0502 
       MOIRA 0.5708 0.2283 0.2009 
    MONTROSE 0.0195 0.3470 0.6335 
       MORAG 0.2903 0.2733 0.4365 
      MORENE 0.6844 0.2858 0.0298 
      MOZART 0.7850 0.0143 0.2007 
 MYATT'S_ASH 0.1681 0.8240 0.0078 
      NADINE 0.3389 0.0702 0.5909 
       NAVAN 0.0688 0.1682 0.7630 
 NDTX_4271_5 0.4279 0.1555 0.4166 
      NICOLA 0.7012 0.2907 0.0081 
     NOVELLA 0.6847 0.1143 0.2010 
     OLYMPUS 0.2630 0.2171 0.5199 
       OPERA 0.6325 0.1055 0.2619 
   ORCHESTRA 0.6330 0.1839 0.1830 
      ORIANA 0.7366 0.1972 0.0661 
     OTHELLO 0.4043 0.0293 0.5663 
     PALADIN 0.0117 0.3501 0.6381 
       PANDA 0.7174 0.1205 0.1621 
   PARAMOUNT 0.6127 0.0856 0.3017 
    PATRONES 0.5271 0.3374 0.1355 
 PENTLAND_AC 0.4134 0.2592 0.3274 
 PENTLAND_BE 0.2783 0.5362 0.1856 
 PENTLAND_CR 0.4688 0.1853 0.3460 
 PENTLAND_DE 0.3473 0.3293 0.3234 
 PENTLAND_IV 0.4197 0.1779 0.4024 
 PENTLAND_JA 0.4783 0.2305 0.2912 
 PENTLAND_MA 0.6420 0.1613 0.1967 
 PENTLAND_SQ 0.4071 0.2651 0.3277 
   PEPO_1978 0.6312 0.2372 0.1315 
     PICASSO 0.5667 0.0124 0.4209 
   PIMPERNEL 0.5904 0.2895 0.1200 
     PIONEER 0.6557 0.2721 0.0721 
       PIXIE 0.3722 0.0219 0.6059 
    PREMIERE 0.4887 0.3926 0.1187 
   PRODUCENT 0.5244 0.2398 0.2358 
     PROVOST 0.5037 0.2384 0.2579 
  R.P.LUSTRE 0.3170 0.3496 0.3334 
 RANGER_RUSS 0.5083 0.4072 0.0845 
       RATTE 0.1984 0.5752 0.2263 
      RECORD 0.5813 0.4010 0.0178 
   REMBRANDT 0.5535 0.2871 0.1594 
    RIO_ROJO 0.5250 0.1881 0.2868 
      ROBIJN 0.5761 0.4125 0.0115 
      ROCKET 0.0921 0.2964 0.6116 
   RODE_STAR 0.4790 0.4930 0.0279 
      ROMANO 0.6940 0.0634 0.2426 
       ROMEO 0.4501 0.2332 0.3167 
     ROOSTER 0.4701 0.1968 0.3331 
       ROYAL 0.4020 0.2387 0.3593 
 ROYAL_KIDNE 0.2954 0.5851 0.1195 
     RUBESSE 0.6257 0.1770 0.1973 
 RUSSET_BURB 0.4723 0.3267 0.2010 
 RUSSET_NORK 0.4485 0.2827 0.2688 
      SAFARI 0.7215 0.0632 0.2153 
     SANTANA 0.5511 0.2267 0.2222 
       SANTE 0.5727 0.1893 0.2380 
     SAPHIRE 0.6589 0.1007 0.2404 
  SARPO_MIRA 0.6095 0.2534 0.1371 
 SARPO_SHONA 0.6861 0.1824 0.1315 
       SASSY 0.4823 0.3558 0.1619 
     SATURNA 0.5721 0.4016 0.0263 
        SAVA 0.6347 0.1660 0.1993 
       SAXON 0.1214 0.2263 0.6523 
 SCARBOROUGH 0.0271 0.1706 0.8022 
 SEFTON_WOND 0.1203 0.5780 0.3018 
    SERAFINA 0.6973 0.2068 0.0959 
     SETANTA 0.3684 0.1056 0.5260 
 SHARPE'S_EX 0.1715 0.7041 0.1244 
     SHELAGH 0.3436 0.3290 0.3274 
    SHELFORD 0.5909 0.2895 0.1196 
     SHEPODY 0.4532 0.3391 0.2077 
      SLANEY 0.3791 0.0262 0.5946 
        SPEY 0.3927 0.0087 0.5986 
      SPUNTA 0.4635 0.2697 0.2669 
     STAMINA 0.1698 0.0228 0.8074 
    STEMSTER 0.3536 0.2934 0.3530 
 STORMONT_EN 0.4212 0.2975 0.2814 
    STIRLING 0.4950 0.0251 0.4799 
     SYLVANA 0.5746 0.1904 0.2350 
         TAY 0.2795 0.0417 0.6788 
      TIMATE 0.6733 0.1772 0.1495 
      TOLUCA 0.7793 0.1315 0.0891 
    TORRIDON 0.5746 0.1897 0.2356 
 ULSTER_SCEP 0.2725 0.2190 0.5085 
 UMATILLA_RU 0.1674 0.4928 0.3398 
 VALES_EMERA 0.4372 0.1876 0.3752 
 VALES_EVERE 0.2785 0.1633 0.5582 
 VALES_RUSSE 0.4107 0.4115 0.1778 
 VALES_SOVER 0.3098 0.0095 0.6808 
       VALOR 0.3143 0.0071 0.6786 
    VAN_GOGH 0.5911 0.2800 0.1290 
     VANTAGE 0.4694 0.4635 0.0672 
       VERDI 0.5534 0.3116 0.1350 
    VICTORIA 0.6669 0.1968 0.1362 
     VIVALDI 0.7839 0.1542 0.0618 
       WILJA 0.5648 0.3384 0.0968 
     WINSTON 0.3053 0.0257 0.6691 
      XD2-21 0.3868 0.2864 0.3268 
  YUKON_GOLD 0.5219 0.0868 0.3913 
       ZORBA 0.5922 0.2625 0.1453 
