  00C133-020 0.0036 0.0074 0.1155 0.0247 0.0052 0.3848 0.2600 0.0280 0.1708 
 01C_071-002 0.0721 0.1387 0.0024 0.0361 0.1908 0.1231 0.2634 0.1188 0.0545 
 02M_012-001 0.0037 0.0640 0.0133 0.0082 0.2336 0.3826 0.0576 0.0116 0.2254 
 03M_016-002 0.1949 0.0219 0.0038 0.1830 0.2468 0.3188 0.0106 0.0028 0.0174 
 03M_034-002 0.0047 0.0020 0.0132 0.1260 0.0245 0.3388 0.0703 0.1141 0.3064 
 04C_055-004 0.0283 0.1950 0.1882 0.0067 0.1430 0.3811 0.0109 0.0189 0.0279 
 04C_126-005 0.0091 0.0103 0.0663 0.0742 0.0372 0.1909 0.2901 0.1246 0.1973 
 04M_034-013 0.1159 0.0427 0.0268 0.1215 0.1621 0.3644 0.0058 0.0338 0.1270 
 05M_002-001 0.1498 0.2181 0.0092 0.0945 0.0553 0.1227 0.0633 0.2360 0.0512 
 05M_004-003 0.0784 0.1299 0.0093 0.0112 0.0052 0.1453 0.1949 0.2985 0.1272 
 05M_012-004 0.1664 0.0057 0.1144 0.0308 0.0265 0.0812 0.1150 0.2561 0.2038 
 06C_127-002 0.0923 0.1797 0.1454 0.0170 0.0160 0.1031 0.0709 0.0059 0.3696 
 12288_AF_23 0.0293 0.0264 0.3954 0.0047 0.0313 0.3141 0.0676 0.0480 0.0832 
    12601AB1 0.0022 0.0022 0.0019 0.1756 0.2814 0.0829 0.0049 0.0032 0.4456 
   12636_A_2 0.0140 0.0027 0.0622 0.1585 0.0187 0.3211 0.1002 0.0086 0.3141 
  15119_AC_5 0.0173 0.0012 0.0065 0.0713 0.1774 0.2253 0.4899 0.0084 0.0027 
     1512C16 0.2323 0.0334 0.1649 0.2395 0.0296 0.0064 0.1143 0.1031 0.0764 
   15144_A_3 0.0023 0.1845 0.1198 0.0786 0.0052 0.0059 0.5946 0.0044 0.0047 
     1563C14 0.0355 0.1586 0.1209 0.2806 0.2520 0.0087 0.0145 0.1245 0.0047 
     2182EF7 0.2795 0.0234 0.0339 0.0530 0.0098 0.0158 0.2935 0.0858 0.2054 
     3681AD1 0.1050 0.0407 0.0128 0.0048 0.1370 0.0159 0.2663 0.3038 0.1138 
     5008AB6 0.0138 0.1214 0.0408 0.0155 0.1534 0.0026 0.2208 0.2323 0.1993 
    8204_A_4 0.1341 0.0346 0.1454 0.0193 0.0094 0.0329 0.2658 0.0863 0.2723 
       AGRIA 0.0932 0.3892 0.0023 0.0869 0.0041 0.0524 0.0051 0.3139 0.0529 
       AILSA 0.0328 0.1539 0.0445 0.0538 0.0717 0.4096 0.0099 0.0032 0.2206 
      ALMERA 0.2361 0.2545 0.0191 0.0050 0.0854 0.0712 0.0350 0.2901 0.0037 
       ALPHA 0.0727 0.0440 0.1426 0.1327 0.1743 0.0191 0.0100 0.3872 0.0174 
      ALWARA 0.0177 0.1831 0.2000 0.0089 0.1222 0.0091 0.2176 0.2345 0.0068 
      AMADRA 0.0213 0.1952 0.0825 0.0840 0.1272 0.1341 0.0107 0.2567 0.0882 
       AMOUR 0.0175 0.0172 0.0552 0.0096 0.0622 0.2902 0.4257 0.0097 0.1126 
        ANNA 0.0547 0.0019 0.0041 0.1275 0.0271 0.0099 0.7021 0.0099 0.0627 
   ANNABELLE 0.0989 0.3693 0.0090 0.0512 0.0204 0.0110 0.0303 0.3691 0.0408 
        ANYA 0.0502 0.3149 0.1692 0.2070 0.0337 0.0067 0.0343 0.0766 0.1074 
       ARGOS 0.0573 0.0264 0.1848 0.0036 0.0491 0.2112 0.4401 0.0247 0.0028 
     ARIELLE 0.0997 0.3250 0.0287 0.1303 0.0144 0.0523 0.0947 0.2520 0.0028 
      ARKULA 0.0675 0.0767 0.1624 0.1550 0.0153 0.0130 0.0376 0.4572 0.0152 
      ARMADA 0.0800 0.0958 0.1221 0.1184 0.0294 0.1426 0.0228 0.3832 0.0058 
   AVALANCHE 0.1470 0.0308 0.0122 0.0086 0.0377 0.4296 0.1021 0.2147 0.0172 
     BAILLIE 0.0799 0.0823 0.0509 0.0072 0.0339 0.4317 0.1266 0.1163 0.0712 
    BALMORAL 0.2525 0.0035 0.0127 0.0118 0.0654 0.0219 0.4238 0.1874 0.0210 
     BAMBINO 0.0165 0.0630 0.1107 0.0113 0.0248 0.4145 0.2085 0.0500 0.1006 
       BARNA 0.0146 0.1109 0.2826 0.0718 0.0138 0.0546 0.3295 0.1029 0.0193 
 BELLE_DE_FO 0.0145 0.0067 0.0068 0.7345 0.1741 0.0048 0.0463 0.0101 0.0022 
       BENOL 0.0121 0.0247 0.0020 0.0412 0.1426 0.3680 0.0126 0.0428 0.3541 
       BF_15 0.0048 0.0833 0.0028 0.6546 0.0834 0.0048 0.0445 0.1180 0.0037 
      BINTJE 0.1388 0.0522 0.0899 0.2743 0.1005 0.0835 0.0575 0.1936 0.0096 
 BIONICA_EX_ 0.1050 0.0465 0.0115 0.0612 0.0931 0.0147 0.1280 0.2739 0.2661 
 BLUE_DANUBE 0.1624 0.0059 0.0071 0.0074 0.2435 0.0080 0.1256 0.4358 0.0042 
      BONNIE 0.0411 0.0697 0.1972 0.0541 0.0060 0.1550 0.1375 0.2098 0.1296 
      BOUNTY 0.0091 0.0254 0.1609 0.0119 0.0179 0.3620 0.2145 0.0950 0.1033 
 BRITISH_QUE 0.3349 0.0038 0.0027 0.3740 0.0298 0.0896 0.0419 0.1218 0.0015 
     BRODICK 0.0245 0.0611 0.0153 0.0089 0.0056 0.2240 0.0369 0.0473 0.5766 
      BRODIE 0.1232 0.0044 0.1979 0.1293 0.0103 0.0180 0.4335 0.0059 0.0774 
      BUCHAN 0.0779 0.0670 0.2409 0.0815 0.0158 0.0643 0.3702 0.0029 0.0796 
      BURREN 0.0296 0.1355 0.0978 0.0446 0.1277 0.0245 0.4390 0.0545 0.0467 
     CABARET 0.0252 0.0028 0.0997 0.1203 0.1819 0.4365 0.0210 0.0053 0.1073 
      CAESAR 0.0888 0.2592 0.1190 0.0027 0.0034 0.0090 0.0544 0.3562 0.1072 
        CARA 0.0069 0.0058 0.1454 0.0409 0.0304 0.0656 0.6565 0.0070 0.0415 
 CARLINGFORD 0.2949 0.0902 0.2514 0.0206 0.0244 0.0686 0.1082 0.0455 0.0961 
  CASABLANCA 0.1264 0.0053 0.0041 0.0025 0.0034 0.2731 0.2856 0.2146 0.0850 
      CELINE 0.0176 0.0049 0.3013 0.0238 0.0840 0.0231 0.0738 0.4217 0.0498 
  CHALLENGER 0.1268 0.1772 0.0713 0.1208 0.0126 0.1584 0.0027 0.2574 0.0727 
   CHARLOTTE 0.0041 0.4611 0.1186 0.1541 0.0108 0.0164 0.0090 0.0113 0.2145 
     CHICAGO 0.0054 0.1751 0.0063 0.0049 0.1475 0.3926 0.0215 0.1406 0.1060 
   CHIEFTAIN 0.2891 0.1684 0.2784 0.1271 0.0076 0.0090 0.0161 0.0047 0.0996 
      CHOPIN 0.2410 0.1632 0.0492 0.0103 0.0523 0.0163 0.0273 0.3762 0.0642 
      CLARET 0.0100 0.0734 0.1647 0.0855 0.0051 0.0771 0.5670 0.0056 0.0115 
      CORINE 0.1898 0.0048 0.0051 0.0051 0.1650 0.0870 0.1864 0.2196 0.1372 
      COSMOS 0.1956 0.0577 0.0434 0.0711 0.0157 0.1201 0.0150 0.4502 0.0310 
     COURAGE 0.1065 0.0392 0.2486 0.0836 0.0637 0.0250 0.0258 0.3547 0.0529 
     COURLAN 0.2438 0.2480 0.1228 0.0542 0.0737 0.0320 0.1296 0.0160 0.0799 
 CRAIGS_ROYA 0.1433 0.0061 0.2795 0.0865 0.0105 0.1674 0.2806 0.0046 0.0214 
 CRAIGS_SNOW 0.2468 0.0490 0.1099 0.2441 0.0954 0.1766 0.0593 0.0139 0.0049 
     CRAMOND 0.0594 0.0065 0.0446 0.0055 0.0067 0.3117 0.0515 0.1686 0.3453 
 CRISPS_FOR_ 0.0679 0.1942 0.2260 0.0973 0.0133 0.0680 0.0119 0.2824 0.0390 
    CROMWELL 0.0030 0.0504 0.0122 0.1019 0.1773 0.5775 0.0633 0.0079 0.0064 
       D22/1 0.0798 0.0037 0.0827 0.0867 0.1217 0.5402 0.0670 0.0156 0.0026 
       D23/3 0.1206 0.0344 0.1225 0.1640 0.1827 0.3504 0.0096 0.0084 0.0075 
      D47-11 0.0097 0.0035 0.0042 0.0107 0.3211 0.6185 0.0074 0.0101 0.0148 
       D49/1 0.0048 0.0296 0.0283 0.0178 0.1957 0.6686 0.0018 0.0104 0.0430 
       DAISY 0.0088 0.0927 0.0267 0.0919 0.1531 0.3752 0.0068 0.1252 0.1197 
 DARK_RED_NO 0.4062 0.1980 0.0487 0.0338 0.1342 0.0120 0.1358 0.0071 0.0241 
     DARWINA 0.1661 0.1287 0.0851 0.0275 0.1495 0.0894 0.0089 0.3400 0.0046 
     DESIREE 0.0158 0.1845 0.3088 0.1382 0.0517 0.0020 0.1144 0.1824 0.0023 
       DITTA 0.1523 0.3460 0.0058 0.1696 0.0079 0.0526 0.0221 0.2398 0.0039 
 DR._MCINTOS 0.4386 0.0050 0.2150 0.0759 0.0069 0.0562 0.0443 0.0866 0.0714 
       DRAGA 0.3278 0.0686 0.0085 0.0063 0.0068 0.1072 0.1054 0.2526 0.1167 
 DUKE_OF_YOR 0.3584 0.0054 0.0018 0.3604 0.0272 0.0045 0.0083 0.2305 0.0034 
 DUNBAR_STAN 0.3169 0.0122 0.0965 0.3060 0.0065 0.1909 0.0583 0.0069 0.0057 
     DUNDROD 0.0510 0.1404 0.0474 0.0658 0.1365 0.4002 0.0781 0.0046 0.0761 
     ECLIPSE 0.2511 0.1034 0.1454 0.3218 0.1163 0.0123 0.0017 0.0034 0.0446 
        EDEN 0.0054 0.0033 0.0092 0.0632 0.1442 0.5207 0.0044 0.0049 0.2448 
 EDZELL_BLUE 0.1016 0.0526 0.0946 0.2216 0.1748 0.0123 0.0927 0.1621 0.0877 
   ELISABETH 0.0285 0.2718 0.2639 0.0103 0.0085 0.0892 0.0039 0.2464 0.0776 
     EMPEROR 0.3111 0.2295 0.0613 0.0076 0.0484 0.1329 0.0094 0.0777 0.1221 
         EOS 0.1127 0.2003 0.2288 0.0335 0.0070 0.1860 0.0069 0.1307 0.0940 
     EPICURE 0.2313 0.0252 0.2081 0.3274 0.0803 0.0046 0.0053 0.0712 0.0466 
  ERNTESTOLZ 0.1861 0.1851 0.0054 0.2095 0.0728 0.0248 0.0913 0.1936 0.0314 
      ESCORT 0.0088 0.2004 0.1571 0.0120 0.0178 0.0722 0.0292 0.3691 0.1335 
   ESMERALDA 0.0047 0.0965 0.1938 0.1753 0.0089 0.0904 0.0191 0.3243 0.0872 
      ESTIMA 0.1639 0.1279 0.1384 0.1041 0.0121 0.1041 0.0044 0.3061 0.0389 
 EVE_BALFOUR 0.0739 0.0072 0.0162 0.1668 0.0680 0.0390 0.3655 0.0184 0.2449 
   EXCALIBUR 0.0030 0.0392 0.0175 0.0035 0.0025 0.3671 0.3666 0.0275 0.1730 
     EXQUISA 0.0051 0.3392 0.0591 0.1116 0.1211 0.0034 0.1122 0.2418 0.0065 
    FESTIVAL 0.0354 0.2225 0.1413 0.0077 0.0102 0.0996 0.0088 0.4006 0.0739 
      FIANNA 0.2443 0.0812 0.0609 0.0067 0.0348 0.0229 0.1781 0.3228 0.0482 
   FIFTYFOLD 0.0828 0.0528 0.1480 0.4046 0.2075 0.0366 0.0301 0.0099 0.0276 
     FONTANE 0.1174 0.2654 0.0123 0.0733 0.0035 0.1976 0.0052 0.3006 0.0247 
   FORTYFOLD 0.1639 0.0034 0.0040 0.3342 0.2955 0.0022 0.0092 0.1783 0.0092 
 FRONTIER_RU 0.3941 0.1885 0.1013 0.1407 0.0495 0.0688 0.0061 0.0116 0.0394 
     G.81071 0.1767 0.0351 0.1264 0.0738 0.0236 0.0701 0.1366 0.1469 0.2108 
     G.88661 0.3059 0.0672 0.1801 0.0043 0.0058 0.1693 0.0142 0.1434 0.1098 
    G.886611 0.2421 0.1223 0.2892 0.0035 0.0020 0.1477 0.0099 0.0380 0.1454 
  G.8867Y%12 0.3270 0.1476 0.2344 0.0059 0.0029 0.0559 0.0953 0.0813 0.0498 
     G.88839 0.0050 0.4280 0.0716 0.0034 0.1336 0.0025 0.0054 0.3189 0.0316 
     G.88842 0.1511 0.2400 0.0174 0.0129 0.0191 0.0080 0.1378 0.3511 0.0624 
   GALACTICA 0.1138 0.0121 0.0022 0.0512 0.1731 0.0050 0.4026 0.2380 0.0019 
      GEMSON 0.2210 0.0461 0.1799 0.1485 0.0286 0.1105 0.2206 0.0131 0.0318 
  GL.76B/102 0.1934 0.1975 0.0132 0.0102 0.4887 0.0521 0.0046 0.0279 0.0123 
   GL.76B/94 0.0324 0.0217 0.0028 0.1344 0.5250 0.0014 0.1177 0.1601 0.0044 
  GL.77M/106 0.0111 0.1076 0.1062 0.0829 0.1374 0.0417 0.1951 0.0037 0.3143 
   GL.78/166 0.1658 0.0183 0.0061 0.1174 0.6313 0.0097 0.0130 0.0360 0.0024 
    GL.78/53 0.0120 0.0925 0.0726 0.0825 0.5718 0.0139 0.0041 0.0020 0.1486 
    GL.78/97 0.0556 0.1010 0.0318 0.1835 0.5206 0.0097 0.0124 0.0129 0.0725 
    GL.79/42 0.0025 0.0692 0.1956 0.1741 0.4734 0.0145 0.0022 0.0100 0.0586 
    GL.79/45 0.0036 0.0407 0.1709 0.1396 0.5531 0.0044 0.0177 0.0112 0.0588 
 GL.81_NT_25 0.0055 0.0058 0.0026 0.1239 0.2970 0.4968 0.0530 0.0102 0.0052 
   GLADIATOR 0.1601 0.1959 0.2237 0.0029 0.0806 0.0378 0.0922 0.1819 0.0248 
      GLAMIS 0.0873 0.1529 0.1540 0.0500 0.0070 0.4085 0.0168 0.0886 0.0349 
 GOLDEN_MILL 0.0073 0.0152 0.0112 0.0445 0.0265 0.2346 0.1103 0.0525 0.4978 
 GOLDEN_NUGG 0.0049 0.0042 0.4479 0.0049 0.0523 0.0088 0.0280 0.3908 0.0582 
 GOLDEN_WOND 0.0311 0.0623 0.0625 0.5144 0.0959 0.0329 0.0160 0.1224 0.0624 
     GRANOLA 0.0164 0.4159 0.0756 0.0166 0.1550 0.0088 0.0202 0.0859 0.2056 
    H1H3_101 0.0050 0.0029 0.0011 0.1141 0.2378 0.6289 0.0045 0.0020 0.0036 
      H1H3_3 0.1081 0.0057 0.1053 0.1222 0.0432 0.3590 0.0139 0.0806 0.1619 
 HARBOROUGH_ 0.0141 0.0069 0.0035 0.0030 0.0039 0.3958 0.0049 0.0192 0.5487 
   HARLEQUIN 0.0059 0.3989 0.1631 0.1414 0.0754 0.0325 0.0309 0.0091 0.1429 
      HERMES 0.0674 0.3066 0.0035 0.0505 0.1393 0.0488 0.2325 0.1476 0.0036 
 HIGHLAND_BU 0.0064 0.0017 0.0029 0.5141 0.3265 0.0041 0.0027 0.0737 0.0679 
  HOME_GUARD 0.1784 0.0320 0.1447 0.2681 0.0030 0.1579 0.1000 0.0254 0.0907 
     HORIZON 0.0131 0.0435 0.1120 0.1212 0.1744 0.0822 0.0421 0.4060 0.0055 
   INNOVATOR 0.4582 0.0026 0.0032 0.0984 0.0937 0.0050 0.0832 0.2483 0.0073 
 INTERNATION 0.0492 0.0039 0.0016 0.6623 0.2544 0.0047 0.0066 0.0134 0.0040 
 ISLE_OF_JUR 0.0663 0.1070 0.0154 0.0740 0.0541 0.4030 0.1708 0.0431 0.0664 
    JULIETTE 0.0047 0.5825 0.0067 0.1263 0.0037 0.0123 0.0282 0.1297 0.1060 
     KARLENA 0.2595 0.0229 0.0026 0.0887 0.1748 0.0136 0.2637 0.1670 0.0072 
 KERR'S_PINK 0.2504 0.0088 0.0919 0.3553 0.1392 0.0604 0.0445 0.0056 0.0439 
     KESTREL 0.0076 0.0497 0.3075 0.0052 0.0112 0.2785 0.3110 0.0038 0.0254 
       KIFLI 0.0120 0.3998 0.0770 0.0255 0.2494 0.0126 0.0080 0.0605 0.1552 
 KING_EDWARD 0.0442 0.0304 0.0874 0.5628 0.2117 0.0316 0.0018 0.0035 0.0268 
    KINGSTON 0.0038 0.0146 0.0147 0.0976 0.0879 0.3386 0.0857 0.1036 0.2535 
 KUFRI_CHAND 0.3335 0.1075 0.0865 0.1582 0.0375 0.1244 0.0645 0.0807 0.0072 
 KUFRI_JYOTI 0.1053 0.0364 0.0525 0.0121 0.1750 0.0029 0.2689 0.1688 0.1781 
      KURODA 0.2034 0.1495 0.0058 0.0038 0.0830 0.0332 0.1347 0.3810 0.0055 
 LADY_BALFOU 0.1179 0.0060 0.1117 0.1016 0.0635 0.1440 0.3405 0.0388 0.0759 
 LADY_CHRIST 0.0361 0.0135 0.1035 0.1475 0.2061 0.0136 0.0109 0.4014 0.0674 
 LADY_CLAIRE 0.0255 0.1008 0.0010 0.1404 0.1120 0.0147 0.0156 0.5860 0.0041 
     LADY_JO 0.0776 0.0019 0.0033 0.1920 0.1557 0.0243 0.0052 0.5369 0.0029 
 LADY_ROSETT 0.0215 0.0090 0.2813 0.1345 0.0401 0.0935 0.0067 0.3790 0.0343 
    LIBERTAS 0.0034 0.0016 0.0097 0.1507 0.2316 0.0046 0.0790 0.5167 0.0027 
       LINDA 0.0124 0.5356 0.0066 0.1788 0.1100 0.0044 0.0842 0.0477 0.0203 
      LINTON 0.1783 0.2549 0.0618 0.0052 0.1229 0.1425 0.1432 0.0858 0.0053 
 LINZER_DELI 0.0181 0.3005 0.1600 0.1407 0.1046 0.0044 0.0037 0.1836 0.0842 
   LIONHEART 0.1778 0.0663 0.0545 0.0419 0.0100 0.0408 0.0723 0.4559 0.0806 
   MADELEINE 0.0056 0.2812 0.1107 0.0751 0.0446 0.0304 0.0205 0.3410 0.0910 
   MADINGLEY 0.1161 0.3213 0.0324 0.0039 0.1851 0.0690 0.1908 0.0614 0.0200 
    MAJESTIC 0.4497 0.0384 0.1210 0.1159 0.0029 0.0181 0.0979 0.0657 0.0904 
     MARABEL 0.1280 0.2970 0.0509 0.0134 0.0131 0.0107 0.0266 0.4289 0.0314 
     MARFONA 0.1271 0.0112 0.0648 0.1428 0.0331 0.1156 0.0424 0.4578 0.0052 
     MARILYN 0.0555 0.3180 0.0394 0.0896 0.0407 0.0075 0.1328 0.2311 0.0853 
 MARIS_ANCHO 0.1824 0.1250 0.0798 0.1958 0.0151 0.0723 0.0180 0.2690 0.0426 
  MARIS_BARD 0.2269 0.0012 0.0091 0.1033 0.0229 0.2657 0.0836 0.2607 0.0265 
  MARIS_PEER 0.2773 0.0866 0.1075 0.1420 0.0238 0.1685 0.1684 0.0036 0.0223 
 MARIS_PIPER 0.0026 0.0325 0.0036 0.0369 0.1141 0.7615 0.0052 0.0063 0.0374 
     MARKIES 0.0190 0.2742 0.0513 0.1371 0.0391 0.0204 0.0498 0.3986 0.0104 
      MAXINE 0.2112 0.0472 0.2654 0.0150 0.0168 0.3811 0.0377 0.0103 0.0154 
      MEGARA 0.0094 0.2889 0.0287 0.0555 0.0864 0.0518 0.0377 0.4013 0.0403 
      MELODY 0.0333 0.1650 0.0212 0.0756 0.1605 0.0365 0.1507 0.3047 0.0525 
       MIDAS 0.0028 0.2154 0.0221 0.0056 0.2278 0.4191 0.0065 0.0828 0.0179 
       MILVA 0.0557 0.2779 0.0210 0.0636 0.1772 0.0048 0.0280 0.2846 0.0871 
        MIMI 0.0033 0.0035 0.3233 0.0074 0.1342 0.1662 0.0120 0.2559 0.0942 
        MIRA 0.0514 0.0105 0.0069 0.1928 0.0749 0.0231 0.0631 0.5703 0.0070 
       MOIRA 0.1506 0.1948 0.0276 0.0525 0.1437 0.0244 0.1560 0.2047 0.0457 
    MONTROSE 0.0025 0.0039 0.0033 0.0594 0.2027 0.2715 0.0084 0.0033 0.4450 
       MORAG 0.1378 0.0026 0.2050 0.0699 0.1507 0.0207 0.1526 0.0207 0.2400 
      MORENE 0.1073 0.0073 0.0087 0.1813 0.0256 0.0037 0.1010 0.5600 0.0051 
      MOZART 0.0375 0.2895 0.0961 0.0027 0.0020 0.0065 0.0085 0.3533 0.2039 
 MYATT'S_ASH 0.0650 0.0232 0.0013 0.5860 0.1937 0.0061 0.0171 0.1050 0.0025 
      NADINE 0.0122 0.1283 0.2774 0.0074 0.0059 0.3611 0.0282 0.0676 0.1119 
       NAVAN 0.0439 0.0204 0.1447 0.0174 0.0223 0.6388 0.0259 0.0245 0.0622 
 NDTX_4271_5 0.2182 0.1795 0.3586 0.0068 0.0404 0.0838 0.0027 0.0028 0.1071 
      NICOLA 0.0544 0.4783 0.0047 0.1420 0.1105 0.0033 0.0078 0.1953 0.0037 
     NOVELLA 0.0726 0.1573 0.1270 0.0676 0.0078 0.0363 0.1287 0.3678 0.0348 
     OLYMPUS 0.1266 0.0535 0.1489 0.0702 0.0585 0.1282 0.0415 0.0102 0.3626 
       OPERA 0.0607 0.1864 0.0821 0.0391 0.0048 0.0760 0.1139 0.3226 0.1144 
   ORCHESTRA 0.0069 0.3195 0.0742 0.1042 0.0096 0.1087 0.0225 0.2867 0.0677 
      ORIANA 0.2094 0.1382 0.0066 0.0294 0.0939 0.0032 0.1689 0.3479 0.0025 
     OTHELLO 0.0670 0.0574 0.2118 0.0320 0.0044 0.1078 0.4954 0.0030 0.0211 
     PALADIN 0.0455 0.0033 0.0036 0.0348 0.2247 0.5647 0.0046 0.0120 0.1069 
       PANDA 0.0071 0.5009 0.0791 0.0259 0.0399 0.0661 0.0676 0.1530 0.0603 
   PARAMOUNT 0.0172 0.0308 0.2660 0.0443 0.0605 0.0037 0.3321 0.2029 0.0426 
    PATRONES 0.1764 0.1521 0.0249 0.1596 0.0917 0.0752 0.0494 0.2644 0.0063 
 PENTLAND_AC 0.0956 0.0640 0.2464 0.1744 0.0108 0.1487 0.0932 0.1562 0.0107 
 PENTLAND_BE 0.2080 0.0029 0.0184 0.3763 0.0955 0.0504 0.1588 0.0864 0.0034 
 PENTLAND_CR 0.1775 0.0056 0.0074 0.0419 0.0458 0.0117 0.1470 0.2632 0.3000 
 PENTLAND_DE 0.2041 0.0075 0.1203 0.2261 0.0233 0.0059 0.1445 0.0393 0.2291 
 PENTLAND_IV 0.2840 0.0911 0.2935 0.0729 0.0119 0.0226 0.0808 0.0045 0.1386 
 PENTLAND_JA 0.4255 0.0112 0.0202 0.0294 0.0817 0.0192 0.0849 0.1712 0.1569 
 PENTLAND_MA 0.1736 0.0544 0.0095 0.0075 0.1759 0.0039 0.2545 0.2705 0.0502 
 PENTLAND_SQ 0.2021 0.0234 0.0294 0.1572 0.0245 0.0090 0.1264 0.1253 0.3026 
   PEPO_1978 0.0871 0.3492 0.0043 0.0107 0.2095 0.0550 0.0404 0.2167 0.0271 
     PICASSO 0.0431 0.0510 0.0370 0.0024 0.0075 0.1248 0.5277 0.2018 0.0045 
   PIMPERNEL 0.0027 0.0924 0.0524 0.1242 0.1218 0.0123 0.0881 0.4164 0.0896 
     PIONEER 0.0269 0.5673 0.0061 0.1909 0.0270 0.0078 0.0091 0.0194 0.1455 
       PIXIE 0.0078 0.0524 0.2955 0.0038 0.0157 0.2169 0.1922 0.0615 0.1543 
    PREMIERE 0.1160 0.0027 0.0035 0.2241 0.0326 0.0918 0.0212 0.5002 0.0079 
   PRODUCENT 0.0404 0.1107 0.1169 0.0229 0.1305 0.1539 0.0037 0.3697 0.0513 
     PROVOST 0.2919 0.0397 0.0671 0.0376 0.1388 0.0047 0.1544 0.1303 0.1355 
  R.P.LUSTRE 0.1035 0.1726 0.1371 0.2673 0.0060 0.1557 0.0147 0.0128 0.1303 
 RANGER_RUSS 0.4895 0.0434 0.0038 0.2038 0.0780 0.0023 0.1260 0.0514 0.0018 
       RATTE 0.0103 0.0260 0.1727 0.2012 0.3645 0.0039 0.0020 0.0035 0.2158 
      RECORD 0.0042 0.0045 0.0190 0.2185 0.1301 0.0062 0.0439 0.5709 0.0027 
   REMBRANDT 0.1423 0.1516 0.0078 0.1221 0.0365 0.0987 0.0126 0.3491 0.0791 
    RIO_ROJO 0.3050 0.1126 0.2592 0.0054 0.1417 0.0057 0.0619 0.0332 0.0752 
      ROBIJN 0.0251 0.0296 0.0058 0.1305 0.2775 0.0021 0.0401 0.4847 0.0045 
      ROCKET 0.0813 0.0028 0.1768 0.0072 0.2205 0.3798 0.0114 0.0115 0.1087 
   RODE_STAR 0.0011 0.1197 0.1062 0.2068 0.2661 0.0027 0.0047 0.2857 0.0070 
      ROMANO 0.0055 0.0797 0.2365 0.0173 0.0188 0.0063 0.1964 0.3627 0.0767 
       ROMEO 0.0097 0.1658 0.2280 0.2176 0.0070 0.0059 0.2189 0.0094 0.1377 
     ROOSTER 0.1330 0.0354 0.0323 0.1193 0.0125 0.0089 0.1911 0.1787 0.2889 
       ROYAL 0.0065 0.3076 0.0250 0.0043 0.2414 0.2696 0.0634 0.0685 0.0138 
 ROYAL_KIDNE 0.4174 0.0023 0.0191 0.4090 0.0224 0.0058 0.0324 0.0863 0.0054 
     RUBESSE 0.1140 0.2269 0.1751 0.1219 0.0043 0.0131 0.0602 0.1999 0.0845 
 RUSSET_BURB 0.4767 0.0556 0.1381 0.1498 0.0263 0.0102 0.0213 0.0928 0.0292 
 RUSSET_NORK 0.5222 0.1821 0.1695 0.0488 0.0429 0.0105 0.0043 0.0021 0.0174 
      SAFARI 0.0552 0.0325 0.1986 0.0063 0.0244 0.0085 0.1082 0.4717 0.0946 
     SANTANA 0.1878 0.0853 0.0904 0.0193 0.1357 0.1004 0.0427 0.3228 0.0156 
       SANTE 0.0041 0.0128 0.2590 0.0533 0.0707 0.0414 0.0097 0.4481 0.1009 
     SAPHIRE 0.2652 0.0680 0.0458 0.0044 0.0084 0.0486 0.0355 0.4131 0.1110 
  SARPO_MIRA 0.0053 0.2712 0.2699 0.0741 0.1894 0.0103 0.0285 0.1471 0.0043 
 SARPO_SHONA 0.0035 0.2651 0.2257 0.0637 0.1030 0.0156 0.0501 0.2627 0.0106 
       SASSY 0.1045 0.1046 0.0939 0.1616 0.1204 0.0761 0.0314 0.2714 0.0360 
     SATURNA 0.0039 0.2169 0.0178 0.1228 0.2495 0.0173 0.0059 0.3606 0.0053 
        SAVA 0.1065 0.3245 0.1828 0.0283 0.0593 0.1023 0.0072 0.1816 0.0076 
       SAXON 0.0124 0.0281 0.0147 0.0744 0.0438 0.4577 0.0742 0.0735 0.2211 
 SCARBOROUGH 0.0067 0.0086 0.0141 0.0115 0.0217 0.4662 0.0032 0.0064 0.4615 
 SEFTON_WOND 0.2143 0.0026 0.0720 0.4088 0.0413 0.1205 0.0323 0.0113 0.0967 
    SERAFINA 0.0101 0.3004 0.1581 0.0838 0.0921 0.0023 0.0347 0.2107 0.1078 
     SETANTA 0.0502 0.0291 0.0327 0.0605 0.0039 0.0431 0.1507 0.1290 0.5008 
 SHARPE'S_EX 0.0291 0.0957 0.0352 0.5103 0.1439 0.1274 0.0178 0.0353 0.0054 
     SHELAGH 0.0299 0.0223 0.1030 0.1002 0.2576 0.0761 0.2251 0.0961 0.0896 
    SHELFORD 0.0901 0.2768 0.0214 0.0904 0.1861 0.0140 0.2262 0.0925 0.0025 
     SHEPODY 0.4065 0.0019 0.0025 0.1071 0.1146 0.0049 0.1831 0.1757 0.0036 
      SLANEY 0.0305 0.1097 0.1871 0.0051 0.0097 0.2226 0.3448 0.0065 0.0840 
        SPEY 0.0131 0.0399 0.2211 0.0031 0.0040 0.1997 0.3938 0.0350 0.0904 
      SPUNTA 0.0251 0.2486 0.1553 0.1521 0.1153 0.0306 0.1204 0.0361 0.1165 
     STAMINA 0.0370 0.0121 0.1398 0.0022 0.0043 0.6050 0.1683 0.0235 0.0077 
    STEMSTER 0.0151 0.1294 0.0751 0.1214 0.0984 0.2927 0.0704 0.1845 0.0129 
 STORMONT_EN 0.0796 0.0068 0.1441 0.1068 0.1239 0.1582 0.0883 0.2858 0.0066 
    STIRLING 0.1858 0.0313 0.0521 0.0090 0.0043 0.0635 0.2926 0.1084 0.2530 
     SYLVANA 0.2000 0.1686 0.0909 0.0810 0.0153 0.0972 0.0896 0.2409 0.0165 
         TAY 0.0228 0.0229 0.0829 0.0030 0.0175 0.1625 0.2025 0.0234 0.4623 
      TIMATE 0.0489 0.3354 0.0575 0.0566 0.0300 0.1029 0.0047 0.3136 0.0503 
      TOLUCA 0.1108 0.3137 0.0130 0.0278 0.0620 0.0030 0.1907 0.2565 0.0225 
    TORRIDON 0.0862 0.0861 0.0049 0.0163 0.1466 0.0110 0.2723 0.2657 0.1109 
 ULSTER_SCEP 0.2516 0.0037 0.1519 0.0938 0.0039 0.3059 0.0237 0.1190 0.0465 
 UMATILLA_RU 0.0228 0.0173 0.0368 0.1648 0.2769 0.2316 0.0263 0.1241 0.0994 
 VALES_EMERA 0.0488 0.3164 0.1540 0.0769 0.0394 0.1434 0.0225 0.0109 0.1879 
 VALES_EVERE 0.0251 0.0051 0.1303 0.1138 0.0162 0.0964 0.3073 0.0138 0.2920 
 VALES_RUSSE 0.4337 0.1215 0.0116 0.1344 0.1660 0.0092 0.0191 0.0158 0.0888 
 VALES_SOVER 0.0056 0.0119 0.0079 0.0020 0.0059 0.2693 0.6117 0.0144 0.0712 
       VALOR 0.0037 0.0040 0.1868 0.0022 0.0027 0.2475 0.3574 0.0614 0.1342 
    VAN_GOGH 0.0116 0.1108 0.0288 0.1663 0.0118 0.1050 0.0133 0.4885 0.0639 
     VANTAGE 0.1829 0.0035 0.0247 0.1582 0.2359 0.0186 0.0279 0.3463 0.0020 
       VERDI 0.0213 0.2569 0.0056 0.1293 0.1364 0.0679 0.0795 0.2524 0.0506 
    VICTORIA 0.2262 0.1943 0.0165 0.0811 0.0048 0.0382 0.0321 0.3515 0.0553 
     VIVALDI 0.2453 0.1124 0.0033 0.0457 0.0097 0.0029 0.1498 0.4262 0.0047 
       WILJA 0.1048 0.0019 0.0034 0.1421 0.0915 0.0357 0.0923 0.5266 0.0017 
     WINSTON 0.0103 0.0675 0.3808 0.0051 0.0027 0.3732 0.0797 0.0195 0.0610 
      XD2-21 0.1591 0.0052 0.2182 0.2184 0.0061 0.0760 0.1274 0.1230 0.0668 
  YUKON_GOLD 0.2991 0.1937 0.1402 0.0040 0.0059 0.0806 0.0076 0.0514 0.2175 
       ZORBA 0.2474 0.0183 0.0064 0.0978 0.1067 0.0068 0.1338 0.3615 0.0214 
