  00C133-020 0.2814 0.0239 0.0106 0.2476 0.0220 0.0111 0.4034 
 01C_071-002 0.2564 0.1996 0.1432 0.0249 0.1541 0.0350 0.1868 
 02M_012-001 0.0663 0.0207 0.0823 0.1741 0.1725 0.0040 0.4801 
 03M_016-002 0.0163 0.0052 0.0497 0.0084 0.3334 0.2253 0.3616 
 03M_034-002 0.0710 0.0548 0.0028 0.3046 0.2018 0.0072 0.3578 
 04C_055-004 0.0348 0.0384 0.2745 0.0865 0.0643 0.0598 0.4417 
 04C_126-005 0.2911 0.1240 0.0178 0.2378 0.1117 0.0131 0.2045 
 04M_034-013 0.0072 0.0367 0.0725 0.1209 0.2177 0.1419 0.4031 
 05M_002-001 0.0537 0.3057 0.1893 0.0590 0.1053 0.1601 0.1268 
 05M_004-003 0.1644 0.3614 0.0752 0.1736 0.0073 0.0782 0.1399 
 05M_012-004 0.1325 0.2654 0.0086 0.2766 0.0390 0.1820 0.0960 
 06C_127-002 0.0748 0.0081 0.2236 0.4142 0.0357 0.0864 0.1572 
 12288_AF_23 0.2002 0.0183 0.1335 0.1808 0.0073 0.1031 0.3568 
    12601AB1 0.0048 0.0043 0.0029 0.3387 0.4433 0.0025 0.2035 
   12636_A_2 0.1169 0.0069 0.0038 0.2893 0.1908 0.0481 0.3441 
  15119_AC_5 0.5140 0.0149 0.0020 0.0048 0.1832 0.0232 0.2579 
     1512C16 0.1488 0.0751 0.0914 0.1469 0.2222 0.3101 0.0055 
   15144_A_3 0.6337 0.0075 0.2448 0.0492 0.0475 0.0050 0.0123 
     1563C14 0.0636 0.1573 0.2281 0.0117 0.4320 0.0889 0.0185 
     2182EF7 0.2418 0.1299 0.0124 0.2896 0.0507 0.2591 0.0165 
     3681AD1 0.2554 0.3907 0.0240 0.1474 0.0719 0.0646 0.0459 
     5008AB6 0.2059 0.2794 0.1152 0.2624 0.1246 0.0068 0.0056 
    8204_A_4 0.2387 0.1137 0.0526 0.3939 0.0311 0.1238 0.0463 
       AGRIA 0.0035 0.4225 0.3153 0.0768 0.0334 0.1086 0.0399 
       AILSA 0.0098 0.0046 0.1700 0.2204 0.0960 0.0493 0.4500 
      ALMERA 0.0371 0.3907 0.2426 0.0108 0.0138 0.2163 0.0887 
       ALPHA 0.0588 0.3904 0.1236 0.0613 0.2271 0.1031 0.0357 
      ALWARA 0.3158 0.2607 0.2868 0.0262 0.0530 0.0230 0.0345 
      AMADRA 0.0136 0.2924 0.2234 0.1153 0.1648 0.0234 0.1671 
       AMOUR 0.4066 0.0143 0.0380 0.1538 0.0303 0.0196 0.3373 
        ANNA 0.6454 0.0209 0.0022 0.1454 0.1382 0.0390 0.0089 
   ANNABELLE 0.0116 0.4361 0.3440 0.0973 0.0324 0.0717 0.0069 
        ANYA 0.0738 0.0871 0.3828 0.1540 0.2125 0.0804 0.0093 
       ARGOS 0.5113 0.0737 0.0621 0.0202 0.0063 0.0781 0.2483 
     ARIELLE 0.1032 0.2963 0.3387 0.0064 0.0844 0.1389 0.0323 
      ARKULA 0.0952 0.4581 0.1242 0.0969 0.1275 0.0902 0.0080 
      ARMADA 0.0692 0.3777 0.1502 0.0406 0.1225 0.1148 0.1249 
   AVALANCHE 0.0967 0.2439 0.0252 0.0120 0.0116 0.1605 0.4501 
     BAILLIE 0.1401 0.1281 0.0987 0.0824 0.0109 0.0836 0.4562 
    BALMORAL 0.4026 0.2383 0.0059 0.0657 0.0191 0.2380 0.0305 
     BAMBINO 0.2203 0.0660 0.0757 0.1506 0.0215 0.0273 0.4386 
       BARNA 0.4087 0.0674 0.2270 0.1317 0.0571 0.0455 0.0627 
 BELLE_DE_FO 0.0812 0.0074 0.0062 0.0020 0.8111 0.0890 0.0029 
       BENOL 0.0038 0.0706 0.0050 0.3089 0.1842 0.0053 0.4223 
       BF_15 0.0634 0.1248 0.0800 0.0044 0.6870 0.0371 0.0033 
      BINTJE 0.0960 0.2056 0.0956 0.0222 0.3105 0.1983 0.0717 
 BIONICA_EX_ 0.1037 0.3224 0.0268 0.2997 0.1523 0.0632 0.0319 
 BLUE_DANUBE 0.1466 0.5279 0.0097 0.0056 0.1438 0.1377 0.0288 
      BONNIE 0.1636 0.2047 0.1237 0.2141 0.0279 0.0911 0.1749 
      BOUNTY 0.2481 0.1039 0.0443 0.1720 0.0209 0.0230 0.3878 
 BRITISH_QUE 0.0482 0.1416 0.0038 0.0021 0.3390 0.4405 0.0248 
     BRODICK 0.0096 0.0411 0.0611 0.5571 0.0274 0.0104 0.2934 
      BRODIE 0.4739 0.0072 0.0189 0.1918 0.0913 0.1978 0.0192 
      BUCHAN 0.4080 0.0029 0.1391 0.2019 0.0523 0.1244 0.0714 
      BURREN 0.4429 0.1107 0.1526 0.1113 0.1178 0.0141 0.0507 
     CABARET 0.0633 0.0081 0.0062 0.1286 0.2561 0.0718 0.4659 
      CAESAR 0.0594 0.3888 0.2685 0.1891 0.0025 0.0807 0.0110 
        CARA 0.6644 0.0138 0.0223 0.1547 0.0553 0.0118 0.0778 
 CARLINGFORD 0.1581 0.0545 0.1512 0.2302 0.0156 0.3210 0.0695 
  CASABLANCA 0.2379 0.2526 0.0032 0.1171 0.0026 0.1053 0.2812 
      CELINE 0.1810 0.4686 0.0135 0.1791 0.0994 0.0182 0.0402 
  CHALLENGER 0.0036 0.2825 0.1885 0.0971 0.0910 0.1781 0.1592 
   CHARLOTTE 0.0088 0.0154 0.5003 0.2862 0.1543 0.0057 0.0293 
     CHICAGO 0.0113 0.2029 0.1707 0.0892 0.0611 0.0048 0.4600 
   CHIEFTAIN 0.0613 0.0069 0.2624 0.2157 0.0775 0.3683 0.0079 
      CHOPIN 0.0206 0.4153 0.1716 0.1289 0.0259 0.2221 0.0156 
      CLARET 0.6015 0.0102 0.1374 0.0892 0.0324 0.0394 0.0897 
      CORINE 0.1803 0.3084 0.0041 0.1285 0.0844 0.1415 0.1528 
      COSMOS 0.0181 0.4649 0.0807 0.0448 0.0475 0.2169 0.1271 
     COURAGE 0.1098 0.3394 0.1290 0.1229 0.1067 0.1550 0.0372 
     COURLAN 0.1447 0.0539 0.2943 0.1220 0.0594 0.2512 0.0744 
 CRAIGS_ROYA 0.3572 0.0039 0.0645 0.1323 0.0508 0.2165 0.1748 
 CRAIGS_SNOW 0.0949 0.0204 0.1080 0.0113 0.2581 0.3341 0.1731 
     CRAMOND 0.0331 0.1712 0.0057 0.3772 0.0145 0.0560 0.3423 
 CRISPS_FOR_ 0.0547 0.2765 0.2793 0.1252 0.0534 0.1375 0.0734 
    CROMWELL 0.0805 0.0134 0.0622 0.0045 0.2061 0.0056 0.6276 
       D22/1 0.1230 0.0223 0.0076 0.0042 0.1449 0.1522 0.5457 
       D23/3 0.0343 0.0166 0.0864 0.0207 0.2718 0.1892 0.3809 
      D47-11 0.0151 0.0312 0.0054 0.0078 0.2267 0.0165 0.6971 
       D49/1 0.0027 0.0159 0.0579 0.0255 0.1459 0.0104 0.7417 
       DAISY 0.0083 0.1388 0.1095 0.1083 0.2018 0.0169 0.4164 
 DARK_RED_NO 0.1214 0.0197 0.2460 0.0887 0.0792 0.4091 0.0358 
     DARWINA 0.0182 0.4049 0.1549 0.0135 0.1009 0.1902 0.1172 
     DESIREE 0.2780 0.1482 0.3457 0.0129 0.1466 0.0658 0.0029 
       DITTA 0.0162 0.3036 0.3267 0.0103 0.1212 0.1948 0.0271 
 DR._MCINTOS 0.0879 0.0917 0.0363 0.2193 0.0212 0.5039 0.0396 
       DRAGA 0.0708 0.2972 0.0578 0.1283 0.0060 0.3142 0.1258 
 DUKE_OF_YOR 0.0051 0.2510 0.0047 0.0038 0.3312 0.4008 0.0033 
 DUNBAR_STAN 0.0837 0.0058 0.0559 0.0161 0.2173 0.4535 0.1677 
     DUNDROD 0.0859 0.0060 0.1732 0.0766 0.1385 0.0767 0.4430 
     ECLIPSE 0.0027 0.0037 0.1941 0.1114 0.3712 0.3026 0.0144 
        EDEN 0.0070 0.0051 0.0050 0.1982 0.1978 0.0108 0.5762 
 EDZELL_BLUE 0.1274 0.1842 0.0980 0.1004 0.3229 0.1373 0.0299 
   ELISABETH 0.0078 0.2568 0.3426 0.2458 0.0085 0.0618 0.0767 
     EMPEROR 0.0062 0.1182 0.2365 0.1735 0.0100 0.3057 0.1500 
         EOS 0.0166 0.1337 0.2756 0.2070 0.0163 0.1459 0.2050 
     EPICURE 0.0146 0.0352 0.1353 0.1326 0.3527 0.3240 0.0055 
  ERNTESTOLZ 0.0573 0.2617 0.1672 0.0512 0.2325 0.2041 0.0260 
      ESCORT 0.0441 0.3869 0.2438 0.2033 0.0178 0.0077 0.0964 
   ESMERALDA 0.0742 0.3075 0.1581 0.1790 0.1618 0.0254 0.0940 
      ESTIMA 0.0075 0.3211 0.1880 0.0765 0.0640 0.2211 0.1217 
 EVE_BALFOUR 0.3469 0.0208 0.0120 0.2402 0.2273 0.0778 0.0750 
   EXCALIBUR 0.3127 0.0334 0.0184 0.2670 0.0034 0.0033 0.3618 
     EXQUISA 0.1258 0.2767 0.3840 0.0339 0.1694 0.0060 0.0042 
    FESTIVAL 0.0136 0.4241 0.2457 0.1748 0.0081 0.0387 0.0950 
      FIANNA 0.1756 0.3679 0.0829 0.1053 0.0090 0.2258 0.0336 
   FIFTYFOLD 0.0764 0.0121 0.1417 0.0424 0.5284 0.1485 0.0505 
     FONTANE 0.0050 0.3582 0.2231 0.0638 0.0128 0.1587 0.1784 
   FORTYFOLD 0.0187 0.2378 0.0056 0.0057 0.5370 0.1917 0.0034 
 FRONTIER_RU 0.0084 0.0147 0.2559 0.0793 0.1146 0.4409 0.0861 
     G.81071 0.1328 0.1552 0.0524 0.2947 0.0804 0.1980 0.0865 
     G.88661 0.0114 0.1566 0.0906 0.2696 0.0038 0.3148 0.1533 
    G.886611 0.0199 0.0310 0.1820 0.3547 0.0035 0.2735 0.1353 
  G.8867Y%12 0.1002 0.0907 0.1787 0.2662 0.0040 0.3388 0.0213 
     G.88839 0.0050 0.3928 0.4476 0.1246 0.0222 0.0043 0.0035 
     G.88842 0.0901 0.4043 0.2159 0.1539 0.0101 0.1178 0.0079 
   GALACTICA 0.3974 0.3206 0.0075 0.0027 0.1514 0.1088 0.0116 
      GEMSON 0.2585 0.0146 0.0850 0.1392 0.1259 0.2825 0.0941 
  GL.76B/102 0.0071 0.1257 0.2357 0.0146 0.3252 0.1286 0.1632 
   GL.76B/94 0.1474 0.2676 0.0362 0.0044 0.5278 0.0139 0.0027 
  GL.77M/106 0.1980 0.0077 0.1393 0.3249 0.1912 0.0135 0.1253 
   GL.78/166 0.0589 0.1482 0.0327 0.0025 0.5807 0.1134 0.0638 
    GL.78/53 0.0091 0.0051 0.1576 0.1502 0.5277 0.0051 0.1453 
    GL.78/97 0.0290 0.0910 0.1340 0.0612 0.5682 0.0246 0.0919 
    GL.79/42 0.0052 0.0406 0.1833 0.1136 0.5394 0.0038 0.1141 
    GL.79/45 0.0864 0.0344 0.1503 0.1086 0.5767 0.0048 0.0387 
 GL.81_NT_25 0.0462 0.0491 0.0056 0.0040 0.3418 0.0101 0.5433 
   GLADIATOR 0.1418 0.1996 0.2815 0.1202 0.0057 0.1659 0.0853 
      GLAMIS 0.0419 0.0860 0.1852 0.0928 0.0165 0.1626 0.4149 
 GOLDEN_MILL 0.0563 0.0425 0.0105 0.5002 0.1065 0.0071 0.2768 
 GOLDEN_NUGG 0.1883 0.4595 0.0149 0.2761 0.0367 0.0077 0.0169 
 GOLDEN_WOND 0.0226 0.0723 0.1215 0.0639 0.5538 0.1452 0.0207 
     GRANOLA 0.0099 0.1428 0.4401 0.2527 0.1150 0.0055 0.0339 
    H1H3_101 0.0066 0.0036 0.0035 0.0023 0.2958 0.0087 0.6796 
      H1H3_3 0.0252 0.0815 0.0094 0.1955 0.1527 0.1632 0.3725 
 HARBOROUGH_ 0.0033 0.0177 0.0048 0.5059 0.0073 0.0078 0.4532 
   HARLEQUIN 0.0791 0.0191 0.4528 0.1830 0.1732 0.0141 0.0786 
      HERMES 0.2282 0.2218 0.3139 0.0029 0.0970 0.0578 0.0784 
 HIGHLAND_BU 0.0034 0.1050 0.0021 0.0782 0.7913 0.0159 0.0040 
  HOME_GUARD 0.1172 0.0240 0.0587 0.1964 0.2024 0.2766 0.1246 
     HORIZON 0.0917 0.4578 0.0582 0.0255 0.2370 0.0321 0.0978 
   INNOVATOR 0.0714 0.3079 0.0030 0.0174 0.1294 0.4634 0.0075 
 INTERNATION 0.0106 0.0410 0.0037 0.0032 0.8457 0.0907 0.0050 
 ISLE_OF_JUR 0.1487 0.0837 0.0864 0.1078 0.1228 0.0416 0.4090 
    JULIETTE 0.0094 0.2331 0.5302 0.1487 0.0621 0.0063 0.0103 
     KARLENA 0.2503 0.2487 0.0253 0.0035 0.1725 0.2458 0.0539 
 KERR'S_PINK 0.0709 0.0059 0.0481 0.0571 0.4131 0.3355 0.0695 
     KESTREL 0.3790 0.0036 0.1363 0.1493 0.0051 0.0182 0.3085 
       KIFLI 0.0120 0.0995 0.4863 0.1294 0.1907 0.0088 0.0732 
 KING_EDWARD 0.0029 0.0033 0.1123 0.0204 0.6968 0.1313 0.0329 
    KINGSTON 0.0487 0.1191 0.0090 0.2631 0.1881 0.0038 0.3683 
 KUFRI_CHAND 0.0698 0.1207 0.1239 0.0483 0.1360 0.3898 0.1114 
 KUFRI_JYOTI 0.2567 0.2446 0.0400 0.2609 0.1450 0.0463 0.0065 
      KURODA 0.1346 0.4646 0.1484 0.0103 0.0104 0.1772 0.0545 
 LADY_BALFOU 0.3444 0.0521 0.0179 0.1523 0.1366 0.1464 0.1502 
 LADY_CHRIST 0.0337 0.4370 0.0463 0.0865 0.2890 0.0554 0.0521 
 LADY_CLAIRE 0.0133 0.7028 0.0173 0.0026 0.2142 0.0382 0.0116 
     LADY_JO 0.0096 0.5759 0.0023 0.0024 0.2811 0.1094 0.0192 
 LADY_ROSETT 0.0634 0.3433 0.1062 0.1145 0.1325 0.1340 0.1061 
    LIBERTAS 0.1483 0.5331 0.0022 0.0026 0.3023 0.0059 0.0056 
       LINDA 0.0454 0.1247 0.5454 0.0507 0.2178 0.0109 0.0051 
      LINTON 0.1631 0.1571 0.2840 0.0080 0.0249 0.1744 0.1885 
 LINZER_DELI 0.0143 0.2150 0.3757 0.1383 0.1985 0.0485 0.0097 
   LIONHEART 0.0694 0.4800 0.0687 0.1223 0.0260 0.1934 0.0402 
   MADELEINE 0.0272 0.3673 0.3062 0.1745 0.0879 0.0103 0.0266 
   MADINGLEY 0.2055 0.1533 0.3707 0.0215 0.0393 0.0638 0.1459 
    MAJESTIC 0.0973 0.0896 0.0723 0.1877 0.0306 0.5084 0.0140 
     MARABEL 0.0247 0.4788 0.2889 0.0965 0.0099 0.0883 0.0129 
     MARFONA 0.0591 0.4721 0.0246 0.0227 0.1359 0.1727 0.1129 
     MARILYN 0.1126 0.2915 0.3138 0.1352 0.0941 0.0429 0.0099 
 MARIS_ANCHO 0.0226 0.2751 0.1651 0.0917 0.1657 0.2251 0.0547 
  MARIS_BARD 0.0807 0.2587 0.0015 0.0556 0.0980 0.2620 0.2435 
  MARIS_PEER 0.1878 0.0084 0.1097 0.0915 0.1194 0.3304 0.1527 
 MARIS_PIPER 0.0059 0.0166 0.0244 0.0137 0.1258 0.0054 0.8082 
     MARKIES 0.0617 0.4381 0.2900 0.0248 0.1275 0.0338 0.0240 
      MAXINE 0.1163 0.0080 0.1187 0.0912 0.0088 0.2676 0.3894 
      MEGARA 0.0269 0.4778 0.2627 0.0856 0.0848 0.0105 0.0518 
      MELODY 0.1554 0.3712 0.1612 0.0574 0.1667 0.0157 0.0724 
       MIDAS 0.0060 0.1474 0.2228 0.0180 0.1163 0.0039 0.4856 
       MILVA 0.0251 0.3494 0.2738 0.1240 0.1939 0.0260 0.0077 
        MIMI 0.1263 0.3051 0.0114 0.2072 0.1151 0.0049 0.2300 
        MIRA 0.0683 0.5999 0.0068 0.0111 0.2253 0.0762 0.0124 
       MOIRA 0.1420 0.2677 0.1895 0.1059 0.1255 0.1344 0.0351 
    MONTROSE 0.0061 0.0045 0.0048 0.3680 0.2493 0.0023 0.3651 
       MORAG 0.2141 0.0340 0.0074 0.3182 0.1851 0.1741 0.0671 
      MORENE 0.1097 0.5790 0.0101 0.0073 0.1661 0.1242 0.0037 
      MOZART 0.0077 0.3714 0.2998 0.2886 0.0024 0.0228 0.0073 
 MYATT'S_ASH 0.0138 0.1560 0.0073 0.0022 0.7082 0.1092 0.0034 
      NADINE 0.0992 0.0385 0.2110 0.2028 0.0065 0.0651 0.3769 
       NAVAN 0.0546 0.0204 0.0489 0.1037 0.0325 0.0874 0.6525 
 NDTX_4271_5 0.0081 0.0037 0.3202 0.2637 0.0099 0.2614 0.1330 
      NICOLA 0.0080 0.2818 0.4705 0.0057 0.1727 0.0574 0.0039 
     NOVELLA 0.1600 0.3862 0.1687 0.1382 0.0327 0.0900 0.0242 
     OLYMPUS 0.0516 0.0091 0.1003 0.3972 0.1220 0.1375 0.1825 
       OPERA 0.1140 0.3498 0.1989 0.1513 0.0130 0.0900 0.0830 
   ORCHESTRA 0.0283 0.3368 0.3254 0.1041 0.0807 0.0156 0.1091 
      ORIANA 0.1766 0.4031 0.1448 0.0064 0.0628 0.2022 0.0041 
     OTHELLO 0.5212 0.0030 0.1102 0.1374 0.0078 0.1099 0.1104 
     PALADIN 0.0057 0.0307 0.0048 0.0744 0.1978 0.0581 0.6286 
       PANDA 0.0616 0.1957 0.5320 0.0956 0.0264 0.0073 0.0814 
   PARAMOUNT 0.4289 0.1831 0.1273 0.1577 0.0688 0.0275 0.0066 
    PATRONES 0.0586 0.3118 0.1599 0.0120 0.1734 0.2113 0.0731 
 PENTLAND_AC 0.1643 0.1424 0.1225 0.1066 0.1373 0.1925 0.1344 
 PENTLAND_BE 0.1789 0.0916 0.0052 0.0067 0.3965 0.3031 0.0180 
 PENTLAND_CR 0.0945 0.3112 0.0034 0.3388 0.1001 0.1393 0.0128 
 PENTLAND_DE 0.1690 0.0260 0.0186 0.2871 0.2342 0.2579 0.0071 
 PENTLAND_IV 0.1351 0.0049 0.1678 0.2824 0.0492 0.3355 0.0250 
 PENTLAND_JA 0.0554 0.2214 0.0122 0.2000 0.0646 0.4178 0.0286 
 PENTLAND_MA 0.2462 0.3541 0.0348 0.1326 0.1044 0.1219 0.0059 
 PENTLAND_SQ 0.0836 0.1470 0.0126 0.3484 0.1856 0.2118 0.0110 
   PEPO_1978 0.0216 0.3086 0.3492 0.0541 0.1318 0.0356 0.0991 
     PICASSO 0.4999 0.2410 0.0550 0.0247 0.0031 0.0318 0.1445 
   PIMPERNEL 0.1256 0.4207 0.1262 0.0918 0.2152 0.0036 0.0169 
     PIONEER 0.0054 0.0891 0.5236 0.1819 0.1798 0.0147 0.0057 
       PIXIE 0.2379 0.0489 0.1323 0.2975 0.0042 0.0206 0.2585 
    PREMIERE 0.0160 0.5237 0.0027 0.0137 0.2373 0.1464 0.0602 
   PRODUCENT 0.0081 0.4173 0.1381 0.0988 0.1013 0.0510 0.1854 
     PROVOST 0.1524 0.1780 0.0644 0.1927 0.1285 0.2754 0.0086 
  R.P.LUSTRE 0.0248 0.0092 0.2327 0.1852 0.2193 0.1893 0.1395 
 RANGER_RUSS 0.1178 0.0887 0.0719 0.0023 0.1801 0.5363 0.0029 
       RATTE 0.0081 0.0116 0.1594 0.2256 0.4961 0.0317 0.0674 
      RECORD 0.1013 0.5801 0.0085 0.0034 0.2921 0.0074 0.0072 
   REMBRANDT 0.0082 0.4207 0.1051 0.0922 0.1209 0.1659 0.0870 
    RIO_ROJO 0.1496 0.0470 0.2285 0.1690 0.0475 0.3217 0.0367 
      ROBIJN 0.0803 0.5206 0.0694 0.0035 0.3065 0.0158 0.0040 
      ROCKET 0.0566 0.0229 0.0154 0.1640 0.1625 0.1222 0.4564 
   RODE_STAR 0.0437 0.2970 0.2341 0.0077 0.4065 0.0018 0.0092 
      ROMANO 0.2940 0.3397 0.1729 0.1575 0.0185 0.0076 0.0098 
       ROMEO 0.2795 0.0056 0.2464 0.2129 0.1954 0.0535 0.0067 
     ROOSTER 0.1769 0.1894 0.0282 0.3235 0.1367 0.1358 0.0095 
       ROYAL 0.0616 0.1472 0.3318 0.0132 0.0997 0.0050 0.3415 
 ROYAL_KIDNE 0.0260 0.0702 0.0026 0.0106 0.3631 0.5242 0.0032 
     RUBESSE 0.0947 0.2227 0.2722 0.1626 0.0720 0.1643 0.0115 
 RUSSET_BURB 0.0394 0.0908 0.1308 0.0764 0.1031 0.5449 0.0145 
 RUSSET_NORK 0.0066 0.0034 0.2696 0.1096 0.0224 0.5667 0.0217 
      SAFARI 0.1565 0.5046 0.0453 0.2256 0.0184 0.0427 0.0069 
     SANTANA 0.0663 0.3756 0.1147 0.0302 0.0779 0.1958 0.1397 
       SANTE 0.0437 0.4791 0.0501 0.2148 0.1165 0.0107 0.0850 
     SAPHIRE 0.0238 0.4605 0.0358 0.1752 0.0049 0.2513 0.0485 
  SARPO_MIRA 0.1712 0.1508 0.4247 0.0078 0.1751 0.0076 0.0628 
 SARPO_SHONA 0.1637 0.2607 0.3911 0.0320 0.1014 0.0081 0.0429 
       SASSY 0.0757 0.2737 0.1552 0.0530 0.2149 0.1510 0.0765 
     SATURNA 0.0096 0.4001 0.2597 0.0040 0.2752 0.0050 0.0464 
        SAVA 0.0179 0.2371 0.3704 0.0688 0.0273 0.1575 0.1211 
       SAXON 0.0469 0.0727 0.0161 0.2544 0.1270 0.0162 0.4667 
 SCARBOROUGH 0.0032 0.0040 0.0069 0.4123 0.0487 0.0056 0.5192 
 SEFTON_WOND 0.0446 0.0085 0.0050 0.1320 0.4000 0.3175 0.0923 
    SERAFINA 0.0899 0.2173 0.3743 0.1617 0.1397 0.0138 0.0033 
     SETANTA 0.1232 0.1146 0.0430 0.5045 0.0726 0.0457 0.0965 
 SHARPE'S_EX 0.0300 0.0373 0.1181 0.0127 0.5811 0.1262 0.0947 
     SHELAGH 0.2474 0.1554 0.0460 0.1292 0.2745 0.0187 0.1288 
    SHELFORD 0.2447 0.1459 0.3354 0.0024 0.1569 0.0790 0.0357 
     SHEPODY 0.1766 0.2378 0.0022 0.0072 0.1529 0.4149 0.0084 
      SLANEY 0.3758 0.0098 0.1380 0.1930 0.0066 0.0443 0.2325 
        SPEY 0.4227 0.0555 0.0687 0.2147 0.0031 0.0172 0.2180 
      SPUNTA 0.1503 0.0605 0.3104 0.1697 0.2098 0.0389 0.0604 
     STAMINA 0.2251 0.0322 0.0189 0.0410 0.0027 0.0627 0.6175 
    STEMSTER 0.1299 0.1789 0.1798 0.0129 0.1622 0.0291 0.3070 
 STORMONT_EN 0.1655 0.2707 0.0618 0.0284 0.1710 0.1260 0.1766 
    STIRLING 0.2419 0.1578 0.0130 0.3729 0.0092 0.1482 0.0570 
     SYLVANA 0.0946 0.2670 0.1965 0.0738 0.0383 0.2309 0.0989 
         TAY 0.1663 0.0286 0.0436 0.4884 0.0160 0.0187 0.2384 
      TIMATE 0.0056 0.3450 0.3675 0.0676 0.0501 0.0518 0.1124 
      TOLUCA 0.1733 0.3253 0.3193 0.0614 0.0406 0.0758 0.0043 
    TORRIDON 0.2511 0.3517 0.0535 0.1574 0.1161 0.0499 0.0203 
 ULSTER_SCEP 0.0630 0.1226 0.0062 0.1636 0.0257 0.3383 0.2805 
 UMATILLA_RU 0.0415 0.1517 0.0334 0.0781 0.3744 0.0408 0.2801 
 VALES_EMERA 0.0366 0.0156 0.3592 0.2724 0.1059 0.0452 0.1651 
 VALES_EVERE 0.3086 0.0210 0.0096 0.3441 0.1412 0.0495 0.1261 
 VALES_RUSSE 0.0223 0.0558 0.1598 0.0913 0.2070 0.4439 0.0199 
 VALES_SOVER 0.5711 0.0143 0.0135 0.0895 0.0033 0.0058 0.3025 
       VALOR 0.3902 0.0727 0.0076 0.2523 0.0026 0.0059 0.2686 
    VAN_GOGH 0.0089 0.4978 0.1127 0.0995 0.1583 0.0423 0.0805 
     VANTAGE 0.0889 0.3734 0.0086 0.0028 0.2780 0.2245 0.0237 
       VERDI 0.0772 0.2977 0.2712 0.0208 0.2085 0.0228 0.1019 
    VICTORIA 0.0158 0.4144 0.1611 0.0984 0.0272 0.2606 0.0224 
     VIVALDI 0.1250 0.4800 0.1106 0.0247 0.0178 0.2377 0.0041 
       WILJA 0.1193 0.5499 0.0022 0.0020 0.1743 0.1332 0.0190 
     WINSTON 0.1841 0.0075 0.1639 0.1999 0.0031 0.0643 0.3773 
      XD2-21 0.2012 0.0831 0.0535 0.1611 0.1672 0.2709 0.0629 
  YUKON_GOLD 0.0068 0.0642 0.2378 0.2740 0.0038 0.2871 0.1262 
       ZORBA 0.1236 0.4360 0.0081 0.0396 0.1462 0.2365 0.0099 
