  00C133-020 0.0271 0.5935 0.3539 0.0255 
 01C_071-002 0.2649 0.2352 0.2985 0.2013 
 02M_012-001 0.1384 0.6359 0.0263 0.1995 
 03M_016-002 0.0141 0.3699 0.1243 0.4917 
 03M_034-002 0.0273 0.5690 0.1913 0.2124 
 04C_055-004 0.3238 0.5201 0.0439 0.1122 
 04C_126-005 0.1205 0.3810 0.3896 0.1089 
 04M_034-013 0.1176 0.4906 0.0708 0.3210 
 05M_002-001 0.4251 0.1712 0.2014 0.2023 
 05M_004-003 0.3777 0.2455 0.3464 0.0304 
 05M_012-004 0.1981 0.2482 0.4313 0.1224 
 06C_127-002 0.2804 0.4349 0.2197 0.0650 
 12288_AF_23 0.1567 0.5072 0.3088 0.0273 
    12601AB1 0.0126 0.4908 0.0169 0.4797 
   12636_A_2 0.0105 0.5466 0.2124 0.2304 
  15119_AC_5 0.0053 0.2937 0.5000 0.2011 
     1512C16 0.1478 0.0861 0.4302 0.3359 
   15144_A_3 0.2142 0.1561 0.6006 0.0291 
     1563C14 0.3295 0.0407 0.1131 0.5168 
     2182EF7 0.1029 0.1892 0.5845 0.1234 
     3681AD1 0.2991 0.1147 0.4694 0.1168 
     5008AB6 0.3893 0.1339 0.3515 0.1253 
    8204_A_4 0.1756 0.3002 0.4850 0.0392 
       AGRIA 0.7070 0.1036 0.0518 0.1376 
       AILSA 0.1568 0.6375 0.0383 0.1674 
      ALMERA 0.5245 0.0765 0.2699 0.1291 
       ALPHA 0.3978 0.0587 0.2288 0.3147 
      ALWARA 0.4732 0.1017 0.3572 0.0679 
      AMADRA 0.4720 0.2475 0.0686 0.2119 
       AMOUR 0.0264 0.4963 0.4315 0.0458 
        ANNA 0.0047 0.1123 0.7777 0.1054 
   ANNABELLE 0.7234 0.0428 0.1384 0.0954 
        ANYA 0.4980 0.1254 0.1327 0.2440 
       ARGOS 0.0617 0.3239 0.5971 0.0173 
     ARIELLE 0.5521 0.0496 0.2201 0.1781 
      ARKULA 0.4662 0.0308 0.3054 0.1975 
      ARMADA 0.4096 0.1288 0.2654 0.1961 
   AVALANCHE 0.1705 0.4447 0.2703 0.1146 
     BAILLIE 0.1985 0.5274 0.2304 0.0437 
    BALMORAL 0.0984 0.1128 0.7000 0.0889 
     BAMBINO 0.1146 0.5630 0.2859 0.0366 
       BARNA 0.2564 0.2123 0.4727 0.0586 
 BELLE_DE_FO 0.0069 0.0040 0.0866 0.9025 
       BENOL 0.1198 0.6309 0.0375 0.2118 
       BF_15 0.1443 0.0058 0.0854 0.7645 
      BINTJE 0.2141 0.0923 0.2625 0.4311 
 BIONICA_EX_ 0.2948 0.1863 0.3346 0.1842 
 BLUE_DANUBE 0.3732 0.0371 0.3560 0.2337 
      BONNIE 0.2849 0.3219 0.3316 0.0616 
      BOUNTY 0.1098 0.5186 0.3318 0.0398 
 BRITISH_QUE 0.0176 0.0118 0.4124 0.5582 
     BRODICK 0.2066 0.6507 0.1210 0.0217 
      BRODIE 0.0102 0.2082 0.6579 0.1236 
      BUCHAN 0.0578 0.2942 0.5555 0.0926 
      BURREN 0.2201 0.1871 0.4813 0.1115 
     CABARET 0.0084 0.5504 0.1144 0.3268 
      CAESAR 0.6324 0.1079 0.2499 0.0098 
        CARA 0.0119 0.2598 0.6979 0.0304 
 CARLINGFORD 0.1890 0.2145 0.4889 0.1076 
  CASABLANCA 0.1296 0.3671 0.4921 0.0112 
      CELINE 0.3629 0.1307 0.3805 0.1258 
  CHALLENGER 0.4322 0.2231 0.1217 0.2230 
   CHARLOTTE 0.6061 0.2422 0.0178 0.1340 
     CHICAGO 0.3397 0.5353 0.0183 0.1067 
   CHIEFTAIN 0.2347 0.1465 0.3913 0.2274 
      CHOPIN 0.4997 0.0635 0.3060 0.1308 
      CLARET 0.0698 0.2423 0.6528 0.0352 
      CORINE 0.1804 0.2354 0.4120 0.1722 
      COSMOS 0.4074 0.1122 0.3005 0.1799 
     COURAGE 0.3942 0.1108 0.3209 0.1741 
     COURLAN 0.3186 0.1844 0.3292 0.1678 
 CRAIGS_ROYA 0.0105 0.3265 0.5331 0.1299 
 CRAIGS_SNOW 0.0587 0.1933 0.3194 0.4287 
     CRAMOND 0.1538 0.5556 0.2581 0.0325 
 CRISPS_FOR_ 0.4948 0.1615 0.2169 0.1268 
    CROMWELL 0.0603 0.6592 0.0159 0.2647 
       D22/1 0.0096 0.5317 0.2073 0.2514 
       D23/3 0.0447 0.4027 0.1553 0.3973 
      D47-11 0.0100 0.6629 0.0161 0.3110 
       D49/1 0.0400 0.7446 0.0041 0.2112 
       DAISY 0.2333 0.4885 0.0212 0.2569 
 DARK_RED_NO 0.2260 0.1093 0.4192 0.2456 
     DARWINA 0.4333 0.0991 0.2406 0.2270 
     DESIREE 0.4581 0.0182 0.3361 0.1876 
       DITTA 0.5575 0.0326 0.1742 0.2356 
 DR._MCINTOS 0.0711 0.1476 0.5998 0.1815 
       DRAGA 0.2904 0.1973 0.4352 0.0772 
 DUKE_OF_YOR 0.1223 0.0048 0.3475 0.5254 
 DUNBAR_STAN 0.0114 0.1975 0.3628 0.4284 
     DUNDROD 0.1288 0.5355 0.1046 0.2311 
     ECLIPSE 0.1731 0.1479 0.1302 0.5488 
        EDEN 0.0117 0.7165 0.0201 0.2518 
 EDZELL_BLUE 0.2140 0.1036 0.2695 0.4129 
   ELISABETH 0.6170 0.2383 0.1158 0.0289 
     EMPEROR 0.3645 0.2604 0.2479 0.1271 
         EOS 0.4020 0.3361 0.1814 0.0804 
     EPICURE 0.1745 0.0609 0.2822 0.4824 
  ERNTESTOLZ 0.3518 0.0531 0.2539 0.3412 
      ESCORT 0.6017 0.2221 0.1457 0.0304 
   ESMERALDA 0.4133 0.2000 0.1864 0.2004 
      ESTIMA 0.4396 0.1685 0.1942 0.1977 
 EVE_BALFOUR 0.0199 0.2788 0.4598 0.2415 
   EXCALIBUR 0.0679 0.5915 0.3358 0.0047 
     EXQUISA 0.6472 0.0231 0.1297 0.2000 
    FESTIVAL 0.6294 0.2000 0.1373 0.0334 
      FIANNA 0.3495 0.0874 0.4848 0.0783 
   FIFTYFOLD 0.1046 0.1354 0.1403 0.6197 
     FONTANE 0.5350 0.2169 0.1170 0.1312 
   FORTYFOLD 0.1140 0.0059 0.2131 0.6670 
 FRONTIER_RU 0.2508 0.1648 0.2754 0.3091 
     G.81071 0.1898 0.2503 0.4187 0.1412 
     G.88661 0.2498 0.2968 0.4008 0.0526 
    G.886611 0.2637 0.3394 0.3793 0.0177 
  G.8867Y%12 0.2671 0.1832 0.5239 0.0259 
     G.88839 0.8870 0.0255 0.0423 0.0452 
     G.88842 0.5587 0.0533 0.3388 0.0492 
   GALACTICA 0.1864 0.0265 0.5459 0.2412 
      GEMSON 0.0388 0.2137 0.5193 0.2281 
  GL.76B/102 0.3446 0.1805 0.0400 0.4349 
   GL.76B/94 0.2153 0.0076 0.1897 0.5873 
  GL.77M/106 0.1579 0.3930 0.2562 0.1928 
   GL.78/166 0.1236 0.0502 0.1282 0.6981 
    GL.78/53 0.1297 0.2889 0.0094 0.5720 
    GL.78/97 0.1877 0.1592 0.0314 0.6217 
    GL.79/42 0.2122 0.2085 0.0062 0.5731 
    GL.79/45 0.1884 0.1753 0.0363 0.6001 
 GL.81_NT_25 0.0133 0.5202 0.0341 0.4325 
   GLADIATOR 0.4459 0.1932 0.3198 0.0412 
      GLAMIS 0.2445 0.4817 0.1726 0.1013 
 GOLDEN_MILL 0.1195 0.6048 0.1689 0.1068 
 GOLDEN_NUGG 0.3863 0.1732 0.4012 0.0393 
 GOLDEN_WOND 0.1573 0.0873 0.1045 0.6509 
     GRANOLA 0.6387 0.2138 0.0230 0.1245 
    H1H3_101 0.0037 0.6201 0.0051 0.3711 
      H1H3_3 0.0435 0.4821 0.2304 0.2440 
 HARBOROUGH_ 0.1219 0.7946 0.0619 0.0216 
   HARLEQUIN 0.5187 0.2398 0.0499 0.1917 
      HERMES 0.4675 0.1001 0.2514 0.1811 
 HIGHLAND_BU 0.0246 0.0260 0.0682 0.8812 
  HOME_GUARD 0.0463 0.2722 0.3590 0.3226 
     HORIZON 0.3929 0.0910 0.2042 0.3119 
   INNOVATOR 0.0904 0.0098 0.5411 0.3587 
 INTERNATION 0.0101 0.0077 0.0320 0.9502 
 ISLE_OF_JUR 0.1313 0.4982 0.2109 0.1596 
    JULIETTE 0.8008 0.1018 0.0243 0.0732 
     KARLENA 0.1721 0.0771 0.4558 0.2950 
 KERR'S_PINK 0.0148 0.1398 0.2767 0.5687 
     KESTREL 0.0409 0.5252 0.4225 0.0114 
       KIFLI 0.6120 0.1991 0.0091 0.1799 
 KING_EDWARD 0.0432 0.1219 0.0120 0.8229 
    KINGSTON 0.1245 0.5515 0.1131 0.2110 
 KUFRI_CHAND 0.1720 0.1377 0.3862 0.3042 
 KUFRI_JYOTI 0.2341 0.1248 0.4652 0.1760 
      KURODA 0.4847 0.0428 0.3655 0.1070 
 LADY_BALFOU 0.0321 0.2778 0.5109 0.1792 
 LADY_CHRIST 0.3772 0.0778 0.1786 0.3664 
 LADY_CLAIRE 0.5823 0.0120 0.1127 0.2931 
     LADY_JO 0.3274 0.0211 0.2233 0.4281 
 LADY_ROSETT 0.3798 0.1743 0.2401 0.2057 
    LIBERTAS 0.3012 0.0102 0.2869 0.4016 
       LINDA 0.6803 0.0449 0.0206 0.2542 
      LINTON 0.3773 0.2197 0.2682 0.1349 
 LINZER_DELI 0.6045 0.0779 0.0757 0.2419 
   LIONHEART 0.4299 0.0842 0.3451 0.1408 
   MADELEINE 0.6405 0.1392 0.1014 0.1190 
   MADINGLEY 0.4858 0.2072 0.2144 0.0925 
    MAJESTIC 0.1201 0.1150 0.5591 0.2057 
     MARABEL 0.7039 0.0482 0.2036 0.0443 
     MARFONA 0.3121 0.0762 0.3369 0.2747 
     MARILYN 0.5676 0.0829 0.2202 0.1293 
 MARIS_ANCHO 0.3757 0.1147 0.2341 0.2755 
  MARIS_BARD 0.0198 0.2652 0.4502 0.2648 
  MARIS_PEER 0.0332 0.2415 0.4654 0.2600 
 MARIS_PIPER 0.0134 0.7936 0.0060 0.1870 
     MARKIES 0.6367 0.0446 0.1250 0.1938 
      MAXINE 0.0994 0.4784 0.3178 0.1044 
      MEGARA 0.6624 0.0985 0.1100 0.1290 
      MELODY 0.4336 0.1276 0.2245 0.2143 
       MIDAS 0.3258 0.5043 0.0072 0.1627 
       MILVA 0.5984 0.0446 0.1217 0.2354 
        MIMI 0.2729 0.3793 0.2153 0.1326 
        MIRA 0.4379 0.0156 0.2496 0.2969 
       MOIRA 0.3818 0.1094 0.3180 0.1908 
    MONTROSE 0.0354 0.6622 0.0234 0.2790 
       MORAG 0.0231 0.2653 0.4672 0.2443 
      MORENE 0.4140 0.0057 0.3316 0.2488 
      MOZART 0.6974 0.1516 0.1457 0.0052 
 MYATT'S_ASH 0.0886 0.0055 0.0849 0.8210 
      NADINE 0.2791 0.5315 0.1742 0.0153 
       NAVAN 0.0358 0.7278 0.1441 0.0922 
 NDTX_4271_5 0.2986 0.3398 0.2422 0.1193 
      NICOLA 0.7188 0.0084 0.0272 0.2456 
     NOVELLA 0.4690 0.0979 0.3543 0.0788 
     OLYMPUS 0.1328 0.4408 0.2508 0.1756 
       OPERA 0.4947 0.1884 0.2584 0.0585 
   ORCHESTRA 0.6160 0.1879 0.0736 0.1225 
      ORIANA 0.4356 0.0088 0.4017 0.1539 
     OTHELLO 0.0248 0.3059 0.6496 0.0197 
     PALADIN 0.0134 0.6675 0.0288 0.2903 
       PANDA 0.7393 0.1748 0.0378 0.0482 
   PARAMOUNT 0.2519 0.1096 0.5647 0.0737 
    PATRONES 0.3584 0.0718 0.2641 0.3058 
 PENTLAND_AC 0.2048 0.2189 0.3460 0.2303 
 PENTLAND_BE 0.0146 0.0281 0.4162 0.5412 
 PENTLAND_CR 0.2032 0.1969 0.4391 0.1608 
 PENTLAND_DE 0.0501 0.1677 0.4743 0.3079 
 PENTLAND_IV 0.1380 0.2431 0.4601 0.1587 
 PENTLAND_JA 0.1458 0.1252 0.4984 0.2306 
 PENTLAND_MA 0.2950 0.0329 0.5179 0.1542 
 PENTLAND_SQ 0.1550 0.1935 0.4065 0.2451 
   PEPO_1978 0.6186 0.1390 0.0687 0.1737 
     PICASSO 0.1825 0.1954 0.6149 0.0072 
   PIMPERNEL 0.4860 0.0849 0.1802 0.2489 
     PIONEER 0.6844 0.0925 0.0202 0.2029 
       PIXIE 0.1949 0.4669 0.3289 0.0093 
    PREMIERE 0.2955 0.0438 0.2884 0.3724 
   PRODUCENT 0.4859 0.2276 0.1061 0.1804 
     PROVOST 0.1976 0.1052 0.4707 0.2264 
  R.P.LUSTRE 0.2300 0.2943 0.1657 0.3100 
 RANGER_RUSS 0.0530 0.0043 0.5318 0.4109 
       RATTE 0.2053 0.2376 0.0207 0.5363 
      RECORD 0.3976 0.0067 0.2306 0.3651 
   REMBRANDT 0.4342 0.1241 0.1934 0.2483 
    RIO_ROJO 0.2561 0.1639 0.4104 0.1697 
      ROBIJN 0.4755 0.0077 0.1515 0.3653 
      ROCKET 0.0224 0.5535 0.1847 0.2393 
   RODE_STAR 0.5105 0.0471 0.0125 0.4299 
      ROMANO 0.4453 0.1138 0.4083 0.0326 
       ROMEO 0.2491 0.1950 0.3480 0.2078 
     ROOSTER 0.2151 0.1834 0.4288 0.1727 
       ROYAL 0.4502 0.3832 0.0176 0.1490 
 ROYAL_KIDNE 0.0061 0.0052 0.4163 0.5725 
     RUBESSE 0.4546 0.1121 0.2897 0.1436 
 RUSSET_BURB 0.1642 0.0703 0.4531 0.3124 
 RUSSET_NORK 0.1985 0.1643 0.3728 0.2644 
      SAFARI 0.4412 0.0797 0.4357 0.0434 
     SANTANA 0.3822 0.1482 0.2771 0.1926 
       SANTE 0.4661 0.1973 0.1866 0.1500 
     SAPHIRE 0.4202 0.1259 0.3822 0.0717 
  SARPO_MIRA 0.5703 0.1272 0.0966 0.2059 
 SARPO_SHONA 0.6305 0.1221 0.1257 0.1217 
       SASSY 0.3410 0.1147 0.2253 0.3190 
     SATURNA 0.5994 0.0463 0.0141 0.3403 
        SAVA 0.5711 0.1769 0.1340 0.1180 
       SAXON 0.0893 0.6134 0.1421 0.1552 
 SCARBOROUGH 0.0684 0.8254 0.0248 0.0814 
 SEFTON_WOND 0.0071 0.1877 0.2658 0.5394 
    SERAFINA 0.6156 0.0562 0.1668 0.1614 
     SETANTA 0.2207 0.4147 0.3095 0.0551 
 SHARPE'S_EX 0.1130 0.1182 0.0864 0.6824 
     SHELAGH 0.1322 0.2237 0.3398 0.3044 
    SHELFORD 0.4290 0.0600 0.2613 0.2497 
     SHEPODY 0.0213 0.0110 0.6067 0.3610 
      SLANEY 0.1103 0.4123 0.4642 0.0131 
        SPEY 0.0798 0.3965 0.5177 0.0060 
      SPUNTA 0.3795 0.2115 0.1754 0.2336 
     STAMINA 0.0243 0.6756 0.2927 0.0074 
    STEMSTER 0.3013 0.3427 0.1284 0.2276 
 STORMONT_EN 0.2127 0.1895 0.3341 0.2638 
    STIRLING 0.1308 0.2753 0.5751 0.0188 
     SYLVANA 0.3834 0.1484 0.3160 0.1522 
         TAY 0.1353 0.5522 0.3013 0.0112 
      TIMATE 0.6863 0.1744 0.0282 0.1111 
      TOLUCA 0.5891 0.0181 0.3008 0.0920 
    TORRIDON 0.3021 0.1062 0.4244 0.1673 
 ULSTER_SCEP 0.0354 0.3517 0.4248 0.1880 
 UMATILLA_RU 0.1368 0.3376 0.0883 0.4373 
 VALES_EMERA 0.4085 0.3506 0.1135 0.1274 
 VALES_EVERE 0.0229 0.3870 0.4569 0.1332 
 VALES_RUSSE 0.1861 0.0897 0.3354 0.3889 
 VALES_SOVER 0.0107 0.4209 0.5638 0.0045 
       VALOR 0.0423 0.4730 0.4799 0.0049 
    VAN_GOGH 0.5181 0.1128 0.1448 0.2242 
     VANTAGE 0.2326 0.0164 0.3073 0.4438 
       VERDI 0.5141 0.1351 0.1037 0.2471 
    VICTORIA 0.4899 0.0637 0.2785 0.1679 
     VIVALDI 0.4650 0.0068 0.4159 0.1123 
       WILJA 0.2655 0.0111 0.4046 0.3188 
     WINSTON 0.1572 0.5508 0.2826 0.0094 
      XD2-21 0.0956 0.1750 0.4604 0.2690 
  YUKON_GOLD 0.3759 0.3118 0.2696 0.0427 
       ZORBA 0.2925 0.0257 0.4291 0.2528 
