  00C133-020 0.3573 0.4844 0.0166 0.0138 0.0389 0.0890 
 01C_071-002 0.2450 0.1782 0.2547 0.0465 0.1748 0.1007 
 02M_012-001 0.0833 0.5405 0.0587 0.0050 0.2088 0.1038 
 03M_016-002 0.0184 0.3353 0.0101 0.2183 0.3960 0.0219 
 03M_034-002 0.2072 0.4826 0.0392 0.0161 0.2332 0.0216 
 04C_055-004 0.0193 0.4618 0.0960 0.0473 0.1029 0.2727 
 04C_126-005 0.3791 0.2750 0.1028 0.0182 0.1169 0.1079 
 04M_034-013 0.0104 0.4455 0.0561 0.1417 0.2598 0.0865 
 05M_002-001 0.0602 0.1418 0.3258 0.1608 0.1154 0.1960 
 05M_004-003 0.2074 0.2103 0.3543 0.0966 0.0087 0.1227 
 05M_012-004 0.2308 0.2063 0.2087 0.2070 0.0388 0.1085 
 06C_127-002 0.1509 0.3179 0.0070 0.0753 0.0307 0.4183 
 12288_AF_23 0.1944 0.4365 0.0369 0.1142 0.0100 0.2080 
    12601AB1 0.0924 0.3652 0.0055 0.0036 0.4864 0.0468 
   12636_A_2 0.2101 0.4529 0.0083 0.0761 0.2177 0.0348 
  15119_AC_5 0.5406 0.1960 0.0204 0.0215 0.2190 0.0025 
     1512C16 0.1843 0.0201 0.0606 0.3153 0.2209 0.1988 
   15144_A_3 0.6258 0.0101 0.0284 0.0060 0.0382 0.2914 
     1563C14 0.0401 0.0131 0.1970 0.0727 0.4457 0.2314 
     2182EF7 0.3523 0.1083 0.0485 0.2742 0.0346 0.1821 
     3681AD1 0.3176 0.0914 0.3500 0.0840 0.0563 0.1008 
     5008AB6 0.3272 0.0320 0.2284 0.0121 0.1112 0.2891 
    8204_A_4 0.3528 0.1923 0.0259 0.1300 0.0162 0.2829 
       AGRIA 0.0033 0.0861 0.4694 0.1093 0.0265 0.3054 
       AILSA 0.0118 0.5417 0.0051 0.0555 0.1391 0.2468 
      ALMERA 0.0234 0.0807 0.4201 0.2278 0.0195 0.2286 
       ALPHA 0.0675 0.0643 0.3802 0.1079 0.2329 0.1472 
      ALWARA 0.2928 0.0314 0.3034 0.0248 0.0527 0.2950 
      AMADRA 0.0198 0.2137 0.3019 0.0350 0.1727 0.2569 
       AMOUR 0.4309 0.3936 0.0260 0.0321 0.0448 0.0726 
        ANNA 0.7587 0.0158 0.0123 0.0683 0.1391 0.0058 
   ANNABELLE 0.0168 0.0213 0.4295 0.0866 0.0309 0.4149 
        ANYA 0.0592 0.0402 0.1256 0.0774 0.2080 0.4896 
       ARGOS 0.5013 0.2341 0.1120 0.0974 0.0073 0.0478 
     ARIELLE 0.0596 0.0325 0.3654 0.1390 0.0931 0.3103 
      ARKULA 0.1359 0.0165 0.4155 0.1081 0.1241 0.1999 
      ARMADA 0.0846 0.1206 0.3610 0.1327 0.1334 0.1677 
   AVALANCHE 0.0746 0.4420 0.2649 0.1844 0.0271 0.0070 
     BAILLIE 0.1385 0.4761 0.1680 0.0958 0.0264 0.0952 
    BALMORAL 0.4556 0.0370 0.2143 0.2602 0.0215 0.0114 
     BAMBINO 0.2396 0.4867 0.0908 0.0392 0.0364 0.1073 
       BARNA 0.4052 0.1019 0.0852 0.0551 0.0440 0.3086 
 BELLE_DE_FO 0.0692 0.0022 0.0160 0.0719 0.8329 0.0077 
       BENOL 0.0539 0.5621 0.0865 0.0092 0.2222 0.0661 
       BF_15 0.0565 0.0032 0.1464 0.0306 0.6967 0.0666 
      BINTJE 0.0942 0.0625 0.2070 0.1999 0.3251 0.1114 
 BIONICA_EX_ 0.2085 0.1357 0.2509 0.0899 0.1426 0.1724 
 BLUE_DANUBE 0.1679 0.0132 0.5098 0.1515 0.1500 0.0076 
      BONNIE 0.2161 0.2547 0.1731 0.0983 0.0260 0.2319 
      BOUNTY 0.2922 0.4421 0.1014 0.0359 0.0294 0.0990 
 BRITISH_QUE 0.0410 0.0090 0.1414 0.4334 0.3716 0.0035 
     BRODICK 0.1126 0.5474 0.0156 0.0175 0.0214 0.2856 
      BRODIE 0.5143 0.0822 0.0050 0.1900 0.0770 0.1315 
      BUCHAN 0.4385 0.1387 0.0036 0.1160 0.0444 0.2589 
      BURREN 0.4594 0.0767 0.1326 0.0186 0.1084 0.2043 
     CABARET 0.1092 0.4868 0.0097 0.0786 0.3024 0.0133 
      CAESAR 0.0819 0.0799 0.3769 0.0954 0.0026 0.3633 
        CARA 0.7094 0.1224 0.0127 0.0162 0.0401 0.0992 
 CARLINGFORD 0.2015 0.1425 0.0243 0.3186 0.0172 0.2959 
  CASABLANCA 0.2831 0.3278 0.2407 0.1396 0.0035 0.0054 
      CELINE 0.2786 0.1020 0.3923 0.0300 0.0883 0.1088 
  CHALLENGER 0.0046 0.1991 0.2904 0.1893 0.1017 0.2149 
   CHARLOTTE 0.0140 0.1363 0.0608 0.0062 0.1386 0.6442 
     CHICAGO 0.0148 0.4871 0.2456 0.0057 0.1023 0.1444 
   CHIEFTAIN 0.0870 0.0515 0.0069 0.3695 0.0832 0.4019 
      CHOPIN 0.0486 0.0533 0.3849 0.2475 0.0245 0.2412 
      CLARET 0.6112 0.1001 0.0137 0.0496 0.0303 0.1951 
      CORINE 0.2407 0.1858 0.2987 0.1716 0.0943 0.0088 
      COSMOS 0.0259 0.1488 0.4526 0.2358 0.0562 0.0806 
     COURAGE 0.1441 0.0810 0.3127 0.1542 0.0972 0.2107 
     COURLAN 0.1149 0.1258 0.1202 0.2595 0.0615 0.3180 
 CRAIGS_ROYA 0.3613 0.2247 0.0048 0.2192 0.0534 0.1366 
 CRAIGS_SNOW 0.0729 0.1620 0.0445 0.3343 0.2978 0.0884 
     CRAMOND 0.1590 0.4950 0.1212 0.0844 0.0202 0.1202 
 CRISPS_FOR_ 0.0486 0.1281 0.2876 0.1512 0.0538 0.3307 
    CROMWELL 0.0482 0.5886 0.0729 0.0052 0.2743 0.0108 
       D22/1 0.1038 0.4947 0.0481 0.1515 0.1987 0.0032 
       D23/3 0.0298 0.3637 0.0403 0.1844 0.3187 0.0630 
      D47-11 0.0134 0.6391 0.0410 0.0121 0.2909 0.0034 
       D49/1 0.0029 0.7239 0.0418 0.0083 0.2105 0.0127 
       DAISY 0.0093 0.4537 0.1708 0.0156 0.2383 0.1124 
 DARK_RED_NO 0.1063 0.0635 0.0406 0.3979 0.1009 0.2908 
     DARWINA 0.0154 0.1153 0.4160 0.1988 0.1167 0.1377 
     DESIREE 0.2315 0.0035 0.1945 0.0580 0.1331 0.3794 
       DITTA 0.0104 0.0235 0.3573 0.1831 0.1272 0.2984 
 DR._MCINTOS 0.1525 0.1109 0.0197 0.5141 0.0240 0.1788 
       DRAGA 0.0852 0.1839 0.2896 0.3393 0.0075 0.0944 
 DUKE_OF_YOR 0.0080 0.0032 0.2246 0.4173 0.3416 0.0052 
 DUNBAR_STAN 0.0681 0.1677 0.0083 0.4530 0.2565 0.0463 
     DUNDROD 0.0731 0.4595 0.0170 0.0833 0.1953 0.1717 
     ECLIPSE 0.0029 0.0319 0.0035 0.2918 0.3863 0.2836 
        EDEN 0.0284 0.6540 0.0088 0.0239 0.2615 0.0233 
 EDZELL_BLUE 0.1576 0.0534 0.1836 0.1349 0.3260 0.1445 
   ELISABETH 0.0131 0.1817 0.2383 0.0609 0.0111 0.4949 
     EMPEROR 0.0062 0.2280 0.1542 0.3151 0.0116 0.2849 
         EOS 0.0212 0.2974 0.1338 0.1534 0.0194 0.3747 
     EPICURE 0.0301 0.0117 0.0227 0.3270 0.3610 0.2474 
  ERNTESTOLZ 0.0519 0.0387 0.2797 0.2126 0.2387 0.1784 
      ESCORT 0.0755 0.1853 0.3774 0.0125 0.0120 0.3372 
   ESMERALDA 0.1106 0.1608 0.2930 0.0270 0.1611 0.2475 
      ESTIMA 0.0070 0.1558 0.3085 0.2288 0.0730 0.2269 
 EVE_BALFOUR 0.4248 0.1638 0.0139 0.0730 0.2205 0.1039 
   EXCALIBUR 0.3938 0.4694 0.0330 0.0049 0.0049 0.0940 
     EXQUISA 0.1053 0.0047 0.2990 0.0058 0.1586 0.4266 
    FESTIVAL 0.0318 0.1710 0.3926 0.0555 0.0094 0.3397 
      FIANNA 0.2136 0.0615 0.3257 0.2430 0.0093 0.1469 
   FIFTYFOLD 0.0659 0.0587 0.0203 0.1375 0.5482 0.1695 
     FONTANE 0.0045 0.2091 0.3963 0.1614 0.0232 0.2054 
   FORTYFOLD 0.0199 0.0028 0.2333 0.1962 0.5423 0.0055 
 FRONTIER_RU 0.0056 0.1142 0.0374 0.4331 0.1327 0.2770 
     G.81071 0.2168 0.1948 0.1005 0.2158 0.0669 0.2053 
     G.88661 0.0340 0.2759 0.0943 0.3407 0.0054 0.2497 
    G.886611 0.0592 0.2705 0.0104 0.2756 0.0035 0.3807 
  G.8867Y%12 0.1431 0.1169 0.0318 0.3446 0.0043 0.3593 
     G.88839 0.0077 0.0079 0.4113 0.0052 0.0201 0.5477 
     G.88842 0.1417 0.0204 0.3667 0.1342 0.0140 0.3230 
   GALACTICA 0.3918 0.0058 0.3333 0.1137 0.1507 0.0048 
      GEMSON 0.2857 0.1353 0.0163 0.2763 0.1299 0.1565 
  GL.76B/102 0.0053 0.1388 0.1889 0.1193 0.3557 0.1920 
   GL.76B/94 0.1520 0.0027 0.2714 0.0178 0.5316 0.0244 
  GL.77M/106 0.2648 0.2454 0.0067 0.0117 0.1828 0.2885 
   GL.78/166 0.0485 0.0157 0.1971 0.1169 0.6125 0.0093 
    GL.78/53 0.0138 0.2055 0.0089 0.0075 0.5496 0.2148 
    GL.78/97 0.0273 0.1072 0.1163 0.0224 0.5816 0.1451 
    GL.79/42 0.0068 0.1435 0.0477 0.0042 0.5505 0.2473 
    GL.79/45 0.0993 0.0611 0.0330 0.0051 0.5800 0.2215 
 GL.81_NT_25 0.0344 0.4795 0.0809 0.0096 0.3926 0.0030 
   GLADIATOR 0.1252 0.1326 0.2353 0.1703 0.0062 0.3304 
      GLAMIS 0.0352 0.4375 0.1274 0.1555 0.0471 0.1973 
 GOLDEN_MILL 0.1966 0.4835 0.0166 0.0080 0.1217 0.1736 
 GOLDEN_NUGG 0.3141 0.1197 0.3740 0.0121 0.0203 0.1597 
 GOLDEN_WOND 0.0304 0.0352 0.0895 0.1334 0.5586 0.1529 
     GRANOLA 0.0150 0.1334 0.1870 0.0068 0.1041 0.5537 
    H1H3_101 0.0042 0.6082 0.0056 0.0084 0.3716 0.0019 
      H1H3_3 0.0898 0.4475 0.0671 0.1749 0.1835 0.0372 
 HARBOROUGH_ 0.0509 0.7228 0.0290 0.0319 0.0235 0.1418 
   HARLEQUIN 0.0472 0.1497 0.0840 0.0142 0.1724 0.5325 
      HERMES 0.1675 0.0558 0.3432 0.0710 0.1322 0.2304 
 HIGHLAND_BU 0.0216 0.0095 0.1025 0.0534 0.8065 0.0064 
  HOME_GUARD 0.1516 0.2024 0.0134 0.2808 0.2073 0.1444 
     HORIZON 0.1175 0.0854 0.4302 0.0358 0.2499 0.0813 
   INNOVATOR 0.1024 0.0078 0.2667 0.4860 0.1328 0.0043 
 INTERNATION 0.0089 0.0046 0.0500 0.0780 0.8546 0.0040 
 ISLE_OF_JUR 0.1647 0.4290 0.0872 0.0494 0.1531 0.1166 
    JULIETTE 0.0079 0.0360 0.3119 0.0057 0.0514 0.5871 
     KARLENA 0.2354 0.0241 0.2845 0.2637 0.1849 0.0076 
 KERR'S_PINK 0.0721 0.0885 0.0068 0.3302 0.4322 0.0702 
     KESTREL 0.3760 0.3813 0.0044 0.0246 0.0076 0.2060 
       KIFLI 0.0069 0.1144 0.1866 0.0078 0.1821 0.5023 
 KING_EDWARD 0.0032 0.0298 0.0050 0.1096 0.7191 0.1332 
    KINGSTON 0.1466 0.4685 0.0965 0.0059 0.2109 0.0716 
 KUFRI_CHAND 0.0657 0.1160 0.1239 0.3926 0.1564 0.1454 
 KUFRI_JYOTI 0.3712 0.0372 0.1726 0.0774 0.1312 0.2104 
      KURODA 0.1295 0.0453 0.4805 0.1980 0.0128 0.1339 
 LADY_BALFOU 0.3947 0.1875 0.0316 0.1484 0.1410 0.0968 
 LADY_CHRIST 0.0646 0.0845 0.4091 0.0724 0.2845 0.0849 
 LADY_CLAIRE 0.0191 0.0072 0.6978 0.0511 0.2194 0.0055 
     LADY_JO 0.0166 0.0119 0.5478 0.1330 0.2885 0.0022 
 LADY_ROSETT 0.0874 0.1512 0.3228 0.1368 0.1307 0.1712 
    LIBERTAS 0.1733 0.0045 0.5062 0.0083 0.3049 0.0029 
       LINDA 0.0096 0.0062 0.2136 0.0064 0.2119 0.5522 
      LINTON 0.0969 0.1936 0.2583 0.1887 0.0395 0.2230 
 LINZER_DELI 0.0159 0.0336 0.2662 0.0438 0.1974 0.4431 
   LIONHEART 0.1108 0.0898 0.4384 0.2178 0.0210 0.1222 
   MADELEINE 0.0433 0.1000 0.3697 0.0136 0.0810 0.3924 
   MADINGLEY 0.1368 0.1488 0.2619 0.0777 0.0482 0.3266 
    MAJESTIC 0.1550 0.0520 0.0346 0.5221 0.0350 0.2013 
     MARABEL 0.0302 0.0290 0.4809 0.1093 0.0096 0.3410 
     MARFONA 0.0672 0.1262 0.4530 0.1900 0.1491 0.0145 
     MARILYN 0.1391 0.0267 0.3125 0.0503 0.0862 0.3852 
 MARIS_ANCHO 0.0308 0.0848 0.2595 0.2356 0.1731 0.2162 
  MARIS_BARD 0.1451 0.2487 0.1995 0.2876 0.1168 0.0024 
  MARIS_PEER 0.1880 0.1714 0.0083 0.3336 0.1421 0.1566 
 MARIS_PIPER 0.0049 0.7639 0.0354 0.0053 0.1856 0.0049 
     MARKIES 0.0464 0.0266 0.4630 0.0433 0.1267 0.2941 
      MAXINE 0.0999 0.4241 0.0183 0.2856 0.0188 0.1534 
      MEGARA 0.0326 0.0859 0.4926 0.0158 0.0781 0.2949 
      MELODY 0.1617 0.0859 0.3830 0.0251 0.1682 0.1761 
       MIDAS 0.0068 0.4623 0.2081 0.0040 0.1593 0.1594 
       MILVA 0.0465 0.0202 0.3596 0.0325 0.1934 0.3479 
        MIMI 0.2032 0.3140 0.2605 0.0074 0.1242 0.0908 
        MIRA 0.1225 0.0073 0.5463 0.0886 0.2265 0.0088 
       MOIRA 0.1732 0.0580 0.2607 0.1330 0.1285 0.2467 
    MONTROSE 0.0689 0.5340 0.0061 0.0038 0.2854 0.1017 
       MORAG 0.3308 0.1625 0.0106 0.1789 0.1813 0.1360 
      MORENE 0.1416 0.0035 0.5387 0.1446 0.1621 0.0096 
      MOZART 0.0228 0.1235 0.3478 0.0454 0.0027 0.4578 
 MYATT'S_ASH 0.0106 0.0029 0.1636 0.0953 0.7216 0.0060 
      NADINE 0.1045 0.4607 0.0624 0.0740 0.0127 0.2857 
       NAVAN 0.0729 0.6733 0.0299 0.0860 0.0864 0.0515 
 NDTX_4271_5 0.0092 0.2384 0.0038 0.2579 0.0118 0.4789 
      NICOLA 0.0040 0.0042 0.3669 0.0241 0.1690 0.4318 
     NOVELLA 0.2045 0.0550 0.3565 0.1093 0.0247 0.2499 
     OLYMPUS 0.1261 0.3306 0.0074 0.1391 0.1169 0.2799 
       OPERA 0.1270 0.1530 0.3552 0.1062 0.0107 0.2479 
   ORCHESTRA 0.0242 0.1532 0.3661 0.0187 0.0841 0.3537 
      ORIANA 0.1776 0.0034 0.3987 0.2014 0.0653 0.1536 
     OTHELLO 0.5268 0.1588 0.0045 0.1144 0.0090 0.1865 
     PALADIN 0.0102 0.6330 0.0373 0.0669 0.2488 0.0038 
       PANDA 0.0215 0.1147 0.2773 0.0064 0.0312 0.5489 
   PARAMOUNT 0.4814 0.0153 0.1662 0.0397 0.0553 0.2420 
    PATRONES 0.0424 0.0686 0.3290 0.2259 0.1856 0.1486 
 PENTLAND_AC 0.1903 0.1576 0.1268 0.1817 0.1442 0.1995 
 PENTLAND_BE 0.1946 0.0099 0.0765 0.2934 0.4177 0.0079 
 PENTLAND_CR 0.2405 0.1571 0.2348 0.1827 0.0928 0.0921 
 PENTLAND_DE 0.2585 0.0639 0.0103 0.2589 0.2222 0.1862 
 PENTLAND_IV 0.1776 0.1215 0.0037 0.3223 0.0385 0.3364 
 PENTLAND_JA 0.1185 0.1085 0.1716 0.4395 0.0672 0.0947 
 PENTLAND_MA 0.3348 0.0078 0.3055 0.1336 0.0920 0.1264 
 PENTLAND_SQ 0.2060 0.1222 0.0787 0.2279 0.1693 0.1959 
   PEPO_1978 0.0155 0.1025 0.3546 0.0398 0.1423 0.3452 
     PICASSO 0.4972 0.1522 0.2616 0.0462 0.0034 0.0393 
   PIMPERNEL 0.1518 0.0408 0.4231 0.0048 0.2107 0.1689 
     PIONEER 0.0062 0.0262 0.1816 0.0144 0.1655 0.6061 
       PIXIE 0.2901 0.3825 0.0475 0.0217 0.0064 0.2518 
    PREMIERE 0.0633 0.0447 0.4585 0.1830 0.2457 0.0047 
   PRODUCENT 0.0106 0.2300 0.4207 0.0731 0.1109 0.1547 
     PROVOST 0.2123 0.0534 0.1401 0.2865 0.1248 0.1830 
  R.P.LUSTRE 0.0306 0.2069 0.0113 0.1830 0.2323 0.3358 
 RANGER_RUSS 0.0911 0.0029 0.1422 0.5351 0.2045 0.0243 
       RATTE 0.0135 0.1587 0.0119 0.0400 0.4970 0.2789 
      RECORD 0.1261 0.0050 0.5553 0.0122 0.2946 0.0068 
   REMBRANDT 0.0139 0.1368 0.4214 0.1825 0.1278 0.1176 
    RIO_ROJO 0.1439 0.1022 0.0636 0.3233 0.0485 0.3186 
      ROBIJN 0.0942 0.0037 0.5247 0.0224 0.3180 0.0370 
      ROCKET 0.0903 0.5029 0.0157 0.1289 0.2016 0.0606 
   RODE_STAR 0.0203 0.0104 0.3384 0.0020 0.4084 0.2205 
      ROMANO 0.3401 0.0360 0.3136 0.0126 0.0160 0.2816 
       ROMEO 0.3126 0.0434 0.0084 0.0484 0.1885 0.3987 
     ROOSTER 0.2893 0.1060 0.1334 0.1506 0.1178 0.2029 
       ROYAL 0.0220 0.3252 0.2401 0.0061 0.1341 0.2726 
 ROYAL_KIDNE 0.0468 0.0041 0.0369 0.5272 0.3799 0.0052 
     RUBESSE 0.1215 0.0478 0.2224 0.1715 0.0661 0.3708 
 RUSSET_BURB 0.0407 0.0383 0.0962 0.5453 0.1126 0.1669 
 RUSSET_NORK 0.0049 0.0681 0.0044 0.5533 0.0371 0.3322 
      SAFARI 0.2564 0.0545 0.4193 0.0654 0.0131 0.1913 
     SANTANA 0.0545 0.1620 0.3887 0.2106 0.0870 0.0971 
       SANTE 0.1202 0.1793 0.4181 0.0135 0.1059 0.1630 
     SAPHIRE 0.0623 0.1340 0.4134 0.2788 0.0049 0.1065 
  SARPO_MIRA 0.0958 0.0500 0.2602 0.0101 0.1784 0.4056 
 SARPO_SHONA 0.1175 0.0482 0.3394 0.0069 0.1026 0.3855 
       SASSY 0.0738 0.0890 0.2792 0.1479 0.2306 0.1795 
     SATURNA 0.0076 0.0205 0.4569 0.0056 0.2934 0.2159 
        SAVA 0.0116 0.1372 0.2754 0.1458 0.0338 0.3962 
       SAXON 0.1279 0.5422 0.0425 0.0248 0.1583 0.1043 
 SCARBOROUGH 0.0228 0.7270 0.0047 0.0108 0.0939 0.1408 
 SEFTON_WOND 0.0799 0.1543 0.0062 0.3193 0.4150 0.0253 
    SERAFINA 0.1076 0.0112 0.2512 0.0128 0.1347 0.4825 
     SETANTA 0.2560 0.3069 0.0351 0.0673 0.0511 0.2837 
 SHARPE'S_EX 0.0199 0.0776 0.0788 0.1143 0.5964 0.1130 
     SHELAGH 0.2973 0.1577 0.1338 0.0183 0.2738 0.1191 
    SHELFORD 0.1690 0.0179 0.2891 0.0946 0.1864 0.2430 
     SHEPODY 0.1912 0.0061 0.2047 0.4368 0.1583 0.0029 
      SLANEY 0.3984 0.2980 0.0125 0.0558 0.0071 0.2284 
        SPEY 0.4758 0.2906 0.0439 0.0218 0.0037 0.1641 
      SPUNTA 0.1467 0.1231 0.0917 0.0391 0.2053 0.3941 
     STAMINA 0.2114 0.6206 0.0669 0.0857 0.0040 0.0114 
    STEMSTER 0.1052 0.2865 0.2246 0.0239 0.2027 0.1571 
 STORMONT_EN 0.1653 0.1766 0.2691 0.1347 0.1850 0.0693 
    STIRLING 0.3556 0.1916 0.0779 0.1748 0.0065 0.1935 
     SYLVANA 0.0946 0.1179 0.2648 0.2408 0.0455 0.2364 
         TAY 0.2750 0.4318 0.0076 0.0196 0.0134 0.2526 
      TIMATE 0.0052 0.1373 0.3913 0.0512 0.0522 0.3629 
      TOLUCA 0.1681 0.0061 0.3350 0.0926 0.0295 0.3687 
    TORRIDON 0.3085 0.0658 0.3180 0.0670 0.1067 0.1340 
 ULSTER_SCEP 0.1364 0.3290 0.0783 0.3483 0.0670 0.0410 
 UMATILLA_RU 0.0641 0.2940 0.1536 0.0431 0.4041 0.0410 
 VALES_EMERA 0.0545 0.2622 0.0384 0.0487 0.1068 0.4893 
 VALES_EVERE 0.3964 0.2694 0.0079 0.0632 0.1233 0.1398 
 VALES_RUSSE 0.0183 0.0550 0.0749 0.4414 0.2211 0.1893 
 VALES_SOVER 0.5949 0.3332 0.0379 0.0090 0.0044 0.0206 
       VALOR 0.4642 0.3827 0.0608 0.0108 0.0032 0.0782 
    VAN_GOGH 0.0308 0.1168 0.4774 0.0578 0.1608 0.1565 
     VANTAGE 0.0754 0.0095 0.3816 0.2311 0.2969 0.0054 
       VERDI 0.0646 0.0966 0.3624 0.0201 0.2220 0.2343 
    VICTORIA 0.0230 0.0692 0.4056 0.2770 0.0252 0.1999 
     VIVALDI 0.1425 0.0043 0.4337 0.2540 0.0158 0.1496 
       WILJA 0.1369 0.0079 0.5247 0.1457 0.1827 0.0020 
     WINSTON 0.1918 0.4572 0.0085 0.0696 0.0050 0.2679 
      XD2-21 0.2422 0.1083 0.0452 0.2682 0.1713 0.1648 
  YUKON_GOLD 0.0113 0.2533 0.0817 0.2985 0.0041 0.3511 
       ZORBA 0.1727 0.0129 0.3998 0.2564 0.1433 0.0149 
