  00C133-020 0.0271 0.3600 0.0242 0.5886 
 01C_071-002 0.2703 0.3018 0.1980 0.2299 
 02M_012-001 0.1408 0.0255 0.1999 0.6338 
 03M_016-002 0.0158 0.1250 0.4890 0.3702 
 03M_034-002 0.0261 0.1977 0.2107 0.5654 
 04C_055-004 0.3273 0.0503 0.1082 0.5142 
 04C_126-005 0.1270 0.3907 0.1048 0.3775 
 04M_034-013 0.1206 0.0707 0.3210 0.4877 
 05M_002-001 0.4303 0.2071 0.1985 0.1641 
 05M_004-003 0.3842 0.3471 0.0277 0.2410 
 05M_012-004 0.2029 0.4317 0.1200 0.2454 
 06C_127-002 0.2855 0.2164 0.0673 0.4308 
 12288_AF_23 0.1572 0.3136 0.0263 0.5029 
    12601AB1 0.0118 0.0178 0.4786 0.4918 
   12636_A_2 0.0104 0.2171 0.2284 0.5441 
  15119_AC_5 0.0051 0.5041 0.2007 0.2901 
     1512C16 0.1464 0.4329 0.3348 0.0858 
   15144_A_3 0.2168 0.6053 0.0262 0.1516 
     1563C14 0.3340 0.1110 0.5143 0.0407 
     2182EF7 0.0972 0.5923 0.1244 0.1861 
     3681AD1 0.3006 0.4689 0.1141 0.1164 
     5008AB6 0.3957 0.3535 0.1219 0.1288 
    8204_A_4 0.1751 0.4914 0.0388 0.2947 
       AGRIA 0.7138 0.0527 0.1327 0.1008 
       AILSA 0.1535 0.0499 0.1674 0.6293 
      ALMERA 0.5280 0.2685 0.1254 0.0782 
       ALPHA 0.4078 0.2279 0.3136 0.0507 
      ALWARA 0.4774 0.3567 0.0678 0.0982 
      AMADRA 0.4757 0.0714 0.2113 0.2417 
       AMOUR 0.0276 0.4352 0.0439 0.4933 
        ANNA 0.0053 0.7868 0.1036 0.1043 
   ANNABELLE 0.7306 0.1429 0.0881 0.0385 
        ANYA 0.5014 0.1294 0.2430 0.1262 
       ARGOS 0.0685 0.5997 0.0149 0.3169 
     ARIELLE 0.5626 0.2112 0.1744 0.0518 
      ARKULA 0.4713 0.3063 0.1958 0.0266 
      ARMADA 0.4117 0.2670 0.1933 0.1280 
   AVALANCHE 0.1699 0.2716 0.1173 0.4411 
     BAILLIE 0.2005 0.2281 0.0478 0.5236 
    BALMORAL 0.1002 0.7031 0.0891 0.1076 
     BAMBINO 0.1148 0.2904 0.0358 0.5590 
       BARNA 0.2588 0.4779 0.0541 0.2093 
 BELLE_DE_FO 0.0063 0.0906 0.8992 0.0039 
       BENOL 0.1228 0.0404 0.2112 0.6256 
       BF_15 0.1470 0.0836 0.7632 0.0062 
      BINTJE 0.2145 0.2633 0.4327 0.0894 
 BIONICA_EX_ 0.3073 0.3318 0.1796 0.1813 
 BLUE_DANUBE 0.3809 0.3566 0.2290 0.0334 
      BONNIE 0.2939 0.3345 0.0541 0.3175 
      BOUNTY 0.1191 0.3274 0.0379 0.5157 
 BRITISH_QUE 0.0231 0.4105 0.5562 0.0101 
     BRODICK 0.2052 0.1264 0.0229 0.6455 
      BRODIE 0.0092 0.6663 0.1208 0.2037 
      BUCHAN 0.0600 0.5601 0.0890 0.2909 
      BURREN 0.2261 0.4849 0.1073 0.1817 
     CABARET 0.0094 0.1208 0.3247 0.5451 
      CAESAR 0.6345 0.2536 0.0086 0.1033 
        CARA 0.0117 0.7082 0.0264 0.2537 
 CARLINGFORD 0.1870 0.4967 0.1084 0.2079 
  CASABLANCA 0.1326 0.4952 0.0100 0.3622 
      CELINE 0.3741 0.3770 0.1237 0.1252 
  CHALLENGER 0.4419 0.1169 0.2198 0.2214 
   CHARLOTTE 0.6079 0.0182 0.1331 0.2409 
     CHICAGO 0.3427 0.0194 0.1070 0.5309 
   CHIEFTAIN 0.2403 0.3956 0.2230 0.1411 
      CHOPIN 0.5053 0.3059 0.1271 0.0616 
      CLARET 0.0756 0.6564 0.0320 0.2360 
      CORINE 0.1840 0.4145 0.1709 0.2305 
      COSMOS 0.4151 0.2975 0.1756 0.1118 
     COURAGE 0.3996 0.3213 0.1716 0.1074 
     COURLAN 0.3221 0.3312 0.1649 0.1818 
 CRAIGS_ROYA 0.0165 0.5374 0.1244 0.3218 
 CRAIGS_SNOW 0.0493 0.3264 0.4295 0.1948 
     CRAMOND 0.1596 0.2597 0.0285 0.5522 
 CRISPS_FOR_ 0.4994 0.2143 0.1301 0.1562 
    CROMWELL 0.0619 0.0165 0.2633 0.6583 
       D22/1 0.0093 0.2132 0.2496 0.5279 
       D23/3 0.0438 0.1551 0.3985 0.4026 
      D47-11 0.0100 0.0161 0.3107 0.6631 
       D49/1 0.0387 0.0045 0.2125 0.7444 
       DAISY 0.2347 0.0238 0.2569 0.4845 
 DARK_RED_NO 0.2258 0.4262 0.2473 0.1006 
     DARWINA 0.4383 0.2365 0.2241 0.1012 
     DESIREE 0.4619 0.3355 0.1893 0.0134 
       DITTA 0.5613 0.1794 0.2314 0.0279 
 DR._MCINTOS 0.0724 0.6056 0.1779 0.1442 
       DRAGA 0.2948 0.4416 0.0756 0.1880 
 DUKE_OF_YOR 0.1253 0.3466 0.5231 0.0050 
 DUNBAR_STAN 0.0115 0.3609 0.4276 0.2000 
     DUNDROD 0.1269 0.1141 0.2258 0.5332 
     ECLIPSE 0.1715 0.1356 0.5498 0.1431 
        EDEN 0.0115 0.0167 0.2554 0.7164 
 EDZELL_BLUE 0.2154 0.2725 0.4098 0.1024 
   ELISABETH 0.6194 0.1178 0.0294 0.2334 
     EMPEROR 0.3645 0.2504 0.1261 0.2591 
         EOS 0.4022 0.1875 0.0774 0.3329 
     EPICURE 0.1677 0.2917 0.4806 0.0599 
  ERNTESTOLZ 0.3581 0.2495 0.3403 0.0521 
      ESCORT 0.6053 0.1493 0.0310 0.2144 
   ESMERALDA 0.4193 0.1861 0.1996 0.1950 
      ESTIMA 0.4459 0.1963 0.1980 0.1599 
 EVE_BALFOUR 0.0229 0.4618 0.2401 0.2752 
   EXCALIBUR 0.0678 0.3393 0.0049 0.5880 
     EXQUISA 0.6503 0.1303 0.1956 0.0238 
    FESTIVAL 0.6308 0.1418 0.0314 0.1960 
      FIANNA 0.3559 0.4836 0.0753 0.0852 
   FIFTYFOLD 0.0989 0.1454 0.6178 0.1379 
     FONTANE 0.5417 0.1147 0.1291 0.2145 
   FORTYFOLD 0.1146 0.2145 0.6650 0.0059 
 FRONTIER_RU 0.2504 0.2766 0.3087 0.1643 
     G.81071 0.1917 0.4224 0.1412 0.2447 
     G.88661 0.2539 0.4057 0.0502 0.2902 
    G.886611 0.2629 0.3847 0.0175 0.3350 
  G.8867Y%12 0.2675 0.5275 0.0276 0.1774 
     G.88839 0.8942 0.0410 0.0418 0.0231 
     G.88842 0.5614 0.3446 0.0476 0.0464 
   GALACTICA 0.1891 0.5453 0.2363 0.0293 
      GEMSON 0.0461 0.5180 0.2234 0.2125 
  GL.76B/102 0.3460 0.0408 0.4331 0.1802 
   GL.76B/94 0.2186 0.1871 0.5852 0.0091 
  GL.77M/106 0.1585 0.2623 0.1918 0.3874 
   GL.78/166 0.1243 0.1287 0.6942 0.0529 
    GL.78/53 0.1278 0.0110 0.5718 0.2894 
    GL.78/97 0.1914 0.0305 0.6195 0.1587 
    GL.79/42 0.2133 0.0055 0.5725 0.2087 
    GL.79/45 0.1810 0.0438 0.6006 0.1747 
 GL.81_NT_25 0.0130 0.0336 0.4308 0.5226 
   GLADIATOR 0.4513 0.3210 0.0383 0.1894 
      GLAMIS 0.2454 0.1785 0.0986 0.4775 
 GOLDEN_MILL 0.1224 0.1691 0.1071 0.6014 
 GOLDEN_NUGG 0.3952 0.3951 0.0400 0.1697 
 GOLDEN_WOND 0.1535 0.1115 0.6496 0.0854 
     GRANOLA 0.6435 0.0237 0.1224 0.2105 
    H1H3_101 0.0041 0.0048 0.3697 0.6214 
      H1H3_3 0.0464 0.2314 0.2448 0.4775 
 HARBOROUGH_ 0.1215 0.0674 0.0211 0.7900 
   HARLEQUIN 0.5207 0.0521 0.1915 0.2357 
      HERMES 0.4725 0.2494 0.1802 0.0979 
 HIGHLAND_BU 0.0221 0.0732 0.8809 0.0238 
  HOME_GUARD 0.0555 0.3619 0.3174 0.2652 
     HORIZON 0.3978 0.1977 0.3095 0.0951 
   INNOVATOR 0.0909 0.5420 0.3575 0.0097 
 INTERNATION 0.0104 0.0367 0.9458 0.0071 
 ISLE_OF_JUR 0.1309 0.2135 0.1605 0.4952 
    JULIETTE 0.8038 0.0208 0.0745 0.1009 
     KARLENA 0.1783 0.4567 0.2893 0.0757 
 KERR'S_PINK 0.0129 0.2767 0.5699 0.1405 
     KESTREL 0.0404 0.4297 0.0112 0.5187 
       KIFLI 0.6160 0.0091 0.1795 0.1954 
 KING_EDWARD 0.0432 0.0106 0.8220 0.1242 
    KINGSTON 0.1242 0.1172 0.2093 0.5494 
 KUFRI_CHAND 0.1729 0.3905 0.3006 0.1361 
 KUFRI_JYOTI 0.2431 0.4686 0.1672 0.1211 
      KURODA 0.4903 0.3643 0.1054 0.0400 
 LADY_BALFOU 0.0304 0.5180 0.1778 0.2738 
 LADY_CHRIST 0.3800 0.1793 0.3641 0.0766 
 LADY_CLAIRE 0.5944 0.1067 0.2873 0.0116 
     LADY_JO 0.3370 0.2199 0.4232 0.0199 
 LADY_ROSETT 0.3840 0.2454 0.2007 0.1699 
    LIBERTAS 0.3089 0.2809 0.3995 0.0108 
       LINDA 0.6785 0.0229 0.2514 0.0471 
      LINTON 0.3810 0.2694 0.1309 0.2187 
 LINZER_DELI 0.6125 0.0748 0.2382 0.0744 
   LIONHEART 0.4338 0.3495 0.1429 0.0738 
   MADELEINE 0.6465 0.0994 0.1181 0.1361 
   MADINGLEY 0.4864 0.2146 0.0931 0.2058 
    MAJESTIC 0.1217 0.5629 0.2072 0.1083 
     MARABEL 0.7059 0.2055 0.0460 0.0426 
     MARFONA 0.3221 0.3334 0.2731 0.0714 
     MARILYN 0.5727 0.2191 0.1278 0.0804 
 MARIS_ANCHO 0.3761 0.2408 0.2749 0.1082 
  MARIS_BARD 0.0204 0.4526 0.2646 0.2623 
  MARIS_PEER 0.0438 0.4628 0.2560 0.2374 
 MARIS_PIPER 0.0157 0.0062 0.1849 0.7932 
     MARKIES 0.6437 0.1255 0.1905 0.0403 
      MAXINE 0.0946 0.3259 0.1067 0.4727 
      MEGARA 0.6742 0.1009 0.1271 0.0979 
      MELODY 0.4351 0.2260 0.2120 0.1270 
       MIDAS 0.3263 0.0075 0.1628 0.5034 
       MILVA 0.6021 0.1197 0.2343 0.0439 
        MIMI 0.2816 0.2165 0.1273 0.3746 
        MIRA 0.4413 0.2487 0.2972 0.0128 
       MOIRA 0.3850 0.3209 0.1896 0.1046 
    MONTROSE 0.0376 0.0240 0.2774 0.6610 
       MORAG 0.0220 0.4744 0.2438 0.2598 
      MORENE 0.4160 0.3312 0.2472 0.0057 
      MOZART 0.6975 0.1527 0.0053 0.1445 
 MYATT'S_ASH 0.0948 0.0808 0.8182 0.0062 
      NADINE 0.2734 0.1835 0.0174 0.5258 
       NAVAN 0.0403 0.1452 0.0929 0.7215 
 NDTX_4271_5 0.2985 0.2463 0.1211 0.3340 
      NICOLA 0.7243 0.0273 0.2416 0.0068 
     NOVELLA 0.4768 0.3518 0.0758 0.0955 
     OLYMPUS 0.1301 0.2574 0.1776 0.4349 
       OPERA 0.4979 0.2578 0.0602 0.1841 
   ORCHESTRA 0.6234 0.0675 0.1217 0.1874 
      ORIANA 0.4398 0.3998 0.1527 0.0076 
     OTHELLO 0.0287 0.6527 0.0192 0.2993 
     PALADIN 0.0115 0.0324 0.2920 0.6641 
       PANDA 0.7442 0.0386 0.0466 0.1705 
   PARAMOUNT 0.2541 0.5676 0.0734 0.1049 
    PATRONES 0.3635 0.2608 0.3039 0.0718 
 PENTLAND_AC 0.2094 0.3459 0.2256 0.2191 
 PENTLAND_BE 0.0162 0.4200 0.5372 0.0266 
 PENTLAND_CR 0.2072 0.4438 0.1590 0.1900 
 PENTLAND_DE 0.0465 0.4805 0.3071 0.1659 
 PENTLAND_IV 0.1402 0.4637 0.1576 0.2385 
 PENTLAND_JA 0.1470 0.5048 0.2287 0.1196 
 PENTLAND_MA 0.3007 0.5193 0.1508 0.0292 
 PENTLAND_SQ 0.1544 0.4134 0.2441 0.1881 
   PEPO_1978 0.6203 0.0722 0.1737 0.1338 
     PICASSO 0.1843 0.6174 0.0071 0.1913 
   PIMPERNEL 0.4931 0.1785 0.2454 0.0830 
     PIONEER 0.6868 0.0185 0.2009 0.0938 
       PIXIE 0.1955 0.3350 0.0090 0.4605 
    PREMIERE 0.3013 0.2861 0.3666 0.0461 
   PRODUCENT 0.4904 0.1031 0.1813 0.2252 
     PROVOST 0.1985 0.4714 0.2251 0.1050 
  R.P.LUSTRE 0.2328 0.1644 0.3090 0.2939 
 RANGER_RUSS 0.0517 0.5327 0.4116 0.0040 
       RATTE 0.2053 0.0210 0.5363 0.2374 
      RECORD 0.4039 0.2279 0.3611 0.0071 
   REMBRANDT 0.4428 0.1892 0.2453 0.1227 
    RIO_ROJO 0.2578 0.4155 0.1682 0.1584 
      ROBIJN 0.4789 0.1480 0.3661 0.0070 
      ROCKET 0.0207 0.1861 0.2403 0.5530 
   RODE_STAR 0.5134 0.0091 0.4290 0.0485 
      ROMANO 0.4517 0.4102 0.0306 0.1075 
       ROMEO 0.2541 0.3495 0.2038 0.1926 
     ROOSTER 0.2243 0.4285 0.1686 0.1786 
       ROYAL 0.4542 0.0145 0.1501 0.3811 
 ROYAL_KIDNE 0.0071 0.4174 0.5703 0.0053 
     RUBESSE 0.4587 0.2918 0.1397 0.1097 
 RUSSET_BURB 0.1653 0.4582 0.3108 0.0657 
 RUSSET_NORK 0.1956 0.3772 0.2650 0.1622 
      SAFARI 0.4525 0.4332 0.0415 0.0728 
     SANTANA 0.3878 0.2758 0.1917 0.1447 
       SANTE 0.4726 0.1896 0.1485 0.1893 
     SAPHIRE 0.4258 0.3839 0.0728 0.1176 
  SARPO_MIRA 0.5776 0.0933 0.2042 0.1249 
 SARPO_SHONA 0.6379 0.1214 0.1215 0.1191 
       SASSY 0.3467 0.2232 0.3180 0.1122 
     SATURNA 0.6030 0.0138 0.3326 0.0506 
        SAVA 0.5753 0.1350 0.1160 0.1736 
       SAXON 0.0839 0.1490 0.1565 0.6107 
 SCARBOROUGH 0.0727 0.0266 0.0803 0.8203 
 SEFTON_WOND 0.0069 0.2699 0.5386 0.1846 
    SERAFINA 0.6178 0.1640 0.1630 0.0552 
     SETANTA 0.2223 0.3110 0.0562 0.4105 
 SHARPE'S_EX 0.1141 0.0876 0.6820 0.1164 
     SHELAGH 0.1349 0.3428 0.3015 0.2208 
    SHELFORD 0.4340 0.2632 0.2498 0.0530 
     SHEPODY 0.0200 0.6089 0.3597 0.0115 
      SLANEY 0.1077 0.4721 0.0113 0.4090 
        SPEY 0.0856 0.5183 0.0048 0.3914 
      SPUNTA 0.3777 0.1804 0.2334 0.2085 
     STAMINA 0.0295 0.2921 0.0065 0.6719 
    STEMSTER 0.3052 0.1339 0.2226 0.3382 
 STORMONT_EN 0.2103 0.3381 0.2639 0.1878 
    STIRLING 0.1345 0.5783 0.0216 0.2656 
     SYLVANA 0.3857 0.3222 0.1511 0.1411 
         TAY 0.1354 0.3058 0.0146 0.5443 
      TIMATE 0.6895 0.0302 0.1090 0.1713 
      TOLUCA 0.5931 0.2980 0.0885 0.0203 
    TORRIDON 0.3077 0.4333 0.1618 0.0973 
 ULSTER_SCEP 0.0342 0.4304 0.1892 0.3462 
 UMATILLA_RU 0.1409 0.0855 0.4356 0.3380 
 VALES_EMERA 0.4157 0.1126 0.1258 0.3459 
 VALES_EVERE 0.0254 0.4619 0.1288 0.3839 
 VALES_RUSSE 0.1878 0.3353 0.3887 0.0882 
 VALES_SOVER 0.0123 0.5689 0.0046 0.4142 
       VALOR 0.0464 0.4815 0.0045 0.4676 
    VAN_GOGH 0.5209 0.1447 0.2241 0.1103 
     VANTAGE 0.2359 0.3062 0.4407 0.0172 
       VERDI 0.5189 0.1015 0.2454 0.1341 
    VICTORIA 0.4985 0.2742 0.1640 0.0633 
     VIVALDI 0.4655 0.4190 0.1092 0.0064 
       WILJA 0.2688 0.4035 0.3158 0.0119 
     WINSTON 0.1626 0.2835 0.0095 0.5444 
      XD2-21 0.1028 0.4611 0.2667 0.1694 
  YUKON_GOLD 0.3789 0.2666 0.0479 0.3065 
       ZORBA 0.3003 0.4257 0.2497 0.0243 
