  00C133-020 0.3630 0.0128 0.5105 0.0142 0.0994 
 01C_071-002 0.2588 0.3002 0.2051 0.1531 0.0828 
 02M_012-001 0.0357 0.1073 0.6160 0.1406 0.1004 
 03M_016-002 0.0958 0.0528 0.3754 0.4360 0.0399 
 03M_034-002 0.2084 0.0526 0.5295 0.1819 0.0276 
 04C_055-004 0.0266 0.1210 0.4858 0.0619 0.3046 
 04C_126-005 0.3698 0.1177 0.3084 0.0894 0.1146 
 04M_034-013 0.0468 0.0964 0.4796 0.2609 0.1162 
 05M_002-001 0.1425 0.3634 0.1409 0.1386 0.2147 
 05M_004-003 0.2852 0.3621 0.1989 0.0095 0.1442 
 05M_012-004 0.3547 0.2118 0.1892 0.0933 0.1510 
 06C_127-002 0.1693 0.0092 0.3226 0.0398 0.4591 
 12288_AF_23 0.2685 0.0312 0.4337 0.0135 0.2532 
    12601AB1 0.0263 0.0117 0.4750 0.4337 0.0533 
   12636_A_2 0.2378 0.0099 0.4946 0.2148 0.0428 
  15119_AC_5 0.5348 0.0293 0.2429 0.1901 0.0029 
     1512C16 0.3356 0.0996 0.0172 0.3222 0.2254 
   15144_A_3 0.5685 0.0794 0.0340 0.0362 0.2819 
     1563C14 0.0327 0.2717 0.0296 0.4411 0.2249 
     2182EF7 0.4989 0.0582 0.0860 0.1301 0.2268 
     3681AD1 0.3705 0.3735 0.0973 0.0533 0.1054 
     5008AB6 0.2960 0.2682 0.0586 0.0906 0.2866 
    8204_A_4 0.4228 0.0216 0.1804 0.0462 0.3290 
       AGRIA 0.0094 0.5193 0.0824 0.0420 0.3469 
       AILSA 0.0266 0.0088 0.5627 0.1272 0.2746 
      ALMERA 0.1777 0.4512 0.0652 0.0572 0.2487 
       ALPHA 0.1318 0.4216 0.0607 0.2269 0.1590 
      ALWARA 0.2765 0.3600 0.0468 0.0336 0.2831 
      AMADRA 0.0297 0.3308 0.2250 0.1420 0.2724 
       AMOUR 0.4389 0.0236 0.4123 0.0393 0.0859 
        ANNA 0.7917 0.0139 0.0255 0.1627 0.0061 
   ANNABELLE 0.0601 0.4671 0.0168 0.0277 0.4284 
        ANYA 0.0612 0.1706 0.0504 0.2203 0.4975 
       ARGOS 0.5756 0.1182 0.2375 0.0115 0.0572 
     ARIELLE 0.1252 0.4103 0.0261 0.1144 0.3239 
      ARKULA 0.2062 0.4410 0.0135 0.1311 0.2082 
      ARMADA 0.1776 0.3852 0.1137 0.1330 0.1905 
   AVALANCHE 0.2221 0.2774 0.4439 0.0459 0.0107 
     BAILLIE 0.2120 0.1765 0.4881 0.0161 0.1074 
    BALMORAL 0.6234 0.2399 0.0267 0.0905 0.0196 
     BAMBINO 0.2740 0.0780 0.5044 0.0175 0.1261 
       BARNA 0.4124 0.1035 0.1111 0.0500 0.3229 
 BELLE_DE_FO 0.0646 0.0696 0.0035 0.8562 0.0061 
       BENOL 0.0484 0.0991 0.6140 0.1588 0.0796 
       BF_15 0.0337 0.2188 0.0060 0.6929 0.0486 
      BINTJE 0.1803 0.2571 0.0744 0.3670 0.1213 
 BIONICA_EX_ 0.2628 0.2788 0.1396 0.1344 0.1844 
 BLUE_DANUBE 0.2676 0.5591 0.0175 0.1484 0.0075 
      BONNIE 0.2788 0.1743 0.2517 0.0348 0.2604 
      BOUNTY 0.3200 0.0963 0.4582 0.0180 0.1075 
 BRITISH_QUE 0.2851 0.2069 0.0084 0.4945 0.0051 
     BRODICK 0.1189 0.0112 0.5513 0.0103 0.3084 
      BRODIE 0.6029 0.0065 0.0795 0.1485 0.1626 
      BUCHAN 0.4836 0.0045 0.1389 0.0867 0.2863 
      BURREN 0.4432 0.1560 0.0972 0.1025 0.2010 
     CABARET 0.1485 0.0147 0.5272 0.2923 0.0173 
      CAESAR 0.1660 0.3851 0.0386 0.0041 0.4062 
        CARA 0.6962 0.0178 0.1495 0.0445 0.0919 
 CARLINGFORD 0.3997 0.0298 0.1127 0.1075 0.3502 
  CASABLANCA 0.4389 0.2305 0.3164 0.0051 0.0092 
      CELINE 0.2988 0.4113 0.1118 0.0610 0.1171 
  CHALLENGER 0.0473 0.3297 0.2074 0.1530 0.2626 
   CHARLOTTE 0.0076 0.0739 0.1422 0.1137 0.6627 
     CHICAGO 0.0156 0.2748 0.5255 0.0334 0.1508 
   CHIEFTAIN 0.2713 0.0106 0.0325 0.2156 0.4700 
      CHOPIN 0.2110 0.4013 0.0322 0.0777 0.2779 
      CLARET 0.6111 0.0265 0.1191 0.0435 0.1998 
      CORINE 0.3589 0.3275 0.1897 0.1148 0.0091 
      COSMOS 0.1887 0.4668 0.1250 0.1020 0.1175 
     COURAGE 0.2232 0.3506 0.0807 0.1146 0.2309 
     COURLAN 0.2569 0.1422 0.1038 0.1456 0.3515 
 CRAIGS_ROYA 0.4786 0.0049 0.2111 0.1312 0.1742 
 CRAIGS_SNOW 0.2497 0.0846 0.1555 0.3898 0.1205 
     CRAMOND 0.2347 0.1042 0.4965 0.0141 0.1506 
 CRISPS_FOR_ 0.1369 0.3053 0.1080 0.0829 0.3668 
    CROMWELL 0.0215 0.1170 0.6649 0.1866 0.0100 
       D22/1 0.2169 0.0609 0.5189 0.1984 0.0049 
       D23/3 0.1158 0.0751 0.3875 0.3385 0.0831 
      D47-11 0.0135 0.0703 0.6969 0.2156 0.0036 
       D49/1 0.0038 0.0644 0.7728 0.1400 0.0191 
       DAISY 0.0162 0.2018 0.4865 0.1827 0.1128 
 DARK_RED_NO 0.3141 0.0704 0.0294 0.2448 0.3413 
     DARWINA 0.1457 0.4556 0.1069 0.1370 0.1547 
     DESIREE 0.2218 0.2518 0.0047 0.1449 0.3767 
       DITTA 0.0749 0.4156 0.0197 0.1613 0.3285 
 DR._MCINTOS 0.4821 0.0271 0.0521 0.1892 0.2495 
       DRAGA 0.3350 0.3053 0.1594 0.0404 0.1598 
 DUKE_OF_YOR 0.2265 0.2918 0.0034 0.4650 0.0134 
 DUNBAR_STAN 0.3016 0.0139 0.1567 0.4258 0.1021 
     DUNDROD 0.0959 0.0333 0.4954 0.1822 0.1931 
     ECLIPSE 0.0516 0.0111 0.0618 0.5167 0.3589 
        EDEN 0.0348 0.0112 0.7111 0.2099 0.0330 
 EDZELL_BLUE 0.1913 0.2397 0.0762 0.3484 0.1444 
   ELISABETH 0.0312 0.2453 0.1622 0.0098 0.5514 
     EMPEROR 0.1697 0.1778 0.1975 0.0942 0.3608 
         EOS 0.1067 0.1343 0.2788 0.0463 0.4339 
     EPICURE 0.1835 0.0616 0.0149 0.4534 0.2867 
  ERNTESTOLZ 0.1670 0.3276 0.0334 0.2811 0.1910 
      ESCORT 0.0792 0.3889 0.1747 0.0064 0.3508 
   ESMERALDA 0.1176 0.3167 0.1652 0.1344 0.2661 
      ESTIMA 0.1013 0.3461 0.1513 0.1317 0.2696 
 EVE_BALFOUR 0.4381 0.0242 0.1992 0.2389 0.0996 
   EXCALIBUR 0.3820 0.0248 0.4884 0.0037 0.1011 
     EXQUISA 0.0505 0.3748 0.0082 0.1352 0.4314 
    FESTIVAL 0.0730 0.4017 0.1462 0.0088 0.3702 
      FIANNA 0.3817 0.3530 0.0474 0.0350 0.1829 
   FIFTYFOLD 0.0959 0.0763 0.0934 0.5709 0.1635 
     FONTANE 0.0478 0.4350 0.2058 0.0528 0.2585 
   FORTYFOLD 0.1053 0.3129 0.0044 0.5724 0.0050 
 FRONTIER_RU 0.1883 0.0842 0.0931 0.2891 0.3454 
     G.81071 0.3479 0.1072 0.1735 0.1292 0.2422 
     G.88661 0.2953 0.0830 0.2304 0.0326 0.3587 
    G.886611 0.2685 0.0095 0.2185 0.0109 0.4926 
  G.8867Y%12 0.4080 0.0318 0.0636 0.0251 0.4715 
     G.88839 0.0075 0.4616 0.0084 0.0070 0.5155 
     G.88842 0.2443 0.3831 0.0124 0.0208 0.3394 
   GALACTICA 0.4501 0.3733 0.0097 0.1611 0.0058 
      GEMSON 0.4395 0.0250 0.1228 0.2161 0.1965 
  GL.76B/102 0.0115 0.2684 0.1754 0.3488 0.1959 
   GL.76B/94 0.1219 0.3593 0.0066 0.5011 0.0111 
  GL.77M/106 0.2276 0.0109 0.2849 0.1725 0.3040 
   GL.78/166 0.0639 0.2809 0.0613 0.5872 0.0067 
    GL.78/53 0.0074 0.0374 0.2504 0.5048 0.2001 
    GL.78/97 0.0140 0.1905 0.1582 0.5329 0.1044 
    GL.79/42 0.0033 0.0952 0.1865 0.4925 0.2224 
    GL.79/45 0.0187 0.1122 0.1460 0.5227 0.2004 
 GL.81_NT_25 0.0222 0.1185 0.5392 0.3171 0.0030 
   GLADIATOR 0.2313 0.2542 0.1192 0.0122 0.3831 
      GLAMIS 0.1409 0.1307 0.4364 0.0563 0.2357 
 GOLDEN_MILL 0.1758 0.0232 0.5252 0.0826 0.1931 
 GOLDEN_NUGG 0.3192 0.3701 0.1273 0.0143 0.1690 
 GOLDEN_WOND 0.0469 0.1552 0.0504 0.5877 0.1598 
     GRANOLA 0.0081 0.2168 0.1392 0.0690 0.5668 
    H1H3_101 0.0051 0.0114 0.6794 0.3014 0.0027 
      H1H3_3 0.1992 0.0724 0.4507 0.2040 0.0737 
 HARBOROUGH_ 0.0883 0.0137 0.7233 0.0092 0.1654 
   HARLEQUIN 0.0178 0.1269 0.1635 0.1544 0.5375 
      HERMES 0.1858 0.3997 0.0741 0.1243 0.2161 
 HIGHLAND_BU 0.0219 0.1737 0.0192 0.7798 0.0054 
  HOME_GUARD 0.3067 0.0199 0.1820 0.3056 0.1859 
     HORIZON 0.1282 0.4723 0.1061 0.2147 0.0787 
   INNOVATOR 0.3920 0.2965 0.0060 0.2994 0.0061 
 INTERNATION 0.0141 0.1222 0.0064 0.8533 0.0040 
 ISLE_OF_JUR 0.1999 0.0956 0.4490 0.1233 0.1322 
    JULIETTE 0.0067 0.3577 0.0287 0.0237 0.5832 
     KARLENA 0.3703 0.3401 0.0365 0.2436 0.0095 
 KERR'S_PINK 0.2370 0.0190 0.0943 0.5516 0.0981 
     KESTREL 0.3753 0.0054 0.3774 0.0069 0.2351 
       KIFLI 0.0055 0.2461 0.1423 0.1284 0.4777 
 KING_EDWARD 0.0054 0.0143 0.0699 0.7684 0.1421 
    KINGSTON 0.1217 0.1163 0.5197 0.1519 0.0904 
 KUFRI_CHAND 0.2919 0.1587 0.0896 0.2688 0.1910 
 KUFRI_JYOTI 0.3859 0.2003 0.0492 0.1418 0.2229 
      KURODA 0.2636 0.5268 0.0362 0.0315 0.1418 
 LADY_BALFOU 0.4679 0.0412 0.1983 0.1740 0.1186 
 LADY_CHRIST 0.0933 0.4555 0.0996 0.2702 0.0814 
 LADY_CLAIRE 0.0484 0.7596 0.0110 0.1751 0.0059 
     LADY_JO 0.0955 0.6057 0.0238 0.2722 0.0027 
 LADY_ROSETT 0.1494 0.3561 0.1542 0.1344 0.2059 
    LIBERTAS 0.1528 0.5752 0.0082 0.2609 0.0029 
       LINDA 0.0051 0.2675 0.0079 0.1854 0.5342 
      LINTON 0.2031 0.2862 0.1853 0.0841 0.2413 
 LINZER_DELI 0.0182 0.3242 0.0412 0.1758 0.4406 
   LIONHEART 0.2419 0.4538 0.0656 0.0726 0.1660 
   MADELEINE 0.0401 0.3999 0.0991 0.0478 0.4131 
   MADINGLEY 0.1564 0.3132 0.1604 0.0461 0.3238 
    MAJESTIC 0.4496 0.0497 0.0198 0.2194 0.2615 
     MARABEL 0.1196 0.4987 0.0132 0.0111 0.3573 
     MARFONA 0.1964 0.4772 0.1148 0.1769 0.0346 
     MARILYN 0.1455 0.3477 0.0294 0.0834 0.3940 
 MARIS_ANCHO 0.1599 0.2950 0.0765 0.2231 0.2454 
  MARIS_BARD 0.3577 0.2128 0.2336 0.1926 0.0032 
  MARIS_PEER 0.3812 0.0175 0.1569 0.2476 0.1968 
 MARIS_PIPER 0.0068 0.0539 0.8240 0.1101 0.0051 
     MARKIES 0.0440 0.5137 0.0302 0.1118 0.3003 
      MAXINE 0.2742 0.0207 0.4088 0.0853 0.2110 
      MEGARA 0.0269 0.5346 0.0898 0.0423 0.3065 
      MELODY 0.1544 0.4243 0.1127 0.1414 0.1672 
       MIDAS 0.0061 0.2499 0.5080 0.0838 0.1522 
       MILVA 0.0486 0.4022 0.0269 0.1664 0.3559 
        MIMI 0.1866 0.2823 0.3549 0.0737 0.1025 
        MIRA 0.1807 0.5930 0.0115 0.2079 0.0069 
       MOIRA 0.2439 0.2917 0.0521 0.1517 0.2606 
    MONTROSE 0.0287 0.0103 0.6175 0.2307 0.1127 
       MORAG 0.4168 0.0132 0.1753 0.2419 0.1528 
      MORENE 0.2360 0.5776 0.0045 0.1720 0.0100 
      MOZART 0.0729 0.3412 0.0792 0.0031 0.5036 
 MYATT'S_ASH 0.0165 0.2517 0.0047 0.7222 0.0049 
      NADINE 0.1484 0.0559 0.4553 0.0106 0.3297 
       NAVAN 0.1454 0.0242 0.6906 0.0505 0.0894 
 NDTX_4271_5 0.1222 0.0072 0.2156 0.0919 0.5631 
      NICOLA 0.0052 0.4252 0.0044 0.1555 0.4097 
     NOVELLA 0.2767 0.3803 0.0466 0.0333 0.2631 
     OLYMPUS 0.1854 0.0076 0.3339 0.1522 0.3209 
       OPERA 0.1900 0.3730 0.1465 0.0160 0.2745 
   ORCHESTRA 0.0256 0.4019 0.1538 0.0568 0.3619 
      ORIANA 0.2910 0.4439 0.0043 0.1027 0.1581 
     OTHELLO 0.5910 0.0061 0.1562 0.0254 0.2213 
     PALADIN 0.0287 0.0724 0.6798 0.2132 0.0059 
       PANDA 0.0139 0.3240 0.1112 0.0135 0.5374 
   PARAMOUNT 0.4876 0.1934 0.0249 0.0533 0.2409 
    PATRONES 0.1757 0.3687 0.0644 0.2313 0.1600 
 PENTLAND_AC 0.2813 0.1441 0.1545 0.1992 0.2208 
 PENTLAND_BE 0.3385 0.1385 0.0150 0.4993 0.0087 
 PENTLAND_CR 0.3610 0.2449 0.1464 0.1251 0.1226 
 PENTLAND_DE 0.3963 0.0166 0.0603 0.3086 0.2182 
 PENTLAND_IV 0.3550 0.0044 0.0830 0.1610 0.3966 
 PENTLAND_JA 0.3819 0.1939 0.0707 0.2045 0.1490 
 PENTLAND_MA 0.4195 0.3374 0.0109 0.1187 0.1134 
 PENTLAND_SQ 0.3399 0.0947 0.1142 0.2311 0.2201 
   PEPO_1978 0.0244 0.4080 0.1157 0.1085 0.3434 
     PICASSO 0.5536 0.2492 0.1404 0.0038 0.0530 
   PIMPERNEL 0.0958 0.4939 0.0888 0.1548 0.1667 
     PIONEER 0.0053 0.2192 0.0202 0.1449 0.6105 
       PIXIE 0.3108 0.0248 0.3732 0.0059 0.2853 
    PREMIERE 0.1825 0.4889 0.0486 0.2738 0.0061 
   PRODUCENT 0.0517 0.4497 0.2344 0.0906 0.1736 
     PROVOST 0.3771 0.1637 0.0418 0.2072 0.2101 
  R.P.LUSTRE 0.1139 0.0209 0.2067 0.2780 0.3805 
 RANGER_RUSS 0.3804 0.1990 0.0028 0.3774 0.0404 
       RATTE 0.0089 0.0492 0.1919 0.4786 0.2714 
      RECORD 0.1178 0.6202 0.0105 0.2444 0.0071 
   REMBRANDT 0.1036 0.4581 0.1310 0.1571 0.1502 
    RIO_ROJO 0.3036 0.0929 0.0714 0.1618 0.3704 
      ROBIJN 0.0987 0.5971 0.0076 0.2763 0.0203 
      ROCKET 0.1630 0.0232 0.5262 0.1976 0.0901 
   RODE_STAR 0.0055 0.4430 0.0427 0.3230 0.1858 
      ROMANO 0.3253 0.3331 0.0499 0.0120 0.2798 
       ROMEO 0.2948 0.0181 0.0672 0.2072 0.4128 
     ROOSTER 0.3592 0.1549 0.1078 0.1537 0.2245 
       ROYAL 0.0113 0.2907 0.3605 0.0758 0.2618 
 ROYAL_KIDNE 0.3318 0.0873 0.0036 0.5635 0.0138 
     RUBESSE 0.2017 0.2425 0.0379 0.1122 0.4057 
 RUSSET_BURB 0.3425 0.1279 0.0139 0.2964 0.2193 
 RUSSET_NORK 0.2519 0.0081 0.0332 0.2687 0.4381 
      SAFARI 0.3256 0.4216 0.0377 0.0098 0.2053 
     SANTANA 0.1934 0.4159 0.1448 0.1231 0.1228 
       SANTE 0.1165 0.4382 0.1924 0.0705 0.1825 
     SAPHIRE 0.2751 0.4218 0.0966 0.0269 0.1795 
  SARPO_MIRA 0.0401 0.3327 0.0846 0.1447 0.3979 
 SARPO_SHONA 0.0643 0.4109 0.0844 0.0587 0.3817 
       SASSY 0.1337 0.3305 0.1005 0.2465 0.1888 
     SATURNA 0.0052 0.5356 0.0513 0.2237 0.1842 
        SAVA 0.0625 0.3095 0.1293 0.0662 0.4325 
       SAXON 0.1456 0.0410 0.5696 0.1142 0.1296 
 SCARBOROUGH 0.0269 0.0050 0.7609 0.0374 0.1699 
 SEFTON_WOND 0.2413 0.0121 0.1558 0.5309 0.0600 
    SERAFINA 0.0697 0.3035 0.0165 0.1181 0.4923 
     SETANTA 0.2820 0.0433 0.3133 0.0493 0.3121 
 SHARPE'S_EX 0.0325 0.1429 0.1068 0.6072 0.1106 
     SHELAGH 0.2757 0.1629 0.1870 0.2531 0.1213 
    SHELFORD 0.1918 0.3556 0.0303 0.1935 0.2288 
     SHEPODY 0.4639 0.2322 0.0052 0.2943 0.0045 
      SLANEY 0.4306 0.0125 0.2967 0.0102 0.2500 
        SPEY 0.4993 0.0274 0.2931 0.0043 0.1759 
      SPUNTA 0.1298 0.1246 0.1348 0.2073 0.4035 
     STAMINA 0.3051 0.0518 0.6196 0.0040 0.0196 
    STEMSTER 0.0912 0.2765 0.3272 0.1531 0.1520 
 STORMONT_EN 0.2445 0.2997 0.1838 0.1949 0.0771 
    STIRLING 0.4835 0.0625 0.1722 0.0170 0.2648 
     SYLVANA 0.2382 0.2797 0.0948 0.1177 0.2696 
         TAY 0.2792 0.0071 0.4326 0.0086 0.2725 
      TIMATE 0.0089 0.4300 0.1356 0.0366 0.3889 
      TOLUCA 0.2056 0.3708 0.0076 0.0459 0.3701 
    TORRIDON 0.3469 0.3421 0.0746 0.1070 0.1294 
 ULSTER_SCEP 0.3629 0.0743 0.2972 0.1711 0.0945 
 UMATILLA_RU 0.0626 0.1971 0.3447 0.3544 0.0412 
 VALES_EMERA 0.0657 0.0468 0.2630 0.1073 0.5171 
 VALES_EVERE 0.4244 0.0108 0.2807 0.1293 0.1548 
 VALES_RUSSE 0.2345 0.1326 0.0380 0.3605 0.2344 
 VALES_SOVER 0.5925 0.0316 0.3487 0.0044 0.0228 
       VALOR 0.4875 0.0316 0.3831 0.0033 0.0946 
    VAN_GOGH 0.0772 0.5087 0.1149 0.1337 0.1655 
     VANTAGE 0.1983 0.4413 0.0140 0.3403 0.0062 
       VERDI 0.0554 0.4260 0.1248 0.1730 0.2207 
    VICTORIA 0.1802 0.4267 0.0388 0.1043 0.2501 
     VIVALDI 0.3002 0.4517 0.0041 0.0681 0.1759 
       WILJA 0.2413 0.5605 0.0092 0.1863 0.0026 
     WINSTON 0.2468 0.0078 0.4398 0.0057 0.2999 
      XD2-21 0.3776 0.0683 0.0988 0.2551 0.2003 
  YUKON_GOLD 0.1707 0.1038 0.2402 0.0233 0.4620 
       ZORBA 0.3340 0.4323 0.0136 0.2020 0.0180 
