  00C133-020 0.0210 0.2240 0.2631 0.0306 0.0405 0.4019 0.0079 0.0110 
 01C_071-002 0.1289 0.0127 0.2552 0.1454 0.1182 0.1732 0.1404 0.0259 
 02M_012-001 0.0772 0.1738 0.0363 0.1703 0.0097 0.4608 0.0683 0.0035 
 03M_016-002 0.0169 0.0124 0.0197 0.3406 0.0050 0.3364 0.0413 0.2278 
 03M_034-002 0.0089 0.2806 0.0701 0.1962 0.0968 0.3395 0.0021 0.0058 
 04C_055-004 0.0388 0.0958 0.0300 0.0824 0.0398 0.4210 0.2402 0.0520 
 04C_126-005 0.0475 0.2232 0.2785 0.0891 0.1437 0.1999 0.0103 0.0078 
 04M_034-013 0.0154 0.1075 0.0057 0.2352 0.0503 0.3858 0.0639 0.1362 
 05M_002-001 0.0230 0.0299 0.0604 0.1150 0.3094 0.1202 0.2114 0.1307 
 05M_004-003 0.0110 0.0967 0.1832 0.0073 0.3837 0.1513 0.1181 0.0487 
 05M_012-004 0.1029 0.2613 0.0956 0.0154 0.2480 0.1076 0.0076 0.1616 
 06C_127-002 0.0181 0.4559 0.0482 0.0173 0.0187 0.1555 0.1964 0.0901 
 12288_AF_23 0.1643 0.2379 0.0831 0.0029 0.0086 0.3521 0.0489 0.1022 
    12601AB1 0.0108 0.3461 0.0039 0.4373 0.0032 0.1936 0.0027 0.0023 
   12636_A_2 0.0917 0.3330 0.0312 0.1453 0.0050 0.3353 0.0021 0.0564 
  15119_AC_5 0.0435 0.0038 0.5184 0.1801 0.0093 0.2297 0.0015 0.0138 
     1512C16 0.1628 0.1926 0.0764 0.1533 0.0612 0.0067 0.0415 0.3056 
   15144_A_3 0.0753 0.0800 0.6163 0.0181 0.0040 0.0077 0.1936 0.0050 
     1563C14 0.2341 0.0253 0.0213 0.3603 0.0624 0.0161 0.1915 0.0890 
     2182EF7 0.0023 0.2458 0.2671 0.0475 0.2231 0.0122 0.0088 0.1932 
     3681AD1 0.1553 0.1217 0.2433 0.0404 0.3234 0.0527 0.0315 0.0317 
     5008AB6 0.1131 0.2711 0.1683 0.0877 0.2495 0.0055 0.1001 0.0049 
    8204_A_4 0.0047 0.3666 0.2490 0.0243 0.1789 0.0403 0.0455 0.0908 
       AGRIA 0.0027 0.0062 0.0069 0.0600 0.4437 0.0320 0.3825 0.0662 
       AILSA 0.0070 0.2122 0.0068 0.1211 0.0034 0.4332 0.1589 0.0574 
      ALMERA 0.0126 0.0045 0.0596 0.0214 0.3743 0.0755 0.2752 0.1769 
       ALPHA 0.3515 0.0992 0.0051 0.1365 0.2141 0.0326 0.0699 0.0911 
      ALWARA 0.3254 0.1100 0.2005 0.0053 0.1156 0.0223 0.1983 0.0226 
      AMADRA 0.1014 0.0934 0.0145 0.1573 0.2322 0.1611 0.2274 0.0128 
       AMOUR 0.0204 0.1124 0.4388 0.0409 0.0134 0.3296 0.0291 0.0153 
        ANNA 0.0029 0.0530 0.7088 0.1424 0.0684 0.0049 0.0016 0.0180 
   ANNABELLE 0.0062 0.0480 0.0221 0.0640 0.4571 0.0054 0.3725 0.0246 
        ANYA 0.1409 0.1999 0.0329 0.1620 0.0337 0.0071 0.3410 0.0826 
       ARGOS 0.0212 0.0167 0.5180 0.0068 0.0682 0.2406 0.0587 0.0698 
     ARIELLE 0.1343 0.0048 0.0794 0.0622 0.2287 0.0304 0.3316 0.1286 
      ARKULA 0.2787 0.1298 0.0119 0.0633 0.3432 0.0092 0.0874 0.0765 
      ARMADA 0.1872 0.0563 0.0197 0.0837 0.3097 0.1292 0.1234 0.0909 
   AVALANCHE 0.0853 0.0090 0.0820 0.0150 0.1915 0.4476 0.0192 0.1504 
     BAILLIE 0.1351 0.1010 0.0931 0.0080 0.0619 0.4525 0.0687 0.0799 
    BALMORAL 0.0362 0.0231 0.4385 0.0196 0.2470 0.0279 0.0048 0.2028 
     BAMBINO 0.0177 0.1284 0.2216 0.0303 0.0770 0.4298 0.0733 0.0219 
       BARNA 0.1835 0.1619 0.3434 0.0126 0.0125 0.0631 0.1656 0.0574 
 BELLE_DE_FO 0.1542 0.0027 0.0211 0.7373 0.0034 0.0016 0.0042 0.0754 
       BENOL 0.0018 0.2504 0.0051 0.1983 0.1420 0.3935 0.0059 0.0030 
       BF_15 0.1552 0.0043 0.0446 0.6298 0.0646 0.0024 0.0706 0.0285 
      BINTJE 0.1552 0.0489 0.0421 0.2623 0.1680 0.0638 0.0711 0.1886 
 BIONICA_EX_ 0.0258 0.2621 0.1123 0.1501 0.3602 0.0289 0.0336 0.0270 
 BLUE_DANUBE 0.2089 0.0043 0.1152 0.1082 0.4341 0.0194 0.0082 0.1018 
      BONNIE 0.0520 0.2059 0.1600 0.0207 0.1958 0.1692 0.1189 0.0775 
      BOUNTY 0.0391 0.1592 0.2352 0.0194 0.1097 0.3844 0.0299 0.0231 
 BRITISH_QUE 0.0287 0.0022 0.0482 0.3250 0.1696 0.0161 0.0029 0.4072 
     BRODICK 0.0050 0.5178 0.0092 0.0203 0.0849 0.3005 0.0540 0.0084 
      BRODIE 0.0623 0.1960 0.4538 0.0589 0.0060 0.0203 0.0081 0.1946 
      BUCHAN 0.0418 0.2174 0.3911 0.0257 0.0024 0.0764 0.1063 0.1390 
      BURREN 0.0363 0.0896 0.4635 0.1096 0.0940 0.0427 0.1539 0.0105 
     CABARET 0.0166 0.1470 0.0309 0.2590 0.0128 0.4485 0.0042 0.0810 
      CAESAR 0.0911 0.1331 0.0549 0.0025 0.3451 0.0190 0.2908 0.0636 
        CARA 0.0114 0.1228 0.7013 0.0469 0.0152 0.0776 0.0169 0.0080 
 CARLINGFORD 0.0166 0.2355 0.1371 0.0149 0.0997 0.0671 0.1303 0.2988 
  CASABLANCA 0.0029 0.0369 0.2853 0.0030 0.2942 0.2943 0.0053 0.0781 
      CELINE 0.1783 0.2078 0.0886 0.0377 0.4277 0.0373 0.0056 0.0170 
  CHALLENGER 0.0102 0.0661 0.0042 0.1083 0.2944 0.1532 0.2088 0.1547 
   CHARLOTTE 0.0164 0.2718 0.0123 0.1479 0.0165 0.0307 0.4992 0.0053 
     CHICAGO 0.0192 0.0402 0.0206 0.0960 0.1756 0.4491 0.1941 0.0052 
   CHIEFTAIN 0.0326 0.2518 0.0432 0.0479 0.0073 0.0104 0.2337 0.3731 
      CHOPIN 0.0248 0.0881 0.0291 0.0315 0.4330 0.0153 0.1950 0.1832 
      CLARET 0.1036 0.1149 0.5664 0.0119 0.0044 0.0796 0.0807 0.0385 
      CORINE 0.1093 0.1061 0.1652 0.0656 0.2731 0.1535 0.0054 0.1218 
      COSMOS 0.2208 0.0352 0.0072 0.0178 0.3302 0.1255 0.0774 0.1858 
     COURAGE 0.3031 0.1974 0.0114 0.0200 0.2378 0.0345 0.0567 0.1390 
     COURLAN 0.1128 0.1211 0.1165 0.0289 0.0091 0.0755 0.2813 0.2548 
 CRAIGS_ROYA 0.0669 0.1746 0.3172 0.0281 0.0042 0.1736 0.0166 0.2188 
 CRAIGS_SNOW 0.0640 0.0137 0.0805 0.2411 0.0181 0.1687 0.0909 0.3229 
     CRAMOND 0.0088 0.3445 0.0233 0.0132 0.2235 0.3420 0.0053 0.0394 
 CRISPS_FOR_ 0.1762 0.1341 0.0175 0.0209 0.1935 0.0799 0.2482 0.1298 
    CROMWELL 0.0757 0.0064 0.0529 0.2198 0.0068 0.6037 0.0307 0.0040 
       D22/1 0.0553 0.0047 0.0866 0.1535 0.0154 0.5296 0.0049 0.1500 
       D23/3 0.0657 0.0513 0.0179 0.2586 0.0104 0.3549 0.0575 0.1838 
      D47-11 0.0393 0.0048 0.0107 0.2564 0.0128 0.6605 0.0047 0.0108 
       D49/1 0.0050 0.0162 0.0026 0.1949 0.0172 0.7068 0.0494 0.0078 
       DAISY 0.1140 0.0983 0.0064 0.1930 0.0801 0.4015 0.0971 0.0096 
 DARK_RED_NO 0.0074 0.0718 0.1566 0.0907 0.0279 0.0221 0.2420 0.3816 
     DARWINA 0.1966 0.0092 0.0075 0.0638 0.3027 0.1172 0.1454 0.1576 
     DESIREE 0.4075 0.1351 0.0956 0.0282 0.0082 0.0024 0.2218 0.1012 
       DITTA 0.0762 0.0057 0.0172 0.1138 0.2706 0.0190 0.3321 0.1654 
 DR._MCINTOS 0.0254 0.2213 0.0614 0.0135 0.1439 0.0478 0.0172 0.4695 
       DRAGA 0.0776 0.0910 0.0737 0.0040 0.2545 0.1457 0.0731 0.2804 
 DUKE_OF_YOR 0.0202 0.0026 0.0067 0.3192 0.2850 0.0024 0.0050 0.3590 
 DUNBAR_STAN 0.0116 0.0278 0.0733 0.2157 0.0079 0.1677 0.0448 0.4513 
     DUNDROD 0.0572 0.0818 0.0605 0.1455 0.0035 0.4238 0.1465 0.0812 
     ECLIPSE 0.0073 0.1360 0.0026 0.3623 0.0035 0.0091 0.1722 0.3070 
        EDEN 0.0062 0.1942 0.0049 0.2258 0.0065 0.5508 0.0035 0.0081 
 EDZELL_BLUE 0.2194 0.1474 0.0517 0.2528 0.1220 0.0258 0.0469 0.1341 
   ELISABETH 0.0252 0.2357 0.0066 0.0083 0.2762 0.0819 0.3281 0.0379 
     EMPEROR 0.0219 0.1297 0.0081 0.0099 0.1107 0.1662 0.2592 0.2943 
         EOS 0.0509 0.1949 0.0118 0.0140 0.1258 0.2062 0.2587 0.1378 
     EPICURE 0.1316 0.1756 0.0046 0.2853 0.0191 0.0031 0.0757 0.3050 
  ERNTESTOLZ 0.0385 0.0214 0.0835 0.2245 0.2602 0.0209 0.1808 0.1702 
      ESCORT 0.1628 0.1863 0.0194 0.0064 0.2881 0.0974 0.2328 0.0067 
   ESMERALDA 0.2471 0.2056 0.0091 0.0975 0.2125 0.0950 0.1143 0.0190 
      ESTIMA 0.1492 0.1054 0.0040 0.0309 0.2361 0.1103 0.1658 0.1982 
 EVE_BALFOUR 0.0879 0.2553 0.3245 0.1830 0.0147 0.0579 0.0068 0.0698 
   EXCALIBUR 0.0040 0.1869 0.3324 0.0043 0.0711 0.3784 0.0203 0.0026 
     EXQUISA 0.1106 0.0294 0.1085 0.1565 0.2271 0.0027 0.3601 0.0050 
    FESTIVAL 0.0584 0.1428 0.0110 0.0080 0.4049 0.1024 0.2574 0.0152 
      FIANNA 0.0362 0.0809 0.1822 0.0093 0.3831 0.0315 0.0929 0.1839 
   FIFTYFOLD 0.1577 0.0936 0.0251 0.4556 0.0039 0.0308 0.0820 0.1512 
     FONTANE 0.0340 0.0104 0.0054 0.0222 0.3475 0.1856 0.2614 0.1335 
   FORTYFOLD 0.1513 0.0041 0.0111 0.4820 0.1796 0.0022 0.0029 0.1668 
 FRONTIER_RU 0.0553 0.0967 0.0063 0.0908 0.0088 0.0780 0.2334 0.4307 
     G.81071 0.0104 0.2585 0.1390 0.0725 0.1957 0.0941 0.0555 0.1742 
     G.88661 0.0040 0.2007 0.0142 0.0043 0.2098 0.1723 0.1155 0.2791 
    G.886611 0.0026 0.3024 0.0138 0.0029 0.1191 0.1490 0.1752 0.2350 
  G.8867Y%12 0.0022 0.2132 0.1128 0.0034 0.1831 0.0249 0.1786 0.2818 
     G.88839 0.0484 0.0992 0.0051 0.0177 0.3515 0.0029 0.4722 0.0030 
     G.88842 0.0197 0.0947 0.1252 0.0162 0.4154 0.0072 0.2446 0.0770 
   GALACTICA 0.1368 0.0019 0.3975 0.1202 0.2479 0.0089 0.0088 0.0780 
      GEMSON 0.0358 0.1626 0.2359 0.1004 0.0285 0.0969 0.0640 0.2761 
  GL.76B/102 0.0519 0.0076 0.0085 0.3321 0.0918 0.1408 0.2520 0.1152 
   GL.76B/94 0.1497 0.0031 0.1441 0.4879 0.1821 0.0027 0.0234 0.0071 
  GL.77M/106 0.0408 0.3379 0.1876 0.1707 0.0060 0.1150 0.1303 0.0117 
   GL.78/166 0.0902 0.0024 0.0648 0.5599 0.1185 0.0370 0.0283 0.0988 
    GL.78/53 0.0052 0.1278 0.0226 0.5346 0.0041 0.1220 0.1777 0.0059 
    GL.78/97 0.0806 0.0677 0.0383 0.5447 0.0445 0.0672 0.1349 0.0221 
    GL.79/42 0.0956 0.1342 0.0036 0.5033 0.0123 0.0860 0.1618 0.0032 
    GL.79/45 0.0344 0.1257 0.0820 0.5624 0.0329 0.0235 0.1351 0.0040 
 GL.81_NT_25 0.0092 0.0022 0.0581 0.3689 0.0556 0.4960 0.0047 0.0052 
   GLADIATOR 0.1903 0.1254 0.1006 0.0026 0.0947 0.0878 0.2423 0.1563 
      GLAMIS 0.0681 0.1207 0.0124 0.0166 0.0706 0.3996 0.1560 0.1561 
 GOLDEN_MILL 0.0109 0.4550 0.0457 0.1012 0.0931 0.2809 0.0078 0.0054 
 GOLDEN_NUGG 0.1192 0.2985 0.0703 0.0132 0.4673 0.0175 0.0082 0.0057 
 GOLDEN_WOND 0.2270 0.0958 0.0054 0.4491 0.0080 0.0144 0.0661 0.1342 
     GRANOLA 0.0227 0.2225 0.0224 0.1227 0.1255 0.0283 0.4506 0.0053 
    H1H3_101 0.0047 0.0017 0.0066 0.3434 0.0027 0.6303 0.0032 0.0074 
      H1H3_3 0.0440 0.1941 0.0093 0.1354 0.1033 0.3628 0.0064 0.1447 
 HARBOROUGH_ 0.0019 0.4422 0.0028 0.0130 0.0718 0.4587 0.0048 0.0047 
   HARLEQUIN 0.0808 0.1957 0.0531 0.1505 0.0088 0.0606 0.4293 0.0212 
      HERMES 0.1836 0.0030 0.2115 0.0752 0.0930 0.0669 0.3062 0.0606 
 HIGHLAND_BU 0.0102 0.0405 0.0047 0.7736 0.1586 0.0033 0.0020 0.0070 
  HOME_GUARD 0.0048 0.1802 0.1095 0.1953 0.0667 0.1294 0.0558 0.2583 
     HORIZON 0.1359 0.0150 0.0579 0.2120 0.4103 0.0887 0.0661 0.0140 
   INNOVATOR 0.0163 0.0065 0.0916 0.1366 0.3300 0.0053 0.0033 0.4103 
 INTERNATION 0.0321 0.0023 0.0150 0.8208 0.0392 0.0033 0.0052 0.0821 
 ISLE_OF_JUR 0.0059 0.0805 0.1654 0.1523 0.1151 0.3779 0.0844 0.0184 
    JULIETTE 0.0045 0.0765 0.0224 0.0782 0.2439 0.0066 0.5645 0.0035 
     KARLENA 0.2365 0.0060 0.2072 0.1106 0.1412 0.0584 0.0131 0.2269 
 KERR'S_PINK 0.0368 0.0907 0.0630 0.3873 0.0075 0.0568 0.0231 0.3348 
     KESTREL 0.0165 0.1516 0.3769 0.0047 0.0031 0.3187 0.1042 0.0243 
       KIFLI 0.1763 0.1663 0.0058 0.1410 0.0154 0.0494 0.4377 0.0080 
 KING_EDWARD 0.0107 0.0432 0.0028 0.6793 0.0047 0.0186 0.0980 0.1427 
    KINGSTON 0.0058 0.2191 0.0535 0.2015 0.1533 0.3537 0.0099 0.0032 
 KUFRI_CHAND 0.0133 0.0338 0.0692 0.1423 0.1410 0.1078 0.1310 0.3616 
 KUFRI_JYOTI 0.0214 0.2226 0.2775 0.1386 0.2749 0.0051 0.0371 0.0229 
      KURODA 0.1581 0.0054 0.1152 0.0078 0.3861 0.0468 0.1440 0.1367 
 LADY_BALFOU 0.0409 0.1512 0.3446 0.1178 0.0784 0.1411 0.0062 0.1197 
 LADY_CHRIST 0.2365 0.0982 0.0069 0.2148 0.3310 0.0350 0.0322 0.0454 
 LADY_CLAIRE 0.1114 0.0012 0.0101 0.1926 0.6166 0.0067 0.0512 0.0102 
     LADY_JO 0.2419 0.0017 0.0037 0.2235 0.4537 0.0162 0.0019 0.0573 
 LADY_ROSETT 0.3655 0.1806 0.0047 0.0223 0.1870 0.1148 0.0169 0.1082 
    LIBERTAS 0.4428 0.0048 0.0261 0.1933 0.3184 0.0060 0.0013 0.0073 
       LINDA 0.0087 0.0122 0.0955 0.2324 0.0842 0.0040 0.5564 0.0066 
      LINTON 0.1151 0.0072 0.1473 0.0155 0.0584 0.1883 0.2883 0.1798 
 LINZER_DELI 0.2862 0.1844 0.0037 0.1085 0.0705 0.0057 0.3070 0.0341 
   LIONHEART 0.0733 0.0702 0.0698 0.0252 0.4619 0.0468 0.0982 0.1547 
   MADELEINE 0.0859 0.1288 0.0274 0.0837 0.3270 0.0261 0.3146 0.0064 
   MADINGLEY 0.2443 0.0263 0.1523 0.0101 0.0110 0.1443 0.3304 0.0814 
    MAJESTIC 0.0033 0.1870 0.0900 0.0216 0.1649 0.0100 0.0595 0.4635 
     MARABEL 0.0576 0.0490 0.0503 0.0121 0.4431 0.0111 0.3225 0.0543 
     MARFONA 0.2024 0.0176 0.0189 0.0936 0.3864 0.1200 0.0138 0.1472 
     MARILYN 0.0583 0.0981 0.1336 0.0947 0.2652 0.0070 0.3231 0.0200 
 MARIS_ANCHO 0.1168 0.1063 0.0103 0.1365 0.2506 0.0455 0.1396 0.1944 
  MARIS_BARD 0.0116 0.0180 0.0826 0.1164 0.3086 0.2339 0.0015 0.2274 
  MARIS_PEER 0.0060 0.1054 0.1889 0.1233 0.0153 0.1416 0.1024 0.3171 
 MARIS_PIPER 0.0062 0.0074 0.0052 0.1713 0.0107 0.7717 0.0228 0.0047 
     MARKIES 0.2021 0.0145 0.0353 0.0929 0.3296 0.0199 0.2838 0.0219 
      MAXINE 0.0348 0.1221 0.0676 0.0066 0.0076 0.3876 0.0952 0.2785 
      MEGARA 0.0606 0.0294 0.0390 0.0885 0.4386 0.0436 0.2952 0.0052 
      MELODY 0.1722 0.0501 0.1286 0.1335 0.2773 0.0645 0.1601 0.0138 
       MIDAS 0.0626 0.0060 0.0072 0.1376 0.0848 0.4679 0.2310 0.0028 
       MILVA 0.0337 0.0793 0.0346 0.1991 0.3340 0.0062 0.2989 0.0142 
        MIMI 0.1386 0.2481 0.0363 0.0710 0.2691 0.2240 0.0076 0.0053 
        MIRA 0.1661 0.0076 0.0273 0.1925 0.5668 0.0080 0.0051 0.0266 
       MOIRA 0.0519 0.0860 0.1563 0.1255 0.2556 0.0271 0.1968 0.1008 
    MONTROSE 0.0050 0.3516 0.0077 0.2655 0.0051 0.3571 0.0059 0.0022 
       MORAG 0.0190 0.3460 0.1629 0.1521 0.0952 0.0558 0.0035 0.1655 
      MORENE 0.2507 0.0064 0.0564 0.1181 0.4678 0.0035 0.0060 0.0911 
      MOZART 0.0297 0.2277 0.0120 0.0021 0.3581 0.0147 0.3395 0.0161 
 MYATT'S_ASH 0.0793 0.0016 0.0149 0.6636 0.1521 0.0024 0.0058 0.0803 
      NADINE 0.1104 0.2304 0.0311 0.0051 0.0213 0.3828 0.1554 0.0633 
       NAVAN 0.0095 0.1127 0.0360 0.0647 0.0303 0.6339 0.0325 0.0803 
 NDTX_4271_5 0.0130 0.2952 0.0046 0.0062 0.0033 0.1257 0.2823 0.2697 
      NICOLA 0.0779 0.0034 0.0106 0.1696 0.2181 0.0031 0.4801 0.0373 
     NOVELLA 0.1243 0.1447 0.1144 0.0117 0.3571 0.0210 0.1615 0.0652 
     OLYMPUS 0.0626 0.4095 0.0196 0.0924 0.0094 0.1866 0.0793 0.1405 
       OPERA 0.0952 0.1182 0.1017 0.0077 0.3007 0.0909 0.2081 0.0775 
   ORCHESTRA 0.0749 0.0794 0.0258 0.0731 0.2984 0.1058 0.3321 0.0104 
      ORIANA 0.1513 0.0065 0.1488 0.0400 0.3584 0.0037 0.1246 0.1668 
     OTHELLO 0.0426 0.1436 0.5058 0.0042 0.0023 0.1155 0.0722 0.1139 
     PALADIN 0.0166 0.0375 0.0079 0.2351 0.0296 0.6132 0.0051 0.0551 
       PANDA 0.1350 0.0869 0.0565 0.0137 0.1076 0.0778 0.5149 0.0077 
   PARAMOUNT 0.2462 0.2105 0.3395 0.0111 0.0821 0.0048 0.0681 0.0377 
    PATRONES 0.1222 0.0067 0.0386 0.1491 0.2593 0.0699 0.1631 0.1911 
 PENTLAND_AC 0.1620 0.1715 0.0901 0.0697 0.1149 0.1297 0.0758 0.1864 
 PENTLAND_BE 0.1276 0.0129 0.1482 0.3430 0.0620 0.0165 0.0029 0.2870 
 PENTLAND_CR 0.0034 0.2702 0.1253 0.1077 0.3896 0.0175 0.0040 0.0823 
 PENTLAND_DE 0.1274 0.3363 0.0891 0.1600 0.0209 0.0071 0.0069 0.2523 
 PENTLAND_IV 0.0060 0.3248 0.1132 0.0322 0.0114 0.0267 0.1503 0.3353 
 PENTLAND_JA 0.0140 0.1640 0.0845 0.0655 0.2628 0.0263 0.0117 0.3712 
 PENTLAND_MA 0.0952 0.1296 0.2278 0.0795 0.3493 0.0053 0.0371 0.0762 
 PENTLAND_SQ 0.0044 0.3246 0.0910 0.1626 0.2269 0.0095 0.0139 0.1671 
   PEPO_1978 0.0211 0.0157 0.0574 0.1526 0.2910 0.0820 0.3631 0.0171 
     PICASSO 0.0249 0.0054 0.5418 0.0027 0.2064 0.1321 0.0717 0.0149 
   PIMPERNEL 0.3562 0.1383 0.0208 0.1197 0.2580 0.0169 0.0869 0.0033 
     PIONEER 0.0022 0.0999 0.0102 0.1958 0.1261 0.0036 0.5550 0.0073 
       PIXIE 0.0574 0.2630 0.2296 0.0037 0.0343 0.2731 0.1186 0.0202 
    PREMIERE 0.0861 0.0059 0.0117 0.2312 0.5100 0.0546 0.0028 0.0976 
   PRODUCENT 0.1827 0.0745 0.0036 0.0607 0.3173 0.1908 0.1345 0.0359 
     PROVOST 0.0674 0.1920 0.1495 0.1041 0.1838 0.0093 0.0485 0.2453 
  R.P.LUSTRE 0.0559 0.2241 0.0103 0.1869 0.0117 0.1294 0.1943 0.1874 
 RANGER_RUSS 0.1321 0.0024 0.1058 0.1397 0.0380 0.0024 0.0550 0.5246 
       RATTE 0.1369 0.2670 0.0030 0.4279 0.0030 0.0298 0.1054 0.0270 
      RECORD 0.4372 0.0038 0.0089 0.1777 0.3556 0.0069 0.0038 0.0061 
   REMBRANDT 0.0293 0.0256 0.0123 0.1345 0.4239 0.0962 0.1499 0.1283 
    RIO_ROJO 0.1311 0.1970 0.0934 0.0157 0.0128 0.0395 0.1877 0.3229 
      ROBIJN 0.3823 0.0071 0.0194 0.2098 0.3326 0.0031 0.0343 0.0115 
      ROCKET 0.0807 0.1827 0.0166 0.1474 0.0095 0.4415 0.0057 0.1159 
   RODE_STAR 0.4404 0.0825 0.0026 0.2685 0.0507 0.0078 0.1460 0.0016 
      ROMANO 0.3600 0.2305 0.1360 0.0025 0.1767 0.0102 0.0770 0.0070 
       ROMEO 0.1773 0.2949 0.1764 0.1041 0.0038 0.0054 0.1633 0.0747 
     ROOSTER 0.0882 0.3457 0.1263 0.0752 0.2141 0.0099 0.0182 0.1225 
       ROYAL 0.1091 0.0086 0.0541 0.1072 0.0611 0.3272 0.3272 0.0055 
 ROYAL_KIDNE 0.0064 0.0096 0.0227 0.3388 0.1245 0.0024 0.0023 0.4932 
     RUBESSE 0.0999 0.1814 0.0570 0.0348 0.2132 0.0096 0.2492 0.1548 
 RUSSET_BURB 0.1272 0.1135 0.0160 0.0564 0.0391 0.0140 0.1020 0.5318 
 RUSSET_NORK 0.0070 0.1098 0.0081 0.0205 0.0029 0.0289 0.2633 0.5596 
      SAFARI 0.1450 0.2092 0.1067 0.0071 0.4670 0.0085 0.0388 0.0178 
     SANTANA 0.1843 0.0193 0.0363 0.0388 0.2825 0.1474 0.1143 0.1771 
       SANTE 0.1690 0.2132 0.0092 0.0637 0.4149 0.0828 0.0411 0.0061 
     SAPHIRE 0.0657 0.1003 0.0324 0.0034 0.4369 0.0731 0.0782 0.2101 
  SARPO_MIRA 0.4069 0.1102 0.0200 0.0651 0.0053 0.0576 0.3183 0.0166 
 SARPO_SHONA 0.4064 0.1466 0.0231 0.0163 0.0569 0.0445 0.2988 0.0073 
       SASSY 0.2597 0.1001 0.0082 0.1414 0.1552 0.0783 0.1105 0.1466 
     SATURNA 0.3013 0.0047 0.0048 0.2120 0.2232 0.0277 0.2226 0.0035 
        SAVA 0.0580 0.0699 0.0121 0.0278 0.2178 0.1103 0.3635 0.1405 
       SAXON 0.0028 0.2061 0.0429 0.1500 0.1328 0.4458 0.0120 0.0076 
 SCARBOROUGH 0.0024 0.3915 0.0023 0.0774 0.0065 0.5099 0.0061 0.0039 
 SEFTON_WOND 0.0146 0.1474 0.0380 0.3752 0.0155 0.0827 0.0044 0.3220 
    SERAFINA 0.2187 0.2038 0.0280 0.0818 0.1306 0.0033 0.3212 0.0125 
     SETANTA 0.1106 0.5114 0.0709 0.0210 0.1153 0.1119 0.0214 0.0375 
 SHARPE'S_EX 0.1284 0.0121 0.0119 0.5294 0.0117 0.0804 0.1069 0.1192 
     SHELAGH 0.0995 0.1248 0.2374 0.2492 0.1207 0.1176 0.0401 0.0107 
    SHELFORD 0.2867 0.0031 0.1895 0.0971 0.0106 0.0356 0.2831 0.0944 
     SHEPODY 0.0575 0.0033 0.1919 0.1502 0.2082 0.0059 0.0020 0.3810 
      SLANEY 0.0033 0.1604 0.3916 0.0105 0.0182 0.2346 0.1433 0.0382 
        SPEY 0.0106 0.1908 0.4218 0.0034 0.0909 0.2212 0.0502 0.0110 
      SPUNTA 0.1281 0.1820 0.1232 0.1732 0.0167 0.0545 0.2869 0.0353 
     STAMINA 0.0670 0.0597 0.1561 0.0023 0.0132 0.6181 0.0099 0.0736 
    STEMSTER 0.2614 0.0727 0.0267 0.1117 0.0812 0.2982 0.1163 0.0318 
 STORMONT_EN 0.2618 0.0662 0.0792 0.1054 0.1635 0.1792 0.0216 0.1232 
    STIRLING 0.0041 0.2950 0.2709 0.0091 0.2416 0.0592 0.0176 0.1025 
     SYLVANA 0.0802 0.0579 0.0890 0.0363 0.2283 0.0961 0.2000 0.2123 
         TAY 0.0048 0.4620 0.1727 0.0140 0.0754 0.2325 0.0290 0.0096 
      TIMATE 0.1669 0.0691 0.0037 0.0249 0.2363 0.1073 0.3529 0.0388 
      TOLUCA 0.0309 0.0319 0.2029 0.0503 0.3089 0.0039 0.3304 0.0408 
    TORRIDON 0.0410 0.0983 0.2716 0.1153 0.3391 0.0254 0.0823 0.0270 
 ULSTER_SCEP 0.0070 0.1648 0.0344 0.0285 0.1929 0.2714 0.0039 0.2972 
 UMATILLA_RU 0.0550 0.0931 0.0269 0.3734 0.1552 0.2476 0.0208 0.0281 
 VALES_EMERA 0.0134 0.2636 0.0339 0.1043 0.0129 0.1541 0.3598 0.0581 
 VALES_EVERE 0.0042 0.3153 0.3271 0.1319 0.0513 0.1236 0.0093 0.0371 
 VALES_RUSSE 0.0501 0.0936 0.0251 0.1820 0.0489 0.0210 0.1485 0.4309 
 VALES_SOVER 0.0115 0.0482 0.6045 0.0033 0.0102 0.3017 0.0164 0.0043 
       VALOR 0.0143 0.2127 0.3894 0.0028 0.0760 0.2924 0.0075 0.0049 
    VAN_GOGH 0.1605 0.0790 0.0051 0.1303 0.4230 0.0751 0.1120 0.0150 
     VANTAGE 0.3873 0.0039 0.0105 0.1823 0.1714 0.0277 0.0038 0.2131 
       VERDI 0.1802 0.0321 0.0528 0.1752 0.2076 0.0903 0.2478 0.0140 
    VICTORIA 0.0051 0.0267 0.0396 0.0399 0.4475 0.0200 0.2085 0.2127 
     VIVALDI 0.0551 0.0062 0.1357 0.0260 0.4690 0.0033 0.1243 0.1804 
       WILJA 0.2587 0.0019 0.0517 0.1164 0.4350 0.0213 0.0018 0.1132 
     WINSTON 0.1241 0.2631 0.0715 0.0022 0.0050 0.3758 0.0823 0.0759 
      XD2-21 0.1947 0.2232 0.1043 0.0956 0.0342 0.0646 0.0095 0.2739 
  YUKON_GOLD 0.0126 0.2488 0.0081 0.0035 0.0664 0.1379 0.2442 0.2787 
       ZORBA 0.0140 0.0083 0.1567 0.1588 0.4657 0.0072 0.0128 0.1765 
