  00C133-020 0.0996 0.0157 0.5033 0.3660 0.0154 
 01C_071-002 0.0828 0.1496 0.2014 0.2652 0.3010 
 02M_012-001 0.1035 0.1398 0.6131 0.0422 0.1014 
 03M_016-002 0.0403 0.4363 0.3727 0.1035 0.0473 
 03M_034-002 0.0308 0.1820 0.5252 0.2146 0.0475 
 04C_055-004 0.3022 0.0655 0.4830 0.0288 0.1204 
 04C_126-005 0.1114 0.0893 0.3082 0.3715 0.1197 
 04M_034-013 0.1230 0.2604 0.4749 0.0452 0.0965 
 05M_002-001 0.2130 0.1364 0.1437 0.1381 0.3688 
 05M_004-003 0.1431 0.0083 0.1963 0.2887 0.3635 
 05M_012-004 0.1534 0.0910 0.1886 0.3559 0.2111 
 06C_127-002 0.4641 0.0382 0.3217 0.1658 0.0101 
 12288_AF_23 0.2583 0.0128 0.4288 0.2671 0.0330 
    12601AB1 0.0559 0.4315 0.4719 0.0291 0.0117 
   12636_A_2 0.0489 0.2141 0.4899 0.2380 0.0091 
  15119_AC_5 0.0027 0.1941 0.2368 0.5405 0.0260 
     1512C16 0.2301 0.3219 0.0140 0.3353 0.0988 
   15144_A_3 0.2811 0.0335 0.0250 0.5718 0.0886 
     1563C14 0.2186 0.4397 0.0291 0.0451 0.2674 
     2182EF7 0.2292 0.1268 0.0858 0.4983 0.0599 
     3681AD1 0.1071 0.0463 0.0984 0.3749 0.3732 
     5008AB6 0.2818 0.0903 0.0579 0.2981 0.2719 
    8204_A_4 0.3290 0.0435 0.1781 0.4234 0.0260 
       AGRIA 0.3431 0.0451 0.0828 0.0087 0.5203 
       AILSA 0.2754 0.1282 0.5614 0.0274 0.0076 
      ALMERA 0.2431 0.0590 0.0634 0.1801 0.4544 
       ALPHA 0.1576 0.2288 0.0632 0.1331 0.4172 
      ALWARA 0.2829 0.0295 0.0507 0.2774 0.3594 
      AMADRA 0.2714 0.1390 0.2274 0.0291 0.3331 
       AMOUR 0.0835 0.0380 0.4109 0.4462 0.0213 
        ANNA 0.0059 0.1621 0.0184 0.7945 0.0191 
   ANNABELLE 0.4283 0.0275 0.0197 0.0501 0.4745 
        ANYA 0.4971 0.2202 0.0463 0.0595 0.1768 
       ARGOS 0.0595 0.0111 0.2336 0.5742 0.1216 
     ARIELLE 0.3163 0.1116 0.0299 0.1287 0.4135 
      ARKULA 0.2102 0.1276 0.0144 0.2056 0.4423 
      ARMADA 0.1908 0.1356 0.1122 0.1794 0.3819 
   AVALANCHE 0.0126 0.0407 0.4427 0.2275 0.2764 
     BAILLIE 0.1053 0.0161 0.4886 0.2142 0.1758 
    BALMORAL 0.0212 0.0931 0.0224 0.6262 0.2371 
     BAMBINO 0.1273 0.0165 0.4990 0.2783 0.0790 
       BARNA 0.3261 0.0522 0.1054 0.4150 0.1012 
 BELLE_DE_FO 0.0055 0.8583 0.0036 0.0633 0.0693 
       BENOL 0.0744 0.1572 0.6080 0.0550 0.1054 
       BF_15 0.0471 0.6940 0.0049 0.0332 0.2207 
      BINTJE 0.1266 0.3657 0.0728 0.1795 0.2554 
 BIONICA_EX_ 0.1815 0.1332 0.1369 0.2695 0.2789 
 BLUE_DANUBE 0.0066 0.1472 0.0166 0.2731 0.5566 
      BONNIE 0.2650 0.0298 0.2523 0.2750 0.1778 
      BOUNTY 0.1064 0.0181 0.4546 0.3242 0.0967 
 BRITISH_QUE 0.0054 0.4937 0.0090 0.2844 0.2075 
     BRODICK 0.3122 0.0085 0.5476 0.1210 0.0107 
      BRODIE 0.1665 0.1490 0.0778 0.6004 0.0064 
      BUCHAN 0.2893 0.0900 0.1323 0.4837 0.0048 
      BURREN 0.1998 0.1020 0.0904 0.4458 0.1620 
     CABARET 0.0181 0.2923 0.5209 0.1550 0.0137 
      CAESAR 0.4056 0.0046 0.0462 0.1585 0.3850 
        CARA 0.0977 0.0470 0.1397 0.6984 0.0173 
 CARLINGFORD 0.3551 0.1064 0.1074 0.3978 0.0332 
  CASABLANCA 0.0098 0.0050 0.3132 0.4420 0.2300 
      CELINE 0.1116 0.0652 0.1130 0.2990 0.4112 
  CHALLENGER 0.2617 0.1523 0.2109 0.0483 0.3268 
   CHARLOTTE 0.6562 0.1083 0.1414 0.0068 0.0874 
     CHICAGO 0.1547 0.0312 0.5289 0.0129 0.2724 
   CHIEFTAIN 0.4777 0.2157 0.0288 0.2672 0.0107 
      CHOPIN 0.2786 0.0734 0.0355 0.2090 0.4035 
      CLARET 0.2019 0.0505 0.1092 0.6173 0.0212 
      CORINE 0.0109 0.1139 0.1873 0.3625 0.3254 
      COSMOS 0.1227 0.1032 0.1219 0.1879 0.4643 
     COURAGE 0.2338 0.1143 0.0750 0.2261 0.3507 
     COURLAN 0.3507 0.1460 0.1053 0.2559 0.1421 
 CRAIGS_ROYA 0.1774 0.1322 0.2069 0.4781 0.0055 
 CRAIGS_SNOW 0.1249 0.3910 0.1528 0.2454 0.0860 
     CRAMOND 0.1539 0.0166 0.4942 0.2366 0.0987 
 CRISPS_FOR_ 0.3702 0.0788 0.1104 0.1341 0.3066 
    CROMWELL 0.0100 0.1887 0.6666 0.0182 0.1165 
       D22/1 0.0053 0.2013 0.5148 0.2213 0.0573 
       D23/3 0.0858 0.3369 0.3869 0.1189 0.0714 
      D47-11 0.0034 0.2141 0.6997 0.0165 0.0662 
       D49/1 0.0177 0.1414 0.7726 0.0040 0.0643 
       DAISY 0.1155 0.1815 0.4871 0.0186 0.1973 
 DARK_RED_NO 0.3425 0.2397 0.0306 0.3101 0.0771 
     DARWINA 0.1585 0.1362 0.1022 0.1488 0.4542 
     DESIREE 0.3766 0.1463 0.0050 0.2172 0.2549 
       DITTA 0.3244 0.1620 0.0179 0.0760 0.4196 
 DR._MCINTOS 0.2554 0.1905 0.0462 0.4780 0.0299 
       DRAGA 0.1632 0.0410 0.1579 0.3355 0.3024 
 DUKE_OF_YOR 0.0143 0.4647 0.0036 0.2246 0.2927 
 DUNBAR_STAN 0.1040 0.4266 0.1541 0.3008 0.0145 
     DUNDROD 0.1919 0.1852 0.4914 0.1022 0.0293 
     ECLIPSE 0.3641 0.5188 0.0617 0.0463 0.0091 
        EDEN 0.0298 0.2104 0.7080 0.0390 0.0129 
 EDZELL_BLUE 0.1403 0.3463 0.0785 0.1948 0.2401 
   ELISABETH 0.5502 0.0127 0.1600 0.0311 0.2460 
     EMPEROR 0.3680 0.0937 0.1962 0.1656 0.1766 
         EOS 0.4365 0.0381 0.2820 0.1034 0.1400 
     EPICURE 0.2910 0.4566 0.0115 0.1796 0.0612 
  ERNTESTOLZ 0.1894 0.2797 0.0372 0.1665 0.3272 
      ESCORT 0.3467 0.0065 0.1755 0.0816 0.3897 
   ESMERALDA 0.2658 0.1368 0.1652 0.1191 0.3132 
      ESTIMA 0.2747 0.1282 0.1559 0.0982 0.3430 
 EVE_BALFOUR 0.0991 0.2401 0.1950 0.4435 0.0224 
   EXCALIBUR 0.1049 0.0034 0.4828 0.3871 0.0218 
     EXQUISA 0.4251 0.1372 0.0096 0.0468 0.3812 
    FESTIVAL 0.3683 0.0095 0.1510 0.0679 0.4034 
      FIANNA 0.1830 0.0335 0.0459 0.3806 0.3569 
   FIFTYFOLD 0.1672 0.5716 0.0913 0.0911 0.0788 
     FONTANE 0.2591 0.0512 0.2064 0.0506 0.4327 
   FORTYFOLD 0.0052 0.5711 0.0046 0.1112 0.3080 
 FRONTIER_RU 0.3509 0.2903 0.0942 0.1855 0.0790 
     G.81071 0.2448 0.1293 0.1729 0.3453 0.1077 
     G.88661 0.3638 0.0351 0.2262 0.2872 0.0877 
    G.886611 0.4989 0.0120 0.2200 0.2601 0.0091 
  G.8867Y%12 0.4750 0.0318 0.0594 0.4008 0.0331 
     G.88839 0.5051 0.0073 0.0075 0.0071 0.4729 
     G.88842 0.3373 0.0196 0.0123 0.2436 0.3872 
   GALACTICA 0.0053 0.1615 0.0101 0.4511 0.3719 
      GEMSON 0.1984 0.2192 0.1186 0.4391 0.0246 
  GL.76B/102 0.1973 0.3512 0.1722 0.0143 0.2650 
   GL.76B/94 0.0125 0.4991 0.0057 0.1260 0.3567 
  GL.77M/106 0.3045 0.1717 0.2854 0.2280 0.0103 
   GL.78/166 0.0088 0.5857 0.0614 0.0642 0.2799 
    GL.78/53 0.1989 0.5073 0.2523 0.0069 0.0347 
    GL.78/97 0.1010 0.5336 0.1580 0.0147 0.1928 
    GL.79/42 0.2188 0.4935 0.1880 0.0034 0.0963 
    GL.79/45 0.1936 0.5259 0.1496 0.0181 0.1129 
 GL.81_NT_25 0.0030 0.3180 0.5389 0.0263 0.1138 
   GLADIATOR 0.3820 0.0150 0.1177 0.2303 0.2550 
      GLAMIS 0.2403 0.0540 0.4338 0.1432 0.1287 
 GOLDEN_MILL 0.1939 0.0815 0.5218 0.1800 0.0228 
 GOLDEN_NUGG 0.1746 0.0137 0.1248 0.3158 0.3711 
 GOLDEN_WOND 0.1580 0.5895 0.0495 0.0542 0.1488 
     GRANOLA 0.5606 0.0694 0.1357 0.0098 0.2244 
    H1H3_101 0.0028 0.3013 0.6811 0.0053 0.0096 
      H1H3_3 0.0792 0.2046 0.4502 0.1982 0.0678 
 HARBOROUGH_ 0.1684 0.0090 0.7186 0.0919 0.0121 
   HARLEQUIN 0.5335 0.1514 0.1640 0.0168 0.1342 
      HERMES 0.2146 0.1217 0.0753 0.1875 0.4009 
 HIGHLAND_BU 0.0052 0.7814 0.0204 0.0210 0.1721 
  HOME_GUARD 0.1909 0.3070 0.1812 0.3035 0.0174 
     HORIZON 0.0740 0.2139 0.1115 0.1273 0.4732 
   INNOVATOR 0.0076 0.2976 0.0065 0.3908 0.2976 
 INTERNATION 0.0037 0.8552 0.0068 0.0145 0.1198 
 ISLE_OF_JUR 0.1369 0.1209 0.4490 0.1948 0.0984 
    JULIETTE 0.5733 0.0192 0.0348 0.0063 0.3664 
     KARLENA 0.0109 0.2414 0.0350 0.3726 0.3400 
 KERR'S_PINK 0.1043 0.5507 0.0928 0.2321 0.0201 
     KESTREL 0.2391 0.0075 0.3704 0.3777 0.0054 
       KIFLI 0.4722 0.1302 0.1409 0.0058 0.2510 
 KING_EDWARD 0.1399 0.7690 0.0719 0.0056 0.0136 
    KINGSTON 0.0863 0.1519 0.5196 0.1287 0.1135 
 KUFRI_CHAND 0.1966 0.2684 0.0859 0.2874 0.1617 
 KUFRI_JYOTI 0.2203 0.1475 0.0450 0.3869 0.2003 
      KURODA 0.1423 0.0300 0.0371 0.2663 0.5243 
 LADY_BALFOU 0.1202 0.1760 0.1942 0.4701 0.0396 
 LADY_CHRIST 0.0829 0.2707 0.0990 0.0963 0.4511 
 LADY_CLAIRE 0.0058 0.1718 0.0147 0.0524 0.7554 
     LADY_JO 0.0026 0.2762 0.0221 0.1001 0.5989 
 LADY_ROSETT 0.2088 0.1341 0.1538 0.1499 0.3534 
    LIBERTAS 0.0026 0.2617 0.0076 0.1594 0.5687 
       LINDA 0.5267 0.1837 0.0082 0.0057 0.2758 
      LINTON 0.2439 0.0838 0.1830 0.2036 0.2857 
 LINZER_DELI 0.4351 0.1806 0.0384 0.0203 0.3256 
   LIONHEART 0.1657 0.0718 0.0690 0.2419 0.4515 
   MADELEINE 0.4081 0.0545 0.1011 0.0328 0.4034 
   MADINGLEY 0.3231 0.0427 0.1597 0.1595 0.3150 
    MAJESTIC 0.2674 0.2167 0.0191 0.4450 0.0518 
     MARABEL 0.3530 0.0111 0.0202 0.1160 0.4998 
     MARFONA 0.0344 0.1750 0.1153 0.2010 0.4743 
     MARILYN 0.3882 0.0809 0.0320 0.1452 0.3538 
 MARIS_ANCHO 0.2497 0.2226 0.0803 0.1537 0.2937 
  MARIS_BARD 0.0034 0.1934 0.2329 0.3598 0.2105 
  MARIS_PEER 0.2044 0.2458 0.1529 0.3786 0.0183 
 MARIS_PIPER 0.0052 0.1077 0.8270 0.0069 0.0532 
     MARKIES 0.3003 0.1110 0.0319 0.0403 0.5166 
      MAXINE 0.2148 0.0876 0.4058 0.2734 0.0184 
      MEGARA 0.3005 0.0405 0.0928 0.0345 0.5317 
      MELODY 0.1632 0.1408 0.1131 0.1587 0.4242 
       MIDAS 0.1504 0.0838 0.5107 0.0059 0.2492 
       MILVA 0.3528 0.1679 0.0224 0.0506 0.4062 
        MIMI 0.1069 0.0655 0.3557 0.1892 0.2828 
        MIRA 0.0077 0.2086 0.0120 0.1827 0.5891 
       MOIRA 0.2575 0.1531 0.0513 0.2422 0.2959 
    MONTROSE 0.1126 0.2316 0.6139 0.0331 0.0089 
       MORAG 0.1586 0.2432 0.1669 0.4169 0.0144 
      MORENE 0.0134 0.1721 0.0035 0.2358 0.5751 
      MOZART 0.5030 0.0029 0.0814 0.0672 0.3456 
 MYATT'S_ASH 0.0048 0.7235 0.0051 0.0159 0.2507 
      NADINE 0.3348 0.0097 0.4539 0.1513 0.0502 
       NAVAN 0.0939 0.0481 0.6897 0.1471 0.0212 
 NDTX_4271_5 0.5726 0.0881 0.2207 0.1131 0.0054 
      NICOLA 0.4048 0.1561 0.0041 0.0051 0.4298 
     NOVELLA 0.2654 0.0375 0.0446 0.2752 0.3773 
     OLYMPUS 0.3269 0.1479 0.3358 0.1814 0.0080 
       OPERA 0.2779 0.0146 0.1464 0.1890 0.3721 
   ORCHESTRA 0.3563 0.0547 0.1577 0.0245 0.4069 
      ORIANA 0.1546 0.1035 0.0049 0.2904 0.4466 
     OTHELLO 0.2262 0.0260 0.1497 0.5923 0.0058 
     PALADIN 0.0063 0.2152 0.6818 0.0360 0.0608 
       PANDA 0.5308 0.0138 0.1108 0.0161 0.3286 
   PARAMOUNT 0.2392 0.0554 0.0262 0.4846 0.1947 
    PATRONES 0.1610 0.2308 0.0655 0.1721 0.3706 
 PENTLAND_AC 0.2258 0.1999 0.1494 0.2805 0.1444 
 PENTLAND_BE 0.0092 0.5017 0.0141 0.3380 0.1370 
 PENTLAND_CR 0.1243 0.1229 0.1446 0.3637 0.2445 
 PENTLAND_DE 0.2192 0.3097 0.0589 0.3908 0.0214 
 PENTLAND_IV 0.4034 0.1609 0.0798 0.3511 0.0049 
 PENTLAND_JA 0.1548 0.2058 0.0613 0.3847 0.1935 
 PENTLAND_MA 0.1118 0.1186 0.0092 0.4212 0.3391 
 PENTLAND_SQ 0.2204 0.2318 0.1136 0.3369 0.0972 
   PEPO_1978 0.3382 0.1065 0.1159 0.0288 0.4106 
     PICASSO 0.0527 0.0037 0.1393 0.5567 0.2476 
   PIMPERNEL 0.1580 0.1549 0.0894 0.1044 0.4933 
     PIONEER 0.5986 0.1466 0.0202 0.0050 0.2296 
       PIXIE 0.2871 0.0068 0.3710 0.3101 0.0250 
    PREMIERE 0.0059 0.2729 0.0508 0.1835 0.4870 
   PRODUCENT 0.1767 0.0907 0.2343 0.0503 0.4480 
     PROVOST 0.2108 0.2078 0.0359 0.3805 0.1650 
  R.P.LUSTRE 0.3833 0.2806 0.2038 0.1091 0.0232 
 RANGER_RUSS 0.0453 0.3750 0.0026 0.3784 0.1987 
       RATTE 0.2694 0.4788 0.1947 0.0085 0.0486 
      RECORD 0.0066 0.2460 0.0093 0.1224 0.6157 
   REMBRANDT 0.1478 0.1561 0.1345 0.1034 0.4581 
    RIO_ROJO 0.3758 0.1613 0.0719 0.3015 0.0895 
      ROBIJN 0.0200 0.2745 0.0071 0.1007 0.5976 
      ROCKET 0.0911 0.1990 0.5221 0.1670 0.0209 
   RODE_STAR 0.1784 0.3215 0.0518 0.0060 0.4424 
      ROMANO 0.2834 0.0130 0.0438 0.3297 0.3299 
       ROMEO 0.4160 0.2087 0.0634 0.2924 0.0196 
     ROOSTER 0.2277 0.1542 0.1043 0.3611 0.1527 
       ROYAL 0.2589 0.0741 0.3643 0.0115 0.2911 
 ROYAL_KIDNE 0.0135 0.5657 0.0037 0.3308 0.0863 
     RUBESSE 0.4075 0.1091 0.0413 0.1978 0.2443 
 RUSSET_BURB 0.2259 0.2954 0.0140 0.3367 0.1279 
 RUSSET_NORK 0.4461 0.2664 0.0380 0.2417 0.0078 
      SAFARI 0.2056 0.0108 0.0370 0.3265 0.4200 
     SANTANA 0.1264 0.1233 0.1444 0.1948 0.4111 
       SANTE 0.1848 0.0678 0.1901 0.1186 0.4386 
     SAPHIRE 0.1772 0.0276 0.0970 0.2770 0.4212 
  SARPO_MIRA 0.3976 0.1454 0.0871 0.0385 0.3314 
 SARPO_SHONA 0.3808 0.0614 0.0810 0.0658 0.4109 
       SASSY 0.1878 0.2461 0.0992 0.1384 0.3285 
     SATURNA 0.1824 0.2239 0.0509 0.0060 0.5367 
        SAVA 0.4349 0.0660 0.1290 0.0571 0.3130 
       SAXON 0.1288 0.1139 0.5665 0.1495 0.0413 
 SCARBOROUGH 0.1695 0.0372 0.7545 0.0332 0.0056 
 SEFTON_WOND 0.0615 0.5306 0.1530 0.2409 0.0141 
    SERAFINA 0.4878 0.1163 0.0178 0.0669 0.3112 
     SETANTA 0.3165 0.0483 0.3107 0.2823 0.0422 
 SHARPE'S_EX 0.1083 0.6084 0.1061 0.0375 0.1396 
     SHELAGH 0.1170 0.2529 0.1848 0.2815 0.1638 
    SHELFORD 0.2257 0.1905 0.0330 0.1931 0.3577 
     SHEPODY 0.0043 0.2945 0.0062 0.4637 0.2312 
      SLANEY 0.2539 0.0096 0.2921 0.4315 0.0129 
        SPEY 0.1757 0.0039 0.2875 0.4997 0.0333 
      SPUNTA 0.4044 0.2078 0.1334 0.1322 0.1222 
     STAMINA 0.0163 0.0038 0.6147 0.3127 0.0526 
    STEMSTER 0.1501 0.1544 0.3275 0.0932 0.2748 
 STORMONT_EN 0.0810 0.1939 0.1826 0.2454 0.2971 
    STIRLING 0.2615 0.0208 0.1661 0.4834 0.0683 
     SYLVANA 0.2692 0.1170 0.0985 0.2359 0.2794 
         TAY 0.2753 0.0085 0.4284 0.2792 0.0087 
      TIMATE 0.3844 0.0365 0.1416 0.0069 0.4307 
      TOLUCA 0.3673 0.0450 0.0091 0.2016 0.3771 
    TORRIDON 0.1278 0.1056 0.0758 0.3489 0.3419 
 ULSTER_SCEP 0.1020 0.1731 0.2925 0.3630 0.0693 
 UMATILLA_RU 0.0417 0.3540 0.3373 0.0733 0.1938 
 VALES_EMERA 0.5164 0.1042 0.2609 0.0678 0.0507 
 VALES_EVERE 0.1596 0.1306 0.2762 0.4255 0.0081 
 VALES_RUSSE 0.2388 0.3586 0.0350 0.2353 0.1324 
 VALES_SOVER 0.0272 0.0039 0.3432 0.5978 0.0279 
       VALOR 0.0981 0.0037 0.3797 0.4901 0.0285 
    VAN_GOGH 0.1675 0.1310 0.1190 0.0733 0.5091 
     VANTAGE 0.0063 0.3429 0.0117 0.2022 0.4370 
       VERDI 0.2138 0.1717 0.1232 0.0625 0.4288 
    VICTORIA 0.2511 0.1054 0.0424 0.1745 0.4266 
     VIVALDI 0.1758 0.0722 0.0042 0.2966 0.4513 
       WILJA 0.0023 0.1856 0.0089 0.2446 0.5586 
     WINSTON 0.3058 0.0054 0.4354 0.2461 0.0073 
      XD2-21 0.2032 0.2598 0.0945 0.3738 0.0687 
  YUKON_GOLD 0.4660 0.0245 0.2396 0.1652 0.1047 
       ZORBA 0.0239 0.1970 0.0122 0.3331 0.4339 
