  00C133-020 0.5944 0.0248 0.0248 0.3559 
 01C_071-002 0.2336 0.2709 0.1992 0.2963 
 02M_012-001 0.6372 0.1354 0.2026 0.0248 
 03M_016-002 0.3682 0.0147 0.4914 0.1257 
 03M_034-002 0.5667 0.0288 0.2140 0.1905 
 04C_055-004 0.5227 0.3248 0.1089 0.0437 
 04C_126-005 0.3822 0.1279 0.1047 0.3852 
 04M_034-013 0.4929 0.1197 0.3231 0.0643 
 05M_002-001 0.1750 0.4326 0.1922 0.2002 
 05M_004-003 0.2498 0.3841 0.0260 0.3401 
 05M_012-004 0.2497 0.2081 0.1152 0.4270 
 06C_127-002 0.4393 0.2832 0.0628 0.2147 
 12288_AF_23 0.5092 0.1531 0.0289 0.3088 
    12601AB1 0.4930 0.0122 0.4775 0.0173 
   12636_A_2 0.5468 0.0093 0.2305 0.2134 
  15119_AC_5 0.2923 0.0047 0.1995 0.5035 
     1512C16 0.0848 0.1510 0.3325 0.4317 
   15144_A_3 0.1540 0.2130 0.0288 0.6043 
     1563C14 0.0391 0.3381 0.5096 0.1133 
     2182EF7 0.1887 0.1043 0.1196 0.5874 
     3681AD1 0.1184 0.3093 0.1087 0.4636 
     5008AB6 0.1358 0.3979 0.1172 0.3491 
    8204_A_4 0.2995 0.1746 0.0390 0.4868 
       AGRIA 0.1151 0.7214 0.1236 0.0399 
       AILSA 0.6350 0.1486 0.1711 0.0453 
      ALMERA 0.0857 0.5329 0.1168 0.2645 
       ALPHA 0.0618 0.4104 0.3061 0.2217 
      ALWARA 0.1068 0.4806 0.0595 0.3531 
      AMADRA 0.2498 0.4769 0.2040 0.0694 
       AMOUR 0.4993 0.0273 0.0448 0.4286 
        ANNA 0.1079 0.0057 0.1054 0.7810 
   ANNABELLE 0.0440 0.7320 0.0830 0.1409 
        ANYA 0.1285 0.5003 0.2346 0.1365 
       ARGOS 0.3217 0.0712 0.0141 0.5930 
     ARIELLE 0.0557 0.5650 0.1642 0.2151 
      ARKULA 0.0278 0.4811 0.1868 0.3042 
      ARMADA 0.1357 0.4150 0.1899 0.2594 
   AVALANCHE 0.4475 0.1744 0.1126 0.2655 
     BAILLIE 0.5265 0.1928 0.0519 0.2288 
    BALMORAL 0.1082 0.1016 0.0877 0.7025 
     BAMBINO 0.5656 0.1149 0.0341 0.2854 
       BARNA 0.2122 0.2577 0.0549 0.4752 
 BELLE_DE_FO 0.0046 0.0077 0.8976 0.0902 
       BENOL 0.6319 0.1206 0.2130 0.0345 
       BF_15 0.0063 0.1582 0.7566 0.0789 
      BINTJE 0.0905 0.2210 0.4264 0.2621 
 BIONICA_EX_ 0.1849 0.3043 0.1775 0.3333 
 BLUE_DANUBE 0.0407 0.3884 0.2239 0.3470 
      BONNIE 0.3238 0.2922 0.0540 0.3300 
      BOUNTY 0.5236 0.1132 0.0370 0.3262 
 BRITISH_QUE 0.0101 0.0177 0.5561 0.4161 
     BRODICK 0.6544 0.2058 0.0189 0.1209 
      BRODIE 0.2045 0.0106 0.1218 0.6631 
      BUCHAN 0.2934 0.0542 0.0911 0.5613 
      BURREN 0.1874 0.2201 0.1067 0.4858 
     CABARET 0.5473 0.0094 0.3265 0.1167 
      CAESAR 0.1099 0.6340 0.0084 0.2476 
        CARA 0.2576 0.0113 0.0284 0.7027 
 CARLINGFORD 0.2115 0.1918 0.1089 0.4878 
  CASABLANCA 0.3708 0.1302 0.0099 0.4892 
      CELINE 0.1332 0.3776 0.1153 0.3739 
  CHALLENGER 0.2292 0.4492 0.2145 0.1071 
   CHARLOTTE 0.2468 0.6049 0.1276 0.0207 
     CHICAGO 0.5392 0.3406 0.1032 0.0170 
   CHIEFTAIN 0.1465 0.2400 0.2200 0.3935 
      CHOPIN 0.0616 0.5077 0.1249 0.3058 
      CLARET 0.2405 0.0733 0.0317 0.6545 
      CORINE 0.2342 0.1892 0.1696 0.4070 
      COSMOS 0.1153 0.4177 0.1689 0.2981 
     COURAGE 0.1131 0.4020 0.1664 0.3186 
     COURLAN 0.1867 0.3217 0.1614 0.3302 
 CRAIGS_ROYA 0.3252 0.0123 0.1287 0.5337 
 CRAIGS_SNOW 0.1934 0.0594 0.4275 0.3197 
     CRAMOND 0.5574 0.1559 0.0318 0.2549 
 CRISPS_FOR_ 0.1658 0.5044 0.1222 0.2076 
    CROMWELL 0.6585 0.0633 0.2619 0.0163 
       D22/1 0.5304 0.0098 0.2540 0.2059 
       D23/3 0.4030 0.0484 0.3959 0.1527 
      D47-11 0.6643 0.0092 0.3127 0.0138 
       D49/1 0.7449 0.0353 0.2152 0.0046 
       DAISY 0.4901 0.2344 0.2550 0.0205 
 DARK_RED_NO 0.1048 0.2292 0.2426 0.4233 
     DARWINA 0.1041 0.4449 0.2199 0.2311 
     DESIREE 0.0169 0.4649 0.1794 0.3388 
       DITTA 0.0360 0.5689 0.2232 0.1719 
 DR._MCINTOS 0.1484 0.0731 0.1781 0.6004 
       DRAGA 0.1938 0.3003 0.0705 0.4355 
 DUKE_OF_YOR 0.0046 0.1356 0.5167 0.3432 
 DUNBAR_STAN 0.1945 0.0127 0.4278 0.3650 
     DUNDROD 0.5401 0.1258 0.2288 0.1052 
     ECLIPSE 0.1473 0.1721 0.5457 0.1348 
        EDEN 0.7180 0.0108 0.2550 0.0161 
 EDZELL_BLUE 0.1003 0.2204 0.4078 0.2715 
   ELISABETH 0.2412 0.6190 0.0256 0.1142 
     EMPEROR 0.2655 0.3663 0.1219 0.2463 
         EOS 0.3393 0.3996 0.0745 0.1866 
     EPICURE 0.0620 0.1761 0.4766 0.2852 
  ERNTESTOLZ 0.0536 0.3618 0.3335 0.2511 
      ESCORT 0.2226 0.6008 0.0275 0.1491 
   ESMERALDA 0.2001 0.4236 0.1925 0.1838 
      ESTIMA 0.1694 0.4461 0.1927 0.1918 
 EVE_BALFOUR 0.2779 0.0251 0.2357 0.4613 
   EXCALIBUR 0.5999 0.0604 0.0050 0.3347 
     EXQUISA 0.0261 0.6559 0.1901 0.1279 
    FESTIVAL 0.2036 0.6334 0.0257 0.1373 
      FIANNA 0.0945 0.3553 0.0704 0.4799 
   FIFTYFOLD 0.1368 0.1018 0.6137 0.1477 
     FONTANE 0.2230 0.5424 0.1237 0.1109 
   FORTYFOLD 0.0058 0.1256 0.6592 0.2093 
 FRONTIER_RU 0.1674 0.2557 0.3038 0.2731 
     G.81071 0.2472 0.1960 0.1396 0.4171 
     G.88661 0.3016 0.2519 0.0507 0.3958 
    G.886611 0.3431 0.2604 0.0152 0.3813 
  G.8867Y%12 0.1836 0.2705 0.0255 0.5205 
     G.88839 0.0281 0.8929 0.0388 0.0402 
     G.88842 0.0492 0.5623 0.0475 0.3410 
   GALACTICA 0.0283 0.1980 0.2315 0.5421 
      GEMSON 0.2144 0.0477 0.2200 0.5179 
  GL.76B/102 0.1807 0.3486 0.4292 0.0414 
   GL.76B/94 0.0092 0.2246 0.5791 0.1872 
  GL.77M/106 0.3956 0.1529 0.1903 0.2612 
   GL.78/166 0.0534 0.1326 0.6899 0.1241 
    GL.78/53 0.2871 0.1341 0.5679 0.0109 
    GL.78/97 0.1580 0.1901 0.6169 0.0349 
    GL.79/42 0.2112 0.2146 0.5683 0.0060 
    GL.79/45 0.1724 0.1880 0.5956 0.0441 
 GL.81_NT_25 0.5206 0.0151 0.4288 0.0355 
   GLADIATOR 0.1949 0.4512 0.0363 0.3176 
      GLAMIS 0.4822 0.2456 0.0964 0.1757 
 GOLDEN_MILL 0.6072 0.1243 0.1057 0.1628 
 GOLDEN_NUGG 0.1762 0.3942 0.0383 0.3912 
 GOLDEN_WOND 0.0847 0.1585 0.6443 0.1125 
     GRANOLA 0.2188 0.6406 0.1146 0.0260 
    H1H3_101 0.6181 0.0039 0.3733 0.0047 
      H1H3_3 0.4796 0.0557 0.2461 0.2186 
 HARBOROUGH_ 0.7984 0.1131 0.0245 0.0640 
   HARLEQUIN 0.2412 0.5210 0.1851 0.0526 
      HERMES 0.1014 0.4766 0.1762 0.2458 
 HIGHLAND_BU 0.0213 0.0284 0.8762 0.0741 
  HOME_GUARD 0.2674 0.0535 0.3188 0.3603 
     HORIZON 0.0985 0.4038 0.3013 0.1965 
   INNOVATOR 0.0101 0.0971 0.3544 0.5384 
 INTERNATION 0.0070 0.0112 0.9445 0.0373 
 ISLE_OF_JUR 0.5020 0.1288 0.1613 0.2079 
    JULIETTE 0.1134 0.8084 0.0577 0.0205 
     KARLENA 0.0777 0.1784 0.2887 0.4552 
 KERR'S_PINK 0.1413 0.0145 0.5680 0.2762 
     KESTREL 0.5221 0.0428 0.0121 0.4231 
       KIFLI 0.1984 0.6139 0.1773 0.0104 
 KING_EDWARD 0.1209 0.0452 0.8212 0.0127 
    KINGSTON 0.5527 0.1292 0.2087 0.1094 
 KUFRI_CHAND 0.1384 0.1765 0.2991 0.3860 
 KUFRI_JYOTI 0.1277 0.2417 0.1648 0.4658 
      KURODA 0.0464 0.4942 0.0979 0.3616 
 LADY_BALFOU 0.2767 0.0322 0.1782 0.5128 
 LADY_CHRIST 0.0797 0.3850 0.3586 0.1767 
 LADY_CLAIRE 0.0135 0.6013 0.2781 0.1072 
     LADY_JO 0.0205 0.3462 0.4159 0.2173 
 LADY_ROSETT 0.1746 0.3870 0.1976 0.2407 
    LIBERTAS 0.0101 0.3137 0.3949 0.2813 
       LINDA 0.0459 0.6840 0.2466 0.0235 
      LINTON 0.2214 0.3811 0.1295 0.2681 
 LINZER_DELI 0.0804 0.6127 0.2319 0.0750 
   LIONHEART 0.0899 0.4387 0.1336 0.3377 
   MADELEINE 0.1472 0.6499 0.1079 0.0950 
   MADINGLEY 0.2081 0.4895 0.0893 0.2131 
    MAJESTIC 0.1098 0.1274 0.2043 0.5585 
     MARABEL 0.0501 0.7098 0.0389 0.2012 
     MARFONA 0.0726 0.3291 0.2679 0.3304 
     MARILYN 0.0886 0.5763 0.1212 0.2139 
 MARIS_ANCHO 0.1115 0.3788 0.2712 0.2386 
  MARIS_BARD 0.2663 0.0250 0.2625 0.4462 
  MARIS_PEER 0.2405 0.0395 0.2550 0.4650 
 MARIS_PIPER 0.7930 0.0144 0.1868 0.0058 
     MARKIES 0.0494 0.6483 0.1804 0.1218 
      MAXINE 0.4781 0.0951 0.1078 0.3190 
      MEGARA 0.1059 0.6758 0.1172 0.1011 
      MELODY 0.1297 0.4431 0.2060 0.2213 
       MIDAS 0.5072 0.3219 0.1632 0.0077 
       MILVA 0.0530 0.6059 0.2244 0.1168 
        MIMI 0.3812 0.2744 0.1309 0.2135 
        MIRA 0.0155 0.4523 0.2891 0.2431 
       MOIRA 0.1103 0.3868 0.1878 0.3151 
    MONTROSE 0.6646 0.0381 0.2793 0.0180 
       MORAG 0.2596 0.0236 0.2446 0.4722 
      MORENE 0.0069 0.4268 0.2402 0.3260 
      MOZART 0.1562 0.6976 0.0046 0.1416 
 MYATT'S_ASH 0.0054 0.0970 0.8129 0.0848 
      NADINE 0.5353 0.2736 0.0197 0.1715 
       NAVAN 0.7283 0.0377 0.0920 0.1420 
 NDTX_4271_5 0.3385 0.2954 0.1193 0.2468 
      NICOLA 0.0097 0.7297 0.2344 0.0261 
     NOVELLA 0.0961 0.4768 0.0716 0.3554 
     OLYMPUS 0.4387 0.1360 0.1747 0.2506 
       OPERA 0.1930 0.5031 0.0494 0.2545 
   ORCHESTRA 0.1948 0.6233 0.1146 0.0673 
      ORIANA 0.0085 0.4467 0.1480 0.3968 
     OTHELLO 0.3047 0.0229 0.0212 0.6513 
     PALADIN 0.6641 0.0148 0.2905 0.0306 
       PANDA 0.1779 0.7391 0.0416 0.0415 
   PARAMOUNT 0.1081 0.2604 0.0663 0.5652 
    PATRONES 0.0760 0.3678 0.2990 0.2572 
 PENTLAND_AC 0.2201 0.2092 0.2256 0.3450 
 PENTLAND_BE 0.0288 0.0174 0.5367 0.4171 
 PENTLAND_CR 0.1959 0.2082 0.1576 0.4383 
 PENTLAND_DE 0.1695 0.0492 0.3066 0.4748 
 PENTLAND_IV 0.2389 0.1412 0.1597 0.4601 
 PENTLAND_JA 0.1251 0.1557 0.2238 0.4954 
 PENTLAND_MA 0.0288 0.3038 0.1496 0.5178 
 PENTLAND_SQ 0.1924 0.1569 0.2422 0.4085 
   PEPO_1978 0.1441 0.6255 0.1640 0.0664 
     PICASSO 0.1938 0.1866 0.0071 0.6126 
   PIMPERNEL 0.0915 0.4964 0.2389 0.1732 
     PIONEER 0.0977 0.6924 0.1937 0.0162 
       PIXIE 0.4694 0.1916 0.0085 0.3305 
    PREMIERE 0.0526 0.3082 0.3615 0.2778 
   PRODUCENT 0.2344 0.4947 0.1740 0.0969 
     PROVOST 0.1072 0.1985 0.2209 0.4734 
  R.P.LUSTRE 0.2970 0.2332 0.3046 0.1652 
 RANGER_RUSS 0.0044 0.0633 0.4038 0.5285 
       RATTE 0.2380 0.2098 0.5320 0.0201 
      RECORD 0.0077 0.4111 0.3561 0.2251 
   REMBRANDT 0.1306 0.4485 0.2366 0.1843 
    RIO_ROJO 0.1645 0.2605 0.1644 0.4105 
      ROBIJN 0.0073 0.4875 0.3586 0.1465 
      ROCKET 0.5542 0.0226 0.2421 0.1811 
   RODE_STAR 0.0502 0.5187 0.4200 0.0112 
      ROMANO 0.1164 0.4539 0.0217 0.4080 
       ROMEO 0.1950 0.2508 0.2023 0.3519 
     ROOSTER 0.1836 0.2209 0.1671 0.4284 
       ROYAL 0.3853 0.4517 0.1464 0.0165 
 ROYAL_KIDNE 0.0049 0.0074 0.5696 0.4180 
     RUBESSE 0.1183 0.4596 0.1344 0.2877 
 RUSSET_BURB 0.0632 0.1707 0.3087 0.4574 
 RUSSET_NORK 0.1626 0.2002 0.2616 0.3756 
      SAFARI 0.0806 0.4554 0.0355 0.4284 
     SANTANA 0.1531 0.3872 0.1895 0.2702 
       SANTE 0.1995 0.4729 0.1437 0.1840 
     SAPHIRE 0.1229 0.4286 0.0689 0.3795 
  SARPO_MIRA 0.1283 0.5760 0.1991 0.0966 
 SARPO_SHONA 0.1258 0.6348 0.1150 0.1244 
       SASSY 0.1164 0.3511 0.3120 0.2204 
     SATURNA 0.0494 0.6086 0.3298 0.0122 
        SAVA 0.1816 0.5794 0.1103 0.1287 
       SAXON 0.6159 0.0834 0.1568 0.1438 
 SCARBOROUGH 0.8263 0.0659 0.0862 0.0216 
 SEFTON_WOND 0.1850 0.0076 0.5374 0.2700 
    SERAFINA 0.0604 0.6212 0.1535 0.1649 
     SETANTA 0.4182 0.2197 0.0532 0.3089 
 SHARPE'S_EX 0.1136 0.1189 0.6754 0.0921 
     SHELAGH 0.2241 0.1370 0.3009 0.3380 
    SHELFORD 0.0576 0.4367 0.2437 0.2619 
     SHEPODY 0.0092 0.0222 0.3590 0.6096 
      SLANEY 0.4126 0.1094 0.0122 0.4658 
        SPEY 0.3961 0.0843 0.0052 0.5145 
      SPUNTA 0.2112 0.3799 0.2284 0.1805 
     STAMINA 0.6768 0.0263 0.0079 0.2890 
    STEMSTER 0.3429 0.3077 0.2190 0.1304 
 STORMONT_EN 0.1902 0.2199 0.2602 0.3296 
    STIRLING 0.2698 0.1393 0.0184 0.5726 
     SYLVANA 0.1477 0.3903 0.1477 0.3143 
         TAY 0.5520 0.1339 0.0118 0.3023 
      TIMATE 0.1797 0.6893 0.1034 0.0277 
      TOLUCA 0.0204 0.5960 0.0825 0.3011 
    TORRIDON 0.1039 0.3150 0.1586 0.4225 
 ULSTER_SCEP 0.3499 0.0407 0.1877 0.4216 
 UMATILLA_RU 0.3396 0.1417 0.4309 0.0878 
 VALES_EMERA 0.3535 0.4096 0.1201 0.1168 
 VALES_EVERE 0.3880 0.0240 0.1300 0.4579 
 VALES_RUSSE 0.0889 0.1907 0.3867 0.3336 
 VALES_SOVER 0.4200 0.0120 0.0044 0.5637 
       VALOR 0.4744 0.0414 0.0044 0.4798 
    VAN_GOGH 0.1165 0.5271 0.2147 0.1417 
     VANTAGE 0.0152 0.2436 0.4367 0.3045 
       VERDI 0.1382 0.5207 0.2386 0.1025 
    VICTORIA 0.0723 0.5016 0.1536 0.2724 
     VIVALDI 0.0085 0.4751 0.1029 0.4134 
       WILJA 0.0110 0.2827 0.3115 0.3947 
     WINSTON 0.5510 0.1551 0.0112 0.2828 
      XD2-21 0.1717 0.1033 0.2664 0.4586 
  YUKON_GOLD 0.3134 0.3749 0.0460 0.2656 
       ZORBA 0.0263 0.3073 0.2438 0.4227 
