  00C133-020 0.0255 0.0259 0.3538 0.5949 
 01C_071-002 0.2678 0.1992 0.3006 0.2324 
 02M_012-001 0.1325 0.2025 0.0328 0.6323 
 03M_016-002 0.0153 0.4885 0.1279 0.3683 
 03M_034-002 0.0266 0.2118 0.1921 0.5695 
 04C_055-004 0.3198 0.1143 0.0496 0.5164 
 04C_126-005 0.1226 0.1078 0.3860 0.3836 
 04M_034-013 0.1203 0.3226 0.0673 0.4899 
 05M_002-001 0.4231 0.1968 0.2109 0.1692 
 05M_004-003 0.3742 0.0264 0.3517 0.2477 
 05M_012-004 0.2005 0.1190 0.4316 0.2489 
 06C_127-002 0.2782 0.0626 0.2204 0.4388 
 12288_AF_23 0.1506 0.0332 0.3077 0.5085 
    12601AB1 0.0125 0.4796 0.0175 0.4904 
   12636_A_2 0.0093 0.2303 0.2149 0.5455 
  15119_AC_5 0.0042 0.2008 0.4986 0.2963 
     1512C16 0.1449 0.3299 0.4381 0.0872 
   15144_A_3 0.2143 0.0239 0.6027 0.1591 
     1563C14 0.3356 0.5091 0.1159 0.0393 
     2182EF7 0.0984 0.1225 0.5897 0.1893 
     3681AD1 0.2975 0.1098 0.4693 0.1234 
     5008AB6 0.3915 0.1173 0.3542 0.1371 
    8204_A_4 0.1678 0.0408 0.4893 0.3021 
       AGRIA 0.7085 0.1295 0.0582 0.1038 
       AILSA 0.1536 0.1709 0.0419 0.6336 
      ALMERA 0.5268 0.1180 0.2716 0.0836 
       ALPHA 0.4032 0.3073 0.2336 0.0559 
      ALWARA 0.4749 0.0646 0.3588 0.1017 
      AMADRA 0.4709 0.2095 0.0710 0.2486 
       AMOUR 0.0269 0.0462 0.4268 0.5001 
        ANNA 0.0051 0.1042 0.7818 0.1089 
   ANNABELLE 0.7252 0.0834 0.1490 0.0423 
        ANYA 0.4978 0.2364 0.1402 0.1256 
       ARGOS 0.0655 0.0158 0.5961 0.3227 
     ARIELLE 0.5569 0.1717 0.2203 0.0511 
      ARKULA 0.4656 0.1899 0.3162 0.0283 
      ARMADA 0.4063 0.1917 0.2686 0.1333 
   AVALANCHE 0.1637 0.1177 0.2750 0.4435 
     BAILLIE 0.1990 0.0481 0.2283 0.5245 
    BALMORAL 0.1023 0.0840 0.7030 0.1107 
     BAMBINO 0.1121 0.0388 0.2859 0.5631 
       BARNA 0.2521 0.0565 0.4762 0.2152 
 BELLE_DE_FO 0.0080 0.8919 0.0959 0.0042 
       BENOL 0.1191 0.2142 0.0382 0.6286 
       BF_15 0.1493 0.7559 0.0883 0.0065 
      BINTJE 0.2144 0.4259 0.2732 0.0865 
 BIONICA_EX_ 0.2994 0.1757 0.3401 0.1847 
 BLUE_DANUBE 0.3760 0.2235 0.3618 0.0386 
      BONNIE 0.2889 0.0519 0.3359 0.3233 
      BOUNTY 0.1094 0.0414 0.3292 0.5200 
 BRITISH_QUE 0.0173 0.5511 0.4204 0.0113 
     BRODICK 0.2050 0.0223 0.1194 0.6533 
      BRODIE 0.0103 0.1189 0.6621 0.2087 
      BUCHAN 0.0524 0.0904 0.5595 0.2977 
      BURREN 0.2226 0.1023 0.4820 0.1932 
     CABARET 0.0092 0.3268 0.1170 0.5469 
      CAESAR 0.6258 0.0090 0.2550 0.1103 
        CARA 0.0151 0.0267 0.6971 0.2611 
 CARLINGFORD 0.1858 0.1036 0.4964 0.2142 
  CASABLANCA 0.1249 0.0105 0.4954 0.3692 
      CELINE 0.3650 0.1206 0.3827 0.1317 
  CHALLENGER 0.4358 0.2169 0.1244 0.2229 
   CHARLOTTE 0.6078 0.1277 0.0167 0.2477 
     CHICAGO 0.3400 0.1086 0.0176 0.5338 
   CHIEFTAIN 0.2319 0.2210 0.4011 0.1460 
      CHOPIN 0.4979 0.1233 0.3148 0.0640 
      CLARET 0.0744 0.0335 0.6498 0.2423 
      CORINE 0.1792 0.1673 0.4180 0.2355 
      COSMOS 0.4085 0.1708 0.3055 0.1152 
     COURAGE 0.3920 0.1693 0.3275 0.1112 
     COURLAN 0.3206 0.1626 0.3331 0.1837 
 CRAIGS_ROYA 0.0120 0.1270 0.5353 0.3258 
 CRAIGS_SNOW 0.0541 0.4268 0.3275 0.1916 
     CRAMOND 0.1509 0.0333 0.2570 0.5588 
 CRISPS_FOR_ 0.4944 0.1243 0.2198 0.1616 
    CROMWELL 0.0598 0.2672 0.0187 0.6543 
       D22/1 0.0106 0.2529 0.2088 0.5278 
       D23/3 0.0405 0.3965 0.1629 0.4002 
      D47-11 0.0093 0.3157 0.0148 0.6603 
       D49/1 0.0379 0.2175 0.0043 0.7403 
       DAISY 0.2324 0.2573 0.0245 0.4859 
 DARK_RED_NO 0.2243 0.2420 0.4243 0.1094 
     DARWINA 0.4313 0.2215 0.2449 0.1023 
     DESIREE 0.4584 0.1826 0.3403 0.0187 
       DITTA 0.5564 0.2262 0.1829 0.0345 
 DR._MCINTOS 0.0648 0.1754 0.6097 0.1501 
       DRAGA 0.2853 0.0753 0.4439 0.1955 
 DUKE_OF_YOR 0.1275 0.5144 0.3536 0.0045 
 DUNBAR_STAN 0.0131 0.4225 0.3660 0.1984 
     DUNDROD 0.1253 0.2293 0.1092 0.5362 
     ECLIPSE 0.1741 0.5431 0.1400 0.1428 
        EDEN 0.0129 0.2561 0.0148 0.7161 
 EDZELL_BLUE 0.2162 0.4074 0.2765 0.1000 
   ELISABETH 0.6094 0.0326 0.1224 0.2356 
     EMPEROR 0.3610 0.1202 0.2535 0.2653 
         EOS 0.3962 0.0792 0.1893 0.3354 
     EPICURE 0.1741 0.4741 0.2931 0.0587 
  ERNTESTOLZ 0.3507 0.3347 0.2587 0.0558 
      ESCORT 0.5954 0.0283 0.1530 0.2233 
   ESMERALDA 0.4148 0.1933 0.1910 0.2009 
      ESTIMA 0.4434 0.1935 0.1966 0.1665 
 EVE_BALFOUR 0.0219 0.2387 0.4596 0.2798 
   EXCALIBUR 0.0658 0.0047 0.3301 0.5993 
     EXQUISA 0.6459 0.1931 0.1356 0.0253 
    FESTIVAL 0.6251 0.0323 0.1443 0.1983 
      FIANNA 0.3487 0.0743 0.4888 0.0881 
   FIFTYFOLD 0.1124 0.6123 0.1410 0.1342 
     FONTANE 0.5337 0.1235 0.1255 0.2173 
   FORTYFOLD 0.1148 0.6564 0.2227 0.0061 
 FRONTIER_RU 0.2493 0.3028 0.2826 0.1653 
     G.81071 0.1853 0.1382 0.4259 0.2506 
     G.88661 0.2489 0.0505 0.3992 0.3014 
    G.886611 0.2590 0.0178 0.3830 0.3402 
  G.8867Y%12 0.2630 0.0224 0.5291 0.1855 
     G.88839 0.8922 0.0411 0.0425 0.0241 
     G.88842 0.5562 0.0428 0.3445 0.0564 
   GALACTICA 0.1890 0.2338 0.5487 0.0286 
      GEMSON 0.0416 0.2208 0.5229 0.2147 
  GL.76B/102 0.3448 0.4269 0.0510 0.1773 
   GL.76B/94 0.2219 0.5781 0.1916 0.0084 
  GL.77M/106 0.1572 0.1926 0.2555 0.3947 
   GL.78/166 0.1286 0.6890 0.1360 0.0465 
    GL.78/53 0.1316 0.5688 0.0110 0.2887 
    GL.78/97 0.1963 0.6140 0.0325 0.1572 
    GL.79/42 0.2204 0.5683 0.0066 0.2048 
    GL.79/45 0.1941 0.5942 0.0425 0.1691 
 GL.81_NT_25 0.0155 0.4322 0.0329 0.5195 
   GLADIATOR 0.4447 0.0379 0.3252 0.1922 
      GLAMIS 0.2381 0.1000 0.1825 0.4795 
 GOLDEN_MILL 0.1151 0.1108 0.1700 0.6041 
 GOLDEN_NUGG 0.3861 0.0350 0.4034 0.1756 
 GOLDEN_WOND 0.1593 0.6438 0.1120 0.0848 
     GRANOLA 0.6394 0.1183 0.0283 0.2139 
    H1H3_101 0.0036 0.3757 0.0050 0.6157 
      H1H3_3 0.0447 0.2439 0.2297 0.4818 
 HARBOROUGH_ 0.1171 0.0224 0.0653 0.7953 
   HARLEQUIN 0.5218 0.1872 0.0501 0.2408 
      HERMES 0.4671 0.1776 0.2573 0.0980 
 HIGHLAND_BU 0.0231 0.8748 0.0812 0.0209 
  HOME_GUARD 0.0511 0.3155 0.3664 0.2671 
     HORIZON 0.3940 0.3065 0.2081 0.0914 
   INNOVATOR 0.0876 0.3530 0.5504 0.0090 
 INTERNATION 0.0103 0.9425 0.0389 0.0083 
 ISLE_OF_JUR 0.1295 0.1635 0.2075 0.4995 
    JULIETTE 0.8030 0.0672 0.0225 0.1072 
     KARLENA 0.1743 0.2883 0.4603 0.0771 
 KERR'S_PINK 0.0175 0.5636 0.2813 0.1377 
     KESTREL 0.0392 0.0120 0.4220 0.5268 
       KIFLI 0.6190 0.1739 0.0100 0.1972 
 KING_EDWARD 0.0502 0.8180 0.0122 0.1197 
    KINGSTON 0.1295 0.2078 0.1111 0.5517 
 KUFRI_CHAND 0.1751 0.2971 0.3926 0.1352 
 KUFRI_JYOTI 0.2347 0.1681 0.4717 0.1255 
      KURODA 0.4828 0.1004 0.3738 0.0430 
 LADY_BALFOU 0.0312 0.1770 0.5162 0.2756 
 LADY_CHRIST 0.3779 0.3604 0.1845 0.0773 
 LADY_CLAIRE 0.5848 0.2826 0.1189 0.0138 
     LADY_JO 0.3329 0.4168 0.2331 0.0172 
 LADY_ROSETT 0.3784 0.1976 0.2525 0.1714 
    LIBERTAS 0.3083 0.3922 0.2888 0.0107 
       LINDA 0.6829 0.2480 0.0244 0.0447 
      LINTON 0.3790 0.1299 0.2699 0.2212 
 LINZER_DELI 0.6099 0.2337 0.0748 0.0816 
   LIONHEART 0.4273 0.1379 0.3523 0.0825 
   MADELEINE 0.6432 0.1140 0.1046 0.1382 
   MADINGLEY 0.4844 0.0916 0.2157 0.2083 
    MAJESTIC 0.1205 0.2034 0.5673 0.1088 
     MARABEL 0.7022 0.0427 0.2082 0.0468 
     MARFONA 0.3187 0.2685 0.3414 0.0713 
     MARILYN 0.5666 0.1244 0.2249 0.0842 
 MARIS_ANCHO 0.3750 0.2709 0.2450 0.1091 
  MARIS_BARD 0.0193 0.2625 0.4556 0.2626 
  MARIS_PEER 0.0379 0.2542 0.4680 0.2399 
 MARIS_PIPER 0.0137 0.1896 0.0067 0.7900 
     MARKIES 0.6384 0.1844 0.1348 0.0425 
      MAXINE 0.0925 0.1065 0.3251 0.4759 
      MEGARA 0.6673 0.1221 0.1102 0.1003 
      MELODY 0.4339 0.2118 0.2304 0.1239 
       MIDAS 0.3244 0.1653 0.0072 0.5031 
       MILVA 0.5970 0.2281 0.1285 0.0464 
        MIMI 0.2738 0.1285 0.2193 0.3784 
        MIRA 0.4354 0.2925 0.2574 0.0147 
       MOIRA 0.3796 0.1878 0.3223 0.1102 
    MONTROSE 0.0348 0.2812 0.0216 0.6624 
       MORAG 0.0214 0.2423 0.4748 0.2616 
      MORENE 0.4104 0.2426 0.3410 0.0061 
      MOZART 0.6915 0.0055 0.1500 0.1530 
 MYATT'S_ASH 0.0956 0.8095 0.0893 0.0056 
      NADINE 0.2712 0.0209 0.1760 0.5318 
       NAVAN 0.0386 0.0933 0.1428 0.7252 
 NDTX_4271_5 0.2963 0.1180 0.2462 0.3394 
      NICOLA 0.7208 0.2378 0.0336 0.0078 
     NOVELLA 0.4681 0.0725 0.3588 0.1005 
     OLYMPUS 0.1309 0.1755 0.2545 0.4391 
       OPERA 0.4935 0.0551 0.2599 0.1915 
   ORCHESTRA 0.6155 0.1180 0.0788 0.1877 
      ORIANA 0.4342 0.1500 0.4069 0.0090 
     OTHELLO 0.0247 0.0205 0.6470 0.3078 
     PALADIN 0.0123 0.2942 0.0286 0.6650 
       PANDA 0.7370 0.0473 0.0403 0.1754 
   PARAMOUNT 0.2527 0.0692 0.5666 0.1115 
    PATRONES 0.3600 0.2982 0.2689 0.0729 
 PENTLAND_AC 0.2086 0.2229 0.3485 0.2200 
 PENTLAND_BE 0.0172 0.5303 0.4220 0.0305 
 PENTLAND_CR 0.1981 0.1573 0.4482 0.1964 
 PENTLAND_DE 0.0429 0.3057 0.4825 0.1689 
 PENTLAND_IV 0.1333 0.1558 0.4677 0.2432 
 PENTLAND_JA 0.1408 0.2228 0.5094 0.1270 
 PENTLAND_MA 0.2977 0.1481 0.5202 0.0340 
 PENTLAND_SQ 0.1471 0.2404 0.4172 0.1953 
   PEPO_1978 0.6171 0.1708 0.0728 0.1393 
     PICASSO 0.1780 0.0076 0.6164 0.1979 
   PIMPERNEL 0.4897 0.2426 0.1807 0.0871 
     PIONEER 0.6892 0.1988 0.0174 0.0946 
       PIXIE 0.1885 0.0089 0.3348 0.4679 
    PREMIERE 0.2972 0.3631 0.2957 0.0440 
   PRODUCENT 0.4837 0.1756 0.1136 0.2271 
     PROVOST 0.1935 0.2209 0.4766 0.1090 
  R.P.LUSTRE 0.2310 0.3070 0.1666 0.2953 
 RANGER_RUSS 0.0537 0.4035 0.5382 0.0045 
       RATTE 0.2083 0.5302 0.0264 0.2350 
      RECORD 0.3992 0.3576 0.2356 0.0076 
   REMBRANDT 0.4370 0.2416 0.1956 0.1258 
    RIO_ROJO 0.2535 0.1616 0.4192 0.1657 
      ROBIJN 0.4797 0.3593 0.1538 0.0071 
      ROCKET 0.0232 0.2401 0.1847 0.5520 
   RODE_STAR 0.5180 0.4233 0.0112 0.0475 
      ROMANO 0.4438 0.0281 0.4106 0.1175 
       ROMEO 0.2545 0.2017 0.3493 0.1944 
     ROOSTER 0.2159 0.1659 0.4330 0.1852 
       ROYAL 0.4485 0.1514 0.0173 0.3828 
 ROYAL_KIDNE 0.0068 0.5628 0.4255 0.0048 
     RUBESSE 0.4521 0.1388 0.2946 0.1145 
 RUSSET_BURB 0.1645 0.3073 0.4627 0.0655 
 RUSSET_NORK 0.1956 0.2602 0.3814 0.1629 
      SAFARI 0.4403 0.0404 0.4376 0.0817 
     SANTANA 0.3794 0.1892 0.2811 0.1503 
       SANTE 0.4648 0.1445 0.1933 0.1974 
     SAPHIRE 0.4171 0.0712 0.3881 0.1237 
  SARPO_MIRA 0.5718 0.1991 0.1016 0.1275 
 SARPO_SHONA 0.6297 0.1198 0.1286 0.1219 
       SASSY 0.3436 0.3138 0.2288 0.1138 
     SATURNA 0.6069 0.3296 0.0157 0.0478 
        SAVA 0.5718 0.1120 0.1394 0.1769 
       SAXON 0.0848 0.1589 0.1408 0.6154 
 SCARBOROUGH 0.0634 0.0860 0.0257 0.8249 
 SEFTON_WOND 0.0070 0.5333 0.2757 0.1840 
    SERAFINA 0.6152 0.1548 0.1644 0.0656 
     SETANTA 0.2131 0.0601 0.3114 0.4154 
 SHARPE'S_EX 0.1194 0.6754 0.0902 0.1150 
     SHELAGH 0.1350 0.3000 0.3416 0.2234 
    SHELFORD 0.4329 0.2470 0.2667 0.0534 
     SHEPODY 0.0179 0.3550 0.6180 0.0091 
      SLANEY 0.1056 0.0125 0.4655 0.4164 
        SPEY 0.0829 0.0052 0.5130 0.3989 
      SPUNTA 0.3777 0.2296 0.1835 0.2092 
     STAMINA 0.0236 0.0081 0.2920 0.6764 
    STEMSTER 0.3028 0.2241 0.1340 0.3391 
 STORMONT_EN 0.2107 0.2611 0.3384 0.1898 
    STIRLING 0.1354 0.0168 0.5718 0.2760 
     SYLVANA 0.3815 0.1481 0.3230 0.1474 
         TAY 0.1321 0.0110 0.3033 0.5536 
      TIMATE 0.6892 0.1064 0.0272 0.1772 
      TOLUCA 0.5905 0.0845 0.3034 0.0215 
    TORRIDON 0.3006 0.1618 0.4322 0.1055 
 ULSTER_SCEP 0.0311 0.1900 0.4277 0.3513 
 UMATILLA_RU 0.1376 0.4345 0.0891 0.3388 
 VALES_EMERA 0.4096 0.1215 0.1156 0.3533 
 VALES_EVERE 0.0255 0.1282 0.4566 0.3896 
 VALES_RUSSE 0.1846 0.3861 0.3426 0.0868 
 VALES_SOVER 0.0122 0.0046 0.5592 0.4239 
       VALOR 0.0390 0.0047 0.4834 0.4729 
    VAN_GOGH 0.5171 0.2192 0.1557 0.1080 
     VANTAGE 0.2340 0.4349 0.3154 0.0157 
       VERDI 0.5146 0.2423 0.1069 0.1362 
    VICTORIA 0.4867 0.1583 0.2912 0.0638 
     VIVALDI 0.4606 0.1071 0.4250 0.0072 
       WILJA 0.2685 0.3097 0.4094 0.0124 
     WINSTON 0.1562 0.0098 0.2818 0.5522 
      XD2-21 0.0905 0.2647 0.4685 0.1763 
  YUKON_GOLD 0.3746 0.0426 0.2724 0.3104 
       ZORBA 0.2962 0.2433 0.4332 0.0273 
