  00C133-020 0.0276 0.3523 0.0262 0.5939 
 01C_071-002 0.2711 0.2942 0.1988 0.2359 
 02M_012-001 0.1392 0.0254 0.2002 0.6351 
 03M_016-002 0.0170 0.1207 0.4907 0.3716 
 03M_034-002 0.0334 0.1882 0.2094 0.5690 
 04C_055-004 0.3270 0.0447 0.1072 0.5211 
 04C_126-005 0.1294 0.3801 0.1065 0.3840 
 04M_034-013 0.1170 0.0662 0.3250 0.4918 
 05M_002-001 0.4267 0.2028 0.2001 0.1705 
 05M_004-003 0.3833 0.3391 0.0293 0.2483 
 05M_012-004 0.2048 0.4245 0.1200 0.2507 
 06C_127-002 0.2853 0.2148 0.0620 0.4378 
 12288_AF_23 0.1561 0.3064 0.0316 0.5060 
    12601AB1 0.0128 0.0163 0.4796 0.4912 
   12636_A_2 0.0111 0.2116 0.2313 0.5460 
  15119_AC_5 0.0047 0.4993 0.2015 0.2945 
     1512C16 0.1444 0.4279 0.3385 0.0892 
   15144_A_3 0.2155 0.5995 0.0282 0.1568 
     1563C14 0.3276 0.1125 0.5133 0.0466 
     2182EF7 0.1024 0.5798 0.1253 0.1925 
     3681AD1 0.3009 0.4584 0.1161 0.1247 
     5008AB6 0.3972 0.3499 0.1189 0.1340 
    8204_A_4 0.1713 0.4863 0.0416 0.3008 
       AGRIA 0.7122 0.0441 0.1296 0.1141 
       AILSA 0.1544 0.0431 0.1682 0.6343 
      ALMERA 0.5254 0.2669 0.1238 0.0839 
       ALPHA 0.4006 0.2259 0.3104 0.0631 
      ALWARA 0.4778 0.3526 0.0649 0.1047 
      AMADRA 0.4727 0.0697 0.2090 0.2487 
       AMOUR 0.0291 0.4297 0.0438 0.4973 
        ANNA 0.0051 0.7770 0.1074 0.1105 
   ANNABELLE 0.7301 0.1407 0.0871 0.0421 
        ANYA 0.5010 0.1297 0.2405 0.1288 
       ARGOS 0.0684 0.5937 0.0166 0.3213 
     ARIELLE 0.5605 0.2158 0.1720 0.0517 
      ARKULA 0.4681 0.3060 0.1959 0.0300 
      ARMADA 0.4116 0.2629 0.1940 0.1314 
   AVALANCHE 0.1711 0.2669 0.1168 0.4452 
     BAILLIE 0.2003 0.2273 0.0480 0.5243 
    BALMORAL 0.0966 0.6987 0.0960 0.1087 
     BAMBINO 0.1166 0.2855 0.0369 0.5610 
       BARNA 0.2574 0.4726 0.0570 0.2131 
 BELLE_DE_FO 0.0075 0.0897 0.8982 0.0046 
       BENOL 0.1212 0.0342 0.2129 0.6317 
       BF_15 0.1467 0.0873 0.7599 0.0061 
      BINTJE 0.2142 0.2623 0.4286 0.0949 
 BIONICA_EX_ 0.3038 0.3289 0.1814 0.1860 
 BLUE_DANUBE 0.3836 0.3488 0.2306 0.0370 
      BONNIE 0.2913 0.3283 0.0575 0.3229 
      BOUNTY 0.1188 0.3268 0.0348 0.5196 
 BRITISH_QUE 0.0187 0.4120 0.5592 0.0101 
     BRODICK 0.2094 0.1174 0.0221 0.6511 
      BRODIE 0.0111 0.6594 0.1215 0.2081 
      BUCHAN 0.0540 0.5560 0.0937 0.2962 
      BURREN 0.2266 0.4799 0.1055 0.1880 
     CABARET 0.0084 0.1174 0.3261 0.5480 
      CAESAR 0.6308 0.2472 0.0101 0.1119 
        CARA 0.0151 0.6974 0.0267 0.2608 
 CARLINGFORD 0.1945 0.4867 0.1096 0.2091 
  CASABLANCA 0.1296 0.4906 0.0119 0.3679 
      CELINE 0.3691 0.3747 0.1245 0.1317 
  CHALLENGER 0.4438 0.1087 0.2183 0.2292 
   CHARLOTTE 0.6033 0.0171 0.1310 0.2485 
     CHICAGO 0.3440 0.0167 0.1023 0.5370 
   CHIEFTAIN 0.2345 0.3903 0.2286 0.1467 
      CHOPIN 0.5040 0.3033 0.1258 0.0669 
      CLARET 0.0738 0.6518 0.0334 0.2410 
      CORINE 0.1880 0.4066 0.1681 0.2373 
      COSMOS 0.4097 0.2975 0.1762 0.1167 
     COURAGE 0.3938 0.3233 0.1704 0.1125 
     COURLAN 0.3235 0.3264 0.1659 0.1842 
 CRAIGS_ROYA 0.0137 0.5325 0.1274 0.3264 
 CRAIGS_SNOW 0.0579 0.3195 0.4304 0.1922 
     CRAMOND 0.1625 0.2508 0.0332 0.5535 
 CRISPS_FOR_ 0.4997 0.2090 0.1290 0.1623 
    CROMWELL 0.0625 0.0174 0.2630 0.6571 
       D22/1 0.0097 0.2096 0.2523 0.5284 
       D23/3 0.0479 0.1518 0.3978 0.4024 
      D47-11 0.0098 0.0133 0.3125 0.6644 
       D49/1 0.0400 0.0044 0.2124 0.7432 
       DAISY 0.2347 0.0208 0.2556 0.4889 
 DARK_RED_NO 0.2262 0.4203 0.2470 0.1064 
     DARWINA 0.4363 0.2389 0.2230 0.1018 
     DESIREE 0.4581 0.3361 0.1896 0.0162 
       DITTA 0.5619 0.1702 0.2286 0.0393 
 DR._MCINTOS 0.0743 0.5974 0.1818 0.1465 
       DRAGA 0.2916 0.4354 0.0777 0.1953 
 DUKE_OF_YOR 0.1302 0.3420 0.5224 0.0054 
 DUNBAR_STAN 0.0120 0.3563 0.4302 0.2014 
     DUNDROD 0.1301 0.1082 0.2270 0.5347 
     ECLIPSE 0.1722 0.1342 0.5491 0.1445 
        EDEN 0.0127 0.0144 0.2538 0.7190 
 EDZELL_BLUE 0.2168 0.2701 0.4109 0.1021 
   ELISABETH 0.6150 0.1162 0.0326 0.2362 
     EMPEROR 0.3623 0.2459 0.1287 0.2631 
         EOS 0.4025 0.1850 0.0741 0.3384 
     EPICURE 0.1718 0.2836 0.4825 0.0621 
  ERNTESTOLZ 0.3530 0.2529 0.3404 0.0538 
      ESCORT 0.6020 0.1464 0.0277 0.2239 
   ESMERALDA 0.4184 0.1842 0.1956 0.2018 
      ESTIMA 0.4465 0.1895 0.1943 0.1696 
 EVE_BALFOUR 0.0197 0.4593 0.2421 0.2789 
   EXCALIBUR 0.0674 0.3353 0.0052 0.5921 
     EXQUISA 0.6463 0.1329 0.1957 0.0252 
    FESTIVAL 0.6341 0.1355 0.0290 0.2015 
      FIANNA 0.3563 0.4776 0.0730 0.0931 
   FIFTYFOLD 0.1052 0.1405 0.6178 0.1365 
     FONTANE 0.5400 0.1134 0.1267 0.2199 
   FORTYFOLD 0.1183 0.2119 0.6637 0.0060 
 FRONTIER_RU 0.2544 0.2718 0.3082 0.1657 
     G.81071 0.1924 0.4179 0.1431 0.2466 
     G.88661 0.2550 0.3925 0.0527 0.2997 
    G.886611 0.2649 0.3763 0.0187 0.3400 
  G.8867Y%12 0.2719 0.5169 0.0270 0.1841 
     G.88839 0.8946 0.0397 0.0371 0.0286 
     G.88842 0.5662 0.3359 0.0455 0.0523 
   GALACTICA 0.1935 0.5422 0.2358 0.0285 
      GEMSON 0.0440 0.5170 0.2254 0.2136 
  GL.76B/102 0.3430 0.0434 0.4325 0.1812 
   GL.76B/94 0.2236 0.1858 0.5815 0.0091 
  GL.77M/106 0.1551 0.2560 0.1919 0.3970 
   GL.78/166 0.1286 0.1278 0.6938 0.0498 
    GL.78/53 0.1295 0.0113 0.5699 0.2893 
    GL.78/97 0.1860 0.0392 0.6181 0.1567 
    GL.79/42 0.2128 0.0062 0.5704 0.2106 
    GL.79/45 0.1870 0.0421 0.5993 0.1716 
 GL.81_NT_25 0.0148 0.0367 0.4284 0.5201 
   GLADIATOR 0.4487 0.3206 0.0375 0.1932 
      GLAMIS 0.2430 0.1787 0.1002 0.4781 
 GOLDEN_MILL 0.1230 0.1681 0.1054 0.6035 
 GOLDEN_NUGG 0.3893 0.3923 0.0417 0.1766 
 GOLDEN_WOND 0.1566 0.1055 0.6470 0.0909 
     GRANOLA 0.6401 0.0236 0.1183 0.2180 
    H1H3_101 0.0037 0.0049 0.3699 0.6215 
      H1H3_3 0.0488 0.2261 0.2441 0.4810 
 HARBOROUGH_ 0.1244 0.0584 0.0207 0.7966 
   HARLEQUIN 0.5207 0.0422 0.1921 0.2450 
      HERMES 0.4664 0.2512 0.1785 0.1039 
 HIGHLAND_BU 0.0301 0.0695 0.8778 0.0226 
  HOME_GUARD 0.0495 0.3591 0.3230 0.2684 
     HORIZON 0.3989 0.1974 0.3098 0.0939 
   INNOVATOR 0.0953 0.5353 0.3602 0.0092 
 INTERNATION 0.0106 0.0371 0.9448 0.0075 
 ISLE_OF_JUR 0.1299 0.2083 0.1625 0.4994 
    JULIETTE 0.8038 0.0210 0.0613 0.1139 
     KARLENA 0.1806 0.4503 0.2901 0.0790 
 KERR'S_PINK 0.0144 0.2758 0.5700 0.1398 
     KESTREL 0.0412 0.4220 0.0135 0.5233 
       KIFLI 0.6140 0.0102 0.1774 0.1984 
 KING_EDWARD 0.0398 0.0118 0.8239 0.1245 
    KINGSTON 0.1271 0.1115 0.2091 0.5523 
 KUFRI_CHAND 0.1760 0.3825 0.3025 0.1390 
 KUFRI_JYOTI 0.2410 0.4626 0.1691 0.1273 
      KURODA 0.4862 0.3616 0.1061 0.0460 
 LADY_BALFOU 0.0278 0.5126 0.1822 0.2775 
 LADY_CHRIST 0.3775 0.1765 0.3647 0.0813 
 LADY_CLAIRE 0.5907 0.1094 0.2842 0.0157 
     LADY_JO 0.3377 0.2191 0.4210 0.0222 
 LADY_ROSETT 0.3805 0.2432 0.2027 0.1736 
    LIBERTAS 0.3069 0.2828 0.3974 0.0129 
       LINDA 0.6802 0.0204 0.2527 0.0467 
      LINTON 0.3750 0.2689 0.1353 0.2208 
 LINZER_DELI 0.6085 0.0729 0.2369 0.0817 
   LIONHEART 0.4361 0.3418 0.1373 0.0848 
   MADELEINE 0.6467 0.0998 0.1117 0.1419 
   MADINGLEY 0.4830 0.2158 0.0921 0.2091 
    MAJESTIC 0.1253 0.5550 0.2077 0.1119 
     MARABEL 0.7043 0.2001 0.0464 0.0492 
     MARFONA 0.3225 0.3324 0.2717 0.0734 
     MARILYN 0.5695 0.2192 0.1266 0.0847 
 MARIS_ANCHO 0.3769 0.2366 0.2760 0.1105 
  MARIS_BARD 0.0221 0.4472 0.2656 0.2651 
  MARIS_PEER 0.0387 0.4631 0.2585 0.2397 
 MARIS_PIPER 0.0163 0.0062 0.1840 0.7935 
     MARKIES 0.6385 0.1218 0.1878 0.0518 
      MAXINE 0.0986 0.3190 0.1073 0.4751 
      MEGARA 0.6711 0.1069 0.1179 0.1041 
      MELODY 0.4365 0.2245 0.2134 0.1255 
       MIDAS 0.3224 0.0078 0.1628 0.5070 
       MILVA 0.6027 0.1163 0.2304 0.0507 
        MIMI 0.2747 0.2134 0.1313 0.3806 
        MIRA 0.4456 0.2458 0.2923 0.0163 
       MOIRA 0.3858 0.3130 0.1899 0.1114 
    MONTROSE 0.0408 0.0195 0.2760 0.6637 
       MORAG 0.0229 0.4700 0.2444 0.2627 
      MORENE 0.4183 0.3285 0.2467 0.0065 
      MOZART 0.6963 0.1444 0.0055 0.1538 
 MYATT'S_ASH 0.0891 0.0867 0.8183 0.0060 
      NADINE 0.2775 0.1728 0.0189 0.5309 
       NAVAN 0.0411 0.1402 0.0923 0.7263 
 NDTX_4271_5 0.2964 0.2431 0.1205 0.3400 
      NICOLA 0.7226 0.0279 0.2396 0.0098 
     NOVELLA 0.4736 0.3513 0.0754 0.0997 
     OLYMPUS 0.1325 0.2520 0.1742 0.4413 
       OPERA 0.4979 0.2533 0.0569 0.1919 
   ORCHESTRA 0.6180 0.0733 0.1170 0.1917 
      ORIANA 0.4405 0.3970 0.1532 0.0093 
     OTHELLO 0.0238 0.6473 0.0247 0.3042 
     PALADIN 0.0126 0.0270 0.2921 0.6683 
       PANDA 0.7390 0.0364 0.0447 0.1800 
   PARAMOUNT 0.2548 0.5650 0.0739 0.1064 
    PATRONES 0.3625 0.2587 0.3014 0.0775 
 PENTLAND_AC 0.2080 0.3435 0.2291 0.2194 
 PENTLAND_BE 0.0137 0.4162 0.5401 0.0300 
 PENTLAND_CR 0.2084 0.4354 0.1565 0.1996 
 PENTLAND_DE 0.0516 0.4718 0.3090 0.1675 
 PENTLAND_IV 0.1365 0.4594 0.1626 0.2415 
 PENTLAND_JA 0.1546 0.4964 0.2289 0.1201 
 PENTLAND_MA 0.2999 0.5140 0.1534 0.0327 
 PENTLAND_SQ 0.1556 0.4042 0.2445 0.1958 
   PEPO_1978 0.6215 0.0670 0.1684 0.1432 
     PICASSO 0.1863 0.6118 0.0064 0.1955 
   PIMPERNEL 0.4938 0.1761 0.2406 0.0895 
     PIONEER 0.6877 0.0176 0.1989 0.0958 
       PIXIE 0.1915 0.3316 0.0090 0.4679 
    PREMIERE 0.3050 0.2836 0.3686 0.0428 
   PRODUCENT 0.4859 0.1045 0.1777 0.2319 
     PROVOST 0.2008 0.4649 0.2256 0.1088 
  R.P.LUSTRE 0.2320 0.1656 0.3080 0.2944 
 RANGER_RUSS 0.0572 0.5248 0.4137 0.0043 
       RATTE 0.2098 0.0181 0.5339 0.2382 
      RECORD 0.4047 0.2273 0.3604 0.0076 
   REMBRANDT 0.4430 0.1833 0.2445 0.1292 
    RIO_ROJO 0.2552 0.4117 0.1705 0.1625 
      ROBIJN 0.4794 0.1511 0.3628 0.0068 
      ROCKET 0.0236 0.1829 0.2407 0.5528 
   RODE_STAR 0.5119 0.0125 0.4246 0.0511 
      ROMANO 0.4504 0.4064 0.0271 0.1161 
       ROMEO 0.2528 0.3511 0.2031 0.1929 
     ROOSTER 0.2191 0.4271 0.1706 0.1831 
       ROYAL 0.4531 0.0180 0.1436 0.3853 
 ROYAL_KIDNE 0.0070 0.4154 0.5723 0.0053 
     RUBESSE 0.4566 0.2850 0.1422 0.1162 
 RUSSET_BURB 0.1686 0.4530 0.3140 0.0643 
 RUSSET_NORK 0.1978 0.3746 0.2654 0.1622 
      SAFARI 0.4495 0.4233 0.0431 0.0841 
     SANTANA 0.3902 0.2708 0.1885 0.1506 
       SANTE 0.4730 0.1800 0.1462 0.2008 
     SAPHIRE 0.4247 0.3783 0.0701 0.1269 
  SARPO_MIRA 0.5692 0.1007 0.2039 0.1262 
 SARPO_SHONA 0.6309 0.1245 0.1229 0.1216 
       SASSY 0.3454 0.2245 0.3183 0.1118 
     SATURNA 0.6014 0.0166 0.3325 0.0495 
        SAVA 0.5718 0.1339 0.1159 0.1784 
       SAXON 0.0873 0.1398 0.1564 0.6165 
 SCARBOROUGH 0.0719 0.0208 0.0819 0.8254 
 SEFTON_WOND 0.0071 0.2678 0.5389 0.1862 
    SERAFINA 0.6200 0.1618 0.1576 0.0605 
     SETANTA 0.2230 0.3038 0.0562 0.4171 
 SHARPE'S_EX 0.1197 0.0884 0.6768 0.1150 
     SHELAGH 0.1369 0.3354 0.3034 0.2244 
    SHELFORD 0.4305 0.2610 0.2478 0.0607 
     SHEPODY 0.0199 0.6056 0.3638 0.0107 
      SLANEY 0.1098 0.4628 0.0127 0.4147 
        SPEY 0.0847 0.5134 0.0051 0.3968 
      SPUNTA 0.3762 0.1811 0.2300 0.2127 
     STAMINA 0.0270 0.2913 0.0083 0.6734 
    STEMSTER 0.3009 0.1352 0.2246 0.3393 
 STORMONT_EN 0.2151 0.3310 0.2641 0.1899 
    STIRLING 0.1331 0.5713 0.0224 0.2733 
     SYLVANA 0.3843 0.3176 0.1527 0.1453 
         TAY 0.1370 0.2990 0.0140 0.5500 
      TIMATE 0.6882 0.0295 0.1065 0.1758 
      TOLUCA 0.5907 0.2971 0.0888 0.0233 
    TORRIDON 0.3018 0.4251 0.1643 0.1087 
 ULSTER_SCEP 0.0366 0.4223 0.1912 0.3498 
 UMATILLA_RU 0.1427 0.0821 0.4351 0.3400 
 VALES_EMERA 0.4117 0.1108 0.1253 0.3522 
 VALES_EVERE 0.0227 0.4549 0.1329 0.3895 
 VALES_RUSSE 0.1897 0.3301 0.3882 0.0920 
 VALES_SOVER 0.0128 0.5642 0.0046 0.4184 
       VALOR 0.0440 0.4781 0.0048 0.4731 
    VAN_GOGH 0.5212 0.1464 0.2210 0.1114 
     VANTAGE 0.2352 0.3046 0.4433 0.0168 
       VERDI 0.5223 0.0967 0.2406 0.1404 
    VICTORIA 0.4948 0.2723 0.1602 0.0727 
     VIVALDI 0.4656 0.4153 0.1110 0.0081 
       WILJA 0.2746 0.3992 0.3152 0.0110 
     WINSTON 0.1601 0.2828 0.0095 0.5475 
      XD2-21 0.1034 0.4559 0.2687 0.1719 
  YUKON_GOLD 0.3757 0.2636 0.0500 0.3106 
       ZORBA 0.3033 0.4196 0.2509 0.0262 
