  00C133-020 0.1366 0.3550 0.0146 0.2437 0.0046 0.0075 0.0256 0.0316 0.0052 0.1756 
 01C_071-002 0.0722 0.1534 0.0713 0.2305 0.0589 0.1089 0.0251 0.0891 0.1886 0.0020 
 02M_012-001 0.2477 0.4256 0.0690 0.0279 0.0036 0.0498 0.0103 0.0079 0.1500 0.0083 
 03M_016-002 0.0297 0.3494 0.2744 0.0118 0.1990 0.0202 0.0053 0.0033 0.1035 0.0035 
 03M_034-002 0.2625 0.3023 0.1432 0.0691 0.0035 0.0014 0.0026 0.2038 0.0018 0.0097 
 04C_055-004 0.0257 0.4175 0.0491 0.0113 0.0281 0.1937 0.0090 0.0924 0.0139 0.1593 
 04C_126-005 0.1679 0.1779 0.0758 0.2826 0.0077 0.0087 0.0829 0.1107 0.0127 0.0729 
 04M_034-013 0.1246 0.3792 0.1840 0.0059 0.1167 0.0213 0.0061 0.1088 0.0328 0.0205 
 05M_002-001 0.0258 0.0974 0.0848 0.0544 0.1098 0.2255 0.2999 0.0588 0.0266 0.0170 
 05M_004-003 0.0835 0.0853 0.0031 0.1618 0.0343 0.1336 0.3975 0.0429 0.0093 0.0488 
 05M_012-004 0.1846 0.0442 0.0136 0.0909 0.1308 0.0049 0.2361 0.0776 0.0824 0.1349 
 06C_127-002 0.3572 0.0943 0.0143 0.0813 0.0999 0.1815 0.0078 0.0208 0.0124 0.1305 
 12288_AF_23 0.0941 0.2911 0.0036 0.0247 0.0138 0.0178 0.0645 0.0099 0.0902 0.3903 
    12601AB1 0.4356 0.1393 0.3417 0.0047 0.0019 0.0022 0.0052 0.0030 0.0645 0.0019 
   12636_A_2 0.3044 0.2899 0.1398 0.0716 0.0234 0.0023 0.0255 0.0051 0.0598 0.0782 
  15119_AC_5 0.0024 0.2582 0.1342 0.4686 0.0126 0.0012 0.0052 0.0272 0.0819 0.0084 
     1512C16 0.0612 0.0047 0.1969 0.0710 0.2020 0.0219 0.1168 0.0129 0.1155 0.1970 
   15144_A_3 0.0042 0.0060 0.0351 0.5785 0.0030 0.1808 0.0067 0.0050 0.0393 0.1414 
     1563C14 0.0036 0.0087 0.3563 0.0090 0.0231 0.1534 0.1051 0.0141 0.2057 0.1210 
     2182EF7 0.1805 0.0067 0.0469 0.2968 0.2270 0.0222 0.1110 0.0734 0.0034 0.0321 
     3681AD1 0.1254 0.0142 0.0076 0.2291 0.0636 0.0413 0.2579 0.0587 0.1968 0.0054 
     5008AB6 0.2174 0.0039 0.0496 0.2037 0.0139 0.1081 0.0491 0.1931 0.1415 0.0197 
    8204_A_4 0.2514 0.0097 0.0239 0.2624 0.1071 0.0482 0.0800 0.0624 0.0048 0.1501 
       AGRIA 0.0110 0.0058 0.0111 0.0029 0.0280 0.3991 0.5301 0.0041 0.0031 0.0048 
       AILSA 0.2073 0.4070 0.0850 0.0096 0.0561 0.1425 0.0032 0.0048 0.0127 0.0718 
      ALMERA 0.0028 0.0839 0.0114 0.0404 0.1898 0.2593 0.1712 0.2152 0.0187 0.0074 
       ALPHA 0.0410 0.0271 0.1495 0.0053 0.0574 0.0222 0.0331 0.2659 0.2803 0.1181 
      ALWARA 0.0164 0.0232 0.0050 0.1813 0.0161 0.1414 0.0055 0.2338 0.2290 0.1482 
      AMADRA 0.0803 0.1415 0.1215 0.0084 0.0115 0.1890 0.1123 0.1762 0.0851 0.0741 
       AMOUR 0.1055 0.2949 0.0133 0.4051 0.0180 0.0114 0.0124 0.0071 0.0576 0.0747 
        ANNA 0.0220 0.0054 0.1443 0.7011 0.0342 0.0019 0.0176 0.0632 0.0027 0.0074 
   ANNABELLE 0.0161 0.0127 0.0393 0.0394 0.0650 0.3416 0.0886 0.3874 0.0033 0.0066 
        ANYA 0.0962 0.0045 0.1806 0.0349 0.0427 0.2986 0.0199 0.0836 0.0747 0.1643 
       ARGOS 0.0023 0.2103 0.0051 0.4212 0.0344 0.0328 0.0749 0.0140 0.0208 0.1842 
     ARIELLE 0.0026 0.0280 0.0728 0.0785 0.1021 0.2938 0.0880 0.1978 0.0898 0.0466 
      ARKULA 0.0182 0.0090 0.1032 0.0129 0.0355 0.0425 0.1180 0.3538 0.1422 0.1647 
      ARMADA 0.0050 0.1499 0.1038 0.0209 0.0610 0.0684 0.0146 0.3857 0.0822 0.1085 
   AVALANCHE 0.0179 0.4179 0.0064 0.0621 0.1244 0.0108 0.1449 0.1077 0.0831 0.0248 
     BAILLIE 0.0871 0.4234 0.0033 0.0918 0.0809 0.0407 0.0234 0.0756 0.1224 0.0513 
    BALMORAL 0.0177 0.0181 0.0110 0.3975 0.2077 0.0039 0.1207 0.1146 0.0913 0.0175 
     BAMBINO 0.0832 0.4018 0.0142 0.1921 0.0080 0.0498 0.0464 0.0674 0.0091 0.1279 
       BARNA 0.0157 0.0304 0.0464 0.2905 0.0150 0.0846 0.0035 0.1493 0.0866 0.2780 
 BELLE_DE_FO 0.0021 0.0030 0.7778 0.0464 0.0241 0.0050 0.0057 0.0134 0.1023 0.0202 
       BENOL 0.3253 0.3478 0.1129 0.0109 0.0050 0.0306 0.1589 0.0041 0.0027 0.0018 
       BF_15 0.0029 0.0037 0.6463 0.0551 0.0044 0.0765 0.0438 0.0856 0.0744 0.0074 
      BINTJE 0.0080 0.0555 0.2780 0.0374 0.1018 0.0468 0.1754 0.0788 0.1054 0.1130 
 BIONICA_EX_ 0.2359 0.0120 0.0960 0.1181 0.0449 0.0416 0.2253 0.1837 0.0316 0.0109 
 BLUE_DANUBE 0.0059 0.0192 0.0451 0.0851 0.1166 0.0048 0.2572 0.2373 0.2255 0.0033 
      BONNIE 0.1080 0.1396 0.0393 0.1444 0.0310 0.0858 0.0454 0.2132 0.0049 0.1883 
      BOUNTY 0.0672 0.3328 0.0105 0.1837 0.0059 0.0271 0.1630 0.0077 0.0074 0.1948 
 BRITISH_QUE 0.0013 0.0368 0.3558 0.0432 0.2992 0.0039 0.2056 0.0303 0.0174 0.0064 
     BRODICK 0.5575 0.2057 0.0052 0.0295 0.0249 0.0405 0.0098 0.1025 0.0090 0.0153 
      BRODIE 0.0608 0.0090 0.1007 0.4040 0.1171 0.0045 0.0157 0.0045 0.0405 0.2431 
      BUCHAN 0.0650 0.0474 0.0676 0.3543 0.0829 0.0735 0.0034 0.0042 0.0282 0.2734 
      BURREN 0.0399 0.0266 0.0916 0.4226 0.0182 0.1345 0.0844 0.0176 0.0771 0.0875 
     CABARET 0.0923 0.4360 0.2278 0.0287 0.0112 0.0035 0.0632 0.0078 0.0076 0.1219 
      CAESAR 0.0654 0.0045 0.0014 0.0241 0.0433 0.2423 0.2339 0.1549 0.0807 0.1495 
        CARA 0.0223 0.0505 0.0551 0.6397 0.0063 0.0084 0.0163 0.0182 0.0151 0.1682 
 CARLINGFORD 0.0895 0.0664 0.0248 0.1001 0.2578 0.0870 0.0057 0.1457 0.0048 0.2182 
  CASABLANCA 0.0573 0.2584 0.0021 0.2796 0.1017 0.0050 0.1232 0.1660 0.0020 0.0046 
      CELINE 0.0331 0.0196 0.0543 0.0434 0.0055 0.0073 0.2760 0.2796 0.0255 0.2557 
  CHALLENGER 0.0378 0.1157 0.1004 0.0026 0.0905 0.1920 0.2749 0.0895 0.0036 0.0930 
   CHARLOTTE 0.1906 0.0118 0.1321 0.0106 0.0043 0.4403 0.0043 0.0688 0.0083 0.1290 
     CHICAGO 0.1017 0.4314 0.0240 0.0230 0.0051 0.1744 0.0434 0.1397 0.0526 0.0049 
   CHIEFTAIN 0.0830 0.0041 0.0933 0.0084 0.2264 0.1677 0.1020 0.0022 0.0167 0.2962 
      CHOPIN 0.0501 0.0225 0.0162 0.0280 0.1906 0.1477 0.1296 0.3346 0.0258 0.0549 
      CLARET 0.0098 0.0671 0.0360 0.5360 0.0168 0.0569 0.0033 0.0356 0.0593 0.1792 
      CORINE 0.1539 0.0837 0.0080 0.1318 0.1267 0.0042 0.2984 0.0087 0.1805 0.0041 
      COSMOS 0.0441 0.1218 0.0188 0.0066 0.1758 0.0377 0.0759 0.3405 0.1537 0.0251 
     COURAGE 0.0617 0.0199 0.0509 0.0095 0.0964 0.0270 0.1040 0.2566 0.1678 0.2062 
     COURLAN 0.0869 0.0271 0.0234 0.0852 0.2140 0.2273 0.0610 0.0031 0.1564 0.1155 
 CRAIGS_ROYA 0.0265 0.1374 0.0753 0.2621 0.1256 0.0059 0.0218 0.0028 0.0402 0.3025 
 CRAIGS_SNOW 0.0035 0.1558 0.2579 0.0382 0.2139 0.0395 0.0897 0.0050 0.0665 0.1298 
     CRAMOND 0.3202 0.2821 0.0040 0.0322 0.0476 0.0054 0.0870 0.1584 0.0041 0.0590 
 CRISPS_FOR_ 0.0262 0.0483 0.0471 0.0077 0.0560 0.1861 0.1030 0.1851 0.0922 0.2483 
    CROMWELL 0.0101 0.6088 0.1606 0.0547 0.0029 0.0354 0.0319 0.0057 0.0777 0.0121 
       D22/1 0.0024 0.5346 0.1344 0.0467 0.0626 0.0031 0.0669 0.0093 0.0269 0.1132 
       D23/3 0.0075 0.3564 0.2415 0.0099 0.1056 0.0467 0.0632 0.0034 0.0558 0.1099 
      D47-11 0.0258 0.6804 0.1488 0.0070 0.0111 0.0035 0.0080 0.0138 0.0982 0.0035 
       D49/1 0.0373 0.7107 0.1152 0.0020 0.0046 0.0209 0.0041 0.0877 0.0041 0.0134 
       DAISY 0.1203 0.3729 0.1434 0.0038 0.0075 0.0765 0.0720 0.0632 0.1022 0.0383 
 DARK_RED_NO 0.0309 0.0313 0.0787 0.1371 0.3762 0.1873 0.0064 0.0263 0.0854 0.0405 
     DARWINA 0.0043 0.1003 0.0464 0.0040 0.1250 0.1191 0.1987 0.1650 0.1749 0.0623 
     DESIREE 0.0038 0.0021 0.0827 0.0593 0.0279 0.1475 0.0034 0.1517 0.2464 0.2751 
       DITTA 0.0027 0.0189 0.1128 0.0213 0.1369 0.3364 0.1861 0.1212 0.0515 0.0122 
 DR._MCINTOS 0.0709 0.0365 0.0506 0.0390 0.3905 0.0049 0.0058 0.1809 0.0070 0.2138 
       DRAGA 0.1219 0.0778 0.0030 0.0736 0.2810 0.0485 0.1840 0.0868 0.1126 0.0108 
 DUKE_OF_YOR 0.0025 0.0035 0.3467 0.0080 0.3168 0.0041 0.1121 0.1898 0.0144 0.0020 
 DUNBAR_STAN 0.0032 0.1438 0.2776 0.0511 0.2989 0.0108 0.0410 0.0093 0.0052 0.1591 
     DUNDROD 0.0771 0.4140 0.0992 0.0542 0.0626 0.1213 0.0056 0.0030 0.0985 0.0646 
     ECLIPSE 0.0422 0.0111 0.3965 0.0020 0.2450 0.1099 0.0015 0.0415 0.0128 0.1375 
        EDEN 0.2420 0.5382 0.1561 0.0045 0.0100 0.0030 0.0048 0.0131 0.0138 0.0144 
 EDZELL_BLUE 0.0874 0.0146 0.2549 0.0486 0.0741 0.0337 0.1614 0.0378 0.1811 0.1065 
   ELISABETH 0.0642 0.0762 0.0111 0.0043 0.0256 0.2634 0.0130 0.3086 0.0042 0.2294 
     EMPEROR 0.1064 0.1018 0.0043 0.0046 0.2504 0.2002 0.1418 0.0060 0.0937 0.0908 
         EOS 0.0888 0.1728 0.0197 0.0068 0.1023 0.1911 0.0158 0.1535 0.0142 0.2350 
     EPICURE 0.0453 0.0036 0.3367 0.0038 0.2083 0.0161 0.0060 0.1284 0.0598 0.1921 
  ERNTESTOLZ 0.0170 0.0141 0.2033 0.0877 0.1485 0.1795 0.1866 0.0887 0.0645 0.0101 
      ESCORT 0.1247 0.0517 0.0051 0.0142 0.0073 0.1982 0.1140 0.2394 0.0960 0.1493 
   ESMERALDA 0.0959 0.0667 0.1232 0.0099 0.0064 0.0750 0.0373 0.2667 0.1198 0.1990 
      ESTIMA 0.0426 0.1054 0.0697 0.0036 0.1484 0.1178 0.0403 0.3151 0.0382 0.1189 
 EVE_BALFOUR 0.2289 0.0316 0.1659 0.3336 0.0693 0.0039 0.0048 0.0483 0.0860 0.0275 
   EXCALIBUR 0.1280 0.3058 0.0027 0.3464 0.0023 0.0199 0.0822 0.0096 0.0032 0.0998 
     EXQUISA 0.0063 0.0046 0.1347 0.1161 0.0051 0.3100 0.0094 0.2723 0.1002 0.0413 
    FESTIVAL 0.0463 0.0828 0.0066 0.0089 0.0116 0.2133 0.1917 0.2786 0.0093 0.1508 
      FIANNA 0.0404 0.0297 0.0057 0.1597 0.1926 0.0763 0.1732 0.2329 0.0410 0.0486 
   FIFTYFOLD 0.0399 0.0395 0.4739 0.0216 0.0873 0.0494 0.0210 0.0073 0.1304 0.1298 
     FONTANE 0.0056 0.1140 0.0081 0.0031 0.0617 0.2689 0.4475 0.0035 0.0243 0.0632 
   FORTYFOLD 0.0109 0.0022 0.4504 0.0077 0.1199 0.0035 0.2122 0.0133 0.1773 0.0026 
 FRONTIER_RU 0.0590 0.0522 0.1175 0.0054 0.3735 0.1633 0.0098 0.0076 0.1110 0.1006 
     G.81071 0.1874 0.0649 0.0804 0.1299 0.1434 0.0278 0.0260 0.1901 0.0060 0.1442 
     G.88661 0.0911 0.1558 0.0053 0.0138 0.2595 0.0667 0.0168 0.2078 0.0030 0.1802 
    G.886611 0.1132 0.1111 0.0035 0.0083 0.2068 0.1058 0.0044 0.1607 0.0011 0.2850 
  G.8867Y%12 0.0325 0.0225 0.0045 0.1038 0.2713 0.1313 0.0067 0.2034 0.0016 0.2224 
     G.88839 0.0417 0.0038 0.0137 0.0068 0.0060 0.3883 0.0032 0.5081 0.0186 0.0096 
     G.88842 0.0511 0.0143 0.0080 0.1333 0.1230 0.2068 0.0094 0.4320 0.0152 0.0070 
   GALACTICA 0.0020 0.0100 0.0875 0.3736 0.0934 0.0082 0.1142 0.1345 0.1745 0.0021 
      GEMSON 0.0256 0.0788 0.1387 0.2052 0.1922 0.0453 0.0880 0.0059 0.0173 0.2029 
  GL.76B/102 0.0181 0.1557 0.2357 0.0050 0.1432 0.1919 0.0057 0.0708 0.1707 0.0031 
   GL.76B/94 0.0070 0.0032 0.4163 0.1352 0.0194 0.0168 0.0478 0.1340 0.2189 0.0014 
  GL.77M/106 0.2997 0.0646 0.1470 0.1880 0.0115 0.1097 0.0072 0.0074 0.0564 0.1084 
   GL.78/166 0.0035 0.0811 0.4674 0.0324 0.1123 0.0265 0.0672 0.0289 0.1782 0.0023 
    GL.78/53 0.1454 0.1377 0.4398 0.0162 0.0060 0.1520 0.0056 0.0035 0.0720 0.0218 
    GL.78/97 0.0850 0.0830 0.4662 0.0262 0.0256 0.1109 0.0363 0.0145 0.1458 0.0063 
    GL.79/42 0.0649 0.0798 0.4651 0.0025 0.0020 0.1249 0.0172 0.0198 0.0927 0.1311 
    GL.79/45 0.0664 0.0354 0.5027 0.0557 0.0033 0.0991 0.0041 0.0959 0.0455 0.0919 
 GL.81_NT_25 0.0044 0.5140 0.2728 0.0378 0.0042 0.0068 0.1351 0.0029 0.0196 0.0024 
   GLADIATOR 0.0430 0.0345 0.0025 0.0525 0.1331 0.1773 0.1228 0.0149 0.2061 0.2132 
      GLAMIS 0.0331 0.3894 0.0194 0.0113 0.1016 0.1314 0.0307 0.1036 0.0157 0.1639 
 GOLDEN_MILL 0.4658 0.2127 0.0447 0.1069 0.0068 0.0103 0.0446 0.0759 0.0076 0.0248 
 GOLDEN_NUGG 0.0252 0.0050 0.0068 0.0136 0.0022 0.0060 0.3955 0.1484 0.0048 0.3924 
 GOLDEN_WOND 0.0500 0.0124 0.4927 0.0115 0.0554 0.0254 0.0214 0.0557 0.1638 0.1118 
     GRANOLA 0.2010 0.0170 0.0782 0.0336 0.0130 0.3954 0.0063 0.1462 0.0727 0.0365 
    H1H3_101 0.0049 0.6842 0.2583 0.0057 0.0092 0.0041 0.0042 0.0027 0.0256 0.0013 
      H1H3_3 0.1323 0.3231 0.1279 0.0108 0.0711 0.0052 0.1620 0.0119 0.0115 0.1442 
 HARBOROUGH_ 0.5204 0.3656 0.0025 0.0044 0.0113 0.0055 0.0573 0.0246 0.0021 0.0063 
   HARLEQUIN 0.1296 0.0250 0.1287 0.0280 0.0057 0.3886 0.0481 0.0036 0.0774 0.1654 
      HERMES 0.0040 0.0642 0.0433 0.1888 0.0645 0.2753 0.0981 0.0276 0.2298 0.0043 
 HIGHLAND_BU 0.0700 0.0041 0.7320 0.0044 0.0036 0.0024 0.0790 0.0945 0.0074 0.0025 
  HOME_GUARD 0.0394 0.0892 0.2402 0.0859 0.1474 0.0320 0.1369 0.0098 0.0018 0.2174 
     HORIZON 0.0032 0.0744 0.1777 0.0150 0.0049 0.0506 0.3078 0.1984 0.0728 0.0953 
   INNOVATOR 0.0065 0.0043 0.1187 0.0643 0.3830 0.0021 0.2462 0.0938 0.0781 0.0030 
 INTERNATION 0.0026 0.0037 0.7857 0.0083 0.0144 0.0048 0.1346 0.0031 0.0407 0.0022 
 ISLE_OF_JUR 0.0446 0.3964 0.1136 0.1731 0.0491 0.0807 0.0074 0.1175 0.0042 0.0134 
    JULIETTE 0.0488 0.0046 0.0509 0.0285 0.0039 0.5728 0.2460 0.0238 0.0029 0.0178 
     KARLENA 0.0217 0.0210 0.0792 0.1882 0.2164 0.0089 0.1700 0.0061 0.2862 0.0024 
 KERR'S_PINK 0.0182 0.0477 0.4201 0.0611 0.2241 0.0104 0.0566 0.0051 0.0320 0.1245 
     KESTREL 0.0181 0.2796 0.0047 0.2972 0.0118 0.0404 0.0049 0.0056 0.0130 0.3245 
       KIFLI 0.1883 0.0302 0.0652 0.0053 0.0104 0.3560 0.0046 0.0819 0.2409 0.0173 
 KING_EDWARD 0.0205 0.0402 0.6994 0.0023 0.0517 0.0537 0.0075 0.0191 0.0128 0.0928 
    KINGSTON 0.2214 0.3171 0.1452 0.0798 0.0025 0.0158 0.1527 0.0360 0.0049 0.0246 
 KUFRI_CHAND 0.0060 0.0946 0.1557 0.0455 0.2857 0.1048 0.1724 0.0166 0.0182 0.1004 
 KUFRI_JYOTI 0.1700 0.0040 0.0746 0.2654 0.0646 0.0500 0.1692 0.0739 0.0926 0.0358 
      KURODA 0.0063 0.0319 0.0030 0.0908 0.1498 0.1240 0.2349 0.1731 0.1816 0.0044 
 LADY_BALFOU 0.0654 0.1289 0.1188 0.3330 0.1053 0.0075 0.0402 0.0380 0.0368 0.1260 
 LADY_CHRIST 0.0630 0.0190 0.2061 0.0060 0.0169 0.0150 0.2277 0.1939 0.1732 0.0791 
 LADY_CLAIRE 0.0020 0.0045 0.1136 0.0046 0.0047 0.1096 0.5166 0.1686 0.0746 0.0011 
     LADY_JO 0.0022 0.0140 0.1964 0.0031 0.0328 0.0019 0.3671 0.2045 0.1750 0.0031 
 LADY_ROSETT 0.0416 0.0712 0.0645 0.0046 0.0285 0.0061 0.1317 0.1989 0.1992 0.2537 
    LIBERTAS 0.0035 0.0038 0.1637 0.0171 0.0026 0.0012 0.2785 0.1813 0.3426 0.0057 
       LINDA 0.0094 0.0042 0.2027 0.1004 0.0090 0.5144 0.0207 0.0887 0.0421 0.0084 
      LINTON 0.0055 0.1512 0.0053 0.0913 0.1467 0.2320 0.1247 0.0044 0.1767 0.0622 
 LINZER_DELI 0.1091 0.0032 0.0971 0.0022 0.0185 0.2494 0.0173 0.1136 0.2483 0.1412 
   LIONHEART 0.0414 0.0172 0.0199 0.0535 0.1238 0.0803 0.3276 0.2347 0.0230 0.0786 
   MADELEINE 0.0606 0.0212 0.0643 0.0209 0.0046 0.2658 0.1188 0.2804 0.0440 0.1193 
   MADINGLEY 0.0546 0.0957 0.0026 0.1226 0.1145 0.2610 0.0058 0.0062 0.3241 0.0128 
    MAJESTIC 0.0688 0.0076 0.0777 0.0915 0.3901 0.0333 0.0814 0.1010 0.0026 0.1460 
     MARABEL 0.0210 0.0128 0.0067 0.0315 0.0996 0.2772 0.1228 0.3730 0.0241 0.0315 
     MARFONA 0.0040 0.0862 0.0956 0.0116 0.0937 0.0060 0.2634 0.2327 0.1265 0.0803 
     MARILYN 0.0688 0.0059 0.0689 0.1272 0.0375 0.3083 0.1132 0.1762 0.0595 0.0345 
 MARIS_ANCHO 0.0524 0.0560 0.1550 0.0146 0.1692 0.0997 0.0349 0.2838 0.0677 0.0667 
  MARIS_BARD 0.0117 0.2310 0.1061 0.0704 0.1746 0.0012 0.2055 0.1847 0.0033 0.0115 
  MARIS_PEER 0.0124 0.1347 0.1391 0.1580 0.2289 0.0750 0.0946 0.0031 0.0069 0.1474 
 MARIS_PIPER 0.0339 0.7673 0.0954 0.0058 0.0031 0.0259 0.0480 0.0068 0.0079 0.0060 
     MARKIES 0.0046 0.0061 0.0638 0.0108 0.0060 0.2523 0.3153 0.1209 0.1466 0.0735 
      MAXINE 0.0168 0.3648 0.0108 0.0269 0.1875 0.0428 0.0499 0.0088 0.0145 0.2774 
      MEGARA 0.0161 0.0201 0.0427 0.0229 0.0035 0.2961 0.3659 0.1362 0.0624 0.0343 
      MELODY 0.0534 0.0521 0.0989 0.1249 0.0161 0.1500 0.1464 0.1726 0.1731 0.0126 
       MIDAS 0.0265 0.4624 0.0665 0.0070 0.0027 0.2070 0.0359 0.0695 0.1024 0.0201 
       MILVA 0.0738 0.0070 0.1504 0.0444 0.0351 0.2705 0.1004 0.2582 0.0532 0.0071 
        MIMI 0.0908 0.1794 0.0528 0.0140 0.0028 0.0071 0.2126 0.1482 0.0265 0.2658 
        MIRA 0.0046 0.0167 0.1844 0.0387 0.0173 0.0057 0.2785 0.3876 0.0603 0.0062 
       MOIRA 0.0465 0.0463 0.1028 0.1678 0.1204 0.1812 0.0221 0.2239 0.0753 0.0138 
    MONTROSE 0.4439 0.3031 0.1641 0.0097 0.0026 0.0039 0.0040 0.0033 0.0628 0.0026 
       MORAG 0.2109 0.0226 0.1650 0.1506 0.0864 0.0035 0.1096 0.0315 0.0050 0.2149 
      MORENE 0.0030 0.0029 0.1180 0.0499 0.0659 0.0068 0.2953 0.3013 0.1490 0.0079 
      MOZART 0.1696 0.0044 0.0017 0.0095 0.0140 0.2770 0.1380 0.2544 0.0132 0.1183 
 MYATT'S_ASH 0.0021 0.0029 0.6543 0.0204 0.0329 0.0243 0.1623 0.0185 0.0809 0.0014 
      NADINE 0.1042 0.3218 0.0041 0.0168 0.0077 0.1074 0.0410 0.0382 0.0463 0.3125 
       NAVAN 0.0415 0.6289 0.0358 0.0162 0.0395 0.0150 0.0065 0.0930 0.0025 0.1210 
 NDTX_4271_5 0.1304 0.0871 0.0126 0.0034 0.2024 0.2090 0.0050 0.0037 0.0178 0.3286 
      NICOLA 0.0031 0.0037 0.1470 0.0082 0.0440 0.4566 0.0830 0.1712 0.0799 0.0033 
     NOVELLA 0.0197 0.0215 0.0319 0.1034 0.0483 0.1387 0.1423 0.3125 0.0333 0.1484 
     OLYMPUS 0.3516 0.1203 0.0789 0.0216 0.1122 0.0547 0.0255 0.0047 0.0757 0.1547 
       OPERA 0.0838 0.0246 0.0088 0.0864 0.0356 0.1843 0.3015 0.1066 0.0404 0.1279 
   ORCHESTRA 0.0311 0.0864 0.0702 0.0168 0.0042 0.3057 0.1782 0.1921 0.0142 0.1011 
      ORIANA 0.0035 0.0040 0.0255 0.1480 0.1819 0.1012 0.0882 0.3034 0.1374 0.0068 
     OTHELLO 0.0188 0.0813 0.0083 0.4636 0.0733 0.0464 0.0062 0.0022 0.0503 0.2496 
     PALADIN 0.0932 0.5926 0.1369 0.0042 0.0244 0.0035 0.0755 0.0033 0.0627 0.0037 
       PANDA 0.0593 0.0458 0.0067 0.0546 0.0050 0.4554 0.0386 0.0983 0.1444 0.0918 
   PARAMOUNT 0.0541 0.0038 0.0315 0.2796 0.0159 0.0205 0.0123 0.1847 0.1453 0.2523 
    PATRONES 0.0068 0.0606 0.1489 0.0334 0.1445 0.1388 0.1757 0.1354 0.1152 0.0406 
 PENTLAND_AC 0.0082 0.1104 0.1275 0.0738 0.0856 0.0536 0.1543 0.0805 0.0469 0.2591 
 PENTLAND_BE 0.0032 0.0305 0.3719 0.1525 0.2047 0.0023 0.0113 0.1301 0.0669 0.0267 
 PENTLAND_CR 0.2541 0.0056 0.0716 0.1372 0.1070 0.0077 0.2819 0.1202 0.0045 0.0100 
 PENTLAND_DE 0.2212 0.0035 0.1940 0.1059 0.1984 0.0052 0.0041 0.0713 0.0675 0.1291 
 PENTLAND_IV 0.1264 0.0156 0.0798 0.0916 0.2638 0.1180 0.0063 0.0132 0.0032 0.2822 
 PENTLAND_JA 0.1532 0.0141 0.0432 0.0781 0.3622 0.0107 0.1843 0.0614 0.0764 0.0165 
 PENTLAND_MA 0.0685 0.0053 0.0281 0.2309 0.1347 0.0413 0.1323 0.2018 0.1515 0.0056 
 PENTLAND_SQ 0.2579 0.0049 0.1586 0.1119 0.1485 0.0282 0.1734 0.0543 0.0042 0.0581 
   PEPO_1978 0.0265 0.0973 0.0838 0.0577 0.0600 0.3189 0.0081 0.2698 0.0756 0.0022 
     PICASSO 0.0040 0.1241 0.0022 0.5114 0.0376 0.0521 0.0348 0.1738 0.0319 0.0282 
   PIMPERNEL 0.1148 0.0081 0.1005 0.0374 0.0023 0.0754 0.1617 0.2145 0.2557 0.0296 
     PIONEER 0.0982 0.0041 0.1628 0.0165 0.0274 0.5607 0.1027 0.0184 0.0028 0.0064 
       PIXIE 0.1274 0.1942 0.0040 0.1626 0.0060 0.0407 0.0783 0.0149 0.0408 0.3312 
    PREMIERE 0.0050 0.0700 0.2261 0.0143 0.0651 0.0023 0.2286 0.3719 0.0131 0.0035 
   PRODUCENT 0.0445 0.1400 0.0244 0.0024 0.0141 0.1107 0.2799 0.1235 0.1552 0.1053 
     PROVOST 0.1554 0.0081 0.0813 0.1475 0.2564 0.0412 0.0671 0.0844 0.1278 0.0308 
  R.P.LUSTRE 0.1142 0.1134 0.2193 0.0172 0.1196 0.1425 0.0032 0.1238 0.0066 0.1403 
 RANGER_RUSS 0.0017 0.0025 0.1632 0.0875 0.4581 0.0163 0.0635 0.0072 0.1970 0.0031 
       RATTE 0.2541 0.0083 0.3652 0.0023 0.0111 0.0560 0.0052 0.0030 0.1870 0.1078 
      RECORD 0.0028 0.0062 0.1675 0.0078 0.0026 0.0028 0.2288 0.2711 0.3017 0.0087 
   REMBRANDT 0.0321 0.0302 0.0878 0.0056 0.0678 0.1766 0.5370 0.0047 0.0279 0.0304 
    RIO_ROJO 0.1277 0.0134 0.0174 0.0318 0.2761 0.0974 0.0137 0.0266 0.1899 0.2059 
      ROBIJN 0.0102 0.0035 0.1806 0.0236 0.0192 0.0119 0.0974 0.3190 0.3315 0.0031 
      ROCKET 0.1146 0.4232 0.1121 0.0090 0.0655 0.0027 0.0052 0.0642 0.0621 0.1414 
   RODE_STAR 0.0272 0.0070 0.2565 0.0030 0.0010 0.0930 0.0064 0.1915 0.3341 0.0804 
      ROMANO 0.0972 0.0073 0.0040 0.1302 0.0054 0.0228 0.0116 0.3147 0.2061 0.2008 
       ROMEO 0.1271 0.0041 0.1728 0.1946 0.0140 0.1509 0.0041 0.0134 0.0787 0.2403 
     ROOSTER 0.2684 0.0048 0.0839 0.1699 0.1074 0.0260 0.1274 0.1316 0.0395 0.0411 
       ROYAL 0.0364 0.3166 0.0314 0.0515 0.0053 0.2859 0.0251 0.0455 0.1832 0.0190 
 ROYAL_KIDNE 0.0025 0.0028 0.3884 0.0160 0.3620 0.0018 0.1516 0.0154 0.0072 0.0522 
     RUBESSE 0.0583 0.0041 0.0671 0.0485 0.0821 0.2274 0.2027 0.0907 0.0222 0.1969 
 RUSSET_BURB 0.0427 0.0080 0.1139 0.0095 0.4426 0.0365 0.0245 0.0622 0.1289 0.1311 
 RUSSET_NORK 0.0354 0.0108 0.0505 0.0040 0.4933 0.1804 0.0019 0.0041 0.0660 0.1535 
      SAFARI 0.0759 0.0058 0.0080 0.0748 0.0179 0.0396 0.2576 0.3049 0.0413 0.1741 
     SANTANA 0.0224 0.0993 0.0265 0.0138 0.1461 0.0701 0.2397 0.1059 0.1973 0.0790 
       SANTE 0.0746 0.0266 0.0608 0.0051 0.0022 0.0235 0.3064 0.2242 0.0469 0.2299 
     SAPHIRE 0.0804 0.0142 0.0031 0.0134 0.1871 0.0595 0.3529 0.1203 0.0886 0.0805 
  SARPO_MIRA 0.0131 0.0304 0.0811 0.0103 0.0069 0.2450 0.0083 0.0668 0.3138 0.2243 
 SARPO_SHONA 0.0467 0.0240 0.0139 0.0135 0.0034 0.2212 0.0370 0.1516 0.2960 0.1926 
       SASSY 0.0493 0.0561 0.1475 0.0077 0.0923 0.0822 0.1508 0.1066 0.2084 0.0989 
     SATURNA 0.0095 0.0423 0.1648 0.0051 0.0037 0.1894 0.0776 0.2207 0.2819 0.0051 
        SAVA 0.0065 0.0898 0.0310 0.0044 0.0854 0.3197 0.1361 0.1263 0.0276 0.1732 
       SAXON 0.1734 0.4336 0.1058 0.0781 0.0076 0.0182 0.0220 0.1158 0.0019 0.0436 
 SCARBOROUGH 0.4386 0.4535 0.0247 0.0035 0.0079 0.0066 0.0025 0.0494 0.0022 0.0111 
 SEFTON_WOND 0.0532 0.0681 0.4165 0.0360 0.1899 0.0029 0.0906 0.0080 0.0049 0.1299 
    SERAFINA 0.1196 0.0031 0.0742 0.0297 0.0125 0.2678 0.0059 0.2146 0.1540 0.1187 
     SETANTA 0.4891 0.0243 0.0132 0.1247 0.0586 0.0110 0.0306 0.1296 0.0637 0.0552 
 SHARPE'S_EX 0.0037 0.0780 0.5439 0.0104 0.0297 0.0832 0.0623 0.0054 0.0921 0.0913 
     SHELAGH 0.0954 0.0985 0.2059 0.2178 0.0085 0.0416 0.1296 0.0148 0.1225 0.0655 
    SHELFORD 0.0037 0.0273 0.0857 0.1808 0.0875 0.2313 0.0294 0.0074 0.3315 0.0153 
     SHEPODY 0.0035 0.0058 0.1275 0.1405 0.3505 0.0016 0.1939 0.0340 0.1393 0.0032 
      SLANEY 0.0558 0.1964 0.0080 0.3371 0.0208 0.1196 0.0392 0.0074 0.0028 0.2130 
        SPEY 0.0575 0.1607 0.0024 0.3597 0.0039 0.0242 0.1410 0.0058 0.0050 0.2399 
      SPUNTA 0.1265 0.0268 0.1679 0.1054 0.0298 0.2305 0.0058 0.0391 0.1278 0.1404 
     STAMINA 0.0092 0.5732 0.0020 0.1197 0.0329 0.0058 0.0527 0.0053 0.0318 0.1674 
    STEMSTER 0.0282 0.3071 0.0897 0.0288 0.0175 0.0909 0.0345 0.1471 0.1796 0.0767 
 STORMONT_EN 0.0125 0.1655 0.1202 0.0578 0.0676 0.0053 0.0545 0.2042 0.1766 0.1357 
    STIRLING 0.2318 0.0255 0.0082 0.2886 0.1515 0.0331 0.1173 0.0641 0.0039 0.0759 
     SYLVANA 0.0095 0.1057 0.0506 0.0782 0.1807 0.1488 0.0253 0.2434 0.0539 0.1040 
         TAY 0.4403 0.1568 0.0051 0.2018 0.0225 0.0187 0.0061 0.0772 0.0057 0.0658 
      TIMATE 0.0469 0.0897 0.0203 0.0044 0.0459 0.3016 0.0996 0.2193 0.1234 0.0490 
      TOLUCA 0.0174 0.0050 0.0370 0.2040 0.0890 0.2904 0.0208 0.2858 0.0403 0.0102 
    TORRIDON 0.1003 0.0163 0.0441 0.2523 0.0503 0.0831 0.1859 0.1561 0.1044 0.0073 
 ULSTER_SCEP 0.0198 0.2640 0.0560 0.0217 0.2043 0.0029 0.1135 0.1364 0.0019 0.1796 
 UMATILLA_RU 0.0985 0.2663 0.3276 0.0373 0.0199 0.0237 0.0385 0.1381 0.0377 0.0124 
 VALES_EMERA 0.1647 0.1263 0.1006 0.0304 0.0412 0.3010 0.0056 0.0626 0.0058 0.1617 
 VALES_EVERE 0.2602 0.0493 0.1185 0.2984 0.0177 0.0052 0.0903 0.0093 0.0028 0.1483 
 VALES_RUSSE 0.1152 0.0102 0.1551 0.0077 0.4061 0.0909 0.0250 0.0084 0.1731 0.0082 
 VALES_SOVER 0.0525 0.2673 0.0016 0.5791 0.0068 0.0070 0.0020 0.0560 0.0192 0.0086 
       VALOR 0.0959 0.2056 0.0017 0.3209 0.0024 0.0034 0.1156 0.0058 0.0070 0.2417 
    VAN_GOGH 0.0471 0.0666 0.1154 0.0056 0.0104 0.0996 0.2251 0.2933 0.0810 0.0561 
     VANTAGE 0.0028 0.0271 0.1817 0.0060 0.1429 0.0024 0.1637 0.1109 0.3318 0.0307 
       VERDI 0.0469 0.0962 0.1386 0.0705 0.0262 0.2219 0.0094 0.2371 0.1502 0.0030 
    VICTORIA 0.0101 0.0073 0.0319 0.0172 0.1504 0.2165 0.4522 0.0542 0.0042 0.0560 
     VIVALDI 0.0044 0.0038 0.0188 0.1532 0.2144 0.0776 0.0333 0.4479 0.0438 0.0030 
       WILJA 0.0015 0.0286 0.1193 0.0447 0.0716 0.0017 0.2856 0.2765 0.1673 0.0031 
     WINSTON 0.0593 0.3393 0.0028 0.0547 0.0194 0.0427 0.0100 0.0421 0.0192 0.4103 
      XD2-21 0.0562 0.0433 0.1705 0.1064 0.1571 0.0056 0.0204 0.1187 0.0717 0.2501 
  YUKON_GOLD 0.2252 0.0581 0.0027 0.0062 0.2683 0.1807 0.0744 0.0202 0.0483 0.1158 
       ZORBA 0.0084 0.0071 0.1264 0.1223 0.1797 0.0362 0.3272 0.1718 0.0173 0.0035 
