  00C133-020 0.7483 0.1761 0.0756 
 01C_071-002 0.3259 0.4397 0.2344 
 02M_012-001 0.6215 0.0933 0.2853 
 03M_016-002 0.3933 0.0689 0.5378 
 03M_034-002 0.6381 0.0794 0.2824 
 04C_055-004 0.5183 0.2916 0.1901 
 04C_126-005 0.5337 0.3190 0.1473 
 04M_034-013 0.4841 0.1336 0.3822 
 05M_002-001 0.2192 0.5422 0.2386 
 05M_004-003 0.3754 0.5649 0.0597 
 05M_012-004 0.4093 0.4547 0.1360 
 06C_127-002 0.5155 0.3636 0.1209 
 12288_AF_23 0.6281 0.2990 0.0728 
    12601AB1 0.4534 0.0123 0.5343 
   12636_A_2 0.6517 0.0490 0.2993 
  15119_AC_5 0.5778 0.1496 0.2726 
     1512C16 0.2164 0.4459 0.3378 
   15144_A_3 0.4008 0.5634 0.0357 
     1563C14 0.0535 0.4259 0.5205 
     2182EF7 0.4085 0.4719 0.1195 
     3681AD1 0.2777 0.5991 0.1231 
     5008AB6 0.2570 0.5945 0.1485 
    8204_A_4 0.4863 0.4541 0.0596 
       AGRIA 0.1002 0.7258 0.1741 
       AILSA 0.6330 0.1112 0.2558 
      ALMERA 0.1549 0.6881 0.1569 
       ALPHA 0.1159 0.5527 0.3314 
      ALWARA 0.2167 0.6841 0.0992 
      AMADRA 0.2562 0.4900 0.2538 
       AMOUR 0.6913 0.2288 0.0799 
        ANNA 0.4970 0.3690 0.1340 
   ANNABELLE 0.0653 0.8012 0.1335 
        ANYA 0.1590 0.5766 0.2645 
       ARGOS 0.5752 0.4022 0.0226 
     ARIELLE 0.1016 0.6931 0.2052 
      ARKULA 0.1143 0.6777 0.2080 
      ARMADA 0.2054 0.5673 0.2273 
   AVALANCHE 0.5360 0.2965 0.1675 
     BAILLIE 0.5982 0.2857 0.1161 
    BALMORAL 0.3910 0.5413 0.0677 
     BAMBINO 0.6755 0.2277 0.0969 
       BARNA 0.3921 0.5328 0.0751 
 BELLE_DE_FO 0.0091 0.0879 0.9030 
       BENOL 0.6273 0.0759 0.2968 
       BF_15 0.0082 0.2429 0.7489 
      BINTJE 0.1541 0.4099 0.4361 
 BIONICA_EX_ 0.2919 0.4999 0.2082 
 BLUE_DANUBE 0.1311 0.6275 0.2414 
      BONNIE 0.4430 0.4585 0.0984 
      BOUNTY 0.6513 0.2635 0.0852 
 BRITISH_QUE 0.1206 0.3407 0.5387 
     BRODICK 0.7029 0.2086 0.0885 
      BRODIE 0.4826 0.3722 0.1452 
      BUCHAN 0.5177 0.3758 0.1064 
      BURREN 0.3779 0.5038 0.1183 
     CABARET 0.5873 0.0228 0.3900 
      CAESAR 0.2012 0.7831 0.0157 
        CARA 0.5681 0.3898 0.0420 
 CARLINGFORD 0.3845 0.4949 0.1206 
  CASABLANCA 0.5818 0.3951 0.0231 
      CELINE 0.2608 0.5994 0.1398 
  CHALLENGER 0.2414 0.4980 0.2605 
   CHARLOTTE 0.2415 0.5591 0.1994 
     CHICAGO 0.5193 0.2851 0.1956 
   CHIEFTAIN 0.2777 0.4910 0.2313 
      CHOPIN 0.1563 0.6903 0.1534 
      CLARET 0.5038 0.4582 0.0380 
      CORINE 0.3817 0.4324 0.1859 
      COSMOS 0.1978 0.6043 0.1979 
     COURAGE 0.2057 0.6050 0.1893 
     COURLAN 0.2976 0.5189 0.1835 
 CRAIGS_ROYA 0.5547 0.2965 0.1488 
 CRAIGS_SNOW 0.2868 0.2701 0.4431 
     CRAMOND 0.6521 0.2562 0.0917 
 CRISPS_FOR_ 0.2267 0.6111 0.1622 
    CROMWELL 0.6121 0.0340 0.3539 
       D22/1 0.6178 0.0548 0.3274 
       D23/3 0.4361 0.1279 0.4360 
      D47-11 0.6094 0.0082 0.3824 
       D49/1 0.6632 0.0128 0.3240 
       DAISY 0.4667 0.1963 0.3370 
 DARK_RED_NO 0.2406 0.5070 0.2523 
     DARWINA 0.1616 0.5855 0.2528 
     DESIREE 0.1058 0.6936 0.2006 
       DITTA 0.0645 0.6807 0.2548 
 DR._MCINTOS 0.3536 0.4689 0.1775 
       DRAGA 0.3475 0.5573 0.0951 
 DUKE_OF_YOR 0.0336 0.4521 0.5142 
 DUNBAR_STAN 0.3398 0.2156 0.4446 
     DUNDROD 0.5570 0.1509 0.2921 
     ECLIPSE 0.1626 0.2847 0.5527 
        EDEN 0.6615 0.0074 0.3312 
 EDZELL_BLUE 0.1715 0.4068 0.4216 
   ELISABETH 0.2681 0.6584 0.0735 
     EMPEROR 0.3461 0.4951 0.1589 
         EOS 0.3961 0.4782 0.1257 
     EPICURE 0.1209 0.3972 0.4820 
  ERNTESTOLZ 0.1225 0.5281 0.3494 
      ESCORT 0.2722 0.6594 0.0684 
   ESMERALDA 0.2512 0.5151 0.2336 
      ESTIMA 0.2125 0.5566 0.2309 
 EVE_BALFOUR 0.4626 0.2726 0.2648 
   EXCALIBUR 0.7687 0.2218 0.0096 
     EXQUISA 0.0407 0.7268 0.2325 
    FESTIVAL 0.2403 0.6871 0.0726 
      FIANNA 0.2571 0.6545 0.0884 
   FIFTYFOLD 0.1520 0.2235 0.6246 
     FONTANE 0.2447 0.5879 0.1673 
   FORTYFOLD 0.0135 0.3330 0.6536 
 FRONTIER_RU 0.2465 0.4330 0.3205 
     G.81071 0.4004 0.4380 0.1616 
     G.88661 0.4457 0.4796 0.0747 
    G.886611 0.4907 0.4741 0.0352 
  G.8867Y%12 0.3789 0.5844 0.0368 
     G.88839 0.0240 0.8888 0.0872 
     G.88842 0.1609 0.7663 0.0728 
   GALACTICA 0.2297 0.5478 0.2224 
      GEMSON 0.4031 0.3694 0.2275 
  GL.76B/102 0.1582 0.3704 0.4714 
   GL.76B/94 0.0200 0.3948 0.5852 
  GL.77M/106 0.4894 0.2790 0.2316 
   GL.78/166 0.0513 0.2489 0.6998 
    GL.78/53 0.2708 0.1120 0.6172 
    GL.78/97 0.1401 0.2187 0.6412 
    GL.79/42 0.1885 0.2054 0.6061 
    GL.79/45 0.1567 0.2201 0.6232 
 GL.81_NT_25 0.4918 0.0161 0.4921 
   GLADIATOR 0.3029 0.6338 0.0633 
      GLAMIS 0.5286 0.3038 0.1677 
 GOLDEN_MILL 0.6637 0.1542 0.1821 
 GOLDEN_NUGG 0.3169 0.6274 0.0557 
 GOLDEN_WOND 0.0952 0.2527 0.6521 
     GRANOLA 0.2147 0.6159 0.1694 
    H1H3_101 0.5294 0.0042 0.4664 
      H1H3_3 0.5577 0.1505 0.2917 
 HARBOROUGH_ 0.8207 0.0797 0.0996 
   HARLEQUIN 0.2501 0.5138 0.2361 
      HERMES 0.1703 0.6207 0.2089 
 HIGHLAND_BU 0.0191 0.1051 0.8758 
  HOME_GUARD 0.3923 0.2771 0.3306 
     HORIZON 0.1317 0.5331 0.3352 
   INNOVATOR 0.1525 0.5185 0.3290 
 INTERNATION 0.0095 0.0487 0.9418 
 ISLE_OF_JUR 0.5640 0.2163 0.2197 
    JULIETTE 0.0959 0.7741 0.1300 
     KARLENA 0.2388 0.4805 0.2807 
 KERR'S_PINK 0.2222 0.1977 0.5801 
     KESTREL 0.7171 0.2578 0.0251 
       KIFLI 0.1718 0.5758 0.2524 
 KING_EDWARD 0.0928 0.0767 0.8305 
    KINGSTON 0.5818 0.1474 0.2708 
 KUFRI_CHAND 0.2520 0.4411 0.3069 
 KUFRI_JYOTI 0.2866 0.5389 0.1746 
      KURODA 0.1536 0.7248 0.1216 
 LADY_BALFOU 0.4812 0.3243 0.1945 
 LADY_CHRIST 0.1158 0.5045 0.3797 
 LADY_CLAIRE 0.0127 0.6627 0.3246 
     LADY_JO 0.0414 0.5203 0.4384 
 LADY_ROSETT 0.2337 0.5413 0.2249 
    LIBERTAS 0.0468 0.5429 0.4103 
       LINDA 0.0401 0.6753 0.2846 
      LINTON 0.3091 0.5292 0.1617 
 LINZER_DELI 0.0844 0.6475 0.2681 
   LIONHEART 0.1945 0.6529 0.1526 
   MADELEINE 0.1599 0.6786 0.1616 
   MADINGLEY 0.2689 0.5988 0.1322 
    MAJESTIC 0.3004 0.4935 0.2062 
     MARABEL 0.0918 0.8194 0.0888 
     MARFONA 0.1690 0.5462 0.2848 
     MARILYN 0.1474 0.6999 0.1527 
 MARIS_ANCHO 0.1716 0.5309 0.2975 
  MARIS_BARD 0.4456 0.2734 0.2810 
  MARIS_PEER 0.4093 0.3272 0.2635 
 MARIS_PIPER 0.7185 0.0085 0.2730 
     MARKIES 0.0593 0.7151 0.2256 
      MAXINE 0.5921 0.2587 0.1492 
      MEGARA 0.1189 0.7147 0.1664 
      MELODY 0.1860 0.5720 0.2420 
       MIDAS 0.4758 0.2603 0.2639 
       MILVA 0.0695 0.6694 0.2611 
        MIMI 0.4461 0.3693 0.1846 
        MIRA 0.0505 0.6218 0.3277 
       MOIRA 0.2094 0.5737 0.2169 
    MONTROSE 0.6304 0.0178 0.3518 
       MORAG 0.4413 0.2901 0.2686 
      MORENE 0.0370 0.6971 0.2660 
      MOZART 0.2143 0.7753 0.0105 
 MYATT'S_ASH 0.0066 0.1961 0.7973 
      NADINE 0.5999 0.3256 0.0745 
       NAVAN 0.7682 0.0562 0.1756 
 NDTX_4271_5 0.4285 0.4257 0.1458 
      NICOLA 0.0086 0.7219 0.2695 
     NOVELLA 0.2143 0.6838 0.1019 
     OLYMPUS 0.5270 0.2600 0.2129 
       OPERA 0.2754 0.6295 0.0951 
   ORCHESTRA 0.1944 0.6350 0.1706 
      ORIANA 0.0775 0.7437 0.1788 
     OTHELLO 0.5824 0.3868 0.0308 
     PALADIN 0.6336 0.0132 0.3531 
       PANDA 0.1740 0.7199 0.1061 
   PARAMOUNT 0.3184 0.6093 0.0723 
    PATRONES 0.1411 0.5389 0.3200 
 PENTLAND_AC 0.3345 0.4171 0.2484 
 PENTLAND_BE 0.1839 0.2944 0.5217 
 PENTLAND_CR 0.3580 0.4676 0.1744 
 PENTLAND_DE 0.3307 0.3515 0.3178 
 PENTLAND_IV 0.4142 0.4159 0.1699 
 PENTLAND_JA 0.2992 0.4828 0.2180 
 PENTLAND_MA 0.2102 0.6406 0.1492 
 PENTLAND_SQ 0.3359 0.4057 0.2583 
   PEPO_1978 0.1401 0.6387 0.2211 
     PICASSO 0.4367 0.5538 0.0096 
   PIMPERNEL 0.1287 0.6005 0.2708 
     PIONEER 0.0769 0.6691 0.2540 
       PIXIE 0.6204 0.3560 0.0236 
    PREMIERE 0.1205 0.5015 0.3780 
   PRODUCENT 0.2445 0.5317 0.2238 
     PROVOST 0.2697 0.5046 0.2256 
  R.P.LUSTRE 0.3345 0.3228 0.3426 
 RANGER_RUSS 0.0873 0.5245 0.3882 
       RATTE 0.2236 0.2194 0.5570 
      RECORD 0.0207 0.6004 0.3788 
   REMBRANDT 0.1673 0.5618 0.2709 
    RIO_ROJO 0.2950 0.5245 0.1804 
      ROBIJN 0.0109 0.6017 0.3873 
      ROCKET 0.6119 0.0898 0.2983 
   RODE_STAR 0.0287 0.5017 0.4695 
      ROMANO 0.2606 0.6882 0.0513 
       ROMEO 0.3244 0.4529 0.2227 
     ROOSTER 0.3459 0.4677 0.1864 
       ROYAL 0.3642 0.4052 0.2306 
 ROYAL_KIDNE 0.1161 0.3148 0.5691 
     RUBESSE 0.2088 0.6283 0.1628 
 RUSSET_BURB 0.2090 0.4809 0.3101 
 RUSSET_NORK 0.2758 0.4523 0.2720 
      SAFARI 0.2315 0.7165 0.0520 
     SANTANA 0.2309 0.5561 0.2130 
       SANTE 0.2497 0.5717 0.1786 
     SAPHIRE 0.2564 0.6550 0.0887 
  SARPO_MIRA 0.1472 0.6180 0.2348 
 SARPO_SHONA 0.1408 0.6920 0.1672 
       SASSY 0.1692 0.4923 0.3385 
     SATURNA 0.0257 0.5932 0.3812 
        SAVA 0.2113 0.6369 0.1517 
       SAXON 0.6554 0.1149 0.2297 
 SCARBOROUGH 0.8017 0.0203 0.1780 
 SEFTON_WOND 0.2961 0.1368 0.5671 
    SERAFINA 0.1090 0.7035 0.1876 
     SETANTA 0.5372 0.3590 0.1038 
 SHARPE'S_EX 0.1192 0.1961 0.6847 
     SHELAGH 0.3330 0.3538 0.3132 
    SHELFORD 0.1286 0.6010 0.2704 
     SHEPODY 0.2140 0.4616 0.3244 
      SLANEY 0.6104 0.3618 0.0277 
        SPEY 0.6163 0.3744 0.0094 
      SPUNTA 0.2730 0.4685 0.2584 
     STAMINA 0.8178 0.1527 0.0295 
    STEMSTER 0.3574 0.3577 0.2849 
 STORMONT_EN 0.2885 0.4263 0.2852 
    STIRLING 0.4971 0.4781 0.0248 
     SYLVANA 0.2470 0.5786 0.1744 
         TAY 0.6899 0.2655 0.0446 
      TIMATE 0.1627 0.6734 0.1639 
      TOLUCA 0.1056 0.7811 0.1132 
    TORRIDON 0.2489 0.5741 0.1770 
 ULSTER_SCEP 0.5137 0.2676 0.2187 
 UMATILLA_RU 0.3351 0.1800 0.4849 
 VALES_EMERA 0.3862 0.4334 0.1804 
 VALES_EVERE 0.5691 0.2701 0.1607 
 VALES_RUSSE 0.1751 0.4291 0.3957 
 VALES_SOVER 0.6987 0.2923 0.0089 
       VALOR 0.6980 0.2932 0.0088 
    VAN_GOGH 0.1370 0.6014 0.2616 
     VANTAGE 0.0665 0.4904 0.4431 
       VERDI 0.1416 0.5643 0.2941 
    VICTORIA 0.1476 0.6717 0.1808 
     VIVALDI 0.0756 0.7883 0.1361 
       WILJA 0.1057 0.5728 0.3215 
     WINSTON 0.6848 0.2830 0.0322 
      XD2-21 0.3309 0.3905 0.2787 
  YUKON_GOLD 0.4065 0.5179 0.0756 
       ZORBA 0.1568 0.6003 0.2429 
