  00C133-020 0.1821 0.7424 0.0755 
 01C_071-002 0.4356 0.3225 0.2418 
 02M_012-001 0.0911 0.6195 0.2894 
 03M_016-002 0.0641 0.3934 0.5424 
 03M_034-002 0.0869 0.6318 0.2813 
 04C_055-004 0.2925 0.5133 0.1942 
 04C_126-005 0.3254 0.5283 0.1463 
 04M_034-013 0.1313 0.4836 0.3851 
 05M_002-001 0.5408 0.2167 0.2425 
 05M_004-003 0.5708 0.3692 0.0601 
 05M_012-004 0.4557 0.4049 0.1393 
 06C_127-002 0.3686 0.5094 0.1219 
 12288_AF_23 0.3018 0.6253 0.0729 
    12601AB1 0.0137 0.4536 0.5327 
   12636_A_2 0.0544 0.6460 0.2996 
  15119_AC_5 0.1479 0.5764 0.2757 
     1512C16 0.4414 0.2154 0.3432 
   15144_A_3 0.5731 0.3927 0.0342 
     1563C14 0.4156 0.0560 0.5284 
     2182EF7 0.4743 0.4020 0.1237 
     3681AD1 0.6011 0.2731 0.1258 
     5008AB6 0.5973 0.2525 0.1502 
    8204_A_4 0.4623 0.4804 0.0573 
       AGRIA 0.7240 0.0948 0.1812 
       AILSA 0.1132 0.6310 0.2558 
      ALMERA 0.6904 0.1505 0.1591 
       ALPHA 0.5505 0.1132 0.3363 
      ALWARA 0.6878 0.2108 0.1013 
      AMADRA 0.4919 0.2529 0.2552 
       AMOUR 0.2277 0.6868 0.0856 
        ANNA 0.3721 0.4889 0.1391 
   ANNABELLE 0.8044 0.0587 0.1369 
        ANYA 0.5732 0.1585 0.2684 
       ARGOS 0.4058 0.5698 0.0243 
     ARIELLE 0.6887 0.1057 0.2056 
      ARKULA 0.6772 0.1115 0.2113 
      ARMADA 0.5692 0.1997 0.2311 
   AVALANCHE 0.3037 0.5261 0.1701 
     BAILLIE 0.2880 0.5947 0.1174 
    BALMORAL 0.5457 0.3840 0.0702 
     BAMBINO 0.2350 0.6685 0.0965 
       BARNA 0.5398 0.3840 0.0762 
 BELLE_DE_FO 0.0792 0.0088 0.9120 
       BENOL 0.0788 0.6223 0.2989 
       BF_15 0.2321 0.0098 0.7582 
      BINTJE 0.4063 0.1515 0.4423 
 BIONICA_EX_ 0.5015 0.2857 0.2127 
 BLUE_DANUBE 0.6277 0.1257 0.2466 
      BONNIE 0.4620 0.4372 0.1008 
      BOUNTY 0.2688 0.6462 0.0850 
 BRITISH_QUE 0.3317 0.1234 0.5449 
     BRODICK 0.2129 0.6955 0.0916 
      BRODIE 0.3785 0.4734 0.1481 
      BUCHAN 0.3828 0.5097 0.1075 
      BURREN 0.5056 0.3734 0.1210 
     CABARET 0.0228 0.5832 0.3940 
      CAESAR 0.7867 0.1962 0.0171 
        CARA 0.3970 0.5606 0.0424 
 CARLINGFORD 0.4957 0.3800 0.1244 
  CASABLANCA 0.4018 0.5749 0.0233 
      CELINE 0.6002 0.2543 0.1455 
  CHALLENGER 0.4968 0.2372 0.2660 
   CHARLOTTE 0.5617 0.2360 0.2023 
     CHICAGO 0.2845 0.5130 0.2026 
   CHIEFTAIN 0.4893 0.2759 0.2348 
      CHOPIN 0.6933 0.1497 0.1570 
      CLARET 0.4639 0.4966 0.0395 
      CORINE 0.4331 0.3806 0.1863 
      COSMOS 0.6059 0.1927 0.2014 
     COURAGE 0.6045 0.2010 0.1944 
     COURLAN 0.5187 0.2915 0.1898 
 CRAIGS_ROYA 0.3039 0.5498 0.1462 
 CRAIGS_SNOW 0.2684 0.2850 0.4467 
     CRAMOND 0.2622 0.6451 0.0927 
 CRISPS_FOR_ 0.6131 0.2236 0.1633 
    CROMWELL 0.0295 0.6115 0.3590 
       D22/1 0.0512 0.6186 0.3302 
       D23/3 0.1269 0.4340 0.4391 
      D47-11 0.0082 0.6088 0.3830 
       D49/1 0.0116 0.6608 0.3276 
       DAISY 0.1972 0.4639 0.3389 
 DARK_RED_NO 0.5047 0.2384 0.2569 
     DARWINA 0.5846 0.1586 0.2568 
     DESIREE 0.6946 0.1022 0.2032 
       DITTA 0.6778 0.0613 0.2608 
 DR._MCINTOS 0.4731 0.3439 0.1830 
       DRAGA 0.5611 0.3393 0.0996 
 DUKE_OF_YOR 0.4496 0.0286 0.5218 
 DUNBAR_STAN 0.2117 0.3386 0.4497 
     DUNDROD 0.1514 0.5559 0.2928 
     ECLIPSE 0.2779 0.1624 0.5597 
        EDEN 0.0080 0.6605 0.3315 
 EDZELL_BLUE 0.4037 0.1694 0.4269 
   ELISABETH 0.6623 0.2613 0.0764 
     EMPEROR 0.4992 0.3403 0.1605 
         EOS 0.4838 0.3908 0.1254 
     EPICURE 0.3936 0.1168 0.4896 
  ERNTESTOLZ 0.5236 0.1213 0.3551 
      ESCORT 0.6605 0.2625 0.0770 
   ESMERALDA 0.5152 0.2460 0.2387 
      ESTIMA 0.5562 0.2091 0.2346 
 EVE_BALFOUR 0.2696 0.4615 0.2689 
   EXCALIBUR 0.2281 0.7620 0.0098 
     EXQUISA 0.7269 0.0402 0.2329 
    FESTIVAL 0.6893 0.2348 0.0759 
      FIANNA 0.6564 0.2512 0.0924 
   FIFTYFOLD 0.2149 0.1533 0.6319 
     FONTANE 0.5875 0.2382 0.1743 
   FORTYFOLD 0.3227 0.0134 0.6638 
 FRONTIER_RU 0.4297 0.2423 0.3280 
     G.81071 0.4409 0.3958 0.1634 
     G.88661 0.4860 0.4378 0.0762 
    G.886611 0.4785 0.4825 0.0390 
  G.8867Y%12 0.5940 0.3716 0.0343 
     G.88839 0.8867 0.0216 0.0917 
     G.88842 0.7675 0.1553 0.0772 
   GALACTICA 0.5474 0.2267 0.2259 
      GEMSON 0.3687 0.3995 0.2318 
  GL.76B/102 0.3672 0.1557 0.4771 
   GL.76B/94 0.3871 0.0191 0.5938 
  GL.77M/106 0.2846 0.4844 0.2310 
   GL.78/166 0.2386 0.0534 0.7081 
    GL.78/53 0.1099 0.2681 0.6221 
    GL.78/97 0.2133 0.1380 0.6486 
    GL.79/42 0.1958 0.1914 0.6128 
    GL.79/45 0.2140 0.1575 0.6285 
 GL.81_NT_25 0.0144 0.4906 0.4950 
   GLADIATOR 0.6373 0.2958 0.0670 
      GLAMIS 0.3090 0.5235 0.1675 
 GOLDEN_MILL 0.1604 0.6596 0.1800 
 GOLDEN_NUGG 0.6235 0.3131 0.0634 
 GOLDEN_WOND 0.2455 0.0958 0.6587 
     GRANOLA 0.6191 0.2087 0.1722 
    H1H3_101 0.0039 0.5310 0.4650 
      H1H3_3 0.1475 0.5559 0.2965 
 HARBOROUGH_ 0.0833 0.8148 0.1019 
   HARLEQUIN 0.5116 0.2484 0.2400 
      HERMES 0.6195 0.1662 0.2142 
 HIGHLAND_BU 0.0927 0.0215 0.8858 
  HOME_GUARD 0.2760 0.3882 0.3358 
     HORIZON 0.5302 0.1259 0.3439 
   INNOVATOR 0.5149 0.1504 0.3347 
 INTERNATION 0.0383 0.0095 0.9523 
 ISLE_OF_JUR 0.2212 0.5585 0.2203 
    JULIETTE 0.7746 0.0914 0.1340 
     KARLENA 0.4786 0.2347 0.2866 
 KERR'S_PINK 0.1893 0.2246 0.5861 
     KESTREL 0.2641 0.7104 0.0255 
       KIFLI 0.5735 0.1701 0.2564 
 KING_EDWARD 0.0620 0.0972 0.8408 
    KINGSTON 0.1460 0.5797 0.2743 
 KUFRI_CHAND 0.4395 0.2472 0.3132 
 KUFRI_JYOTI 0.5389 0.2791 0.1821 
      KURODA 0.7262 0.1469 0.1269 
 LADY_BALFOU 0.3224 0.4798 0.1978 
 LADY_CHRIST 0.4990 0.1140 0.3870 
 LADY_CLAIRE 0.6582 0.0128 0.3290 
     LADY_JO 0.5094 0.0462 0.4444 
 LADY_ROSETT 0.5364 0.2345 0.2292 
    LIBERTAS 0.5377 0.0461 0.4162 
       LINDA 0.6718 0.0374 0.2908 
      LINTON 0.5284 0.3060 0.1655 
 LINZER_DELI 0.6445 0.0848 0.2707 
   LIONHEART 0.6524 0.1878 0.1599 
   MADELEINE 0.6800 0.1527 0.1673 
   MADINGLEY 0.5984 0.2640 0.1377 
    MAJESTIC 0.4935 0.2951 0.2114 
     MARABEL 0.8197 0.0898 0.0906 
     MARFONA 0.5445 0.1682 0.2873 
     MARILYN 0.6973 0.1403 0.1624 
 MARIS_ANCHO 0.5321 0.1695 0.2984 
  MARIS_BARD 0.2761 0.4430 0.2809 
  MARIS_PEER 0.3254 0.4066 0.2681 
 MARIS_PIPER 0.0073 0.7186 0.2742 
     MARKIES 0.7140 0.0546 0.2314 
      MAXINE 0.2591 0.5894 0.1516 
      MEGARA 0.7130 0.1134 0.1736 
      MELODY 0.5749 0.1782 0.2469 
       MIDAS 0.2608 0.4731 0.2661 
       MILVA 0.6671 0.0675 0.2654 
        MIMI 0.3724 0.4431 0.1845 
        MIRA 0.6201 0.0467 0.3331 
       MOIRA 0.5754 0.2050 0.2196 
    MONTROSE 0.0168 0.6304 0.3528 
       MORAG 0.2905 0.4380 0.2714 
      MORENE 0.6932 0.0350 0.2718 
      MOZART 0.7797 0.2086 0.0117 
 MYATT'S_ASH 0.1856 0.0070 0.8074 
      NADINE 0.3299 0.5973 0.0728 
       NAVAN 0.0610 0.7623 0.1767 
 NDTX_4271_5 0.4266 0.4228 0.1506 
      NICOLA 0.7185 0.0085 0.2729 
     NOVELLA 0.6876 0.2105 0.1020 
     OLYMPUS 0.2632 0.5230 0.2137 
       OPERA 0.6324 0.2711 0.0965 
   ORCHESTRA 0.6390 0.1883 0.1727 
      ORIANA 0.7422 0.0748 0.1830 
     OTHELLO 0.3936 0.5772 0.0292 
     PALADIN 0.0096 0.6325 0.3579 
       PANDA 0.7219 0.1688 0.1093 
   PARAMOUNT 0.6127 0.3118 0.0755 
    PATRONES 0.5345 0.1388 0.3266 
 PENTLAND_AC 0.4143 0.3323 0.2535 
 PENTLAND_BE 0.2889 0.1837 0.5274 
 PENTLAND_CR 0.4688 0.3522 0.1790 
 PENTLAND_DE 0.3506 0.3287 0.3207 
 PENTLAND_IV 0.4180 0.4078 0.1741 
 PENTLAND_JA 0.4844 0.2937 0.2219 
 PENTLAND_MA 0.6436 0.2064 0.1500 
 PENTLAND_SQ 0.4040 0.3335 0.2625 
   PEPO_1978 0.6386 0.1344 0.2270 
     PICASSO 0.5577 0.4323 0.0100 
   PIMPERNEL 0.6004 0.1237 0.2759 
     PIONEER 0.6674 0.0734 0.2591 
       PIXIE 0.3634 0.6145 0.0221 
    PREMIERE 0.4974 0.1218 0.3808 
   PRODUCENT 0.5274 0.2414 0.2311 
     PROVOST 0.5054 0.2629 0.2317 
  R.P.LUSTRE 0.3199 0.3322 0.3478 
 RANGER_RUSS 0.5180 0.0860 0.3960 
       RATTE 0.2119 0.2221 0.5660 
      RECORD 0.5932 0.0186 0.3882 
   REMBRANDT 0.5595 0.1640 0.2765 
    RIO_ROJO 0.5259 0.2951 0.1790 
      ROBIJN 0.5955 0.0106 0.3939 
      ROCKET 0.0908 0.6085 0.3007 
   RODE_STAR 0.4990 0.0253 0.4758 
      ROMANO 0.6952 0.2525 0.0523 
       ROMEO 0.4543 0.3198 0.2259 
     ROOSTER 0.4725 0.3387 0.1888 
       ROYAL 0.4048 0.3610 0.2342 
 ROYAL_KIDNE 0.3063 0.1186 0.5751 
     RUBESSE 0.6310 0.2060 0.1629 
 RUSSET_BURB 0.4779 0.2053 0.3169 
 RUSSET_NORK 0.4534 0.2734 0.2732 
      SAFARI 0.7165 0.2230 0.0605 
     SANTANA 0.5564 0.2293 0.2143 
       SANTE 0.5702 0.2463 0.1835 
     SAPHIRE 0.6571 0.2505 0.0924 
  SARPO_MIRA 0.6148 0.1465 0.2387 
 SARPO_SHONA 0.6896 0.1379 0.1726 
       SASSY 0.4905 0.1649 0.3446 
     SATURNA 0.5891 0.0254 0.3855 
        SAVA 0.6403 0.2043 0.1554 
       SAXON 0.1155 0.6539 0.2305 
 SCARBOROUGH 0.0201 0.7989 0.1810 
 SEFTON_WOND 0.1285 0.2973 0.5742 
    SERAFINA 0.7047 0.1033 0.1919 
     SETANTA 0.3646 0.5301 0.1053 
 SHARPE'S_EX 0.1872 0.1192 0.6936 
     SHELAGH 0.3523 0.3277 0.3199 
    SHELFORD 0.5994 0.1236 0.2770 
     SHEPODY 0.4567 0.2115 0.3318 
      SLANEY 0.3704 0.6054 0.0241 
        SPEY 0.3826 0.6087 0.0087 
      SPUNTA 0.4700 0.2710 0.2591 
     STAMINA 0.1570 0.8151 0.0279 
    STEMSTER 0.3592 0.3517 0.2891 
 STORMONT_EN 0.4267 0.2827 0.2906 
    STIRLING 0.4846 0.4898 0.0256 
     SYLVANA 0.5799 0.2420 0.1782 
         TAY 0.2718 0.6833 0.0449 
      TIMATE 0.6783 0.1549 0.1668 
      TOLUCA 0.7836 0.0960 0.1204 
    TORRIDON 0.5758 0.2444 0.1799 
 ULSTER_SCEP 0.2692 0.5121 0.2187 
 UMATILLA_RU 0.1760 0.3359 0.4881 
 VALES_EMERA 0.4359 0.3805 0.1836 
 VALES_EVERE 0.2748 0.5618 0.1634 
 VALES_RUSSE 0.4214 0.1773 0.4012 
 VALES_SOVER 0.2999 0.6909 0.0092 
       VALOR 0.3020 0.6895 0.0085 
    VAN_GOGH 0.6007 0.1330 0.2663 
     VANTAGE 0.4796 0.0695 0.4508 
       VERDI 0.5630 0.1363 0.3007 
    VICTORIA 0.6680 0.1457 0.1863 
     VIVALDI 0.7885 0.0725 0.1390 
       WILJA 0.5701 0.1012 0.3287 
     WINSTON 0.2923 0.6776 0.0301 
      XD2-21 0.3952 0.3249 0.2800 
  YUKON_GOLD 0.5203 0.4024 0.0773 
       ZORBA 0.5974 0.1509 0.2517 
