  00C133-020 0.0096 0.2756 0.0300 0.0217 0.4027 0.0134 0.2469 
 01C_071-002 0.0314 0.2587 0.2008 0.1593 0.1836 0.1415 0.0248 
 02M_012-001 0.0034 0.0630 0.0220 0.1761 0.4789 0.0828 0.1738 
 03M_016-002 0.2268 0.0160 0.0051 0.3351 0.3586 0.0479 0.0105 
 03M_034-002 0.0081 0.0725 0.0582 0.1986 0.3599 0.0028 0.2998 
 04C_055-004 0.0509 0.0373 0.0398 0.0658 0.4449 0.2791 0.0821 
 04C_126-005 0.0123 0.2922 0.1215 0.1182 0.2014 0.0162 0.2383 
 04M_034-013 0.1382 0.0062 0.0363 0.2210 0.4043 0.0786 0.1154 
 05M_002-001 0.1589 0.0575 0.3024 0.1039 0.1294 0.1886 0.0593 
 05M_004-003 0.0832 0.1668 0.3585 0.0082 0.1379 0.0721 0.1733 
 05M_012-004 0.1862 0.1271 0.2625 0.0441 0.0942 0.0087 0.2772 
 06C_127-002 0.0858 0.0709 0.0099 0.0358 0.1594 0.2266 0.4117 
 12288_AF_23 0.0990 0.2008 0.0221 0.0071 0.3575 0.1368 0.1767 
    12601AB1 0.0025 0.0045 0.0040 0.4430 0.2031 0.0027 0.3403 
   12636_A_2 0.0481 0.1112 0.0069 0.1919 0.3487 0.0044 0.2889 
  15119_AC_5 0.0219 0.5168 0.0123 0.1886 0.2539 0.0020 0.0045 
     1512C16 0.3099 0.1461 0.0768 0.2246 0.0069 0.0905 0.1451 
   15144_A_3 0.0052 0.6332 0.0065 0.0489 0.0093 0.2460 0.0509 
     1563C14 0.0821 0.0691 0.1564 0.4358 0.0159 0.2298 0.0108 
     2182EF7 0.2629 0.2400 0.1194 0.0534 0.0197 0.0147 0.2900 
     3681AD1 0.0715 0.2526 0.3860 0.0764 0.0372 0.0245 0.1518 
     5008AB6 0.0082 0.2046 0.2700 0.1308 0.0064 0.1176 0.2624 
    8204_A_4 0.1278 0.2393 0.1139 0.0298 0.0453 0.0515 0.3923 
       AGRIA 0.1056 0.0037 0.4206 0.0335 0.0398 0.3196 0.0771 
       AILSA 0.0481 0.0087 0.0035 0.0967 0.4526 0.1724 0.2180 
      ALMERA 0.2230 0.0308 0.3819 0.0172 0.0915 0.2442 0.0114 
       ALPHA 0.1036 0.0554 0.3837 0.2332 0.0393 0.1262 0.0586 
      ALWARA 0.0300 0.3150 0.2531 0.0536 0.0354 0.2913 0.0216 
      AMADRA 0.0255 0.0164 0.2877 0.1660 0.1672 0.2245 0.1127 
       AMOUR 0.0212 0.4055 0.0147 0.0353 0.3359 0.0329 0.1545 
        ANNA 0.0439 0.6407 0.0167 0.1396 0.0099 0.0021 0.1471 
   ANNABELLE 0.0757 0.0104 0.4343 0.0315 0.0094 0.3487 0.0901 
        ANYA 0.0794 0.0727 0.0832 0.2130 0.0095 0.3882 0.1540 
       ARGOS 0.0838 0.5131 0.0663 0.0064 0.2465 0.0647 0.0192 
     ARIELLE 0.1405 0.1033 0.2907 0.0883 0.0305 0.3418 0.0049 
      ARKULA 0.0859 0.0937 0.4535 0.1324 0.0088 0.1265 0.0991 
      ARMADA 0.1154 0.0674 0.3767 0.1209 0.1298 0.1519 0.0379 
   AVALANCHE 0.1625 0.0996 0.2398 0.0126 0.4488 0.0206 0.0161 
     BAILLIE 0.0809 0.1417 0.1267 0.0123 0.4569 0.0988 0.0827 
    BALMORAL 0.2457 0.3999 0.2305 0.0188 0.0288 0.0061 0.0702 
     BAMBINO 0.0218 0.2211 0.0736 0.0197 0.4374 0.0785 0.1479 
       BARNA 0.0505 0.4056 0.0655 0.0593 0.0644 0.2261 0.1286 
 BELLE_DE_FO 0.0863 0.0797 0.0061 0.8150 0.0028 0.0079 0.0023 
       BENOL 0.0053 0.0053 0.0692 0.1855 0.4208 0.0055 0.3083 
       BF_15 0.0360 0.0678 0.1216 0.6908 0.0035 0.0762 0.0040 
      BINTJE 0.1937 0.0960 0.2050 0.3111 0.0758 0.0948 0.0235 
 BIONICA_EX_ 0.0661 0.1032 0.3169 0.1588 0.0283 0.0291 0.2975 
 BLUE_DANUBE 0.1425 0.1529 0.5194 0.1504 0.0210 0.0091 0.0048 
      BONNIE 0.0902 0.1658 0.2019 0.0296 0.1751 0.1259 0.2116 
      BOUNTY 0.0256 0.2490 0.1085 0.0179 0.3853 0.0400 0.1737 
 BRITISH_QUE 0.4415 0.0457 0.1357 0.3416 0.0292 0.0043 0.0020 
     BRODICK 0.0112 0.0079 0.0405 0.0260 0.2948 0.0637 0.5558 
      BRODIE 0.1978 0.4697 0.0060 0.0935 0.0208 0.0213 0.1909 
      BUCHAN 0.1228 0.4051 0.0032 0.0524 0.0761 0.1386 0.2018 
      BURREN 0.0173 0.4437 0.1106 0.1225 0.0390 0.1505 0.1163 
     CABARET 0.0675 0.0635 0.0086 0.2590 0.4647 0.0068 0.1299 
      CAESAR 0.0857 0.0570 0.3865 0.0028 0.0102 0.2710 0.1867 
        CARA 0.0125 0.6654 0.0125 0.0569 0.0782 0.0175 0.1569 
 CARLINGFORD 0.3240 0.1609 0.0479 0.0188 0.0682 0.1539 0.2264 
  CASABLANCA 0.1093 0.2363 0.2496 0.0029 0.2823 0.0033 0.1164 
      CELINE 0.0173 0.1853 0.4612 0.1073 0.0410 0.0125 0.1754 
  CHALLENGER 0.1783 0.0044 0.2806 0.0894 0.1613 0.1922 0.0939 
   CHARLOTTE 0.0052 0.0096 0.0208 0.1527 0.0266 0.5034 0.2818 
     CHICAGO 0.0055 0.0158 0.2012 0.0613 0.4586 0.1706 0.0871 
   CHIEFTAIN 0.3708 0.0553 0.0076 0.0777 0.0117 0.2661 0.2107 
      CHOPIN 0.2307 0.0217 0.4130 0.0248 0.0142 0.1707 0.1249 
      CLARET 0.0378 0.6015 0.0073 0.0386 0.0850 0.1402 0.0897 
      CORINE 0.1479 0.1791 0.3001 0.0863 0.1497 0.0043 0.1326 
      COSMOS 0.2200 0.0188 0.4562 0.0534 0.1257 0.0848 0.0412 
     COURAGE 0.1552 0.1070 0.3375 0.1089 0.0373 0.1344 0.1197 
     COURLAN 0.2577 0.1446 0.0441 0.0581 0.0763 0.3007 0.1184 
 CRAIGS_ROYA 0.2150 0.3573 0.0040 0.0562 0.1753 0.0616 0.1306 
 CRAIGS_SNOW 0.3333 0.0965 0.0213 0.2593 0.1740 0.1060 0.0096 
     CRAMOND 0.0626 0.0375 0.1663 0.0136 0.3417 0.0052 0.3730 
 CRISPS_FOR_ 0.1361 0.0508 0.2777 0.0532 0.0800 0.2806 0.1216 
    CROMWELL 0.0049 0.0839 0.0158 0.2072 0.6257 0.0577 0.0046 
       D22/1 0.1442 0.1296 0.0219 0.1496 0.5446 0.0055 0.0046 
       D23/3 0.1903 0.0315 0.0140 0.2727 0.3835 0.0854 0.0226 
      D47-11 0.0166 0.0151 0.0319 0.2270 0.6957 0.0056 0.0081 
       D49/1 0.0090 0.0029 0.0157 0.1463 0.7433 0.0620 0.0208 
       DAISY 0.0142 0.0074 0.1390 0.2033 0.4147 0.1122 0.1092 
 DARK_RED_NO 0.4149 0.1201 0.0196 0.0801 0.0346 0.2446 0.0861 
     DARWINA 0.1909 0.0199 0.4014 0.1028 0.1168 0.1549 0.0133 
     DESIREE 0.0665 0.2756 0.1491 0.1469 0.0033 0.3469 0.0117 
       DITTA 0.1932 0.0156 0.3015 0.1228 0.0279 0.3291 0.0100 
 DR._MCINTOS 0.5127 0.0837 0.0847 0.0261 0.0432 0.0338 0.2157 
       DRAGA 0.3201 0.0683 0.2913 0.0055 0.1320 0.0569 0.1260 
 DUKE_OF_YOR 0.4062 0.0044 0.2437 0.3348 0.0029 0.0044 0.0037 
 DUNBAR_STAN 0.4581 0.0734 0.0063 0.2202 0.1745 0.0515 0.0161 
     DUNDROD 0.0754 0.0818 0.0082 0.1397 0.4449 0.1723 0.0778 
     ECLIPSE 0.3039 0.0024 0.0034 0.3729 0.0157 0.1953 0.1064 
        EDEN 0.0091 0.0063 0.0064 0.1981 0.5775 0.0047 0.1979 
 EDZELL_BLUE 0.1353 0.1306 0.1795 0.3258 0.0317 0.0999 0.0973 
   ELISABETH 0.0566 0.0099 0.2591 0.0107 0.0873 0.3455 0.2309 
     EMPEROR 0.3051 0.0061 0.1178 0.0087 0.1545 0.2381 0.1698 
         EOS 0.1476 0.0213 0.1323 0.0153 0.2058 0.2766 0.2010 
     EPICURE 0.3264 0.0148 0.0352 0.3556 0.0052 0.1373 0.1256 
  ERNTESTOLZ 0.2083 0.0507 0.2592 0.2359 0.0285 0.1701 0.0473 
      ESCORT 0.0098 0.0465 0.3847 0.0164 0.0968 0.2469 0.1989 
   ESMERALDA 0.0202 0.0793 0.3046 0.1673 0.0929 0.1601 0.1758 
      ESTIMA 0.2194 0.0072 0.3147 0.0707 0.1256 0.1909 0.0716 
 EVE_BALFOUR 0.0800 0.3404 0.0208 0.2292 0.0731 0.0138 0.2426 
   EXCALIBUR 0.0033 0.3117 0.0361 0.0036 0.3635 0.0158 0.2660 
     EXQUISA 0.0055 0.1265 0.2774 0.1722 0.0038 0.3821 0.0325 
    FESTIVAL 0.0387 0.0155 0.4228 0.0077 0.0970 0.2494 0.1691 
      FIANNA 0.2298 0.1763 0.3589 0.0093 0.0357 0.0862 0.1038 
   FIFTYFOLD 0.1484 0.0756 0.0103 0.5311 0.0485 0.1418 0.0444 
     FONTANE 0.1573 0.0051 0.3572 0.0176 0.1779 0.2242 0.0608 
   FORTYFOLD 0.1947 0.0166 0.2328 0.5409 0.0035 0.0055 0.0059 
 FRONTIER_RU 0.4440 0.0080 0.0137 0.1156 0.0842 0.2558 0.0787 
     G.81071 0.1973 0.1313 0.1508 0.0792 0.0891 0.0577 0.2946 
     G.88661 0.3211 0.0092 0.1511 0.0036 0.1567 0.0922 0.2660 
    G.886611 0.2742 0.0184 0.0388 0.0040 0.1374 0.1778 0.3494 
  G.8867Y%12 0.3430 0.0940 0.0905 0.0043 0.0244 0.1812 0.2627 
     G.88839 0.0040 0.0061 0.3932 0.0215 0.0041 0.4549 0.1162 
     G.88842 0.1252 0.0852 0.4021 0.0110 0.0076 0.2180 0.1509 
   GALACTICA 0.1063 0.4000 0.3134 0.1551 0.0121 0.0106 0.0025 
      GEMSON 0.2817 0.2595 0.0154 0.1267 0.0935 0.0849 0.1382 
  GL.76B/102 0.1262 0.0077 0.1272 0.3277 0.1607 0.2370 0.0135 
   GL.76B/94 0.0217 0.1429 0.2590 0.5292 0.0037 0.0396 0.0039 
  GL.77M/106 0.0130 0.1965 0.0057 0.1916 0.1224 0.1464 0.3244 
   GL.78/166 0.1177 0.0544 0.1469 0.5833 0.0657 0.0293 0.0027 
    GL.78/53 0.0055 0.0081 0.0044 0.5295 0.1481 0.1585 0.1459 
    GL.78/97 0.0297 0.0299 0.0827 0.5695 0.1003 0.1375 0.0504 
    GL.79/42 0.0038 0.0060 0.0400 0.5405 0.1165 0.1864 0.1067 
    GL.79/45 0.0043 0.0882 0.0315 0.5757 0.0432 0.1548 0.1022 
 GL.81_NT_25 0.0068 0.0575 0.0412 0.3448 0.5403 0.0051 0.0043 
   GLADIATOR 0.1688 0.1453 0.1989 0.0060 0.0808 0.2804 0.1198 
      GLAMIS 0.1613 0.0402 0.0915 0.0152 0.4147 0.1863 0.0908 
 GOLDEN_MILL 0.0066 0.0482 0.0476 0.1105 0.2800 0.0088 0.4984 
 GOLDEN_NUGG 0.0113 0.1902 0.4534 0.0381 0.0203 0.0150 0.2716 
 GOLDEN_WOND 0.1405 0.0217 0.0788 0.5565 0.0223 0.1179 0.0622 
     GRANOLA 0.0068 0.0116 0.1434 0.1124 0.0348 0.4433 0.2478 
    H1H3_101 0.0092 0.0060 0.0036 0.2947 0.6804 0.0038 0.0023 
      H1H3_3 0.1581 0.0309 0.0823 0.1548 0.3714 0.0092 0.1934 
 HARBOROUGH_ 0.0076 0.0034 0.0219 0.0076 0.4524 0.0046 0.5026 
   HARLEQUIN 0.0158 0.0722 0.0237 0.1736 0.0773 0.4553 0.1821 
      HERMES 0.0585 0.2276 0.2209 0.0996 0.0732 0.3165 0.0036 
 HIGHLAND_BU 0.0191 0.0039 0.1034 0.7935 0.0050 0.0022 0.0729 
  HOME_GUARD 0.2802 0.1119 0.0202 0.2057 0.1298 0.0578 0.1945 
     HORIZON 0.0301 0.0935 0.4512 0.2394 0.0970 0.0658 0.0231 
   INNOVATOR 0.4712 0.0642 0.3051 0.1336 0.0069 0.0031 0.0157 
 INTERNATION 0.0878 0.0092 0.0409 0.8477 0.0061 0.0052 0.0030 
 ISLE_OF_JUR 0.0511 0.1486 0.0789 0.1211 0.4083 0.0873 0.1047 
    JULIETTE 0.0059 0.0082 0.2349 0.0625 0.0086 0.5330 0.1469 
     KARLENA 0.2562 0.2467 0.2357 0.1738 0.0557 0.0283 0.0036 
 KERR'S_PINK 0.3396 0.0647 0.0057 0.4154 0.0673 0.0463 0.0611 
     KESTREL 0.0178 0.3799 0.0040 0.0049 0.3087 0.1364 0.1482 
       KIFLI 0.0093 0.0098 0.0908 0.1943 0.0739 0.4931 0.1288 
 KING_EDWARD 0.1262 0.0029 0.0041 0.7009 0.0342 0.1106 0.0211 
    KINGSTON 0.0039 0.0460 0.1215 0.1877 0.3663 0.0084 0.2662 
 KUFRI_CHAND 0.3931 0.0722 0.1125 0.1374 0.1137 0.1264 0.0447 
 KUFRI_JYOTI 0.0559 0.2535 0.2380 0.1473 0.0048 0.0383 0.2623 
      KURODA 0.1843 0.1326 0.4592 0.0120 0.0511 0.1493 0.0114 
 LADY_BALFOU 0.1397 0.3481 0.0516 0.1430 0.1487 0.0171 0.1518 
 LADY_CHRIST 0.0667 0.0204 0.4329 0.2917 0.0542 0.0501 0.0839 
 LADY_CLAIRE 0.0379 0.0157 0.6960 0.2185 0.0119 0.0174 0.0026 
     LADY_JO 0.1107 0.0100 0.5680 0.2830 0.0233 0.0021 0.0030 
 LADY_ROSETT 0.1265 0.0649 0.3428 0.1356 0.1072 0.1124 0.1105 
    LIBERTAS 0.0054 0.1498 0.5290 0.3063 0.0046 0.0020 0.0028 
       LINDA 0.0097 0.0450 0.1253 0.2177 0.0058 0.5484 0.0481 
      LINTON 0.1782 0.1590 0.1537 0.0252 0.1883 0.2874 0.0083 
 LINZER_DELI 0.0422 0.0154 0.2143 0.2044 0.0078 0.3781 0.1378 
   LIONHEART 0.1983 0.0703 0.4744 0.0288 0.0345 0.0744 0.1193 
   MADELEINE 0.0114 0.0284 0.3654 0.0876 0.0270 0.3103 0.1698 
   MADINGLEY 0.0730 0.2048 0.1494 0.0377 0.1453 0.3714 0.0184 
    MAJESTIC 0.5156 0.0974 0.0826 0.0298 0.0131 0.0770 0.1845 
     MARABEL 0.0898 0.0266 0.4764 0.0108 0.0110 0.2927 0.0928 
     MARFONA 0.1718 0.0608 0.4628 0.1426 0.1150 0.0300 0.0170 
     MARILYN 0.0464 0.1149 0.2853 0.0948 0.0079 0.3166 0.1342 
 MARIS_ANCHO 0.2255 0.0225 0.2720 0.1699 0.0562 0.1670 0.0869 
  MARIS_BARD 0.2656 0.0777 0.2560 0.0994 0.2455 0.0015 0.0543 
  MARIS_PEER 0.3330 0.1884 0.0074 0.1193 0.1529 0.1085 0.0906 
 MARIS_PIPER 0.0050 0.0067 0.0155 0.1270 0.8043 0.0269 0.0146 
     MARKIES 0.0326 0.0635 0.4356 0.1301 0.0179 0.2929 0.0275 
      MAXINE 0.2662 0.1163 0.0089 0.0076 0.3906 0.1234 0.0870 
      MEGARA 0.0100 0.0269 0.4764 0.0876 0.0480 0.2642 0.0870 
      MELODY 0.0176 0.1546 0.3663 0.1687 0.0716 0.1636 0.0576 
       MIDAS 0.0046 0.0077 0.1464 0.1167 0.4845 0.2240 0.0162 
       MILVA 0.0284 0.0236 0.3479 0.1968 0.0071 0.2754 0.1208 
        MIMI 0.0056 0.1279 0.2958 0.1191 0.2305 0.0168 0.2042 
        MIRA 0.0802 0.0703 0.5923 0.2286 0.0114 0.0076 0.0096 
       MOIRA 0.1382 0.1375 0.2628 0.1266 0.0367 0.1911 0.1070 
    MONTROSE 0.0023 0.0056 0.0046 0.2488 0.3658 0.0053 0.3677 
       MORAG 0.1775 0.2123 0.0320 0.1902 0.0659 0.0076 0.3145 
      MORENE 0.1240 0.1113 0.5724 0.1722 0.0030 0.0097 0.0074 
      MOZART 0.0250 0.0064 0.3688 0.0032 0.0084 0.3046 0.2835 
 MYATT'S_ASH 0.1100 0.0092 0.1525 0.7132 0.0038 0.0090 0.0024 
      NADINE 0.0520 0.1061 0.0467 0.0080 0.3770 0.2103 0.2000 
       NAVAN 0.0844 0.0598 0.0209 0.0365 0.6525 0.0440 0.1019 
 NDTX_4271_5 0.2606 0.0102 0.0039 0.0100 0.1373 0.3207 0.2573 
      NICOLA 0.0533 0.0076 0.2806 0.1739 0.0042 0.4762 0.0042 
     NOVELLA 0.0962 0.1583 0.3861 0.0317 0.0260 0.1679 0.1338 
     OLYMPUS 0.1375 0.0467 0.0095 0.1217 0.1871 0.1021 0.3954 
       OPERA 0.0944 0.1109 0.3469 0.0132 0.0850 0.2005 0.1492 
   ORCHESTRA 0.0183 0.0247 0.3334 0.0779 0.1147 0.3274 0.1035 
      ORIANA 0.2066 0.1797 0.3963 0.0609 0.0041 0.1463 0.0061 
     OTHELLO 0.1090 0.5208 0.0032 0.0067 0.1101 0.1102 0.1400 
     PALADIN 0.0543 0.0051 0.0313 0.2007 0.6296 0.0048 0.0743 
       PANDA 0.0077 0.0641 0.1948 0.0233 0.0807 0.5354 0.0939 
   PARAMOUNT 0.0275 0.4274 0.1804 0.0718 0.0060 0.1288 0.1581 
    PATRONES 0.2151 0.0492 0.3065 0.1777 0.0779 0.1627 0.0108 
 PENTLAND_AC 0.1899 0.1695 0.1399 0.1376 0.1334 0.1258 0.1039 
 PENTLAND_BE 0.3001 0.1796 0.0835 0.3985 0.0266 0.0044 0.0074 
 PENTLAND_CR 0.1448 0.0911 0.3041 0.1042 0.0150 0.0032 0.3375 
 PENTLAND_DE 0.2583 0.1673 0.0236 0.2351 0.0085 0.0206 0.2867 
 PENTLAND_IV 0.3357 0.1306 0.0049 0.0531 0.0294 0.1678 0.2785 
 PENTLAND_JA 0.4240 0.0542 0.2134 0.0722 0.0247 0.0117 0.1998 
 PENTLAND_MA 0.1273 0.2424 0.3486 0.1025 0.0063 0.0365 0.1363 
 PENTLAND_SQ 0.2140 0.0824 0.1417 0.1886 0.0105 0.0151 0.3477 
   PEPO_1978 0.0354 0.0232 0.3053 0.1343 0.1013 0.3515 0.0490 
     PICASSO 0.0285 0.5029 0.2379 0.0033 0.1410 0.0608 0.0256 
   PIMPERNEL 0.0040 0.1287 0.4164 0.2207 0.0146 0.1243 0.0913 
     PIONEER 0.0150 0.0045 0.1027 0.1728 0.0058 0.5233 0.1760 
       PIXIE 0.0168 0.2422 0.0498 0.0065 0.2557 0.1324 0.2966 
    PREMIERE 0.1503 0.0150 0.5150 0.2413 0.0619 0.0031 0.0133 
   PRODUCENT 0.0490 0.0074 0.4124 0.1042 0.1873 0.1442 0.0955 
     PROVOST 0.2813 0.1490 0.1720 0.1358 0.0084 0.0591 0.1944 
  R.P.LUSTRE 0.1898 0.0240 0.0109 0.2198 0.1402 0.2347 0.1807 
 RANGER_RUSS 0.5423 0.1157 0.0766 0.1819 0.0031 0.0779 0.0025 
       RATTE 0.0310 0.0073 0.0116 0.4994 0.0669 0.1598 0.2239 
      RECORD 0.0087 0.1045 0.5723 0.2946 0.0068 0.0091 0.0040 
   REMBRANDT 0.1686 0.0095 0.4137 0.1254 0.0865 0.1043 0.0920 
    RIO_ROJO 0.3265 0.1457 0.0438 0.0493 0.0367 0.2306 0.1675 
      ROBIJN 0.0161 0.0816 0.5172 0.3121 0.0039 0.0656 0.0034 
      ROCKET 0.1209 0.0558 0.0200 0.1660 0.4582 0.0170 0.1621 
   RODE_STAR 0.0017 0.0428 0.2935 0.4092 0.0116 0.2334 0.0077 
      ROMANO 0.0108 0.2946 0.3324 0.0206 0.0124 0.1749 0.1543 
       ROMEO 0.0545 0.2749 0.0062 0.1992 0.0069 0.2495 0.2088 
     ROOSTER 0.1368 0.1748 0.1882 0.1382 0.0093 0.0297 0.3231 
       ROYAL 0.0056 0.0608 0.1490 0.0982 0.3377 0.3333 0.0153 
 ROYAL_KIDNE 0.5228 0.0232 0.0664 0.3676 0.0038 0.0030 0.0131 
     RUBESSE 0.1643 0.0978 0.2179 0.0746 0.0125 0.2742 0.1587 
 RUSSET_BURB 0.5480 0.0399 0.0802 0.1073 0.0175 0.1327 0.0743 
 RUSSET_NORK 0.5694 0.0055 0.0031 0.0235 0.0206 0.2712 0.1066 
      SAFARI 0.0478 0.1560 0.4965 0.0185 0.0079 0.0502 0.2231 
     SANTANA 0.1966 0.0637 0.3703 0.0811 0.1407 0.1158 0.0317 
       SANTE 0.0093 0.0484 0.4719 0.1216 0.0867 0.0507 0.2114 
     SAPHIRE 0.2556 0.0220 0.4534 0.0047 0.0528 0.0374 0.1740 
  SARPO_MIRA 0.0098 0.1692 0.1523 0.1714 0.0659 0.4243 0.0072 
 SARPO_SHONA 0.0084 0.1647 0.2586 0.1045 0.0428 0.3910 0.0300 
       SASSY 0.1514 0.0746 0.2724 0.2153 0.0808 0.1558 0.0496 
     SATURNA 0.0049 0.0102 0.3946 0.2788 0.0469 0.2611 0.0034 
        SAVA 0.1517 0.0237 0.2386 0.0332 0.1150 0.3727 0.0652 
       SAXON 0.0182 0.0386 0.0789 0.1312 0.4664 0.0124 0.2543 
 SCARBOROUGH 0.0051 0.0027 0.0049 0.0484 0.5193 0.0079 0.4116 
 SEFTON_WOND 0.3180 0.0404 0.0068 0.4051 0.0946 0.0049 0.1303 
    SERAFINA 0.0113 0.0889 0.2172 0.1421 0.0033 0.3755 0.1617 
     SETANTA 0.0509 0.1155 0.1179 0.0737 0.1006 0.0392 0.5021 
 SHARPE'S_EX 0.1191 0.0255 0.0453 0.5835 0.0944 0.1175 0.0147 
     SHELAGH 0.0198 0.2481 0.1469 0.2795 0.1248 0.0483 0.1327 
    SHELFORD 0.0840 0.2437 0.1410 0.1562 0.0346 0.3380 0.0025 
     SHEPODY 0.4223 0.1754 0.2290 0.1563 0.0088 0.0026 0.0055 
      SLANEY 0.0432 0.3740 0.0122 0.0079 0.2327 0.1395 0.1905 
        SPEY 0.0186 0.4230 0.0561 0.0032 0.2172 0.0686 0.2133 
      SPUNTA 0.0402 0.1488 0.0541 0.2096 0.0646 0.3135 0.1692 
     STAMINA 0.0597 0.2291 0.0323 0.0026 0.6164 0.0161 0.0439 
    STEMSTER 0.0281 0.1260 0.1802 0.1647 0.3051 0.1826 0.0133 
 STORMONT_EN 0.1281 0.1656 0.2707 0.1725 0.1789 0.0583 0.0258 
    STIRLING 0.1576 0.2395 0.1549 0.0087 0.0565 0.0138 0.3690 
     SYLVANA 0.2336 0.0932 0.2606 0.0422 0.0956 0.1989 0.0757 
         TAY 0.0177 0.1643 0.0307 0.0193 0.2398 0.0412 0.4870 
      TIMATE 0.0468 0.0073 0.3442 0.0438 0.1172 0.3722 0.0683 
      TOLUCA 0.0844 0.1704 0.3190 0.0406 0.0047 0.3206 0.0602 
    TORRIDON 0.0557 0.2491 0.3441 0.1220 0.0203 0.0528 0.1562 
 ULSTER_SCEP 0.3352 0.0660 0.1164 0.0347 0.2819 0.0081 0.1576 
 UMATILLA_RU 0.0408 0.0424 0.1470 0.3770 0.2824 0.0359 0.0745 
 VALES_EMERA 0.0475 0.0370 0.0159 0.1041 0.1651 0.3621 0.2682 
 VALES_EVERE 0.0576 0.3034 0.0142 0.1422 0.1297 0.0104 0.3425 
 VALES_RUSSE 0.4513 0.0174 0.0419 0.2103 0.0246 0.1637 0.0908 
 VALES_SOVER 0.0061 0.5707 0.0142 0.0034 0.2990 0.0166 0.0900 
       VALOR 0.0062 0.3910 0.0693 0.0031 0.2702 0.0087 0.2516 
    VAN_GOGH 0.0337 0.0118 0.4978 0.1636 0.0799 0.1141 0.0991 
     VANTAGE 0.2251 0.0965 0.3645 0.2809 0.0224 0.0084 0.0023 
       VERDI 0.0230 0.0796 0.2926 0.2095 0.1040 0.2730 0.0183 
    VICTORIA 0.2631 0.0184 0.4070 0.0252 0.0236 0.1629 0.0998 
     VIVALDI 0.2463 0.1257 0.4729 0.0181 0.0043 0.1119 0.0207 
       WILJA 0.1315 0.1235 0.5438 0.1796 0.0173 0.0022 0.0021 
     WINSTON 0.0582 0.1882 0.0084 0.0038 0.3766 0.1669 0.1980 
      XD2-21 0.2695 0.1995 0.0844 0.1701 0.0609 0.0554 0.1602 
  YUKON_GOLD 0.2891 0.0061 0.0641 0.0043 0.1277 0.2402 0.2685 
       ZORBA 0.2407 0.1214 0.4279 0.1471 0.0113 0.0094 0.0421 
