  00C133-020 0.0253 0.0278 0.5913 0.3557 
 01C_071-002 0.1965 0.2759 0.2315 0.2962 
 02M_012-001 0.1981 0.1412 0.6337 0.0270 
 03M_016-002 0.4912 0.0147 0.3704 0.1238 
 03M_034-002 0.2144 0.0290 0.5658 0.1908 
 04C_055-004 0.1096 0.3267 0.5161 0.0476 
 04C_126-005 0.1048 0.1273 0.3806 0.3873 
 04M_034-013 0.3207 0.1267 0.4884 0.0641 
 05M_002-001 0.1960 0.4310 0.1701 0.2029 
 05M_004-003 0.0263 0.3819 0.2471 0.3447 
 05M_012-004 0.1185 0.2073 0.2478 0.4264 
 06C_127-002 0.0624 0.2855 0.4382 0.2139 
 12288_AF_23 0.0278 0.1548 0.5043 0.3132 
    12601AB1 0.4785 0.0131 0.4913 0.0170 
   12636_A_2 0.2285 0.0103 0.5459 0.2153 
  15119_AC_5 0.2004 0.0047 0.2901 0.5049 
     1512C16 0.3344 0.1493 0.0815 0.4347 
   15144_A_3 0.0249 0.2158 0.1540 0.6053 
     1563C14 0.5118 0.3353 0.0390 0.1139 
     2182EF7 0.1223 0.1048 0.1886 0.5844 
     3681AD1 0.1142 0.3054 0.1125 0.4679 
     5008AB6 0.1176 0.3930 0.1377 0.3517 
    8204_A_4 0.0395 0.1734 0.3003 0.4868 
       AGRIA 0.1294 0.7187 0.1084 0.0435 
       AILSA 0.1669 0.1564 0.6339 0.0428 
      ALMERA 0.1166 0.5342 0.0801 0.2690 
       ALPHA 0.3100 0.4051 0.0588 0.2261 
      ALWARA 0.0642 0.4785 0.1014 0.3559 
      AMADRA 0.2072 0.4735 0.2455 0.0739 
       AMOUR 0.0465 0.0269 0.4930 0.4337 
        ANNA 0.1088 0.0050 0.1030 0.7832 
   ANNABELLE 0.0871 0.7301 0.0418 0.1409 
        ANYA 0.2383 0.5041 0.1275 0.1302 
       ARGOS 0.0139 0.0652 0.3203 0.6006 
     ARIELLE 0.1735 0.5620 0.0486 0.2159 
      ARKULA 0.1932 0.4741 0.0258 0.3069 
      ARMADA 0.1925 0.4162 0.1316 0.2598 
   AVALANCHE 0.1135 0.1672 0.4453 0.2740 
     BAILLIE 0.0458 0.1994 0.5269 0.2279 
    BALMORAL 0.0886 0.1047 0.1044 0.7023 
     BAMBINO 0.0371 0.1123 0.5596 0.2909 
       BARNA 0.0548 0.2550 0.2106 0.4796 
 BELLE_DE_FO 0.9023 0.0065 0.0040 0.0871 
       BENOL 0.2142 0.1194 0.6286 0.0377 
       BF_15 0.7605 0.1543 0.0066 0.0786 
      BINTJE 0.4286 0.2200 0.0862 0.2652 
 BIONICA_EX_ 0.1779 0.3050 0.1841 0.3330 
 BLUE_DANUBE 0.2277 0.3806 0.0337 0.3579 
      BONNIE 0.0580 0.2923 0.3211 0.3286 
      BOUNTY 0.0385 0.1126 0.5195 0.3295 
 BRITISH_QUE 0.5550 0.0235 0.0108 0.4107 
     BRODICK 0.0196 0.2078 0.6501 0.1225 
      BRODIE 0.1246 0.0108 0.2013 0.6633 
      BUCHAN 0.0936 0.0571 0.2889 0.5604 
      BURREN 0.1103 0.2199 0.1857 0.4841 
     CABARET 0.3266 0.0094 0.5482 0.1158 
      CAESAR 0.0089 0.6336 0.1078 0.2498 
        CARA 0.0282 0.0129 0.2544 0.7045 
 CARLINGFORD 0.1069 0.1912 0.2109 0.4910 
  CASABLANCA 0.0116 0.1307 0.3656 0.4921 
      CELINE 0.1189 0.3727 0.1329 0.3755 
  CHALLENGER 0.2181 0.4443 0.2233 0.1143 
   CHARLOTTE 0.1243 0.6094 0.2504 0.0159 
     CHICAGO 0.1014 0.3478 0.5339 0.0168 
   CHIEFTAIN 0.2249 0.2408 0.1421 0.3922 
      CHOPIN 0.1248 0.5075 0.0637 0.3040 
      CLARET 0.0317 0.0719 0.2392 0.6572 
      CORINE 0.1705 0.1837 0.2324 0.4133 
      COSMOS 0.1733 0.4163 0.1138 0.2967 
     COURAGE 0.1693 0.4011 0.1091 0.3205 
     COURLAN 0.1673 0.3209 0.1826 0.3292 
 CRAIGS_ROYA 0.1273 0.0126 0.3236 0.5365 
 CRAIGS_SNOW 0.4302 0.0563 0.1904 0.3231 
     CRAMOND 0.0319 0.1590 0.5536 0.2555 
 CRISPS_FOR_ 0.1276 0.5007 0.1603 0.2114 
    CROMWELL 0.2631 0.0626 0.6569 0.0174 
       D22/1 0.2511 0.0097 0.5277 0.2115 
       D23/3 0.3964 0.0480 0.4021 0.1535 
      D47-11 0.3136 0.0098 0.6637 0.0129 
       D49/1 0.2129 0.0392 0.7436 0.0043 
       DAISY 0.2558 0.2353 0.4872 0.0217 
 DARK_RED_NO 0.2463 0.2274 0.1073 0.4190 
     DARWINA 0.2207 0.4404 0.0995 0.2394 
     DESIREE 0.1831 0.4642 0.0156 0.3372 
       DITTA 0.2289 0.5635 0.0329 0.1747 
 DR._MCINTOS 0.1818 0.0720 0.1455 0.6007 
       DRAGA 0.0725 0.2976 0.1928 0.4371 
 DUKE_OF_YOR 0.5192 0.1330 0.0044 0.3434 
 DUNBAR_STAN 0.4297 0.0115 0.1966 0.3622 
     DUNDROD 0.2286 0.1265 0.5319 0.1130 
     ECLIPSE 0.5501 0.1777 0.1411 0.1312 
        EDEN 0.2545 0.0120 0.7185 0.0150 
 EDZELL_BLUE 0.4104 0.2195 0.0997 0.2704 
   ELISABETH 0.0292 0.6176 0.2389 0.1143 
     EMPEROR 0.1247 0.3652 0.2622 0.2479 
         EOS 0.0768 0.4009 0.3358 0.1864 
     EPICURE 0.4816 0.1752 0.0560 0.2872 
  ERNTESTOLZ 0.3373 0.3589 0.0548 0.2489 
      ESCORT 0.0263 0.6050 0.2231 0.1456 
   ESMERALDA 0.1952 0.4208 0.1998 0.1843 
      ESTIMA 0.1966 0.4454 0.1667 0.1913 
 EVE_BALFOUR 0.2407 0.0235 0.2734 0.4624 
   EXCALIBUR 0.0050 0.0612 0.5953 0.3385 
     EXQUISA 0.1919 0.6530 0.0243 0.1309 
    FESTIVAL 0.0277 0.6352 0.2008 0.1363 
      FIANNA 0.0735 0.3553 0.0878 0.4834 
   FIFTYFOLD 0.6175 0.1123 0.1349 0.1354 
     FONTANE 0.1273 0.5405 0.2167 0.1156 
   FORTYFOLD 0.6627 0.1215 0.0054 0.2103 
 FRONTIER_RU 0.3074 0.2542 0.1651 0.2733 
     G.81071 0.1392 0.1952 0.2455 0.4201 
     G.88661 0.0520 0.2535 0.2952 0.3994 
    G.886611 0.0167 0.2630 0.3404 0.3799 
  G.8867Y%12 0.0232 0.2730 0.1809 0.5229 
     G.88839 0.0370 0.8966 0.0267 0.0397 
     G.88842 0.0463 0.5643 0.0519 0.3376 
   GALACTICA 0.2358 0.1907 0.0263 0.5472 
      GEMSON 0.2243 0.0429 0.2151 0.5177 
  GL.76B/102 0.4297 0.3464 0.1766 0.0473 
   GL.76B/94 0.5790 0.2241 0.0085 0.1884 
  GL.77M/106 0.1907 0.1600 0.3925 0.2568 
   GL.78/166 0.6921 0.1337 0.0491 0.1251 
    GL.78/53 0.5701 0.1333 0.2879 0.0087 
    GL.78/97 0.6172 0.1918 0.1594 0.0316 
    GL.79/42 0.5683 0.2184 0.2069 0.0063 
    GL.79/45 0.5974 0.1907 0.1692 0.0427 
 GL.81_NT_25 0.4319 0.0136 0.5187 0.0358 
   GLADIATOR 0.0370 0.4510 0.1932 0.3188 
      GLAMIS 0.0966 0.2439 0.4813 0.1782 
 GOLDEN_MILL 0.1075 0.1223 0.6008 0.1694 
 GOLDEN_NUGG 0.0337 0.3952 0.1736 0.3976 
 GOLDEN_WOND 0.6469 0.1582 0.0864 0.1085 
     GRANOLA 0.1160 0.6432 0.2160 0.0248 
    H1H3_101 0.3714 0.0038 0.6204 0.0044 
      H1H3_3 0.2448 0.0523 0.4809 0.2221 
 HARBOROUGH_ 0.0238 0.1204 0.7932 0.0626 
   HARLEQUIN 0.1864 0.5239 0.2394 0.0503 
      HERMES 0.1798 0.4708 0.0985 0.2509 
 HIGHLAND_BU 0.8801 0.0235 0.0238 0.0727 
  HOME_GUARD 0.3213 0.0483 0.2664 0.3639 
     HORIZON 0.3063 0.4028 0.0911 0.1999 
   INNOVATOR 0.3550 0.0966 0.0104 0.5380 
 INTERNATION 0.9460 0.0114 0.0073 0.0353 
 ISLE_OF_JUR 0.1609 0.1342 0.4992 0.2057 
    JULIETTE 0.0676 0.8059 0.1074 0.0190 
     KARLENA 0.2902 0.1798 0.0741 0.4559 
 KERR'S_PINK 0.5694 0.0154 0.1376 0.2776 
     KESTREL 0.0138 0.0373 0.5209 0.4280 
       KIFLI 0.1731 0.6198 0.1974 0.0097 
 KING_EDWARD 0.8223 0.0445 0.1220 0.0112 
    KINGSTON 0.2076 0.1283 0.5511 0.1131 
 KUFRI_CHAND 0.3004 0.1778 0.1366 0.3852 
 KUFRI_JYOTI 0.1661 0.2397 0.1276 0.4665 
      KURODA 0.0995 0.4909 0.0468 0.3628 
 LADY_BALFOU 0.1823 0.0279 0.2763 0.5136 
 LADY_CHRIST 0.3604 0.3814 0.0808 0.1775 
 LADY_CLAIRE 0.2810 0.5948 0.0145 0.1096 
     LADY_JO 0.4160 0.3404 0.0205 0.2231 
 LADY_ROSETT 0.1962 0.3863 0.1723 0.2452 
    LIBERTAS 0.3945 0.3134 0.0093 0.2828 
       LINDA 0.2504 0.6858 0.0418 0.0220 
      LINTON 0.1305 0.3824 0.2199 0.2672 
 LINZER_DELI 0.2357 0.6120 0.0780 0.0743 
   LIONHEART 0.1376 0.4351 0.0819 0.3454 
   MADELEINE 0.1145 0.6448 0.1428 0.0979 
   MADINGLEY 0.0883 0.4856 0.2069 0.2193 
    MAJESTIC 0.2080 0.1281 0.1090 0.5549 
     MARABEL 0.0448 0.7082 0.0423 0.2047 
     MARFONA 0.2703 0.3265 0.0747 0.3285 
     MARILYN 0.1215 0.5738 0.0846 0.2201 
 MARIS_ANCHO 0.2733 0.3796 0.1105 0.2367 
  MARIS_BARD 0.2634 0.0251 0.2615 0.4500 
  MARIS_PEER 0.2579 0.0437 0.2365 0.4619 
 MARIS_PIPER 0.1864 0.0142 0.7931 0.0064 
     MARKIES 0.1875 0.6435 0.0468 0.1221 
      MAXINE 0.1074 0.0954 0.4752 0.3221 
      MEGARA 0.1215 0.6724 0.0994 0.1067 
      MELODY 0.2124 0.4345 0.1267 0.2263 
       MIDAS 0.1608 0.3269 0.5047 0.0076 
       MILVA 0.2298 0.6080 0.0468 0.1154 
        MIMI 0.1308 0.2798 0.3757 0.2137 
        MIRA 0.2922 0.4453 0.0155 0.2470 
       MOIRA 0.1895 0.3865 0.1082 0.3159 
    MONTROSE 0.2758 0.0396 0.6606 0.0239 
       MORAG 0.2438 0.0217 0.2607 0.4738 
      MORENE 0.2447 0.4181 0.0064 0.3308 
      MOZART 0.0052 0.6976 0.1510 0.1462 
 MYATT'S_ASH 0.8169 0.0974 0.0055 0.0802 
      NADINE 0.0188 0.2767 0.5294 0.1751 
       NAVAN 0.0897 0.0449 0.7260 0.1394 
 NDTX_4271_5 0.1193 0.3008 0.3368 0.2432 
      NICOLA 0.2380 0.7277 0.0078 0.0265 
     NOVELLA 0.0743 0.4737 0.0980 0.3540 
     OLYMPUS 0.1746 0.1344 0.4367 0.2543 
       OPERA 0.0579 0.4997 0.1883 0.2541 
   ORCHESTRA 0.1178 0.6226 0.1903 0.0693 
      ORIANA 0.1502 0.4406 0.0085 0.4007 
     OTHELLO 0.0194 0.0239 0.3018 0.6548 
     PALADIN 0.2896 0.0149 0.6648 0.0307 
       PANDA 0.0425 0.7445 0.1800 0.0330 
   PARAMOUNT 0.0725 0.2532 0.1052 0.5691 
    PATRONES 0.3010 0.3691 0.0691 0.2609 
 PENTLAND_AC 0.2252 0.2103 0.2187 0.3458 
 PENTLAND_BE 0.5382 0.0145 0.0279 0.4194 
 PENTLAND_CR 0.1587 0.2071 0.1927 0.4415 
 PENTLAND_DE 0.3087 0.0535 0.1645 0.4734 
 PENTLAND_IV 0.1590 0.1418 0.2398 0.4595 
 PENTLAND_JA 0.2283 0.1507 0.1217 0.4993 
 PENTLAND_MA 0.1515 0.2997 0.0312 0.5176 
 PENTLAND_SQ 0.2420 0.1567 0.1933 0.4080 
   PEPO_1978 0.1673 0.6241 0.1431 0.0655 
     PICASSO 0.0071 0.1839 0.1942 0.6148 
   PIMPERNEL 0.2433 0.4917 0.0873 0.1776 
     PIONEER 0.1963 0.6907 0.0949 0.0181 
       PIXIE 0.0099 0.1921 0.4628 0.3352 
    PREMIERE 0.3649 0.3076 0.0495 0.2779 
   PRODUCENT 0.1785 0.4874 0.2298 0.1044 
     PROVOST 0.2278 0.1971 0.1049 0.4702 
  R.P.LUSTRE 0.3099 0.2355 0.2937 0.1609 
 RANGER_RUSS 0.4093 0.0610 0.0047 0.5251 
       RATTE 0.5338 0.2077 0.2381 0.0204 
      RECORD 0.3574 0.4106 0.0073 0.2247 
   REMBRANDT 0.2443 0.4460 0.1232 0.1864 
    RIO_ROJO 0.1699 0.2559 0.1604 0.4138 
      ROBIJN 0.3594 0.4810 0.0079 0.1517 
      ROCKET 0.2384 0.0279 0.5506 0.1830 
   RODE_STAR 0.4233 0.5178 0.0468 0.0121 
      ROMANO 0.0265 0.4490 0.1126 0.4120 
       ROMEO 0.2051 0.2537 0.1924 0.3488 
     ROOSTER 0.1680 0.2214 0.1822 0.4284 
       ROYAL 0.1431 0.4539 0.3833 0.0196 
 ROYAL_KIDNE 0.5721 0.0075 0.0052 0.4152 
     RUBESSE 0.1411 0.4611 0.1135 0.2843 
 RUSSET_BURB 0.3112 0.1740 0.0604 0.4543 
 RUSSET_NORK 0.2660 0.1962 0.1634 0.3744 
      SAFARI 0.0413 0.4464 0.0804 0.4319 
     SANTANA 0.1903 0.3899 0.1460 0.2738 
       SANTE 0.1419 0.4712 0.1969 0.1901 
     SAPHIRE 0.0725 0.4199 0.1249 0.3827 
  SARPO_MIRA 0.2007 0.5757 0.1249 0.0988 
 SARPO_SHONA 0.1161 0.6357 0.1211 0.1270 
       SASSY 0.3166 0.3468 0.1131 0.2235 
     SATURNA 0.3287 0.6077 0.0501 0.0135 
        SAVA 0.1142 0.5764 0.1779 0.1316 
       SAXON 0.1553 0.0929 0.6135 0.1383 
 SCARBOROUGH 0.0808 0.0722 0.8228 0.0241 
 SEFTON_WOND 0.5407 0.0078 0.1834 0.2681 
    SERAFINA 0.1521 0.6218 0.0620 0.1641 
     SETANTA 0.0546 0.2207 0.4154 0.3093 
 SHARPE'S_EX 0.6818 0.1172 0.1148 0.0863 
     SHELAGH 0.3022 0.1399 0.2208 0.3371 
    SHELFORD 0.2471 0.4346 0.0562 0.2620 
     SHEPODY 0.3623 0.0204 0.0092 0.6081 
      SLANEY 0.0148 0.1072 0.4094 0.4686 
        SPEY 0.0058 0.0794 0.3924 0.5223 
      SPUNTA 0.2305 0.3779 0.2154 0.1762 
     STAMINA 0.0081 0.0273 0.6729 0.2917 
    STEMSTER 0.2224 0.3058 0.3397 0.1322 
 STORMONT_EN 0.2627 0.2188 0.1883 0.3302 
    STIRLING 0.0177 0.1333 0.2720 0.5770 
     SYLVANA 0.1492 0.3886 0.1451 0.3172 
         TAY 0.0138 0.1346 0.5517 0.2999 
      TIMATE 0.1089 0.6898 0.1773 0.0240 
      TOLUCA 0.0866 0.5948 0.0210 0.2976 
    TORRIDON 0.1599 0.3083 0.1023 0.4295 
 ULSTER_SCEP 0.1933 0.0337 0.3535 0.4195 
 UMATILLA_RU 0.4310 0.1441 0.3390 0.0859 
 VALES_EMERA 0.1204 0.4151 0.3515 0.1130 
 VALES_EVERE 0.1318 0.0229 0.3860 0.4592 
 VALES_RUSSE 0.3880 0.1916 0.0874 0.3331 
 VALES_SOVER 0.0044 0.0117 0.4162 0.5677 
       VALOR 0.0044 0.0402 0.4686 0.4868 
    VAN_GOGH 0.2207 0.5240 0.1104 0.1449 
     VANTAGE 0.4374 0.2423 0.0172 0.3031 
       VERDI 0.2400 0.5206 0.1387 0.1007 
    VICTORIA 0.1593 0.4984 0.0655 0.2768 
     VIVALDI 0.1056 0.4718 0.0076 0.4150 
       WILJA 0.3122 0.2800 0.0114 0.3965 
     WINSTON 0.0095 0.1550 0.5479 0.2876 
      XD2-21 0.2669 0.0986 0.1730 0.4614 
  YUKON_GOLD 0.0469 0.3749 0.3121 0.2661 
       ZORBA 0.2473 0.3019 0.0273 0.4235 
