  00C133-020 0.4842 0.3570 0.0121 0.0183 0.0374 0.0910 
 01C_071-002 0.1801 0.2394 0.0461 0.2582 0.1758 0.1003 
 02M_012-001 0.5445 0.0781 0.0048 0.0610 0.2095 0.1020 
 03M_016-002 0.3383 0.0138 0.2219 0.0146 0.3915 0.0200 
 03M_034-002 0.4868 0.2058 0.0147 0.0413 0.2286 0.0228 
 04C_055-004 0.4586 0.0176 0.0500 0.0956 0.1042 0.2741 
 04C_126-005 0.2763 0.3765 0.0190 0.1003 0.1167 0.1112 
 04M_034-013 0.4482 0.0106 0.1444 0.0563 0.2590 0.0814 
 05M_002-001 0.1392 0.0537 0.1609 0.3273 0.1159 0.2031 
 05M_004-003 0.2082 0.2063 0.0963 0.3539 0.0080 0.1274 
 05M_012-004 0.2052 0.2299 0.2061 0.2089 0.0387 0.1113 
 06C_127-002 0.3146 0.1501 0.0789 0.0063 0.0287 0.4214 
 12288_AF_23 0.4384 0.1939 0.1125 0.0374 0.0092 0.2085 
    12601AB1 0.3723 0.0888 0.0033 0.0057 0.4878 0.0422 
   12636_A_2 0.4584 0.2084 0.0785 0.0066 0.2156 0.0325 
  15119_AC_5 0.1996 0.5372 0.0233 0.0198 0.2178 0.0023 
     1512C16 0.0182 0.1879 0.3155 0.0565 0.2223 0.1996 
   15144_A_3 0.0105 0.6251 0.0051 0.0286 0.0391 0.2916 
     1563C14 0.0127 0.0354 0.0745 0.1990 0.4488 0.2296 
     2182EF7 0.1096 0.3573 0.2697 0.0453 0.0362 0.1819 
     3681AD1 0.0937 0.3150 0.0823 0.3543 0.0535 0.1012 
     5008AB6 0.0333 0.3238 0.0099 0.2252 0.1143 0.2935 
    8204_A_4 0.1885 0.3601 0.1260 0.0208 0.0167 0.2880 
       AGRIA 0.0806 0.0038 0.1065 0.4644 0.0336 0.3112 
       AILSA 0.5433 0.0118 0.0523 0.0057 0.1380 0.2489 
      ALMERA 0.0773 0.0244 0.2240 0.4178 0.0242 0.2323 
       ALPHA 0.0643 0.0579 0.1116 0.3838 0.2323 0.1500 
      ALWARA 0.0318 0.2907 0.0203 0.3115 0.0525 0.2932 
      AMADRA 0.2143 0.0158 0.0298 0.3035 0.1740 0.2625 
       AMOUR 0.3943 0.4313 0.0234 0.0242 0.0551 0.0717 
        ANNA 0.0141 0.7555 0.0734 0.0116 0.1402 0.0052 
   ANNABELLE 0.0182 0.0123 0.0846 0.4259 0.0371 0.4219 
        ANYA 0.0442 0.0612 0.0734 0.1154 0.2131 0.4926 
       ARGOS 0.2360 0.5004 0.0924 0.1185 0.0077 0.0450 
     ARIELLE 0.0299 0.0516 0.1402 0.3668 0.0960 0.3154 
      ARKULA 0.0149 0.1297 0.1059 0.4166 0.1293 0.2037 
      ARMADA 0.1175 0.0816 0.1308 0.3620 0.1325 0.1757 
   AVALANCHE 0.4440 0.0751 0.1800 0.2701 0.0250 0.0059 
     BAILLIE 0.4773 0.1328 0.0996 0.1705 0.0269 0.0928 
    BALMORAL 0.0333 0.4559 0.2586 0.2203 0.0202 0.0116 
     BAMBINO 0.4882 0.2420 0.0310 0.0891 0.0370 0.1127 
       BARNA 0.1022 0.4026 0.0474 0.0880 0.0503 0.3095 
 BELLE_DE_FO 0.0024 0.0618 0.0834 0.0116 0.8341 0.0066 
       BENOL 0.5656 0.0506 0.0108 0.0810 0.2204 0.0716 
       BF_15 0.0033 0.0512 0.0325 0.1419 0.7022 0.0689 
      BINTJE 0.0670 0.0875 0.1987 0.2069 0.3270 0.1130 
 BIONICA_EX_ 0.1345 0.2031 0.0908 0.2510 0.1416 0.1789 
 BLUE_DANUBE 0.0141 0.1626 0.1491 0.5184 0.1494 0.0063 
      BONNIE 0.2533 0.2171 0.0981 0.1707 0.0287 0.2320 
      BOUNTY 0.4425 0.2884 0.0342 0.1054 0.0294 0.1001 
 BRITISH_QUE 0.0065 0.0449 0.4388 0.1407 0.3663 0.0028 
     BRODICK 0.5458 0.1165 0.0154 0.0119 0.0221 0.2882 
      BRODIE 0.0828 0.5156 0.1882 0.0045 0.0782 0.1307 
      BUCHAN 0.1365 0.4411 0.1190 0.0032 0.0437 0.2566 
      BURREN 0.0764 0.4587 0.0172 0.1345 0.1120 0.2012 
     CABARET 0.4940 0.1032 0.0789 0.0100 0.3020 0.0119 
      CAESAR 0.0729 0.0826 0.0940 0.3783 0.0029 0.3693 
        CARA 0.1218 0.7102 0.0135 0.0151 0.0429 0.0964 
 CARLINGFORD 0.1408 0.2045 0.3169 0.0210 0.0179 0.2990 
  CASABLANCA 0.3313 0.2812 0.1356 0.2441 0.0033 0.0044 
      CELINE 0.1014 0.2751 0.0264 0.3948 0.0919 0.1103 
  CHALLENGER 0.1979 0.0043 0.1882 0.2902 0.1010 0.2184 
   CHARLOTTE 0.1340 0.0159 0.0063 0.0484 0.1448 0.6505 
     CHICAGO 0.4879 0.0141 0.0073 0.2406 0.1033 0.1468 
   CHIEFTAIN 0.0532 0.0872 0.3679 0.0070 0.0826 0.4021 
      CHOPIN 0.0504 0.0479 0.2410 0.3849 0.0285 0.2473 
      CLARET 0.0985 0.6143 0.0400 0.0166 0.0357 0.1949 
      CORINE 0.1882 0.2369 0.1699 0.3046 0.0922 0.0083 
      COSMOS 0.1432 0.0249 0.2366 0.4558 0.0549 0.0846 
     COURAGE 0.0794 0.1357 0.1549 0.3205 0.1028 0.2067 
     COURLAN 0.1254 0.1190 0.2586 0.1154 0.0606 0.3209 
 CRAIGS_ROYA 0.2268 0.3602 0.2218 0.0048 0.0547 0.1318 
 CRAIGS_SNOW 0.1668 0.0666 0.3382 0.0433 0.2948 0.0903 
     CRAMOND 0.4932 0.1610 0.0855 0.1132 0.0181 0.1289 
 CRISPS_FOR_ 0.1280 0.0456 0.1460 0.2873 0.0591 0.3340 
    CROMWELL 0.5912 0.0470 0.0051 0.0719 0.2746 0.0101 
       D22/1 0.5037 0.0996 0.1519 0.0457 0.1957 0.0034 
       D23/3 0.3686 0.0290 0.1847 0.0386 0.3165 0.0626 
      D47-11 0.6425 0.0120 0.0116 0.0465 0.2845 0.0029 
       D49/1 0.7272 0.0028 0.0090 0.0412 0.2072 0.0126 
       DAISY 0.4546 0.0089 0.0174 0.1688 0.2368 0.1135 
 DARK_RED_NO 0.0564 0.1109 0.4025 0.0432 0.0965 0.2905 
     DARWINA 0.1150 0.0178 0.1927 0.4196 0.1175 0.1374 
     DESIREE 0.0038 0.2264 0.0601 0.1925 0.1395 0.3777 
       DITTA 0.0168 0.0099 0.1859 0.3528 0.1315 0.3030 
 DR._MCINTOS 0.1030 0.1544 0.5131 0.0229 0.0263 0.1803 
       DRAGA 0.1829 0.0819 0.3376 0.2944 0.0062 0.0971 
 DUKE_OF_YOR 0.0029 0.0093 0.4180 0.2234 0.3411 0.0052 
 DUNBAR_STAN 0.1714 0.0652 0.4575 0.0082 0.2526 0.0452 
     DUNDROD 0.4627 0.0717 0.0799 0.0172 0.1951 0.1734 
     ECLIPSE 0.0358 0.0031 0.2938 0.0037 0.3829 0.2808 
        EDEN 0.6626 0.0252 0.0233 0.0092 0.2580 0.0216 
 EDZELL_BLUE 0.0519 0.1503 0.1412 0.1867 0.3255 0.1443 
   ELISABETH 0.1793 0.0132 0.0629 0.2309 0.0092 0.5046 
     EMPEROR 0.2218 0.0070 0.3160 0.1512 0.0129 0.2911 
         EOS 0.2958 0.0231 0.1506 0.1368 0.0191 0.3745 
     EPICURE 0.0117 0.0268 0.3296 0.0208 0.3632 0.2478 
  ERNTESTOLZ 0.0383 0.0583 0.2110 0.2759 0.2385 0.1780 
      ESCORT 0.1813 0.0724 0.0121 0.3751 0.0192 0.3399 
   ESMERALDA 0.1561 0.1066 0.0303 0.2895 0.1663 0.2513 
      ESTIMA 0.1530 0.0087 0.2259 0.3126 0.0731 0.2266 
 EVE_BALFOUR 0.1673 0.4261 0.0745 0.0121 0.2211 0.0989 
   EXCALIBUR 0.4656 0.3938 0.0047 0.0226 0.0042 0.1091 
     EXQUISA 0.0046 0.1034 0.0059 0.2888 0.1673 0.4301 
    FESTIVAL 0.1674 0.0319 0.0514 0.3950 0.0084 0.3460 
      FIANNA 0.0589 0.2142 0.2391 0.3307 0.0089 0.1482 
   FIFTYFOLD 0.0592 0.0670 0.1388 0.0204 0.5486 0.1660 
     FONTANE 0.2049 0.0044 0.1606 0.3943 0.0235 0.2123 
   FORTYFOLD 0.0033 0.0236 0.1953 0.2306 0.5419 0.0052 
 FRONTIER_RU 0.1132 0.0066 0.4353 0.0336 0.1320 0.2792 
     G.81071 0.1950 0.2154 0.2169 0.0989 0.0661 0.2077 
     G.88661 0.2732 0.0398 0.3326 0.0951 0.0045 0.2547 
    G.886611 0.2700 0.0582 0.2706 0.0093 0.0030 0.3888 
  G.8867Y%12 0.1135 0.1494 0.3376 0.0318 0.0038 0.3640 
     G.88839 0.0070 0.0083 0.0052 0.4006 0.0198 0.5591 
     G.88842 0.0217 0.1427 0.1330 0.3628 0.0109 0.3290 
   GALACTICA 0.0065 0.3902 0.1088 0.3382 0.1516 0.0048 
      GEMSON 0.1340 0.2843 0.2762 0.0169 0.1325 0.1560 
  GL.76B/102 0.1410 0.0070 0.1210 0.1843 0.3552 0.1915 
   GL.76B/94 0.0029 0.1458 0.0181 0.2739 0.5357 0.0236 
  GL.77M/106 0.2468 0.2640 0.0116 0.0060 0.1857 0.2860 
   GL.78/166 0.0209 0.0398 0.1217 0.1972 0.6105 0.0099 
    GL.78/53 0.2108 0.0125 0.0081 0.0083 0.5510 0.2093 
    GL.78/97 0.1138 0.0249 0.0268 0.1156 0.5812 0.1377 
    GL.79/42 0.1464 0.0067 0.0039 0.0440 0.5525 0.2465 
    GL.79/45 0.0615 0.1013 0.0048 0.0314 0.5840 0.2170 
 GL.81_NT_25 0.4851 0.0324 0.0085 0.0818 0.3892 0.0031 
   GLADIATOR 0.1352 0.1264 0.1667 0.2353 0.0071 0.3292 
      GLAMIS 0.4376 0.0337 0.1571 0.1238 0.0453 0.2025 
 GOLDEN_MILL 0.4852 0.1965 0.0093 0.0137 0.1208 0.1746 
 GOLDEN_NUGG 0.1203 0.3139 0.0126 0.3698 0.0170 0.1664 
 GOLDEN_WOND 0.0355 0.0288 0.1377 0.0866 0.5586 0.1527 
     GRANOLA 0.1314 0.0155 0.0076 0.1775 0.1117 0.5562 
    H1H3_101 0.6116 0.0045 0.0099 0.0057 0.3660 0.0023 
      H1H3_3 0.4479 0.0857 0.1781 0.0614 0.1794 0.0475 
 HARBOROUGH_ 0.7255 0.0510 0.0273 0.0264 0.0226 0.1472 
   HARLEQUIN 0.1440 0.0504 0.0137 0.0815 0.1767 0.5337 
      HERMES 0.0554 0.1620 0.0710 0.3469 0.1351 0.2296 
 HIGHLAND_BU 0.0103 0.0242 0.0520 0.0984 0.8080 0.0070 
  HOME_GUARD 0.2012 0.1511 0.2809 0.0125 0.2028 0.1515 
     HORIZON 0.0858 0.1142 0.0377 0.4296 0.2504 0.0824 
   INNOVATOR 0.0068 0.1045 0.4799 0.2714 0.1321 0.0052 
 INTERNATION 0.0048 0.0078 0.0858 0.0397 0.8578 0.0040 
 ISLE_OF_JUR 0.4335 0.1663 0.0525 0.0778 0.1535 0.1163 
    JULIETTE 0.0311 0.0100 0.0057 0.2997 0.0572 0.5963 
     KARLENA 0.0251 0.2324 0.2626 0.2886 0.1850 0.0062 
 KERR'S_PINK 0.0922 0.0720 0.3312 0.0080 0.4296 0.0670 
     KESTREL 0.3792 0.3786 0.0216 0.0047 0.0076 0.2083 
       KIFLI 0.1150 0.0067 0.0086 0.1805 0.1886 0.5007 
 KING_EDWARD 0.0325 0.0029 0.1142 0.0041 0.7179 0.1284 
    KINGSTON 0.4700 0.1458 0.0056 0.0838 0.2126 0.0823 
 KUFRI_CHAND 0.1163 0.0697 0.3948 0.1216 0.1506 0.1470 
 KUFRI_JYOTI 0.0389 0.3682 0.0740 0.1714 0.1341 0.2134 
      KURODA 0.0455 0.1308 0.1920 0.4861 0.0144 0.1312 
 LADY_BALFOU 0.1902 0.3962 0.1450 0.0322 0.1404 0.0960 
 LADY_CHRIST 0.0860 0.0593 0.0684 0.4129 0.2868 0.0866 
 LADY_CLAIRE 0.0090 0.0140 0.0458 0.7035 0.2213 0.0064 
     LADY_JO 0.0119 0.0180 0.1276 0.5547 0.2855 0.0023 
 LADY_ROSETT 0.1532 0.0813 0.1335 0.3253 0.1335 0.1732 
    LIBERTAS 0.0040 0.1630 0.0082 0.5179 0.3044 0.0026 
       LINDA 0.0051 0.0099 0.0069 0.2018 0.2203 0.5559 
      LINTON 0.1943 0.0914 0.1829 0.2640 0.0425 0.2249 
 LINZER_DELI 0.0290 0.0141 0.0519 0.2587 0.2019 0.4444 
   LIONHEART 0.0944 0.1064 0.2112 0.4415 0.0227 0.1237 
   MADELEINE 0.0995 0.0352 0.0098 0.3676 0.0878 0.4002 
   MADINGLEY 0.1462 0.1339 0.0777 0.2611 0.0555 0.3254 
    MAJESTIC 0.0550 0.1586 0.5205 0.0334 0.0305 0.2021 
     MARABEL 0.0277 0.0269 0.1088 0.4786 0.0102 0.3477 
     MARFONA 0.1252 0.0630 0.1902 0.4571 0.1476 0.0169 
     MARILYN 0.0266 0.1310 0.0519 0.3065 0.0957 0.3884 
 MARIS_ANCHO 0.0851 0.0327 0.2321 0.2610 0.1724 0.2166 
  MARIS_BARD 0.2499 0.1441 0.2849 0.2055 0.1132 0.0024 
  MARIS_PEER 0.1746 0.1910 0.3328 0.0096 0.1369 0.1550 
 MARIS_PIPER 0.7686 0.0039 0.0046 0.0350 0.1833 0.0046 
     MARKIES 0.0240 0.0371 0.0404 0.4657 0.1328 0.3001 
      MAXINE 0.4265 0.0984 0.2831 0.0214 0.0166 0.1541 
      MEGARA 0.0835 0.0282 0.0144 0.4930 0.0841 0.2970 
      MELODY 0.0880 0.1562 0.0262 0.3851 0.1707 0.1738 
       MIDAS 0.4626 0.0061 0.0038 0.2081 0.1589 0.1604 
       MILVA 0.0170 0.0383 0.0301 0.3597 0.2004 0.3545 
        MIMI 0.3174 0.1977 0.0074 0.2611 0.1282 0.0883 
        MIRA 0.0082 0.1176 0.0873 0.5486 0.2291 0.0091 
       MOIRA 0.0575 0.1717 0.1336 0.2612 0.1274 0.2487 
    MONTROSE 0.5392 0.0652 0.0042 0.0058 0.2875 0.0981 
       MORAG 0.1681 0.3288 0.1807 0.0095 0.1766 0.1363 
      MORENE 0.0030 0.1416 0.1397 0.5447 0.1613 0.0098 
      MOZART 0.1197 0.0207 0.0435 0.3456 0.0024 0.4681 
 MYATT'S_ASH 0.0029 0.0101 0.1000 0.1608 0.7211 0.0051 
      NADINE 0.4608 0.1069 0.0654 0.0620 0.0117 0.2932 
       NAVAN 0.6791 0.0662 0.0882 0.0246 0.0803 0.0616 
 NDTX_4271_5 0.2403 0.0099 0.2549 0.0046 0.0119 0.4785 
      NICOLA 0.0035 0.0046 0.0278 0.3568 0.1736 0.4336 
     NOVELLA 0.0505 0.2039 0.1080 0.3570 0.0272 0.2533 
     OLYMPUS 0.3295 0.1282 0.1380 0.0067 0.1148 0.2828 
       OPERA 0.1533 0.1232 0.1005 0.3559 0.0126 0.2544 
   ORCHESTRA 0.1480 0.0229 0.0163 0.3652 0.0896 0.3580 
      ORIANA 0.0037 0.1739 0.2023 0.3991 0.0636 0.1574 
     OTHELLO 0.1604 0.5303 0.1120 0.0043 0.0085 0.1845 
     PALADIN 0.6360 0.0071 0.0642 0.0451 0.2436 0.0041 
       PANDA 0.1122 0.0182 0.0070 0.2728 0.0368 0.5530 
   PARAMOUNT 0.0153 0.4800 0.0344 0.1706 0.0570 0.2427 
    PATRONES 0.0710 0.0385 0.2226 0.3312 0.1869 0.1498 
 PENTLAND_AC 0.1576 0.1902 0.1806 0.1280 0.1464 0.1972 
 PENTLAND_BE 0.0098 0.1919 0.2959 0.0805 0.4155 0.0064 
 PENTLAND_CR 0.1572 0.2403 0.1782 0.2324 0.0932 0.0986 
 PENTLAND_DE 0.0653 0.2587 0.2592 0.0084 0.2195 0.1889 
 PENTLAND_IV 0.1184 0.1802 0.3231 0.0034 0.0372 0.3377 
 PENTLAND_JA 0.1094 0.1208 0.4353 0.1724 0.0695 0.0926 
 PENTLAND_MA 0.0108 0.3311 0.1286 0.3047 0.0944 0.1304 
 PENTLAND_SQ 0.1249 0.2078 0.2240 0.0715 0.1740 0.1978 
   PEPO_1978 0.1031 0.0145 0.0367 0.3512 0.1453 0.3492 
     PICASSO 0.1524 0.4948 0.0424 0.2682 0.0037 0.0384 
   PIMPERNEL 0.0406 0.1483 0.0045 0.4266 0.2130 0.1669 
     PIONEER 0.0185 0.0054 0.0147 0.1690 0.1761 0.6163 
       PIXIE 0.3822 0.2875 0.0229 0.0458 0.0072 0.2545 
    PREMIERE 0.0519 0.0593 0.1780 0.4621 0.2445 0.0042 
   PRODUCENT 0.2290 0.0094 0.0702 0.4220 0.1100 0.1594 
     PROVOST 0.0529 0.2138 0.2877 0.1405 0.1242 0.1809 
  R.P.LUSTRE 0.2061 0.0324 0.1829 0.0099 0.2307 0.3381 
 RANGER_RUSS 0.0027 0.0898 0.5386 0.1487 0.2031 0.0170 
       RATTE 0.1573 0.0111 0.0454 0.0135 0.4977 0.2750 
      RECORD 0.0049 0.1162 0.0128 0.5632 0.2954 0.0075 
   REMBRANDT 0.1341 0.0123 0.1812 0.4210 0.1265 0.1249 
    RIO_ROJO 0.1010 0.1454 0.3218 0.0668 0.0463 0.3186 
      ROBIJN 0.0036 0.0836 0.0264 0.5283 0.3182 0.0400 
      ROCKET 0.5065 0.0905 0.1262 0.0154 0.1989 0.0626 
   RODE_STAR 0.0081 0.0187 0.0020 0.3357 0.4140 0.2216 
      ROMANO 0.0408 0.3335 0.0123 0.3172 0.0163 0.2799 
       ROMEO 0.0433 0.3088 0.0543 0.0086 0.1902 0.3947 
     ROOSTER 0.1029 0.2917 0.1517 0.1291 0.1204 0.2043 
       ROYAL 0.3282 0.0155 0.0065 0.2416 0.1368 0.2715 
 ROYAL_KIDNE 0.0035 0.0496 0.5288 0.0369 0.3765 0.0047 
     RUBESSE 0.0504 0.1229 0.1693 0.2166 0.0648 0.3761 
 RUSSET_BURB 0.0376 0.0381 0.5497 0.0935 0.1125 0.1685 
 RUSSET_NORK 0.0704 0.0051 0.5567 0.0047 0.0324 0.3306 
      SAFARI 0.0543 0.2548 0.0601 0.4204 0.0130 0.1974 
     SANTANA 0.1621 0.0486 0.2108 0.3962 0.0861 0.0962 
       SANTE 0.1756 0.1158 0.0124 0.4192 0.1086 0.1685 
     SAPHIRE 0.1346 0.0620 0.2735 0.4140 0.0047 0.1112 
  SARPO_MIRA 0.0492 0.0914 0.0095 0.2627 0.1845 0.4027 
 SARPO_SHONA 0.0439 0.1131 0.0089 0.3404 0.1068 0.3869 
       SASSY 0.0877 0.0741 0.1476 0.2825 0.2306 0.1775 
     SATURNA 0.0194 0.0071 0.0053 0.4558 0.2970 0.2154 
        SAVA 0.1333 0.0114 0.1436 0.2708 0.0397 0.4012 
       SAXON 0.5450 0.1263 0.0229 0.0363 0.1589 0.1107 
 SCARBOROUGH 0.7297 0.0238 0.0095 0.0051 0.0876 0.1443 
 SEFTON_WOND 0.1576 0.0780 0.3219 0.0061 0.4136 0.0228 
    SERAFINA 0.0084 0.1032 0.0149 0.2467 0.1385 0.4883 
     SETANTA 0.3042 0.2545 0.0703 0.0356 0.0509 0.2845 
 SHARPE'S_EX 0.0820 0.0156 0.1238 0.0654 0.5985 0.1146 
     SHELAGH 0.1593 0.2941 0.0209 0.1333 0.2761 0.1164 
    SHELFORD 0.0168 0.1643 0.0984 0.2900 0.1878 0.2425 
     SHEPODY 0.0067 0.1927 0.4312 0.2105 0.1560 0.0028 
      SLANEY 0.2959 0.3978 0.0546 0.0100 0.0085 0.2331 
        SPEY 0.2901 0.4759 0.0204 0.0426 0.0036 0.1675 
      SPUNTA 0.1251 0.1435 0.0388 0.0880 0.2099 0.3947 
     STAMINA 0.6252 0.2086 0.0841 0.0654 0.0038 0.0129 
    STEMSTER 0.2879 0.0992 0.0287 0.2256 0.2009 0.1577 
 STORMONT_EN 0.1780 0.1635 0.1369 0.2746 0.1820 0.0649 
    STIRLING 0.1935 0.3545 0.1751 0.0678 0.0062 0.2029 
     SYLVANA 0.1190 0.0926 0.2340 0.2647 0.0515 0.2382 
         TAY 0.4316 0.2717 0.0208 0.0092 0.0111 0.2556 
      TIMATE 0.1334 0.0040 0.0506 0.3921 0.0510 0.3689 
      TOLUCA 0.0063 0.1688 0.0820 0.3304 0.0407 0.3718 
    TORRIDON 0.0639 0.3058 0.0653 0.3175 0.1115 0.1360 
 ULSTER_SCEP 0.3326 0.1386 0.3492 0.0718 0.0653 0.0427 
 UMATILLA_RU 0.2967 0.0641 0.0404 0.1513 0.4036 0.0439 
 VALES_EMERA 0.2651 0.0480 0.0537 0.0260 0.1119 0.4954 
 VALES_EVERE 0.2673 0.3981 0.0626 0.0091 0.1245 0.1385 
 VALES_RUSSE 0.0529 0.0178 0.4451 0.0789 0.2187 0.1865 
 VALES_SOVER 0.3323 0.5884 0.0082 0.0469 0.0042 0.0201 
       VALOR 0.3821 0.4607 0.0089 0.0673 0.0034 0.0775 
    VAN_GOGH 0.1148 0.0267 0.0604 0.4760 0.1604 0.1616 
     VANTAGE 0.0106 0.0656 0.2301 0.3928 0.2960 0.0048 
       VERDI 0.0968 0.0555 0.0263 0.3619 0.2241 0.2354 
    VICTORIA 0.0622 0.0295 0.2703 0.4053 0.0289 0.2039 
     VIVALDI 0.0044 0.1416 0.2471 0.4333 0.0186 0.1550 
       WILJA 0.0082 0.1310 0.1451 0.5320 0.1817 0.0020 
     WINSTON 0.4595 0.1885 0.0622 0.0100 0.0045 0.2753 
      XD2-21 0.1088 0.2429 0.2678 0.0424 0.1722 0.1660 
  YUKON_GOLD 0.2508 0.0107 0.2976 0.0816 0.0043 0.3550 
       ZORBA 0.0109 0.1738 0.2527 0.4003 0.1466 0.0156 
