  00C133-020 0.2259 0.0662 0.0067 0.0096 0.2658 0.0266 0.0108 0.3884 
 01C_071-002 0.0296 0.0801 0.1744 0.1237 0.2508 0.1429 0.0269 0.1714 
 02M_012-001 0.1757 0.0139 0.0230 0.0853 0.0637 0.1831 0.0038 0.4516 
 03M_016-002 0.0096 0.0039 0.0533 0.0321 0.0167 0.3327 0.2129 0.3388 
 03M_034-002 0.2640 0.1633 0.0024 0.0036 0.0447 0.1929 0.0068 0.3223 
 04C_055-004 0.0574 0.0505 0.0174 0.2837 0.0304 0.0632 0.0572 0.4401 
 04C_126-005 0.2193 0.1043 0.0660 0.0153 0.2855 0.1091 0.0104 0.1901 
 04M_034-013 0.1009 0.0519 0.0152 0.0845 0.0059 0.2215 0.1343 0.3858 
 05M_002-001 0.0679 0.0409 0.3808 0.1334 0.0580 0.0790 0.1152 0.1247 
 05M_004-003 0.1791 0.1251 0.3655 0.0139 0.1613 0.0053 0.0226 0.1271 
 05M_012-004 0.2632 0.2258 0.1030 0.0102 0.1154 0.0323 0.1673 0.0828 
 06C_127-002 0.3833 0.0069 0.0097 0.2366 0.0784 0.0248 0.1061 0.1541 
 12288_AF_23 0.1521 0.0667 0.0050 0.1350 0.1770 0.0069 0.1065 0.3508 
    12601AB1 0.3619 0.0039 0.0053 0.0034 0.0043 0.4491 0.0025 0.1695 
   12636_A_2 0.2862 0.0112 0.0054 0.0036 0.1078 0.1931 0.0716 0.3210 
  15119_AC_5 0.0036 0.0354 0.0064 0.0021 0.5067 0.1865 0.0205 0.2389 
     1512C16 0.1353 0.0729 0.0537 0.0941 0.1329 0.2013 0.3026 0.0072 
   15144_A_3 0.0402 0.0031 0.0629 0.2170 0.6290 0.0290 0.0050 0.0138 
     1563C14 0.0068 0.1035 0.1071 0.2280 0.0505 0.4139 0.0735 0.0168 
     2182EF7 0.2721 0.0415 0.1422 0.0105 0.2474 0.0350 0.2363 0.0150 
     3681AD1 0.1542 0.2297 0.2398 0.0135 0.2407 0.0614 0.0313 0.0293 
     5008AB6 0.2408 0.2001 0.1099 0.1380 0.1918 0.1076 0.0070 0.0048 
    8204_A_4 0.3655 0.0500 0.0753 0.0760 0.2449 0.0209 0.1288 0.0384 
       AGRIA 0.0872 0.0081 0.6409 0.1866 0.0031 0.0097 0.0223 0.0420 
       AILSA 0.2077 0.0033 0.0060 0.1730 0.0077 0.1030 0.0638 0.4354 
      ALMERA 0.0096 0.2164 0.2737 0.2040 0.0270 0.0073 0.1705 0.0914 
       ALPHA 0.0306 0.4248 0.0109 0.1686 0.0183 0.2200 0.0946 0.0323 
      ALWARA 0.0131 0.2789 0.0134 0.3188 0.2822 0.0314 0.0234 0.0387 
      AMADRA 0.0977 0.2226 0.1163 0.2289 0.0149 0.1545 0.0117 0.1534 
       AMOUR 0.1490 0.0093 0.0244 0.0339 0.4027 0.0325 0.0238 0.3243 
        ANNA 0.1346 0.0234 0.0272 0.0021 0.6401 0.1220 0.0441 0.0065 
   ANNABELLE 0.0677 0.2673 0.2579 0.3347 0.0085 0.0147 0.0386 0.0105 
        ANYA 0.1358 0.0270 0.0920 0.3931 0.0676 0.1822 0.0911 0.0112 
       ARGOS 0.0136 0.0319 0.0889 0.0336 0.5056 0.0065 0.0727 0.2473 
     ARIELLE 0.0047 0.1529 0.2516 0.2987 0.0863 0.0494 0.1129 0.0435 
      ARKULA 0.0697 0.4579 0.0619 0.1655 0.0560 0.1124 0.0668 0.0098 
      ARMADA 0.0145 0.4094 0.0207 0.1827 0.0369 0.1103 0.0960 0.1295 
   AVALANCHE 0.0141 0.1881 0.1298 0.0128 0.0820 0.0125 0.1286 0.4321 
     BAILLIE 0.0752 0.1099 0.0733 0.0846 0.1308 0.0103 0.0726 0.4432 
    BALMORAL 0.0672 0.1648 0.1402 0.0045 0.3815 0.0146 0.2049 0.0224 
     BAMBINO 0.1321 0.0826 0.0381 0.0601 0.2146 0.0239 0.0255 0.4231 
       BARNA 0.0904 0.1278 0.0035 0.2521 0.3730 0.0366 0.0542 0.0624 
 BELLE_DE_FO 0.0021 0.0064 0.0249 0.0077 0.0733 0.7912 0.0920 0.0023 
       BENOL 0.3052 0.0051 0.1457 0.0026 0.0036 0.1619 0.0035 0.3724 
       BF_15 0.0032 0.0781 0.1178 0.0578 0.0564 0.6625 0.0217 0.0025 
      BINTJE 0.0223 0.1437 0.1347 0.0833 0.0739 0.2970 0.1733 0.0718 
 BIONICA_EX_ 0.2848 0.2386 0.1707 0.0254 0.0881 0.1441 0.0293 0.0189 
 BLUE_DANUBE 0.0051 0.4105 0.2003 0.0111 0.1239 0.1433 0.0909 0.0149 
      BONNIE 0.1787 0.2304 0.0075 0.1546 0.1510 0.0246 0.0832 0.1700 
      BOUNTY 0.1607 0.0677 0.0849 0.0252 0.2437 0.0216 0.0216 0.3747 
 BRITISH_QUE 0.0017 0.0366 0.1933 0.0026 0.0360 0.3183 0.3885 0.0230 
     BRODICK 0.5401 0.0307 0.0217 0.0861 0.0105 0.0203 0.0154 0.2753 
      BRODIE 0.1767 0.0100 0.0059 0.0277 0.4603 0.0844 0.2077 0.0273 
      BUCHAN 0.1808 0.0052 0.0039 0.1424 0.4003 0.0381 0.1468 0.0825 
      BURREN 0.1085 0.0206 0.1424 0.1307 0.4434 0.1043 0.0093 0.0407 
     CABARET 0.1277 0.0134 0.0096 0.0055 0.0571 0.2646 0.0797 0.4424 
      CAESAR 0.1712 0.2473 0.2132 0.2556 0.0422 0.0022 0.0561 0.0122 
        CARA 0.1408 0.0230 0.0138 0.0241 0.6594 0.0458 0.0173 0.0757 
 CARLINGFORD 0.1853 0.1039 0.0090 0.1684 0.1325 0.0084 0.3121 0.0804 
  CASABLANCA 0.1108 0.2105 0.0925 0.0028 0.2328 0.0025 0.0773 0.2708 
      CELINE 0.1480 0.4635 0.0864 0.0229 0.1430 0.0898 0.0142 0.0322 
  CHALLENGER 0.0911 0.1094 0.2541 0.1624 0.0034 0.0752 0.1449 0.1595 
   CHARLOTTE 0.2520 0.0061 0.1142 0.4637 0.0107 0.1123 0.0056 0.0353 
     CHICAGO 0.0841 0.1392 0.0937 0.1632 0.0115 0.0620 0.0050 0.4414 
   CHIEFTAIN 0.1981 0.0040 0.0836 0.2337 0.0603 0.0542 0.3540 0.0120 
      CHOPIN 0.1055 0.3123 0.1544 0.1908 0.0149 0.0183 0.1898 0.0140 
      CLARET 0.0713 0.0137 0.0075 0.1445 0.5915 0.0263 0.0503 0.0948 
      CORINE 0.1412 0.1114 0.2804 0.0030 0.1721 0.0712 0.0974 0.1233 
      COSMOS 0.0277 0.4448 0.0742 0.1069 0.0083 0.0485 0.1737 0.1159 
     COURAGE 0.0884 0.3567 0.0207 0.1758 0.0786 0.0909 0.1500 0.0389 
     COURLAN 0.1149 0.0082 0.1776 0.2355 0.1303 0.0286 0.2280 0.0768 
 CRAIGS_ROYA 0.1166 0.0045 0.0073 0.0651 0.3528 0.0503 0.2226 0.1809 
 CRAIGS_SNOW 0.0076 0.0085 0.0901 0.0823 0.0853 0.2413 0.3107 0.1741 
     CRAMOND 0.3568 0.1870 0.0301 0.0067 0.0320 0.0140 0.0482 0.3252 
 CRISPS_FOR_ 0.0999 0.2710 0.0523 0.2954 0.0261 0.0435 0.1342 0.0775 
    CROMWELL 0.0042 0.0059 0.0747 0.0279 0.0770 0.2071 0.0037 0.5994 
       D22/1 0.0033 0.0292 0.0337 0.0035 0.1135 0.1527 0.1371 0.5269 
       D23/3 0.0182 0.0095 0.0422 0.0676 0.0423 0.2717 0.1801 0.3684 
      D47-11 0.0064 0.0452 0.0145 0.0044 0.0132 0.2447 0.0125 0.6591 
       D49/1 0.0112 0.0383 0.0035 0.0671 0.0024 0.1560 0.0090 0.7125 
       DAISY 0.1021 0.1252 0.0601 0.1021 0.0062 0.2031 0.0091 0.3920 
 DARK_RED_NO 0.0693 0.0102 0.0832 0.2371 0.1158 0.0566 0.3844 0.0435 
     DARWINA 0.0084 0.3148 0.1782 0.1424 0.0083 0.0852 0.1480 0.1147 
     DESIREE 0.0055 0.1773 0.0065 0.3818 0.2304 0.1073 0.0883 0.0028 
       DITTA 0.0084 0.0933 0.3379 0.2658 0.0153 0.0852 0.1606 0.0335 
 DR._MCINTOS 0.1765 0.1844 0.0041 0.0514 0.0445 0.0113 0.4810 0.0467 
       DRAGA 0.1330 0.1686 0.2296 0.0271 0.0546 0.0046 0.2626 0.1199 
 DUKE_OF_YOR 0.0029 0.1630 0.1563 0.0037 0.0040 0.3113 0.3557 0.0029 
 DUNBAR_STAN 0.0170 0.0105 0.0095 0.0523 0.0720 0.2222 0.4415 0.1750 
     DUNDROD 0.0758 0.0050 0.0409 0.1521 0.0803 0.1396 0.0766 0.4299 
     ECLIPSE 0.0786 0.0050 0.0027 0.2357 0.0021 0.3496 0.3117 0.0148 
        EDEN 0.1997 0.0106 0.0037 0.0056 0.0059 0.2165 0.0108 0.5473 
 EDZELL_BLUE 0.0976 0.1105 0.1339 0.0932 0.1157 0.3035 0.1225 0.0230 
   ELISABETH 0.1756 0.2790 0.0120 0.3717 0.0054 0.0067 0.0544 0.0952 
     EMPEROR 0.1654 0.0109 0.2400 0.1693 0.0057 0.0052 0.2557 0.1477 
         EOS 0.1669 0.1558 0.0115 0.2930 0.0126 0.0117 0.1389 0.2095 
     EPICURE 0.0856 0.0910 0.0036 0.1745 0.0080 0.3195 0.3134 0.0044 
  ERNTESTOLZ 0.0544 0.1043 0.2637 0.1305 0.0545 0.2073 0.1630 0.0223 
      ESCORT 0.1691 0.3289 0.0864 0.2706 0.0276 0.0127 0.0088 0.0958 
   ESMERALDA 0.1389 0.3693 0.0096 0.1907 0.0325 0.1489 0.0199 0.0902 
      ESTIMA 0.0520 0.3366 0.0199 0.2221 0.0059 0.0501 0.1925 0.1208 
 EVE_BALFOUR 0.2330 0.0368 0.0096 0.0174 0.3364 0.2194 0.0892 0.0582 
   EXCALIBUR 0.2558 0.0144 0.0650 0.0076 0.3110 0.0031 0.0028 0.3404 
     EXQUISA 0.0155 0.1594 0.1596 0.4004 0.1207 0.1346 0.0052 0.0045 
    FESTIVAL 0.1366 0.3264 0.1508 0.2577 0.0086 0.0053 0.0195 0.0951 
      FIANNA 0.0934 0.2691 0.1683 0.0860 0.1562 0.0057 0.1880 0.0334 
   FIFTYFOLD 0.0311 0.0097 0.0189 0.1536 0.0704 0.5102 0.1563 0.0499 
     FONTANE 0.0677 0.0671 0.4412 0.1369 0.0045 0.0080 0.0950 0.1796 
   FORTYFOLD 0.0064 0.1101 0.1949 0.0034 0.0103 0.5166 0.1558 0.0024 
 FRONTIER_RU 0.0717 0.0103 0.0447 0.2532 0.0066 0.0983 0.4258 0.0893 
     G.81071 0.2676 0.1910 0.0200 0.0814 0.1077 0.0649 0.1875 0.0798 
     G.88661 0.2252 0.2014 0.0123 0.1099 0.0077 0.0037 0.2838 0.1561 
    G.886611 0.2880 0.1179 0.0033 0.1845 0.0118 0.0026 0.2534 0.1385 
  G.8867Y%12 0.2112 0.1477 0.0107 0.1881 0.0882 0.0028 0.3197 0.0317 
     G.88839 0.0716 0.3603 0.0286 0.5096 0.0053 0.0163 0.0041 0.0042 
     G.88842 0.1119 0.3594 0.1023 0.2416 0.0733 0.0083 0.0962 0.0069 
   GALACTICA 0.0023 0.1732 0.2096 0.0077 0.3827 0.1339 0.0788 0.0119 
      GEMSON 0.1276 0.0110 0.0838 0.0554 0.2455 0.1013 0.2745 0.1009 
  GL.76B/102 0.0127 0.0513 0.1174 0.2313 0.0060 0.3150 0.1107 0.1554 
   GL.76B/94 0.0045 0.1480 0.1397 0.0566 0.1290 0.5108 0.0087 0.0027 
  GL.77M/106 0.3196 0.0056 0.0154 0.1460 0.2024 0.1880 0.0132 0.1098 
   GL.78/166 0.0024 0.0421 0.1388 0.0298 0.0666 0.5814 0.0920 0.0469 
    GL.78/53 0.1404 0.0033 0.0100 0.1781 0.0105 0.5229 0.0060 0.1286 
    GL.78/97 0.0537 0.0210 0.0874 0.1403 0.0336 0.5614 0.0213 0.0814 
    GL.79/42 0.0958 0.0274 0.0080 0.2257 0.0052 0.5334 0.0042 0.1002 
    GL.79/45 0.0777 0.0249 0.0053 0.2060 0.0874 0.5603 0.0053 0.0332 
 GL.81_NT_25 0.0032 0.0052 0.1212 0.0025 0.0361 0.3310 0.0050 0.4959 
   GLADIATOR 0.1023 0.1341 0.1149 0.2761 0.1294 0.0037 0.1501 0.0894 
      GLAMIS 0.0688 0.0904 0.0424 0.1712 0.0326 0.0154 0.1641 0.4151 
 GOLDEN_MILL 0.4873 0.0410 0.0398 0.0088 0.0545 0.1082 0.0065 0.2539 
 GOLDEN_NUGG 0.2341 0.4139 0.1212 0.0147 0.1571 0.0316 0.0064 0.0210 
 GOLDEN_WOND 0.0412 0.1117 0.0068 0.1427 0.0147 0.5298 0.1388 0.0144 
     GRANOLA 0.2280 0.0329 0.1571 0.4322 0.0127 0.0893 0.0054 0.0425 
    H1H3_101 0.0022 0.0022 0.0212 0.0024 0.0049 0.3131 0.0079 0.6460 
      H1H3_3 0.1845 0.0599 0.0752 0.0067 0.0211 0.1480 0.1514 0.3532 
 HARBOROUGH_ 0.4998 0.0098 0.0470 0.0037 0.0030 0.0089 0.0055 0.4223 
   HARLEQUIN 0.1631 0.0035 0.1673 0.3843 0.0684 0.1381 0.0099 0.0654 
      HERMES 0.0035 0.0565 0.2655 0.2600 0.2210 0.0770 0.0366 0.0799 
 HIGHLAND_BU 0.0722 0.0958 0.0233 0.0026 0.0032 0.7873 0.0118 0.0037 
  HOME_GUARD 0.1833 0.0215 0.0504 0.0404 0.1161 0.1964 0.2604 0.1314 
     HORIZON 0.0145 0.3285 0.2083 0.0631 0.0599 0.2226 0.0148 0.0883 
   INNOVATOR 0.0194 0.1814 0.2156 0.0028 0.0515 0.1122 0.4116 0.0055 
 INTERNATION 0.0031 0.0052 0.1294 0.0027 0.0064 0.8177 0.0325 0.0030 
 ISLE_OF_JUR 0.0911 0.0615 0.0549 0.0791 0.1473 0.1236 0.0449 0.3977 
    JULIETTE 0.1202 0.0037 0.4713 0.3812 0.0068 0.0079 0.0029 0.0060 
     KARLENA 0.0059 0.0472 0.2825 0.0113 0.2517 0.1555 0.2007 0.0451 
 KERR'S_PINK 0.0538 0.0079 0.0132 0.0531 0.0573 0.4095 0.3332 0.0719 
     KESTREL 0.1162 0.0056 0.0026 0.1487 0.3738 0.0049 0.0298 0.3185 
       KIFLI 0.1242 0.0454 0.0513 0.4984 0.0093 0.1848 0.0088 0.0779 
 KING_EDWARD 0.0124 0.0042 0.0039 0.1309 0.0025 0.6848 0.1331 0.0281 
    KINGSTON 0.2587 0.0527 0.1060 0.0058 0.0457 0.1895 0.0030 0.3387 
 KUFRI_CHAND 0.0447 0.0262 0.1853 0.0903 0.0659 0.1173 0.3505 0.1199 
 KUFRI_JYOTI 0.2451 0.0980 0.1873 0.0444 0.2497 0.1241 0.0469 0.0046 
      KURODA 0.0122 0.2781 0.3016 0.1189 0.1124 0.0072 0.1220 0.0477 
 LADY_BALFOU 0.1363 0.0302 0.0497 0.0222 0.3445 0.1304 0.1426 0.1441 
 LADY_CHRIST 0.0750 0.3500 0.1332 0.0789 0.0163 0.2778 0.0398 0.0290 
 LADY_CLAIRE 0.0025 0.2708 0.5537 0.0029 0.0066 0.1532 0.0043 0.0058 
     LADY_JO 0.0024 0.4356 0.2204 0.0019 0.0049 0.2719 0.0522 0.0108 
 LADY_ROSETT 0.0763 0.3748 0.0101 0.1511 0.0329 0.1207 0.1252 0.1090 
    LIBERTAS 0.0023 0.4630 0.1238 0.0027 0.1042 0.2953 0.0046 0.0040 
       LINDA 0.0342 0.0034 0.2739 0.4741 0.0388 0.1646 0.0056 0.0055 
      LINTON 0.0095 0.0144 0.2406 0.2251 0.1538 0.0153 0.1504 0.1909 
 LINZER_DELI 0.1170 0.1615 0.1210 0.3768 0.0090 0.1677 0.0393 0.0077 
   LIONHEART 0.1148 0.3213 0.2544 0.0632 0.0476 0.0203 0.1449 0.0335 
   MADELEINE 0.1396 0.2657 0.1710 0.3127 0.0155 0.0578 0.0058 0.0318 
   MADINGLEY 0.0207 0.0268 0.1942 0.3343 0.1977 0.0235 0.0592 0.1436 
    MAJESTIC 0.1660 0.0811 0.0758 0.0768 0.0883 0.0199 0.4807 0.0114 
     MARABEL 0.0646 0.3487 0.2206 0.2789 0.0154 0.0056 0.0563 0.0099 
     MARFONA 0.0149 0.4124 0.1352 0.0331 0.0271 0.1342 0.1388 0.1043 
     MARILYN 0.1183 0.1197 0.2688 0.2858 0.1108 0.0601 0.0262 0.0104 
 MARIS_ANCHO 0.0584 0.2606 0.0506 0.1971 0.0124 0.1477 0.2069 0.0663 
  MARIS_BARD 0.0532 0.2645 0.0594 0.0014 0.0552 0.1017 0.2343 0.2303 
  MARIS_PEER 0.0854 0.0046 0.1103 0.0624 0.1792 0.1013 0.3025 0.1543 
 MARIS_PIPER 0.0139 0.0080 0.0584 0.0084 0.0052 0.1348 0.0038 0.7676 
     MARKIES 0.0247 0.2094 0.3518 0.2494 0.0444 0.0929 0.0113 0.0161 
      MAXINE 0.0755 0.0116 0.0178 0.1152 0.1133 0.0082 0.2637 0.3945 
      MEGARA 0.0833 0.1907 0.3950 0.2160 0.0213 0.0504 0.0048 0.0386 
      MELODY 0.0532 0.2260 0.2102 0.1530 0.1339 0.1493 0.0118 0.0625 
       MIDAS 0.0126 0.0824 0.1007 0.2057 0.0082 0.1185 0.0033 0.4686 
       MILVA 0.1053 0.2034 0.2094 0.2701 0.0194 0.1694 0.0160 0.0071 
        MIMI 0.1839 0.3298 0.0155 0.0291 0.0998 0.1210 0.0051 0.2158 
        MIRA 0.0058 0.4612 0.2308 0.0074 0.0435 0.2105 0.0325 0.0082 
       MOIRA 0.0834 0.1968 0.1263 0.1969 0.1282 0.1059 0.1228 0.0398 
    MONTROSE 0.3749 0.0031 0.0083 0.0070 0.0071 0.2622 0.0025 0.3350 
       MORAG 0.3023 0.0596 0.0080 0.0107 0.2002 0.1789 0.1867 0.0536 
      MORENE 0.0062 0.4582 0.2187 0.0076 0.0715 0.1538 0.0810 0.0030 
      MOZART 0.2566 0.2629 0.1342 0.3166 0.0054 0.0020 0.0147 0.0076 
 MYATT'S_ASH 0.0023 0.0326 0.1927 0.0045 0.0063 0.6985 0.0604 0.0027 
      NADINE 0.1752 0.0710 0.0126 0.2060 0.0887 0.0054 0.0651 0.3760 
       NAVAN 0.0688 0.0705 0.0045 0.0482 0.0458 0.0421 0.0810 0.6390 
 NDTX_4271_5 0.2185 0.0061 0.0030 0.3429 0.0081 0.0059 0.2667 0.1489 
      NICOLA 0.0039 0.0587 0.3567 0.4100 0.0059 0.1238 0.0369 0.0042 
     NOVELLA 0.1049 0.3540 0.1218 0.1730 0.1330 0.0222 0.0664 0.0248 
     OLYMPUS 0.3863 0.0082 0.0200 0.1054 0.0449 0.1165 0.1473 0.1715 
       OPERA 0.1436 0.1639 0.2659 0.1700 0.1106 0.0092 0.0565 0.0803 
   ORCHESTRA 0.0900 0.1875 0.2285 0.2957 0.0187 0.0569 0.0103 0.1124 
      ORIANA 0.0051 0.2839 0.2032 0.1478 0.1499 0.0311 0.1753 0.0038 
     OTHELLO 0.1243 0.0034 0.0052 0.1042 0.5162 0.0067 0.1213 0.1186 
     PALADIN 0.0791 0.0224 0.0553 0.0034 0.0043 0.2050 0.0355 0.5949 
       PANDA 0.0779 0.0371 0.2341 0.4844 0.0630 0.0088 0.0060 0.0887 
   PARAMOUNT 0.1219 0.2341 0.0056 0.1670 0.3845 0.0516 0.0303 0.0050 
    PATRONES 0.0105 0.2231 0.1672 0.1463 0.0390 0.1629 0.1780 0.0731 
 PENTLAND_AC 0.0794 0.1279 0.0619 0.1295 0.1417 0.1098 0.2036 0.1462 
 PENTLAND_BE 0.0047 0.1262 0.0122 0.0059 0.1554 0.3790 0.2961 0.0204 
 PENTLAND_CR 0.3264 0.1690 0.2062 0.0028 0.0854 0.0906 0.1059 0.0136 
 PENTLAND_DE 0.2582 0.0831 0.0048 0.0333 0.1418 0.2053 0.2665 0.0070 
 PENTLAND_IV 0.2438 0.0111 0.0049 0.1849 0.1298 0.0311 0.3509 0.0435 
 PENTLAND_JA 0.1917 0.1067 0.1947 0.0103 0.0463 0.0442 0.3815 0.0246 
 PENTLAND_MA 0.1188 0.2403 0.2081 0.0335 0.2198 0.0741 0.1012 0.0042 
 PENTLAND_SQ 0.3353 0.0492 0.1495 0.0106 0.0813 0.1659 0.1988 0.0094 
   PEPO_1978 0.0340 0.1490 0.2106 0.3469 0.0198 0.1067 0.0282 0.1047 
     PICASSO 0.0161 0.2005 0.0717 0.0546 0.4907 0.0027 0.0201 0.1436 
   PIMPERNEL 0.0727 0.3357 0.1152 0.1590 0.1001 0.2009 0.0030 0.0134 
     PIONEER 0.1361 0.0026 0.3703 0.3749 0.0033 0.1037 0.0048 0.0042 
       PIXIE 0.2636 0.0975 0.0075 0.1338 0.2204 0.0061 0.0200 0.2511 
    PREMIERE 0.0116 0.4572 0.1329 0.0032 0.0097 0.2440 0.1000 0.0414 
   PRODUCENT 0.0846 0.3076 0.1897 0.1296 0.0050 0.0883 0.0183 0.1768 
     PROVOST 0.1786 0.0952 0.1256 0.0720 0.1435 0.1133 0.2626 0.0091 
  R.P.LUSTRE 0.1493 0.0256 0.0060 0.2470 0.0170 0.1960 0.2071 0.1519 
 RANGER_RUSS 0.0022 0.0146 0.1850 0.0349 0.1086 0.1536 0.4979 0.0033 
       RATTE 0.2200 0.0086 0.0103 0.1791 0.0063 0.4830 0.0469 0.0459 
      RECORD 0.0025 0.5339 0.1134 0.0160 0.0438 0.2790 0.0064 0.0050 
   REMBRANDT 0.1096 0.0806 0.4976 0.0323 0.0081 0.0960 0.0965 0.0793 
    RIO_ROJO 0.1497 0.0705 0.0230 0.2472 0.1284 0.0269 0.3099 0.0443 
      ROBIJN 0.0029 0.4287 0.1191 0.1177 0.0319 0.2840 0.0124 0.0032 
      ROCKET 0.1323 0.0937 0.0029 0.0289 0.0293 0.1598 0.1168 0.4363 
   RODE_STAR 0.0047 0.2931 0.0073 0.2852 0.0157 0.3853 0.0013 0.0073 
      ROMANO 0.1231 0.3785 0.0074 0.2221 0.2368 0.0107 0.0105 0.0110 
       ROMEO 0.1890 0.0102 0.0044 0.2663 0.2706 0.1747 0.0776 0.0073 
     ROOSTER 0.3041 0.1573 0.0814 0.0410 0.1611 0.1191 0.1273 0.0085 
       ROYAL 0.0146 0.0326 0.1573 0.3052 0.0608 0.0919 0.0059 0.3316 
 ROYAL_KIDNE 0.0100 0.0288 0.0976 0.0023 0.0176 0.3403 0.5002 0.0031 
     RUBESSE 0.1496 0.1211 0.1912 0.2457 0.0907 0.0458 0.1429 0.0130 
 RUSSET_BURB 0.0639 0.0886 0.0434 0.1424 0.0302 0.0899 0.5229 0.0187 
 RUSSET_NORK 0.0968 0.0033 0.0138 0.2737 0.0075 0.0166 0.5540 0.0343 
      SAFARI 0.1887 0.4473 0.1393 0.0674 0.1186 0.0111 0.0217 0.0060 
     SANTANA 0.0307 0.2738 0.1855 0.1080 0.0415 0.0720 0.1549 0.1335 
       SANTE 0.1849 0.4465 0.0862 0.0745 0.0183 0.1067 0.0074 0.0755 
     SAPHIRE 0.1689 0.2956 0.2672 0.0219 0.0123 0.0036 0.1949 0.0356 
  SARPO_MIRA 0.0063 0.1461 0.0263 0.4414 0.1445 0.1575 0.0137 0.0641 
 SARPO_SHONA 0.0174 0.2198 0.0695 0.4150 0.1365 0.0800 0.0092 0.0527 
       SASSY 0.0447 0.1849 0.1290 0.1717 0.0571 0.1997 0.1362 0.0767 
     SATURNA 0.0031 0.2707 0.1533 0.2783 0.0066 0.2528 0.0036 0.0317 
        SAVA 0.0417 0.1048 0.2093 0.3425 0.0139 0.0182 0.1369 0.1326 
       SAXON 0.2383 0.0777 0.0338 0.0140 0.0420 0.1363 0.0114 0.4466 
 SCARBOROUGH 0.4021 0.0078 0.0031 0.0152 0.0028 0.0654 0.0059 0.4977 
 SEFTON_WOND 0.1295 0.0132 0.0149 0.0043 0.0340 0.4003 0.3138 0.0899 
    SERAFINA 0.1327 0.1827 0.0839 0.3965 0.0737 0.1096 0.0170 0.0039 
     SETANTA 0.4843 0.1052 0.0270 0.0754 0.1110 0.0593 0.0574 0.0804 
 SHARPE'S_EX 0.0091 0.0158 0.0889 0.0989 0.0240 0.5614 0.1167 0.0852 
     SHELAGH 0.1291 0.0868 0.1076 0.0416 0.2423 0.2681 0.0119 0.1126 
    SHELFORD 0.0019 0.0182 0.2154 0.2935 0.2362 0.1319 0.0693 0.0335 
     SHEPODY 0.0077 0.1436 0.1773 0.0020 0.1569 0.1360 0.3705 0.0060 
      SLANEY 0.1708 0.0077 0.0488 0.1121 0.3732 0.0056 0.0493 0.2325 
        SPEY 0.1968 0.0297 0.0833 0.0441 0.4177 0.0031 0.0099 0.2155 
      SPUNTA 0.1528 0.0371 0.0496 0.3136 0.1446 0.1885 0.0499 0.0640 
     STAMINA 0.0367 0.0360 0.0422 0.0070 0.2109 0.0024 0.0596 0.6052 
    STEMSTER 0.0092 0.1510 0.0800 0.1836 0.1011 0.1517 0.0244 0.2991 
 STORMONT_EN 0.0140 0.3035 0.0116 0.0934 0.1283 0.1639 0.1169 0.1684 
    STIRLING 0.3460 0.0605 0.1482 0.0116 0.2456 0.0082 0.1351 0.0449 
     SYLVANA 0.0506 0.2280 0.0917 0.2110 0.0734 0.0279 0.2144 0.1030 
         TAY 0.4617 0.0384 0.0063 0.0721 0.1673 0.0154 0.0183 0.2204 
      TIMATE 0.0499 0.2286 0.1823 0.3592 0.0047 0.0259 0.0334 0.1161 
      TOLUCA 0.0462 0.1873 0.1903 0.3214 0.1669 0.0188 0.0647 0.0045 
    TORRIDON 0.1520 0.1905 0.2451 0.0426 0.2336 0.0906 0.0274 0.0181 
 ULSTER_SCEP 0.1336 0.1685 0.0176 0.0070 0.0440 0.0291 0.3190 0.2812 
 UMATILLA_RU 0.0598 0.1067 0.0424 0.0579 0.0462 0.3806 0.0424 0.2640 
 VALES_EMERA 0.2437 0.0146 0.0426 0.3519 0.0321 0.0832 0.0621 0.1697 
 VALES_EVERE 0.3312 0.0149 0.0272 0.0097 0.3084 0.1353 0.0554 0.1178 
 VALES_RUSSE 0.0872 0.0082 0.1525 0.1348 0.0139 0.1777 0.4094 0.0164 
 VALES_SOVER 0.0770 0.0347 0.0053 0.0151 0.5668 0.0034 0.0059 0.2918 
       VALOR 0.2355 0.0959 0.0124 0.0064 0.3796 0.0029 0.0047 0.2626 
    VAN_GOGH 0.0750 0.3743 0.1904 0.1196 0.0065 0.1456 0.0163 0.0723 
     VANTAGE 0.0023 0.3248 0.1288 0.0131 0.0523 0.2656 0.1914 0.0216 
       VERDI 0.0167 0.1991 0.1504 0.2673 0.0671 0.1860 0.0151 0.0983 
    VICTORIA 0.1016 0.0920 0.4575 0.0971 0.0227 0.0135 0.1897 0.0260 
     VIVALDI 0.0116 0.3827 0.1524 0.1438 0.0951 0.0103 0.2007 0.0034 
       WILJA 0.0018 0.4844 0.1673 0.0019 0.0751 0.1667 0.0899 0.0129 
     WINSTON 0.1588 0.0388 0.0027 0.1765 0.1629 0.0026 0.0816 0.3761 
      XD2-21 0.1227 0.1551 0.0033 0.0819 0.1570 0.1443 0.2748 0.0610 
  YUKON_GOLD 0.2504 0.0290 0.0934 0.2247 0.0075 0.0034 0.2653 0.1264 
       ZORBA 0.0353 0.2258 0.3245 0.0041 0.1026 0.1183 0.1815 0.0078 
