  00C133-020 0.5913 0.3556 0.0237 0.0293 
 01C_071-002 0.2369 0.2932 0.2722 0.1978 
 02M_012-001 0.6337 0.0276 0.1357 0.2029 
 03M_016-002 0.3698 0.1238 0.0155 0.4909 
 03M_034-002 0.5679 0.1914 0.0257 0.2150 
 04C_055-004 0.5191 0.0506 0.3219 0.1084 
 04C_126-005 0.3846 0.3838 0.1250 0.1066 
 04M_034-013 0.4890 0.0704 0.1173 0.3233 
 05M_002-001 0.1701 0.2051 0.4277 0.1971 
 05M_004-003 0.2502 0.3374 0.3827 0.0297 
 05M_012-004 0.2490 0.4288 0.2035 0.1187 
 06C_127-002 0.4380 0.2194 0.2767 0.0659 
 12288_AF_23 0.5095 0.3086 0.1527 0.0292 
    12601AB1 0.4888 0.0188 0.0119 0.4804 
   12636_A_2 0.5445 0.2158 0.0095 0.2303 
  15119_AC_5 0.2944 0.4987 0.0047 0.2022 
     1512C16 0.0855 0.4286 0.1492 0.3366 
   15144_A_3 0.1591 0.6002 0.2151 0.0256 
     1563C14 0.0363 0.1131 0.3384 0.5123 
     2182EF7 0.1924 0.5816 0.1059 0.1201 
     3681AD1 0.1220 0.4591 0.3053 0.1136 
     5008AB6 0.1381 0.3460 0.3936 0.1223 
    8204_A_4 0.3036 0.4862 0.1726 0.0376 
       AGRIA 0.1094 0.0472 0.7142 0.1293 
       AILSA 0.6329 0.0503 0.1464 0.1704 
      ALMERA 0.0890 0.2618 0.5314 0.1179 
       ALPHA 0.0585 0.2263 0.4036 0.3116 
      ALWARA 0.1068 0.3546 0.4789 0.0597 
      AMADRA 0.2493 0.0680 0.4737 0.2090 
       AMOUR 0.4995 0.4262 0.0290 0.0452 
        ANNA 0.1115 0.7777 0.0045 0.1063 
   ANNABELLE 0.0420 0.1403 0.7321 0.0857 
        ANYA 0.1287 0.1314 0.5022 0.2377 
       ARGOS 0.3239 0.5917 0.0676 0.0168 
     ARIELLE 0.0541 0.2104 0.5634 0.1721 
      ARKULA 0.0293 0.3060 0.4712 0.1936 
      ARMADA 0.1359 0.2588 0.4132 0.1921 
   AVALANCHE 0.4480 0.2669 0.1695 0.1155 
     BAILLIE 0.5274 0.2258 0.1945 0.0524 
    BALMORAL 0.1143 0.6940 0.1026 0.0891 
     BAMBINO 0.5646 0.2893 0.1071 0.0390 
       BARNA 0.2149 0.4721 0.2576 0.0554 
 BELLE_DE_FO 0.0035 0.0922 0.0077 0.8965 
       BENOL 0.6296 0.0429 0.1114 0.2161 
       BF_15 0.0062 0.0891 0.1481 0.7566 
      BINTJE 0.0909 0.2620 0.2174 0.4296 
 BIONICA_EX_ 0.1867 0.3306 0.3059 0.1768 
 BLUE_DANUBE 0.0416 0.3472 0.3846 0.2266 
      BONNIE 0.3231 0.3318 0.2863 0.0588 
      BOUNTY 0.5199 0.3283 0.1106 0.0412 
 BRITISH_QUE 0.0110 0.4102 0.0223 0.5565 
     BRODICK 0.6520 0.1230 0.2013 0.0237 
      BRODIE 0.2040 0.6614 0.0102 0.1244 
      BUCHAN 0.2957 0.5577 0.0545 0.0921 
      BURREN 0.1892 0.4775 0.2258 0.1074 
     CABARET 0.5471 0.1167 0.0089 0.3273 
      CAESAR 0.1136 0.2479 0.6299 0.0086 
        CARA 0.2601 0.6975 0.0141 0.0283 
 CARLINGFORD 0.2152 0.4907 0.1866 0.1076 
  CASABLANCA 0.3702 0.4887 0.1297 0.0115 
      CELINE 0.1332 0.3702 0.3733 0.1233 
  CHALLENGER 0.2246 0.1158 0.4413 0.2183 
   CHARLOTTE 0.2452 0.0207 0.6019 0.1322 
     CHICAGO 0.5362 0.0177 0.3401 0.1060 
   CHIEFTAIN 0.1473 0.3950 0.2328 0.2249 
      CHOPIN 0.0675 0.3019 0.5057 0.1249 
      CLARET 0.2433 0.6514 0.0721 0.0332 
      CORINE 0.2351 0.4093 0.1866 0.1691 
      COSMOS 0.1157 0.2955 0.4144 0.1744 
     COURAGE 0.1130 0.3169 0.3993 0.1708 
     COURLAN 0.1858 0.3271 0.3215 0.1655 
 CRAIGS_ROYA 0.3262 0.5320 0.0144 0.1275 
 CRAIGS_SNOW 0.1942 0.3253 0.0510 0.4294 
     CRAMOND 0.5560 0.2562 0.1533 0.0345 
 CRISPS_FOR_ 0.1627 0.2159 0.4939 0.1274 
    CROMWELL 0.6563 0.0140 0.0652 0.2645 
       D22/1 0.5270 0.2081 0.0110 0.2539 
       D23/3 0.4032 0.1510 0.0490 0.3967 
      D47-11 0.6637 0.0145 0.0090 0.3128 
       D49/1 0.7469 0.0045 0.0350 0.2136 
       DAISY 0.4871 0.0259 0.2304 0.2567 
 DARK_RED_NO 0.1105 0.4192 0.2249 0.2454 
     DARWINA 0.1036 0.2346 0.4424 0.2194 
     DESIREE 0.0185 0.3360 0.4627 0.1828 
       DITTA 0.0381 0.1744 0.5638 0.2237 
 DR._MCINTOS 0.1500 0.6023 0.0644 0.1833 
       DRAGA 0.1980 0.4328 0.2966 0.0726 
 DUKE_OF_YOR 0.0045 0.3445 0.1329 0.5181 
 DUNBAR_STAN 0.1977 0.3628 0.0116 0.4278 
     DUNDROD 0.5365 0.1119 0.1231 0.2285 
     ECLIPSE 0.1445 0.1339 0.1749 0.5467 
        EDEN 0.7170 0.0173 0.0109 0.2548 
 EDZELL_BLUE 0.1046 0.2685 0.2177 0.4092 
   ELISABETH 0.2392 0.1148 0.6183 0.0277 
     EMPEROR 0.2650 0.2431 0.3690 0.1229 
         EOS 0.3377 0.1875 0.3960 0.0788 
     EPICURE 0.0586 0.2871 0.1757 0.4786 
  ERNTESTOLZ 0.0596 0.2471 0.3573 0.3359 
      ESCORT 0.2239 0.1486 0.5988 0.0287 
   ESMERALDA 0.2021 0.1846 0.4152 0.1981 
      ESTIMA 0.1707 0.1909 0.4418 0.1966 
 EVE_BALFOUR 0.2768 0.4591 0.0227 0.2415 
   EXCALIBUR 0.5960 0.3364 0.0627 0.0049 
     EXQUISA 0.0273 0.1271 0.6564 0.1893 
    FESTIVAL 0.2041 0.1372 0.6280 0.0307 
      FIANNA 0.0916 0.4798 0.3535 0.0752 
   FIFTYFOLD 0.1360 0.1404 0.1080 0.6157 
     FONTANE 0.2216 0.1149 0.5405 0.1230 
   FORTYFOLD 0.0056 0.2087 0.1241 0.6617 
 FRONTIER_RU 0.1697 0.2745 0.2499 0.3059 
     G.81071 0.2483 0.4186 0.1920 0.1411 
     G.88661 0.2998 0.3983 0.2482 0.0537 
    G.886611 0.3412 0.3807 0.2583 0.0199 
  G.8867Y%12 0.1854 0.5226 0.2653 0.0267 
     G.88839 0.0293 0.0414 0.8923 0.0369 
     G.88842 0.0576 0.3364 0.5608 0.0453 
   GALACTICA 0.0347 0.5342 0.1964 0.2346 
      GEMSON 0.2157 0.5145 0.0485 0.2213 
  GL.76B/102 0.1765 0.0473 0.3462 0.4300 
   GL.76B/94 0.0086 0.1847 0.2260 0.5807 
  GL.77M/106 0.3932 0.2618 0.1525 0.1926 
   GL.78/166 0.0517 0.1294 0.1270 0.6918 
    GL.78/53 0.2907 0.0103 0.1263 0.5728 
    GL.78/97 0.1577 0.0334 0.1908 0.6181 
    GL.79/42 0.2097 0.0061 0.2132 0.5710 
    GL.79/45 0.1728 0.0412 0.1883 0.5978 
 GL.81_NT_25 0.5201 0.0357 0.0136 0.4306 
   GLADIATOR 0.1936 0.3214 0.4475 0.0375 
      GLAMIS 0.4804 0.1807 0.2363 0.1027 
 GOLDEN_MILL 0.6053 0.1650 0.1246 0.1051 
 GOLDEN_NUGG 0.1755 0.3930 0.3897 0.0418 
 GOLDEN_WOND 0.0855 0.1092 0.1597 0.6456 
     GRANOLA 0.2167 0.0268 0.6381 0.1184 
    H1H3_101 0.6183 0.0043 0.0040 0.3733 
      H1H3_3 0.4806 0.2209 0.0525 0.2461 
 HARBOROUGH_ 0.7939 0.0776 0.1052 0.0233 
   HARLEQUIN 0.2423 0.0504 0.5182 0.1891 
      HERMES 0.1064 0.2488 0.4691 0.1757 
 HIGHLAND_BU 0.0214 0.0712 0.0291 0.8783 
  HOME_GUARD 0.2659 0.3618 0.0523 0.3200 
     HORIZON 0.0933 0.1955 0.4016 0.3096 
   INNOVATOR 0.0100 0.5385 0.0966 0.3549 
 INTERNATION 0.0064 0.0391 0.0120 0.9425 
 ISLE_OF_JUR 0.5028 0.2052 0.1352 0.1568 
    JULIETTE 0.1145 0.0191 0.8042 0.0622 
     KARLENA 0.0767 0.4481 0.1850 0.2902 
 KERR'S_PINK 0.1398 0.2777 0.0145 0.5681 
     KESTREL 0.5254 0.4253 0.0364 0.0129 
       KIFLI 0.2018 0.0094 0.6138 0.1750 
 KING_EDWARD 0.1217 0.0109 0.0451 0.8223 
    KINGSTON 0.5501 0.1150 0.1242 0.2107 
 KUFRI_CHAND 0.1381 0.3861 0.1751 0.3008 
 KUFRI_JYOTI 0.1306 0.4572 0.2433 0.1689 
      KURODA 0.0484 0.3598 0.4921 0.0997 
 LADY_BALFOU 0.2772 0.5114 0.0340 0.1774 
 LADY_CHRIST 0.0821 0.1755 0.3814 0.3610 
 LADY_CLAIRE 0.0131 0.1094 0.5960 0.2815 
     LADY_JO 0.0222 0.2158 0.3429 0.4190 
 LADY_ROSETT 0.1768 0.2388 0.3859 0.1984 
    LIBERTAS 0.0121 0.2769 0.3149 0.3962 
       LINDA 0.0485 0.0210 0.6843 0.2462 
      LINTON 0.2229 0.2652 0.3832 0.1286 
 LINZER_DELI 0.0825 0.0732 0.6091 0.2352 
   LIONHEART 0.0859 0.3397 0.4375 0.1369 
   MADELEINE 0.1460 0.0972 0.6450 0.1118 
   MADINGLEY 0.2100 0.2143 0.4860 0.0897 
    MAJESTIC 0.1129 0.5569 0.1252 0.2050 
     MARABEL 0.0509 0.1993 0.7081 0.0416 
     MARFONA 0.0766 0.3303 0.3259 0.2673 
     MARILYN 0.0882 0.2163 0.5721 0.1235 
 MARIS_ANCHO 0.1097 0.2384 0.3787 0.2733 
  MARIS_BARD 0.2669 0.4454 0.0246 0.2631 
  MARIS_PEER 0.2412 0.4604 0.0417 0.2567 
 MARIS_PIPER 0.7936 0.0068 0.0129 0.1866 
     MARKIES 0.0483 0.1233 0.6439 0.1845 
      MAXINE 0.4780 0.3194 0.0959 0.1067 
      MEGARA 0.1052 0.0995 0.6739 0.1213 
      MELODY 0.1336 0.2190 0.4379 0.2095 
       MIDAS 0.5053 0.0076 0.3247 0.1624 
       MILVA 0.0510 0.1184 0.6023 0.2282 
        MIMI 0.3773 0.2176 0.2709 0.1342 
        MIRA 0.0161 0.2454 0.4478 0.2907 
       MOIRA 0.1122 0.3143 0.3829 0.1905 
    MONTROSE 0.6643 0.0212 0.0320 0.2825 
       MORAG 0.2619 0.4692 0.0245 0.2444 
      MORENE 0.0067 0.3271 0.4232 0.2430 
      MOZART 0.1538 0.1475 0.6926 0.0061 
 MYATT'S_ASH 0.0060 0.0807 0.0999 0.8134 
      NADINE 0.5329 0.1717 0.2779 0.0175 
       NAVAN 0.7269 0.1432 0.0341 0.0958 
 NDTX_4271_5 0.3406 0.2514 0.2901 0.1179 
      NICOLA 0.0081 0.0281 0.7277 0.2361 
     NOVELLA 0.1017 0.3506 0.4729 0.0747 
     OLYMPUS 0.4382 0.2542 0.1286 0.1789 
       OPERA 0.1899 0.2547 0.4983 0.0571 
   ORCHESTRA 0.1922 0.0749 0.6161 0.1168 
      ORIANA 0.0092 0.3959 0.4468 0.1482 
     OTHELLO 0.3074 0.6482 0.0244 0.0200 
     PALADIN 0.6640 0.0295 0.0154 0.2910 
       PANDA 0.1801 0.0371 0.7404 0.0425 
   PARAMOUNT 0.1093 0.5643 0.2526 0.0738 
    PATRONES 0.0755 0.2598 0.3630 0.3018 
 PENTLAND_AC 0.2244 0.3395 0.2095 0.2266 
 PENTLAND_BE 0.0297 0.4179 0.0139 0.5385 
 PENTLAND_CR 0.1973 0.4370 0.2077 0.1581 
 PENTLAND_DE 0.1684 0.4771 0.0466 0.3080 
 PENTLAND_IV 0.2423 0.4671 0.1305 0.1601 
 PENTLAND_JA 0.1260 0.4965 0.1506 0.2270 
 PENTLAND_MA 0.0391 0.5096 0.3029 0.1484 
 PENTLAND_SQ 0.1949 0.4106 0.1532 0.2412 
   PEPO_1978 0.1429 0.0642 0.6242 0.1687 
     PICASSO 0.1963 0.6075 0.1886 0.0075 
   PIMPERNEL 0.0893 0.1749 0.4941 0.2418 
     PIONEER 0.0959 0.0185 0.6877 0.1979 
       PIXIE 0.4676 0.3347 0.1878 0.0099 
    PREMIERE 0.0480 0.2784 0.3079 0.3657 
   PRODUCENT 0.2307 0.1032 0.4890 0.1771 
     PROVOST 0.1071 0.4662 0.2026 0.2241 
  R.P.LUSTRE 0.2961 0.1632 0.2317 0.3089 
 RANGER_RUSS 0.0041 0.5250 0.0650 0.4058 
       RATTE 0.2371 0.0228 0.2055 0.5346 
      RECORD 0.0072 0.2252 0.4075 0.3602 
   REMBRANDT 0.1289 0.1808 0.4487 0.2416 
    RIO_ROJO 0.1664 0.4119 0.2560 0.1657 
      ROBIJN 0.0082 0.1469 0.4843 0.3607 
      ROCKET 0.5526 0.1811 0.0241 0.2421 
   RODE_STAR 0.0478 0.0117 0.5180 0.4224 
      ROMANO 0.1207 0.4031 0.4492 0.0271 
       ROMEO 0.1938 0.3523 0.2484 0.2054 
     ROOSTER 0.1882 0.4259 0.2185 0.1674 
       ROYAL 0.3848 0.0173 0.4523 0.1456 
 ROYAL_KIDNE 0.0049 0.4179 0.0068 0.5704 
     RUBESSE 0.1191 0.2866 0.4560 0.1383 
 RUSSET_BURB 0.0660 0.4539 0.1694 0.3106 
 RUSSET_NORK 0.1617 0.3759 0.1986 0.2639 
      SAFARI 0.0866 0.4286 0.4481 0.0367 
     SANTANA 0.1485 0.2712 0.3900 0.1903 
       SANTE 0.2001 0.1834 0.4700 0.1465 
     SAPHIRE 0.1241 0.3794 0.4223 0.0743 
  SARPO_MIRA 0.1278 0.0955 0.5744 0.2023 
 SARPO_SHONA 0.1210 0.1284 0.6317 0.1189 
       SASSY 0.1159 0.2197 0.3497 0.3147 
     SATURNA 0.0507 0.0130 0.6062 0.3301 
        SAVA 0.1818 0.1364 0.5748 0.1070 
       SAXON 0.6163 0.1458 0.0787 0.1593 
 SCARBOROUGH 0.8251 0.0272 0.0597 0.0880 
 SEFTON_WOND 0.1849 0.2694 0.0077 0.5380 
    SERAFINA 0.0622 0.1642 0.6185 0.1551 
     SETANTA 0.4160 0.3097 0.2112 0.0631 
 SHARPE'S_EX 0.1167 0.0908 0.1153 0.6772 
     SHELAGH 0.2254 0.3361 0.1381 0.3004 
    SHELFORD 0.0563 0.2619 0.4369 0.2448 
     SHEPODY 0.0107 0.6050 0.0240 0.3603 
      SLANEY 0.4147 0.4658 0.1064 0.0131 
        SPEY 0.3982 0.5141 0.0821 0.0055 
      SPUNTA 0.2129 0.1806 0.3781 0.2285 
     STAMINA 0.6767 0.2869 0.0289 0.0075 
    STEMSTER 0.3444 0.1264 0.3057 0.2235 
 STORMONT_EN 0.1892 0.3293 0.2184 0.2630 
    STIRLING 0.2773 0.5733 0.1298 0.0197 
     SYLVANA 0.1463 0.3175 0.3867 0.1495 
         TAY 0.5507 0.3043 0.1310 0.0140 
      TIMATE 0.1760 0.0270 0.6886 0.1083 
      TOLUCA 0.0237 0.2988 0.5923 0.0851 
    TORRIDON 0.1053 0.4237 0.3091 0.1619 
 ULSTER_SCEP 0.3530 0.4217 0.0341 0.1912 
 UMATILLA_RU 0.3376 0.0939 0.1346 0.4339 
 VALES_EMERA 0.3530 0.1159 0.4110 0.1201 
 VALES_EVERE 0.3879 0.4575 0.0245 0.1301 
 VALES_RUSSE 0.0919 0.3330 0.1892 0.3859 
 VALES_SOVER 0.4234 0.5603 0.0116 0.0047 
       VALOR 0.4753 0.4804 0.0392 0.0052 
    VAN_GOGH 0.1137 0.1479 0.5203 0.2181 
     VANTAGE 0.0164 0.3018 0.2425 0.4393 
       VERDI 0.1450 0.0981 0.5197 0.2372 
    VICTORIA 0.0660 0.2743 0.4980 0.1617 
     VIVALDI 0.0076 0.4138 0.4727 0.1059 
       WILJA 0.0131 0.3921 0.2817 0.3130 
     WINSTON 0.5505 0.2847 0.1537 0.0110 
      XD2-21 0.1761 0.4587 0.0980 0.2672 
  YUKON_GOLD 0.3122 0.2689 0.3708 0.0481 
       ZORBA 0.0284 0.4217 0.3040 0.2459 
