  00C133-020 0.3591 0.0222 0.0247 0.5940 
 01C_071-002 0.2925 0.2767 0.1964 0.2344 
 02M_012-001 0.0237 0.1355 0.1995 0.6414 
 03M_016-002 0.1255 0.0147 0.4872 0.3726 
 03M_034-002 0.1959 0.0264 0.2102 0.5674 
 04C_055-004 0.0490 0.3271 0.1035 0.5204 
 04C_126-005 0.3873 0.1266 0.1048 0.3812 
 04M_034-013 0.0685 0.1178 0.3216 0.4921 
 05M_002-001 0.1965 0.4352 0.1945 0.1738 
 05M_004-003 0.3412 0.3854 0.0268 0.2466 
 05M_012-004 0.4267 0.2054 0.1228 0.2450 
 06C_127-002 0.2213 0.2807 0.0633 0.4347 
 12288_AF_23 0.3087 0.1567 0.0274 0.5072 
    12601AB1 0.0165 0.0125 0.4774 0.4936 
   12636_A_2 0.2140 0.0099 0.2297 0.5464 
  15119_AC_5 0.5040 0.0049 0.2027 0.2884 
     1512C16 0.4300 0.1493 0.3396 0.0811 
   15144_A_3 0.6027 0.2165 0.0265 0.1543 
     1563C14 0.1038 0.3388 0.5129 0.0446 
     2182EF7 0.5842 0.1076 0.1234 0.1849 
     3681AD1 0.4598 0.3079 0.1134 0.1189 
     5008AB6 0.3482 0.3987 0.1187 0.1344 
    8204_A_4 0.4891 0.1708 0.0422 0.2978 
       AGRIA 0.0399 0.7258 0.1262 0.1080 
       AILSA 0.0471 0.1471 0.1694 0.6364 
      ALMERA 0.2631 0.5422 0.1158 0.0788 
       ALPHA 0.2228 0.4144 0.3095 0.0533 
      ALWARA 0.3513 0.4846 0.0655 0.0986 
      AMADRA 0.0729 0.4745 0.2059 0.2467 
       AMOUR 0.4328 0.0252 0.0438 0.4982 
        ANNA 0.7798 0.0052 0.1079 0.1071 
   ANNABELLE 0.1424 0.7397 0.0826 0.0354 
        ANYA 0.1309 0.5067 0.2384 0.1239 
       ARGOS 0.5928 0.0707 0.0150 0.3215 
     ARIELLE 0.2105 0.5694 0.1682 0.0520 
      ARKULA 0.3044 0.4796 0.1912 0.0249 
      ARMADA 0.2610 0.4175 0.1908 0.1307 
   AVALANCHE 0.2664 0.1739 0.1120 0.4477 
     BAILLIE 0.2226 0.2024 0.0491 0.5260 
    BALMORAL 0.6955 0.1063 0.0925 0.1057 
     BAMBINO 0.2883 0.1144 0.0338 0.5635 
       BARNA 0.4739 0.2574 0.0587 0.2099 
 BELLE_DE_FO 0.0867 0.0073 0.9016 0.0044 
       BENOL 0.0401 0.1137 0.2112 0.6350 
       BF_15 0.0856 0.1484 0.7597 0.0063 
      BINTJE 0.2581 0.2225 0.4287 0.0906 
 BIONICA_EX_ 0.3286 0.3069 0.1803 0.1841 
 BLUE_DANUBE 0.3420 0.3931 0.2246 0.0403 
      BONNIE 0.3294 0.2929 0.0561 0.3216 
      BOUNTY 0.3286 0.1139 0.0399 0.5176 
 BRITISH_QUE 0.4091 0.0201 0.5607 0.0102 
     BRODICK 0.1264 0.2042 0.0166 0.6528 
      BRODIE 0.6596 0.0079 0.1281 0.2044 
      BUCHAN 0.5569 0.0521 0.0979 0.2931 
      BURREN 0.4814 0.2233 0.1080 0.1873 
     CABARET 0.1194 0.0091 0.3220 0.5495 
      CAESAR 0.2447 0.6404 0.0089 0.1060 
        CARA 0.7024 0.0116 0.0305 0.2555 
 CARLINGFORD 0.4889 0.1939 0.1085 0.2088 
  CASABLANCA 0.4907 0.1324 0.0097 0.3673 
      CELINE 0.3735 0.3787 0.1166 0.1311 
  CHALLENGER 0.1157 0.4442 0.2165 0.2235 
   CHARLOTTE 0.0201 0.6084 0.1267 0.2448 
     CHICAGO 0.0164 0.3472 0.0971 0.5392 
   CHIEFTAIN 0.3891 0.2377 0.2262 0.1470 
      CHOPIN 0.3004 0.5110 0.1225 0.0661 
      CLARET 0.6536 0.0740 0.0358 0.2366 
      CORINE 0.4106 0.1874 0.1691 0.2329 
      COSMOS 0.2919 0.4221 0.1734 0.1126 
     COURAGE 0.3162 0.4043 0.1689 0.1106 
     COURLAN 0.3232 0.3289 0.1624 0.1855 
 CRAIGS_ROYA 0.5342 0.0120 0.1288 0.3251 
 CRAIGS_SNOW 0.3200 0.0551 0.4299 0.1950 
     CRAMOND 0.2540 0.1595 0.0305 0.5559 
 CRISPS_FOR_ 0.2089 0.5066 0.1248 0.1597 
    CROMWELL 0.0156 0.0597 0.2612 0.6635 
       D22/1 0.2100 0.0098 0.2496 0.5306 
       D23/3 0.1543 0.0451 0.3971 0.4035 
      D47-11 0.0136 0.0092 0.3074 0.6698 
       D49/1 0.0042 0.0310 0.2119 0.7529 
       DAISY 0.0188 0.2388 0.2519 0.4905 
 DARK_RED_NO 0.4180 0.2260 0.2466 0.1094 
     DARWINA 0.2304 0.4481 0.2186 0.1029 
     DESIREE 0.3348 0.4668 0.1840 0.0144 
       DITTA 0.1683 0.5708 0.2272 0.0337 
 DR._MCINTOS 0.5959 0.0783 0.1813 0.1446 
       DRAGA 0.4289 0.3037 0.0738 0.1937 
 DUKE_OF_YOR 0.3371 0.1379 0.5205 0.0046 
 DUNBAR_STAN 0.3598 0.0107 0.4307 0.1988 
     DUNDROD 0.1082 0.1268 0.2260 0.5390 
     ECLIPSE 0.1315 0.1736 0.5511 0.1438 
        EDEN 0.0139 0.0126 0.2508 0.7227 
 EDZELL_BLUE 0.2701 0.2192 0.4123 0.0985 
   ELISABETH 0.1161 0.6233 0.0250 0.2357 
     EMPEROR 0.2435 0.3712 0.1217 0.2636 
         EOS 0.1872 0.4037 0.0731 0.3360 
     EPICURE 0.2840 0.1733 0.4812 0.0615 
  ERNTESTOLZ 0.2472 0.3631 0.3354 0.0543 
      ESCORT 0.1469 0.6070 0.0256 0.2205 
   ESMERALDA 0.1827 0.4244 0.1946 0.1984 
      ESTIMA 0.1901 0.4511 0.1907 0.1681 
 EVE_BALFOUR 0.4596 0.0240 0.2403 0.2762 
   EXCALIBUR 0.3418 0.0602 0.0047 0.5934 
     EXQUISA 0.1284 0.6562 0.1926 0.0228 
    FESTIVAL 0.1374 0.6374 0.0276 0.1975 
      FIANNA 0.4760 0.3624 0.0737 0.0879 
   FIFTYFOLD 0.1429 0.1027 0.6181 0.1362 
     FONTANE 0.1118 0.5469 0.1242 0.2171 
   FORTYFOLD 0.2095 0.1210 0.6640 0.0055 
 FRONTIER_RU 0.2684 0.2557 0.3079 0.1680 
     G.81071 0.4197 0.1945 0.1415 0.2444 
     G.88661 0.3953 0.2576 0.0512 0.2959 
    G.886611 0.3804 0.2633 0.0163 0.3399 
  G.8867Y%12 0.5189 0.2781 0.0255 0.1775 
     G.88839 0.0330 0.9051 0.0324 0.0295 
     G.88842 0.3332 0.5735 0.0426 0.0507 
   GALACTICA 0.5380 0.1980 0.2357 0.0283 
      GEMSON 0.5197 0.0417 0.2248 0.2138 
  GL.76B/102 0.0389 0.3545 0.4276 0.1790 
   GL.76B/94 0.1786 0.2313 0.5809 0.0091 
  GL.77M/106 0.2617 0.1541 0.1923 0.3920 
   GL.78/166 0.1214 0.1336 0.6898 0.0552 
    GL.78/53 0.0101 0.1290 0.5685 0.2923 
    GL.78/97 0.0324 0.1927 0.6161 0.1587 
    GL.79/42 0.0058 0.2144 0.5670 0.2128 
    GL.79/45 0.0427 0.1832 0.5977 0.1764 
 GL.81_NT_25 0.0342 0.0125 0.4271 0.5261 
   GLADIATOR 0.3136 0.4584 0.0343 0.1937 
      GLAMIS 0.1761 0.2444 0.0979 0.4816 
 GOLDEN_MILL 0.1691 0.1234 0.1041 0.6034 
 GOLDEN_NUGG 0.3941 0.3965 0.0355 0.1739 
 GOLDEN_WOND 0.1083 0.1587 0.6477 0.0853 
     GRANOLA 0.0251 0.6476 0.1126 0.2147 
    H1H3_101 0.0043 0.0037 0.3667 0.6253 
      H1H3_3 0.2239 0.0481 0.2439 0.4841 
 HARBOROUGH_ 0.0714 0.1122 0.0207 0.7956 
   HARLEQUIN 0.0423 0.5294 0.1873 0.2410 
      HERMES 0.2444 0.4785 0.1750 0.1022 
 HIGHLAND_BU 0.0737 0.0247 0.8790 0.0227 
  HOME_GUARD 0.3602 0.0537 0.3197 0.2664 
     HORIZON 0.1945 0.4080 0.3043 0.0932 
   INNOVATOR 0.5335 0.0977 0.3594 0.0094 
 INTERNATION 0.0348 0.0107 0.9468 0.0077 
 ISLE_OF_JUR 0.2141 0.1254 0.1608 0.4997 
    JULIETTE 0.0197 0.8105 0.0590 0.1109 
     KARLENA 0.4456 0.1878 0.2892 0.0775 
 KERR'S_PINK 0.2746 0.0151 0.5711 0.1392 
     KESTREL 0.4273 0.0360 0.0126 0.5240 
       KIFLI 0.0093 0.6161 0.1783 0.1963 
 KING_EDWARD 0.0103 0.0415 0.8241 0.1241 
    KINGSTON 0.1139 0.1264 0.2059 0.5537 
 KUFRI_CHAND 0.3819 0.1794 0.3016 0.1370 
 KUFRI_JYOTI 0.4661 0.2415 0.1685 0.1239 
      KURODA 0.3543 0.5031 0.0987 0.0439 
 LADY_BALFOU 0.5129 0.0295 0.1818 0.2758 
 LADY_CHRIST 0.1727 0.3866 0.3595 0.0813 
 LADY_CLAIRE 0.1049 0.6024 0.2776 0.0151 
     LADY_JO 0.2144 0.3462 0.4173 0.0222 
 LADY_ROSETT 0.2385 0.3912 0.2014 0.1689 
    LIBERTAS 0.2741 0.3202 0.3944 0.0113 
       LINDA 0.0221 0.6890 0.2443 0.0446 
      LINTON 0.2637 0.3871 0.1273 0.2218 
 LINZER_DELI 0.0704 0.6167 0.2328 0.0801 
   LIONHEART 0.3377 0.4444 0.1361 0.0818 
   MADELEINE 0.0966 0.6556 0.1070 0.1408 
   MADINGLEY 0.2109 0.4925 0.0897 0.2069 
    MAJESTIC 0.5535 0.1254 0.2100 0.1111 
     MARABEL 0.1987 0.7158 0.0357 0.0497 
     MARFONA 0.3250 0.3327 0.2701 0.0721 
     MARILYN 0.2154 0.5798 0.1233 0.0814 
 MARIS_ANCHO 0.2350 0.3805 0.2715 0.1130 
  MARIS_BARD 0.4489 0.0205 0.2632 0.2674 
  MARIS_PEER 0.4601 0.0424 0.2587 0.2389 
 MARIS_PIPER 0.0062 0.0131 0.1829 0.7978 
     MARKIES 0.1153 0.6548 0.1866 0.0433 
      MAXINE 0.3246 0.0922 0.1064 0.4768 
      MEGARA 0.0929 0.6818 0.1197 0.1056 
      MELODY 0.2225 0.4418 0.2080 0.1277 
       MIDAS 0.0068 0.3265 0.1577 0.5090 
       MILVA 0.1139 0.6088 0.2251 0.0522 
        MIMI 0.2172 0.2801 0.1273 0.3754 
        MIRA 0.2385 0.4532 0.2905 0.0178 
       MOIRA 0.3126 0.3893 0.1895 0.1086 
    MONTROSE 0.0258 0.0296 0.2771 0.6675 
       MORAG 0.4704 0.0228 0.2457 0.2611 
      MORENE 0.3248 0.4248 0.2450 0.0054 
      MOZART 0.1427 0.7041 0.0058 0.1474 
 MYATT'S_ASH 0.0856 0.0917 0.8175 0.0052 
      NADINE 0.1748 0.2778 0.0176 0.5298 
       NAVAN 0.1492 0.0319 0.0925 0.7263 
 NDTX_4271_5 0.2444 0.2972 0.1192 0.3392 
      NICOLA 0.0221 0.7319 0.2376 0.0084 
     NOVELLA 0.3493 0.4808 0.0792 0.0907 
     OLYMPUS 0.2539 0.1262 0.1790 0.4409 
       OPERA 0.2551 0.5046 0.0554 0.1849 
   ORCHESTRA 0.0702 0.6248 0.1137 0.1912 
      ORIANA 0.3927 0.4491 0.1504 0.0079 
     OTHELLO 0.6499 0.0276 0.0197 0.3028 
     PALADIN 0.0303 0.0122 0.2885 0.6690 
       PANDA 0.0352 0.7484 0.0416 0.1748 
   PARAMOUNT 0.5619 0.2597 0.0733 0.1051 
    PATRONES 0.2557 0.3704 0.2997 0.0742 
 PENTLAND_AC 0.3426 0.2106 0.2273 0.2195 
 PENTLAND_BE 0.4167 0.0143 0.5399 0.0291 
 PENTLAND_CR 0.4389 0.2049 0.1607 0.1956 
 PENTLAND_DE 0.4736 0.0471 0.3117 0.1676 
 PENTLAND_IV 0.4626 0.1364 0.1609 0.2401 
 PENTLAND_JA 0.4920 0.1576 0.2261 0.1243 
 PENTLAND_MA 0.5116 0.3112 0.1502 0.0270 
 PENTLAND_SQ 0.4064 0.1563 0.2439 0.1933 
   PEPO_1978 0.0695 0.6266 0.1645 0.1394 
     PICASSO 0.6106 0.1888 0.0067 0.1940 
   PIMPERNEL 0.1740 0.5008 0.2411 0.0841 
     PIONEER 0.0179 0.6936 0.1939 0.0946 
       PIXIE 0.3338 0.1944 0.0078 0.4640 
    PREMIERE 0.2798 0.3088 0.3633 0.0481 
   PRODUCENT 0.0983 0.4982 0.1724 0.2311 
     PROVOST 0.4676 0.1994 0.2251 0.1079 
  R.P.LUSTRE 0.1641 0.2310 0.3080 0.2969 
 RANGER_RUSS 0.5187 0.0661 0.4109 0.0042 
       RATTE 0.0209 0.2105 0.5298 0.2388 
      RECORD 0.2196 0.4158 0.3565 0.0080 
   REMBRANDT 0.1805 0.4552 0.2387 0.1256 
    RIO_ROJO 0.4067 0.2653 0.1656 0.1624 
      ROBIJN 0.1445 0.4910 0.3581 0.0064 
      ROCKET 0.1834 0.0223 0.2395 0.5549 
   RODE_STAR 0.0104 0.5218 0.4222 0.0456 
      ROMANO 0.4039 0.4580 0.0290 0.1090 
       ROMEO 0.3500 0.2520 0.2047 0.1933 
     ROOSTER 0.4283 0.2208 0.1714 0.1796 
       ROYAL 0.0162 0.4563 0.1421 0.3854 
 ROYAL_KIDNE 0.4147 0.0066 0.5738 0.0049 
     RUBESSE 0.2838 0.4636 0.1382 0.1144 
 RUSSET_BURB 0.4457 0.1768 0.3137 0.0639 
 RUSSET_NORK 0.3701 0.2031 0.2652 0.1616 
      SAFARI 0.4286 0.4571 0.0362 0.0781 
     SANTANA 0.2702 0.3941 0.1897 0.1460 
       SANTE 0.1867 0.4736 0.1446 0.1952 
     SAPHIRE 0.3779 0.4308 0.0709 0.1204 
  SARPO_MIRA 0.0921 0.5818 0.1983 0.1278 
 SARPO_SHONA 0.1249 0.6389 0.1162 0.1201 
       SASSY 0.2210 0.3513 0.3121 0.1155 
     SATURNA 0.0131 0.6119 0.3301 0.0449 
        SAVA 0.1311 0.5823 0.1087 0.1778 
       SAXON 0.1454 0.0810 0.1557 0.6180 
 SCARBOROUGH 0.0248 0.0654 0.0815 0.8283 
 SEFTON_WOND 0.2661 0.0073 0.5410 0.1857 
    SERAFINA 0.1594 0.6249 0.1549 0.0608 
     SETANTA 0.3091 0.2191 0.0581 0.4137 
 SHARPE'S_EX 0.0891 0.1171 0.6788 0.1150 
     SHELAGH 0.3363 0.1348 0.3036 0.2254 
    SHELFORD 0.2559 0.4408 0.2449 0.0583 
     SHEPODY 0.6017 0.0236 0.3646 0.0102 
      SLANEY 0.4688 0.1054 0.0129 0.4129 
        SPEY 0.5224 0.0776 0.0054 0.3946 
      SPUNTA 0.1842 0.3766 0.2306 0.2086 
     STAMINA 0.2913 0.0268 0.0070 0.6748 
    STEMSTER 0.1314 0.3064 0.2201 0.3421 
 STORMONT_EN 0.3311 0.2200 0.2606 0.1882 
    STIRLING 0.5782 0.1293 0.0207 0.2718 
     SYLVANA 0.3169 0.3920 0.1491 0.1419 
         TAY 0.3019 0.1340 0.0144 0.5497 
      TIMATE 0.0219 0.6994 0.1026 0.1762 
      TOLUCA 0.2955 0.5980 0.0866 0.0198 
    TORRIDON 0.4204 0.3154 0.1603 0.1039 
 ULSTER_SCEP 0.4209 0.0369 0.1913 0.3509 
 UMATILLA_RU 0.0836 0.1388 0.4334 0.3442 
 VALES_EMERA 0.1128 0.4175 0.1168 0.3529 
 VALES_EVERE 0.4566 0.0267 0.1299 0.3868 
 VALES_RUSSE 0.3267 0.1935 0.3893 0.0905 
 VALES_SOVER 0.5651 0.0104 0.0046 0.4199 
       VALOR 0.4814 0.0429 0.0047 0.4709 
    VAN_GOGH 0.1408 0.5282 0.2175 0.1134 
     VANTAGE 0.2985 0.2446 0.4399 0.0171 
       VERDI 0.0957 0.5247 0.2387 0.1409 
    VICTORIA 0.2700 0.5054 0.1582 0.0663 
     VIVALDI 0.4131 0.4736 0.1058 0.0076 
       WILJA 0.3908 0.2837 0.3133 0.0121 
     WINSTON 0.2912 0.1511 0.0102 0.5475 
      XD2-21 0.4590 0.0978 0.2708 0.1724 
  YUKON_GOLD 0.2640 0.3828 0.0420 0.3112 
       ZORBA 0.4184 0.3094 0.2459 0.0263 
