  00C133-020 0.2600 0.3875 0.0270 0.0715 0.0141 0.2204 0.0120 0.0075 
 01C_071-002 0.2501 0.1637 0.1490 0.0782 0.0192 0.0363 0.1214 0.1822 
 02M_012-001 0.0593 0.4417 0.1877 0.0139 0.0035 0.1799 0.0776 0.0363 
 03M_016-002 0.0145 0.3346 0.3336 0.0042 0.2115 0.0137 0.0279 0.0600 
 03M_034-002 0.0341 0.3244 0.1920 0.1842 0.0077 0.2528 0.0029 0.0020 
 04C_055-004 0.0330 0.4372 0.0672 0.0537 0.0594 0.0538 0.2799 0.0158 
 04C_126-005 0.2785 0.1914 0.1107 0.1158 0.0106 0.2176 0.0132 0.0622 
 04M_034-013 0.0066 0.3802 0.2186 0.0610 0.1362 0.0996 0.0840 0.0138 
 05M_002-001 0.0531 0.1179 0.0728 0.0525 0.1173 0.0725 0.1365 0.3774 
 05M_004-003 0.1611 0.1240 0.0057 0.1206 0.0204 0.1806 0.0174 0.3703 
 05M_012-004 0.1058 0.0905 0.0348 0.2124 0.1695 0.2575 0.0115 0.1182 
 06C_127-002 0.0734 0.1563 0.0191 0.0107 0.1165 0.3788 0.2367 0.0085 
 12288_AF_23 0.1786 0.3526 0.0076 0.0683 0.1075 0.1448 0.1341 0.0065 
    12601AB1 0.0044 0.1628 0.4535 0.0034 0.0024 0.3652 0.0029 0.0054 
   12636_A_2 0.1016 0.3210 0.1930 0.0095 0.0814 0.2833 0.0037 0.0066 
  15119_AC_5 0.5031 0.2371 0.1892 0.0322 0.0252 0.0035 0.0021 0.0077 
     1512C16 0.1335 0.0071 0.1947 0.0657 0.3059 0.1348 0.0975 0.0608 
   15144_A_3 0.6288 0.0124 0.0300 0.0045 0.0055 0.0507 0.2193 0.0489 
     1563C14 0.0564 0.0154 0.4147 0.0859 0.0829 0.0073 0.2267 0.1106 
     2182EF7 0.2405 0.0167 0.0301 0.0541 0.2410 0.2721 0.0110 0.1344 
     3681AD1 0.2419 0.0291 0.0590 0.2068 0.0307 0.1565 0.0143 0.2617 
     5008AB6 0.1888 0.0045 0.1097 0.2151 0.0085 0.2438 0.1370 0.0924 
    8204_A_4 0.2390 0.0388 0.0242 0.0678 0.1324 0.3649 0.0713 0.0617 
       AGRIA 0.0033 0.0294 0.0096 0.0077 0.0202 0.0989 0.1970 0.6339 
       AILSA 0.0059 0.4327 0.0985 0.0036 0.0699 0.2073 0.1756 0.0064 
      ALMERA 0.0284 0.0884 0.0103 0.2208 0.1632 0.0084 0.2137 0.2669 
       ALPHA 0.0249 0.0370 0.2235 0.4048 0.0946 0.0292 0.1660 0.0201 
      ALWARA 0.2847 0.0359 0.0336 0.2784 0.0304 0.0101 0.3118 0.0151 
      AMADRA 0.0111 0.1538 0.1582 0.2192 0.0127 0.0973 0.2294 0.1183 
       AMOUR 0.4057 0.3162 0.0318 0.0100 0.0193 0.1536 0.0319 0.0314 
        ANNA 0.6334 0.0060 0.1264 0.0278 0.0496 0.1362 0.0019 0.0187 
   ANNABELLE 0.0089 0.0085 0.0138 0.2945 0.0397 0.0665 0.3425 0.2258 
        ANYA 0.0768 0.0116 0.1849 0.0429 0.0906 0.1323 0.3924 0.0684 
       ARGOS 0.5017 0.2475 0.0054 0.0369 0.0721 0.0140 0.0397 0.0827 
     ARIELLE 0.0891 0.0407 0.0529 0.1632 0.1117 0.0037 0.3038 0.2350 
      ARKULA 0.0573 0.0095 0.1178 0.4507 0.0709 0.0655 0.1608 0.0674 
      ARMADA 0.0327 0.1345 0.1142 0.4117 0.0924 0.0126 0.1811 0.0207 
   AVALANCHE 0.0814 0.4285 0.0117 0.1745 0.1195 0.0143 0.0137 0.1564 
     BAILLIE 0.1293 0.4391 0.0122 0.1065 0.0704 0.0734 0.0804 0.0887 
    BALMORAL 0.3817 0.0248 0.0142 0.1563 0.1984 0.0701 0.0041 0.1505 
     BAMBINO 0.2079 0.4224 0.0271 0.0901 0.0211 0.1291 0.0627 0.0396 
       BARNA 0.3743 0.0644 0.0363 0.1318 0.0582 0.0867 0.2453 0.0031 
 BELLE_DE_FO 0.0676 0.0023 0.7873 0.0082 0.1087 0.0018 0.0080 0.0161 
       BENOL 0.0037 0.3630 0.1686 0.0051 0.0033 0.3093 0.0032 0.1439 
       BF_15 0.0515 0.0027 0.6620 0.0855 0.0361 0.0041 0.0649 0.0933 
      BINTJE 0.0701 0.0742 0.2926 0.1385 0.1777 0.0198 0.0870 0.1401 
 BIONICA_EX_ 0.0877 0.0186 0.1436 0.2394 0.0366 0.2825 0.0216 0.1699 
 BLUE_DANUBE 0.1188 0.0208 0.1410 0.3893 0.0914 0.0047 0.0099 0.2242 
      BONNIE 0.1437 0.1741 0.0210 0.2359 0.0855 0.1733 0.1561 0.0104 
      BOUNTY 0.2435 0.3732 0.0237 0.0628 0.0204 0.1580 0.0263 0.0921 
 BRITISH_QUE 0.0293 0.0236 0.3124 0.0430 0.3910 0.0019 0.0026 0.1962 
     BRODICK 0.0081 0.2706 0.0234 0.0476 0.0167 0.5336 0.0802 0.0198 
      BRODIE 0.4570 0.0307 0.0807 0.0113 0.2118 0.1779 0.0244 0.0062 
      BUCHAN 0.3966 0.0876 0.0414 0.0043 0.1478 0.1800 0.1383 0.0040 
      BURREN 0.4410 0.0353 0.1058 0.0191 0.0128 0.1119 0.1352 0.1391 
     CABARET 0.0491 0.4385 0.2651 0.0196 0.0885 0.1265 0.0052 0.0074 
      CAESAR 0.0493 0.0108 0.0020 0.2421 0.0492 0.1711 0.2585 0.2170 
        CARA 0.6579 0.0828 0.0516 0.0237 0.0129 0.1399 0.0190 0.0121 
 CARLINGFORD 0.1269 0.0830 0.0103 0.1236 0.3094 0.1777 0.1626 0.0065 
  CASABLANCA 0.2271 0.2760 0.0026 0.2026 0.0700 0.1088 0.0028 0.1102 
      CELINE 0.1411 0.0399 0.0891 0.4687 0.0167 0.1416 0.0224 0.0804 
  CHALLENGER 0.0040 0.1536 0.0716 0.1118 0.1456 0.0929 0.1676 0.2530 
   CHARLOTTE 0.0125 0.0387 0.1189 0.0083 0.0070 0.2537 0.4767 0.0842 
     CHICAGO 0.0100 0.4336 0.0696 0.1340 0.0045 0.0823 0.1606 0.1054 
   CHIEFTAIN 0.0487 0.0156 0.0442 0.0040 0.3596 0.1986 0.2392 0.0901 
      CHOPIN 0.0143 0.0151 0.0175 0.3263 0.1870 0.1046 0.1898 0.1453 
      CLARET 0.5909 0.0944 0.0273 0.0176 0.0480 0.0747 0.1405 0.0065 
      CORINE 0.1712 0.1217 0.0758 0.0893 0.0905 0.1480 0.0028 0.3007 
      COSMOS 0.0091 0.1243 0.0464 0.4294 0.1672 0.0194 0.1038 0.1003 
     COURAGE 0.0738 0.0474 0.0859 0.3514 0.1561 0.0846 0.1718 0.0289 
     COURLAN 0.1320 0.0762 0.0241 0.0059 0.2159 0.1186 0.2403 0.1871 
 CRAIGS_ROYA 0.3494 0.1856 0.0496 0.0042 0.2249 0.1133 0.0645 0.0084 
 CRAIGS_SNOW 0.0837 0.1733 0.2372 0.0056 0.3101 0.0075 0.0837 0.0989 
     CRAMOND 0.0235 0.3261 0.0141 0.1922 0.0542 0.3529 0.0061 0.0310 
 CRISPS_FOR_ 0.0293 0.0873 0.0414 0.2679 0.1330 0.0946 0.2936 0.0529 
    CROMWELL 0.0790 0.5889 0.2144 0.0066 0.0037 0.0050 0.0257 0.0766 
       D22/1 0.1092 0.5242 0.1588 0.0260 0.1327 0.0031 0.0041 0.0419 
       D23/3 0.0344 0.3613 0.2725 0.0088 0.1826 0.0209 0.0742 0.0451 
      D47-11 0.0086 0.6485 0.2549 0.0393 0.0138 0.0072 0.0043 0.0235 
       D49/1 0.0023 0.7030 0.1632 0.0416 0.0084 0.0120 0.0659 0.0036 
       DAISY 0.0067 0.3865 0.2080 0.1145 0.0107 0.1013 0.1030 0.0693 
 DARK_RED_NO 0.1131 0.0513 0.0541 0.0112 0.3814 0.0710 0.2355 0.0823 
     DARWINA 0.0109 0.1184 0.0876 0.2990 0.1380 0.0086 0.1416 0.1959 
     DESIREE 0.2345 0.0031 0.1080 0.1777 0.0913 0.0053 0.3749 0.0051 
       DITTA 0.0164 0.0302 0.0871 0.0964 0.1576 0.0085 0.2759 0.3278 
 DR._MCINTOS 0.0369 0.0558 0.0097 0.2041 0.4816 0.1656 0.0427 0.0036 
       DRAGA 0.0584 0.1207 0.0051 0.1539 0.2480 0.1315 0.0293 0.2531 
 DUKE_OF_YOR 0.0044 0.0026 0.3045 0.1668 0.3594 0.0032 0.0042 0.1549 
 DUNBAR_STAN 0.0717 0.1790 0.2110 0.0148 0.4452 0.0113 0.0563 0.0106 
     DUNDROD 0.0809 0.4217 0.1405 0.0040 0.0739 0.0800 0.1488 0.0501 
     ECLIPSE 0.0023 0.0144 0.3416 0.0061 0.3222 0.0738 0.2372 0.0024 
        EDEN 0.0054 0.5419 0.2201 0.0124 0.0144 0.1960 0.0061 0.0036 
 EDZELL_BLUE 0.1139 0.0244 0.3033 0.1026 0.1301 0.0970 0.0887 0.1400 
   ELISABETH 0.0051 0.1050 0.0061 0.2995 0.0465 0.1595 0.3704 0.0081 
     EMPEROR 0.0073 0.1489 0.0053 0.0086 0.2464 0.1617 0.1761 0.2459 
         EOS 0.0105 0.2113 0.0113 0.1632 0.1388 0.1615 0.2952 0.0082 
     EPICURE 0.0077 0.0048 0.3129 0.1005 0.3193 0.0816 0.1688 0.0043 
  ERNTESTOLZ 0.0574 0.0207 0.2087 0.1043 0.1636 0.0570 0.1313 0.2570 
      ESCORT 0.0305 0.0984 0.0126 0.3173 0.0083 0.1653 0.2694 0.0982 
   ESMERALDA 0.0360 0.0977 0.1503 0.3678 0.0236 0.1284 0.1869 0.0093 
      ESTIMA 0.0063 0.1280 0.0466 0.3361 0.1906 0.0494 0.2203 0.0228 
 EVE_BALFOUR 0.3328 0.0539 0.2208 0.0396 0.0941 0.2357 0.0159 0.0073 
   EXCALIBUR 0.3066 0.3427 0.0035 0.0144 0.0030 0.2597 0.0102 0.0599 
     EXQUISA 0.1207 0.0047 0.1423 0.1819 0.0061 0.0159 0.4007 0.1280 
    FESTIVAL 0.0087 0.0977 0.0058 0.3322 0.0212 0.1331 0.2561 0.1452 
      FIANNA 0.1578 0.0324 0.0059 0.2703 0.1793 0.0915 0.0858 0.1768 
   FIFTYFOLD 0.0696 0.0468 0.5076 0.0085 0.1633 0.0293 0.1553 0.0196 
     FONTANE 0.0059 0.1719 0.0077 0.0558 0.0899 0.0700 0.1471 0.4518 
   FORTYFOLD 0.0123 0.0024 0.5158 0.0871 0.1609 0.0073 0.0041 0.2101 
 FRONTIER_RU 0.0079 0.0941 0.0939 0.0094 0.4177 0.0655 0.2535 0.0579 
     G.81071 0.1034 0.0879 0.0646 0.2017 0.1920 0.2598 0.0756 0.0149 
     G.88661 0.0083 0.1644 0.0039 0.2114 0.2749 0.2121 0.1109 0.0140 
    G.886611 0.0086 0.1453 0.0030 0.1353 0.2469 0.2753 0.1830 0.0026 
  G.8867Y%12 0.0745 0.0478 0.0029 0.1684 0.3148 0.1987 0.1855 0.0073 
     G.88839 0.0047 0.0045 0.0185 0.3820 0.0031 0.0694 0.5015 0.0162 
     G.88842 0.0701 0.0098 0.0106 0.3765 0.0949 0.1077 0.2422 0.0882 
   GALACTICA 0.3836 0.0087 0.1339 0.1621 0.0793 0.0024 0.0062 0.2238 
      GEMSON 0.2414 0.1036 0.1003 0.0135 0.2767 0.1243 0.0618 0.0785 
  GL.76B/102 0.0073 0.1511 0.3184 0.0477 0.1053 0.0139 0.2348 0.1214 
   GL.76B/94 0.1332 0.0025 0.5143 0.1352 0.0107 0.0048 0.0513 0.1480 
  GL.77M/106 0.2043 0.1061 0.1889 0.0055 0.0138 0.3216 0.1469 0.0129 
   GL.78/166 0.0620 0.0419 0.5859 0.0388 0.0976 0.0024 0.0282 0.1432 
    GL.78/53 0.0090 0.1205 0.5277 0.0028 0.0076 0.1470 0.1765 0.0090 
    GL.78/97 0.0292 0.0715 0.5664 0.0252 0.0243 0.0595 0.1376 0.0863 
    GL.79/42 0.0059 0.1010 0.5380 0.0245 0.0045 0.0977 0.2203 0.0080 
    GL.79/45 0.0840 0.0285 0.5667 0.0264 0.0053 0.0863 0.1980 0.0048 
 GL.81_NT_25 0.0321 0.4852 0.3375 0.0043 0.0041 0.0031 0.0029 0.1306 
   GLADIATOR 0.1305 0.0915 0.0042 0.1239 0.1378 0.1021 0.2771 0.1328 
      GLAMIS 0.0307 0.4144 0.0137 0.0961 0.1622 0.0658 0.1764 0.0408 
 GOLDEN_MILL 0.0502 0.2550 0.1070 0.0541 0.0086 0.4838 0.0102 0.0312 
 GOLDEN_NUGG 0.1541 0.0277 0.0352 0.4234 0.0071 0.2261 0.0150 0.1115 
 GOLDEN_WOND 0.0158 0.0154 0.5273 0.1035 0.1495 0.0413 0.1389 0.0082 
     GRANOLA 0.0110 0.0368 0.0975 0.0456 0.0052 0.2288 0.4345 0.1406 
    H1H3_101 0.0060 0.6356 0.3210 0.0027 0.0057 0.0028 0.0025 0.0236 
      H1H3_3 0.0169 0.3538 0.1507 0.0641 0.1534 0.1829 0.0071 0.0710 
 HARBOROUGH_ 0.0031 0.4200 0.0096 0.0129 0.0070 0.4965 0.0041 0.0468 
   HARLEQUIN 0.0699 0.0653 0.1405 0.0042 0.0113 0.1637 0.3927 0.1524 
      HERMES 0.2284 0.0723 0.0804 0.0470 0.0284 0.0036 0.2635 0.2765 
 HIGHLAND_BU 0.0031 0.0031 0.7840 0.0969 0.0191 0.0752 0.0028 0.0158 
  HOME_GUARD 0.1100 0.1359 0.1929 0.0274 0.2675 0.1767 0.0464 0.0432 
     HORIZON 0.0690 0.0869 0.2246 0.3182 0.0145 0.0163 0.0588 0.2118 
   INNOVATOR 0.0493 0.0057 0.1085 0.1735 0.4087 0.0194 0.0027 0.2322 
 INTERNATION 0.0065 0.0027 0.8179 0.0045 0.0413 0.0030 0.0028 0.1214 
 ISLE_OF_JUR 0.1415 0.3926 0.1288 0.0841 0.0443 0.0881 0.0764 0.0441 
    JULIETTE 0.0069 0.0050 0.0111 0.0042 0.0027 0.1298 0.4049 0.4354 
     KARLENA 0.2588 0.0411 0.1585 0.0244 0.1902 0.0063 0.0095 0.3113 
 KERR'S_PINK 0.0631 0.0706 0.4044 0.0064 0.3357 0.0518 0.0529 0.0153 
     KESTREL 0.3730 0.3227 0.0052 0.0065 0.0293 0.1133 0.1475 0.0026 
       KIFLI 0.0121 0.0671 0.1878 0.0572 0.0083 0.1279 0.4917 0.0479 
 KING_EDWARD 0.0027 0.0224 0.6790 0.0043 0.1461 0.0118 0.1303 0.0034 
    KINGSTON 0.0443 0.3341 0.1944 0.0601 0.0037 0.2570 0.0058 0.1006 
 KUFRI_CHAND 0.0647 0.1190 0.1156 0.0266 0.3498 0.0381 0.0956 0.1906 
 KUFRI_JYOTI 0.2481 0.0039 0.1245 0.1058 0.0473 0.2487 0.0447 0.1770 
      KURODA 0.1138 0.0458 0.0067 0.2611 0.1154 0.0113 0.1209 0.3249 
 LADY_BALFOU 0.3449 0.1457 0.1332 0.0381 0.1437 0.1363 0.0170 0.0412 
 LADY_CHRIST 0.0150 0.0331 0.2795 0.3347 0.0384 0.0760 0.0764 0.1468 
 LADY_CLAIRE 0.0075 0.0049 0.1580 0.2588 0.0048 0.0023 0.0032 0.5605 
     LADY_JO 0.0048 0.0105 0.2741 0.4041 0.0512 0.0027 0.0022 0.2505 
 LADY_ROSETT 0.0349 0.1128 0.1225 0.3611 0.1274 0.0732 0.1454 0.0227 
    LIBERTAS 0.1073 0.0035 0.2970 0.4148 0.0047 0.0026 0.0026 0.1674 
       LINDA 0.0465 0.0047 0.1682 0.0053 0.0058 0.0370 0.4875 0.2449 
      LINTON 0.1589 0.1852 0.0165 0.0121 0.1364 0.0089 0.2261 0.2559 
 LINZER_DELI 0.0106 0.0074 0.1668 0.1606 0.0464 0.1154 0.3778 0.1150 
   LIONHEART 0.0475 0.0349 0.0177 0.3153 0.1464 0.1108 0.0655 0.2620 
   MADELEINE 0.0134 0.0323 0.0605 0.2730 0.0070 0.1385 0.3142 0.1612 
   MADINGLEY 0.2071 0.1366 0.0228 0.0218 0.0461 0.0226 0.3352 0.2079 
    MAJESTIC 0.0808 0.0162 0.0144 0.1030 0.4801 0.1619 0.0781 0.0655 
     MARABEL 0.0151 0.0122 0.0062 0.3577 0.0523 0.0621 0.2856 0.2087 
     MARFONA 0.0268 0.1110 0.1349 0.3961 0.1334 0.0116 0.0294 0.1568 
     MARILYN 0.1054 0.0093 0.0617 0.1337 0.0338 0.1181 0.2938 0.2442 
 MARIS_ANCHO 0.0134 0.0626 0.1496 0.2676 0.2099 0.0548 0.1961 0.0460 
  MARIS_BARD 0.0508 0.2359 0.0994 0.2602 0.2308 0.0457 0.0016 0.0756 
  MARIS_PEER 0.1743 0.1549 0.0957 0.0047 0.3069 0.0866 0.0698 0.1070 
 MARIS_PIPER 0.0051 0.7547 0.1386 0.0064 0.0035 0.0140 0.0104 0.0673 
     MARKIES 0.0506 0.0126 0.0926 0.2006 0.0091 0.0257 0.2545 0.3543 
      MAXINE 0.1129 0.3961 0.0077 0.0148 0.2613 0.0664 0.1173 0.0235 
      MEGARA 0.0197 0.0370 0.0544 0.1796 0.0053 0.0878 0.2201 0.3960 
      MELODY 0.1362 0.0606 0.1567 0.2138 0.0116 0.0545 0.1523 0.2142 
       MIDAS 0.0084 0.4588 0.1263 0.0724 0.0029 0.0155 0.2031 0.1126 
       MILVA 0.0175 0.0064 0.1714 0.2176 0.0141 0.1074 0.2738 0.1919 
        MIMI 0.1003 0.2200 0.1221 0.3320 0.0049 0.1752 0.0293 0.0162 
        MIRA 0.0312 0.0105 0.2126 0.4601 0.0411 0.0075 0.0086 0.2283 
       MOIRA 0.1236 0.0381 0.1067 0.2071 0.1271 0.0847 0.1964 0.1163 
    MONTROSE 0.0059 0.3277 0.2656 0.0037 0.0028 0.3785 0.0058 0.0100 
       MORAG 0.1880 0.0510 0.1756 0.0736 0.1993 0.2981 0.0085 0.0059 
      MORENE 0.0757 0.0023 0.1542 0.4401 0.0752 0.0070 0.0074 0.2380 
      MOZART 0.0060 0.0092 0.0020 0.2691 0.0108 0.2517 0.3177 0.1333 
 MYATT'S_ASH 0.0099 0.0027 0.6974 0.0231 0.0757 0.0025 0.0048 0.1839 
      NADINE 0.0951 0.3751 0.0064 0.0745 0.0616 0.1681 0.2068 0.0123 
       NAVAN 0.0354 0.6369 0.0481 0.0977 0.0700 0.0641 0.0429 0.0049 
 NDTX_4271_5 0.0090 0.1550 0.0048 0.0072 0.2650 0.2131 0.3424 0.0034 
      NICOLA 0.0072 0.0042 0.1246 0.0711 0.0383 0.0042 0.4224 0.3279 
     NOVELLA 0.1286 0.0289 0.0251 0.3597 0.0685 0.1011 0.1734 0.1147 
     OLYMPUS 0.0479 0.1740 0.1100 0.0072 0.1481 0.3842 0.1047 0.0239 
       OPERA 0.1069 0.0756 0.0073 0.1612 0.0557 0.1457 0.1729 0.2747 
   ORCHESTRA 0.0179 0.1121 0.0582 0.1919 0.0088 0.0896 0.3037 0.2177 
      ORIANA 0.1498 0.0028 0.0414 0.2906 0.1716 0.0046 0.1460 0.1932 
     OTHELLO 0.5115 0.1246 0.0051 0.0037 0.1225 0.1238 0.1020 0.0068 
     PALADIN 0.0050 0.5856 0.2099 0.0157 0.0303 0.0761 0.0033 0.0741 
       PANDA 0.0610 0.0844 0.0097 0.0512 0.0054 0.0807 0.4903 0.2174 
   PARAMOUNT 0.3845 0.0061 0.0534 0.2364 0.0339 0.1236 0.1562 0.0058 
    PATRONES 0.0451 0.0698 0.1611 0.2128 0.1787 0.0108 0.1467 0.1751 
 PENTLAND_AC 0.1363 0.1506 0.1077 0.1344 0.2087 0.0750 0.1306 0.0567 
 PENTLAND_BE 0.1506 0.0186 0.3726 0.1314 0.3026 0.0045 0.0048 0.0148 
 PENTLAND_CR 0.0859 0.0117 0.0880 0.1720 0.1113 0.3239 0.0027 0.2044 
 PENTLAND_DE 0.1346 0.0083 0.2015 0.0873 0.2768 0.2536 0.0338 0.0043 
 PENTLAND_IV 0.1198 0.0498 0.0274 0.0218 0.3578 0.2328 0.1869 0.0036 
 PENTLAND_JA 0.0459 0.0262 0.0438 0.1018 0.3768 0.1901 0.0096 0.2058 
 PENTLAND_MA 0.2150 0.0058 0.0755 0.2513 0.0993 0.1193 0.0379 0.1959 
 PENTLAND_SQ 0.0725 0.0093 0.1586 0.0632 0.2122 0.3304 0.0119 0.1419 
   PEPO_1978 0.0207 0.1000 0.1152 0.1647 0.0221 0.0340 0.3474 0.1959 
     PICASSO 0.4881 0.1443 0.0029 0.1932 0.0167 0.0177 0.0539 0.0832 
   PIMPERNEL 0.1060 0.0122 0.2088 0.3059 0.0031 0.0777 0.1516 0.1347 
     PIONEER 0.0033 0.0038 0.1043 0.0025 0.0069 0.1444 0.3980 0.3367 
       PIXIE 0.2222 0.2544 0.0052 0.0966 0.0218 0.2590 0.1322 0.0086 
    PREMIERE 0.0086 0.0414 0.2431 0.4534 0.1036 0.0110 0.0038 0.1351 
   PRODUCENT 0.0042 0.1757 0.0922 0.2859 0.0227 0.0805 0.1278 0.2111 
     PROVOST 0.1415 0.0094 0.1097 0.0968 0.2604 0.1774 0.0719 0.1330 
  R.P.LUSTRE 0.0173 0.1495 0.1920 0.0383 0.2095 0.1434 0.2453 0.0047 
 RANGER_RUSS 0.1065 0.0030 0.1442 0.0120 0.4932 0.0021 0.0347 0.2044 
       RATTE 0.0053 0.0450 0.4836 0.0077 0.0536 0.2193 0.1762 0.0092 
      RECORD 0.0526 0.0045 0.2789 0.4912 0.0057 0.0025 0.0135 0.1512 
   REMBRANDT 0.0072 0.0707 0.0971 0.0717 0.0946 0.1158 0.0361 0.5069 
    RIO_ROJO 0.1316 0.0531 0.0197 0.0644 0.3060 0.1486 0.2450 0.0316 
      ROBIJN 0.0365 0.0031 0.2902 0.4103 0.0115 0.0028 0.1090 0.1365 
      ROCKET 0.0266 0.4364 0.1620 0.0970 0.1206 0.1280 0.0267 0.0027 
   RODE_STAR 0.0195 0.0074 0.3967 0.2801 0.0015 0.0057 0.2794 0.0097 
      ROMANO 0.2420 0.0108 0.0122 0.3803 0.0119 0.1208 0.2129 0.0090 
       ROMEO 0.2669 0.0083 0.1670 0.0151 0.0885 0.1898 0.2602 0.0042 
     ROOSTER 0.1536 0.0095 0.1133 0.1620 0.1380 0.3019 0.0364 0.0852 
       ROYAL 0.0628 0.3215 0.0989 0.0266 0.0033 0.0177 0.3028 0.1663 
 ROYAL_KIDNE 0.0151 0.0029 0.3291 0.0334 0.5095 0.0069 0.0023 0.1009 
     RUBESSE 0.0844 0.0147 0.0462 0.1242 0.1475 0.1490 0.2481 0.1859 
 RUSSET_BURB 0.0253 0.0237 0.0811 0.0878 0.5180 0.0581 0.1416 0.0645 
 RUSSET_NORK 0.0063 0.0464 0.0156 0.0030 0.5456 0.0944 0.2759 0.0127 
      SAFARI 0.1215 0.0091 0.0134 0.4444 0.0216 0.1818 0.0654 0.1428 
     SANTANA 0.0476 0.1345 0.0730 0.2498 0.1497 0.0283 0.1069 0.2102 
       SANTE 0.0177 0.0818 0.1106 0.4370 0.0070 0.1755 0.0793 0.0910 
     SAPHIRE 0.0145 0.0401 0.0046 0.2810 0.1886 0.1664 0.0195 0.2854 
  SARPO_MIRA 0.1551 0.0663 0.1615 0.1353 0.0116 0.0078 0.4359 0.0264 
 SARPO_SHONA 0.1452 0.0470 0.0896 0.2111 0.0091 0.0202 0.4085 0.0692 
       SASSY 0.0601 0.0792 0.1986 0.1674 0.1353 0.0408 0.1699 0.1488 
     SATURNA 0.0093 0.0282 0.2604 0.2533 0.0032 0.0033 0.2761 0.1661 
        SAVA 0.0164 0.1268 0.0168 0.1169 0.1372 0.0406 0.3495 0.1958 
       SAXON 0.0332 0.4433 0.1403 0.0979 0.0142 0.2316 0.0141 0.0253 
 SCARBOROUGH 0.0025 0.4945 0.0714 0.0122 0.0064 0.3961 0.0146 0.0024 
 SEFTON_WOND 0.0341 0.0913 0.3907 0.0189 0.3240 0.1239 0.0046 0.0124 
    SERAFINA 0.0773 0.0035 0.1117 0.1901 0.0191 0.1332 0.3935 0.0715 
     SETANTA 0.1083 0.0821 0.0558 0.1119 0.0594 0.4813 0.0697 0.0314 
 SHARPE'S_EX 0.0185 0.0832 0.5618 0.0095 0.1260 0.0108 0.1034 0.0867 
     SHELAGH 0.2402 0.1128 0.2718 0.0724 0.0159 0.1313 0.0416 0.1140 
    SHELFORD 0.2419 0.0273 0.1358 0.0150 0.0534 0.0027 0.2933 0.2307 
     SHEPODY 0.1605 0.0077 0.1277 0.1280 0.3639 0.0061 0.0021 0.2039 
      SLANEY 0.3719 0.2352 0.0072 0.0077 0.0433 0.1739 0.1161 0.0447 
        SPEY 0.4153 0.2169 0.0030 0.0313 0.0115 0.1995 0.0445 0.0780 
      SPUNTA 0.1462 0.0604 0.1920 0.0420 0.0506 0.1553 0.3162 0.0374 
     STAMINA 0.2138 0.6011 0.0026 0.0330 0.0512 0.0365 0.0082 0.0538 
    STEMSTER 0.1037 0.2921 0.1550 0.1492 0.0217 0.0090 0.1817 0.0875 
 STORMONT_EN 0.1321 0.1713 0.1695 0.2911 0.1148 0.0116 0.0890 0.0206 
    STIRLING 0.2371 0.0503 0.0066 0.0806 0.1360 0.3470 0.0095 0.1328 
     SYLVANA 0.0712 0.1081 0.0230 0.2370 0.2108 0.0477 0.2122 0.0900 
         TAY 0.1614 0.2195 0.0131 0.0565 0.0249 0.4549 0.0650 0.0047 
      TIMATE 0.0050 0.1137 0.0255 0.2273 0.0304 0.0516 0.3610 0.1856 
      TOLUCA 0.1675 0.0049 0.0207 0.2080 0.0604 0.0481 0.3245 0.1659 
    TORRIDON 0.2308 0.0177 0.0961 0.1850 0.0295 0.1549 0.0335 0.2525 
 ULSTER_SCEP 0.0384 0.2861 0.0215 0.1841 0.3193 0.1277 0.0077 0.0153 
 UMATILLA_RU 0.0375 0.2569 0.3811 0.1066 0.0467 0.0638 0.0587 0.0487 
 VALES_EMERA 0.0415 0.1658 0.0877 0.0201 0.0560 0.2412 0.3547 0.0328 
 VALES_EVERE 0.3046 0.1193 0.1346 0.0154 0.0608 0.3309 0.0105 0.0239 
 VALES_RUSSE 0.0134 0.0150 0.1723 0.0073 0.4049 0.0906 0.1323 0.1642 
 VALES_SOVER 0.5640 0.2908 0.0038 0.0343 0.0053 0.0815 0.0137 0.0065 
       VALOR 0.3793 0.2663 0.0028 0.0882 0.0046 0.2312 0.0062 0.0214 
    VAN_GOGH 0.0061 0.0729 0.1457 0.3677 0.0193 0.0746 0.1215 0.1920 
     VANTAGE 0.0493 0.0219 0.2710 0.2926 0.1932 0.0023 0.0108 0.1590 
       VERDI 0.0671 0.0924 0.1912 0.2028 0.0172 0.0136 0.2665 0.1493 
    VICTORIA 0.0145 0.0208 0.0126 0.0940 0.1904 0.1088 0.1035 0.4554 
     VIVALDI 0.0970 0.0031 0.0114 0.4000 0.1966 0.0096 0.1404 0.1419 
       WILJA 0.0760 0.0148 0.1681 0.4570 0.0859 0.0019 0.0019 0.1943 
     WINSTON 0.1605 0.3780 0.0030 0.0541 0.0827 0.1513 0.1680 0.0025 
      XD2-21 0.1504 0.0692 0.1383 0.1608 0.2815 0.1190 0.0767 0.0040 
  YUKON_GOLD 0.0068 0.1269 0.0031 0.0305 0.2550 0.2458 0.2240 0.1079 
       ZORBA 0.1020 0.0075 0.1192 0.2263 0.1810 0.0378 0.0053 0.3209 
