  00C133-020 0.1915 0.7388 0.0698 
 01C_071-002 0.4387 0.3188 0.2425 
 02M_012-001 0.0960 0.6184 0.2856 
 03M_016-002 0.0611 0.3974 0.5415 
 03M_034-002 0.0852 0.6341 0.2807 
 04C_055-004 0.2952 0.5131 0.1917 
 04C_126-005 0.3257 0.5274 0.1468 
 04M_034-013 0.1328 0.4846 0.3826 
 05M_002-001 0.5415 0.2122 0.2463 
 05M_004-003 0.5729 0.3618 0.0653 
 05M_012-004 0.4602 0.4004 0.1394 
 06C_127-002 0.3694 0.5086 0.1221 
 12288_AF_23 0.3082 0.6176 0.0742 
    12601AB1 0.0121 0.4536 0.5343 
   12636_A_2 0.0563 0.6465 0.2972 
  15119_AC_5 0.1535 0.5742 0.2723 
     1512C16 0.4416 0.2130 0.3454 
   15144_A_3 0.5764 0.3864 0.0372 
     1563C14 0.4131 0.0519 0.5350 
     2182EF7 0.4795 0.3948 0.1257 
     3681AD1 0.5990 0.2674 0.1336 
     5008AB6 0.5964 0.2470 0.1565 
    8204_A_4 0.4680 0.4726 0.0593 
       AGRIA 0.7230 0.0906 0.1864 
       AILSA 0.1165 0.6298 0.2536 
      ALMERA 0.6904 0.1440 0.1655 
       ALPHA 0.5453 0.1128 0.3418 
      ALWARA 0.6880 0.2029 0.1091 
      AMADRA 0.4881 0.2498 0.2620 
       AMOUR 0.2355 0.6833 0.0812 
        ANNA 0.3797 0.4835 0.1367 
   ANNABELLE 0.8019 0.0570 0.1411 
        ANYA 0.5707 0.1575 0.2718 
       ARGOS 0.4159 0.5621 0.0220 
     ARIELLE 0.6885 0.0995 0.2120 
      ARKULA 0.6744 0.1063 0.2192 
      ARMADA 0.5670 0.1969 0.2361 
   AVALANCHE 0.3044 0.5261 0.1695 
     BAILLIE 0.2926 0.5948 0.1125 
    BALMORAL 0.5505 0.3789 0.0706 
     BAMBINO 0.2401 0.6670 0.0930 
       BARNA 0.5445 0.3759 0.0795 
 BELLE_DE_FO 0.0704 0.0101 0.9195 
       BENOL 0.0797 0.6234 0.2969 
       BF_15 0.2266 0.0085 0.7649 
      BINTJE 0.4009 0.1506 0.4484 
 BIONICA_EX_ 0.5008 0.2849 0.2142 
 BLUE_DANUBE 0.6218 0.1246 0.2536 
      BONNIE 0.4676 0.4303 0.1021 
      BOUNTY 0.2731 0.6425 0.0844 
 BRITISH_QUE 0.3254 0.1256 0.5490 
     BRODICK 0.2173 0.6936 0.0891 
      BRODIE 0.3832 0.4684 0.1484 
      BUCHAN 0.3870 0.5060 0.1070 
      BURREN 0.5095 0.3678 0.1226 
     CABARET 0.0214 0.5884 0.3902 
      CAESAR 0.7916 0.1877 0.0207 
        CARA 0.4064 0.5527 0.0409 
 CARLINGFORD 0.4983 0.3765 0.1252 
  CASABLANCA 0.4071 0.5706 0.0223 
      CELINE 0.6018 0.2481 0.1501 
  CHALLENGER 0.4938 0.2379 0.2683 
   CHARLOTTE 0.5612 0.2311 0.2077 
     CHICAGO 0.2849 0.5144 0.2007 
   CHIEFTAIN 0.4935 0.2710 0.2356 
      CHOPIN 0.6920 0.1459 0.1621 
      CLARET 0.4684 0.4892 0.0424 
      CORINE 0.4350 0.3749 0.1901 
      COSMOS 0.6029 0.1882 0.2089 
     COURAGE 0.6035 0.1956 0.2009 
     COURLAN 0.5204 0.2892 0.1904 
 CRAIGS_ROYA 0.3072 0.5454 0.1474 
 CRAIGS_SNOW 0.2661 0.2849 0.4491 
     CRAMOND 0.2683 0.6423 0.0894 
 CRISPS_FOR_ 0.6147 0.2178 0.1675 
    CROMWELL 0.0293 0.6154 0.3553 
       D22/1 0.0547 0.6185 0.3268 
       D23/3 0.1220 0.4387 0.4394 
      D47-11 0.0076 0.6130 0.3794 
       D49/1 0.0118 0.6670 0.3212 
       DAISY 0.1970 0.4651 0.3379 
 DARK_RED_NO 0.5074 0.2326 0.2600 
     DARWINA 0.5820 0.1531 0.2649 
     DESIREE 0.6909 0.0991 0.2100 
       DITTA 0.6712 0.0615 0.2673 
 DR._MCINTOS 0.4794 0.3379 0.1827 
       DRAGA 0.5657 0.3315 0.1028 
 DUKE_OF_YOR 0.4377 0.0326 0.5297 
 DUNBAR_STAN 0.2103 0.3380 0.4517 
     DUNDROD 0.1536 0.5533 0.2931 
     ECLIPSE 0.2735 0.1636 0.5629 
        EDEN 0.0091 0.6635 0.3275 
 EDZELL_BLUE 0.4001 0.1675 0.4324 
   ELISABETH 0.6613 0.2564 0.0823 
     EMPEROR 0.5026 0.3360 0.1614 
         EOS 0.4857 0.3835 0.1308 
     EPICURE 0.3887 0.1183 0.4930 
  ERNTESTOLZ 0.5242 0.1140 0.3618 
      ESCORT 0.6646 0.2577 0.0777 
   ESMERALDA 0.5129 0.2433 0.2439 
      ESTIMA 0.5557 0.2048 0.2395 
 EVE_BALFOUR 0.2744 0.4583 0.2673 
   EXCALIBUR 0.2380 0.7526 0.0095 
     EXQUISA 0.7232 0.0329 0.2439 
    FESTIVAL 0.6913 0.2282 0.0805 
      FIANNA 0.6596 0.2453 0.0951 
   FIFTYFOLD 0.2072 0.1560 0.6368 
     FONTANE 0.5877 0.2356 0.1766 
   FORTYFOLD 0.3157 0.0126 0.6717 
 FRONTIER_RU 0.4295 0.2401 0.3303 
     G.81071 0.4424 0.3931 0.1646 
     G.88661 0.4887 0.4317 0.0796 
    G.886611 0.4871 0.4778 0.0351 
  G.8867Y%12 0.5966 0.3660 0.0374 
     G.88839 0.8793 0.0206 0.1001 
     G.88842 0.7692 0.1480 0.0827 
   GALACTICA 0.5500 0.2195 0.2304 
      GEMSON 0.3756 0.3925 0.2319 
  GL.76B/102 0.3644 0.1521 0.4835 
   GL.76B/94 0.3815 0.0194 0.5991 
  GL.77M/106 0.2834 0.4821 0.2346 
   GL.78/166 0.2272 0.0587 0.7141 
    GL.78/53 0.0990 0.2741 0.6270 
    GL.78/97 0.2031 0.1452 0.6516 
    GL.79/42 0.1892 0.1919 0.6188 
    GL.79/45 0.2058 0.1593 0.6348 
 GL.81_NT_25 0.0150 0.4929 0.4921 
   GLADIATOR 0.6419 0.2891 0.0690 
      GLAMIS 0.3100 0.5212 0.1689 
 GOLDEN_MILL 0.1620 0.6589 0.1790 
 GOLDEN_NUGG 0.6341 0.3035 0.0624 
 GOLDEN_WOND 0.2372 0.0968 0.6661 
     GRANOLA 0.6147 0.2067 0.1786 
    H1H3_101 0.0040 0.5358 0.4602 
      H1H3_3 0.1482 0.5561 0.2957 
 HARBOROUGH_ 0.0911 0.8125 0.0963 
   HARLEQUIN 0.5133 0.2440 0.2427 
      HERMES 0.6176 0.1609 0.2216 
 HIGHLAND_BU 0.0854 0.0228 0.8918 
  HOME_GUARD 0.2784 0.3860 0.3356 
     HORIZON 0.5279 0.1233 0.3488 
   INNOVATOR 0.5149 0.1464 0.3386 
 INTERNATION 0.0353 0.0096 0.9551 
 ISLE_OF_JUR 0.2236 0.5583 0.2181 
    JULIETTE 0.7724 0.0877 0.1399 
     KARLENA 0.4787 0.2299 0.2915 
 KERR'S_PINK 0.1856 0.2246 0.5898 
     KESTREL 0.2675 0.7033 0.0292 
       KIFLI 0.5701 0.1659 0.2640 
 KING_EDWARD 0.0586 0.0971 0.8443 
    KINGSTON 0.1466 0.5803 0.2731 
 KUFRI_CHAND 0.4390 0.2471 0.3138 
 KUFRI_JYOTI 0.5424 0.2756 0.1820 
      KURODA 0.7264 0.1433 0.1303 
 LADY_BALFOU 0.3261 0.4752 0.1987 
 LADY_CHRIST 0.4953 0.1116 0.3930 
 LADY_CLAIRE 0.6508 0.0126 0.3366 
     LADY_JO 0.5054 0.0440 0.4507 
 LADY_ROSETT 0.5348 0.2296 0.2356 
    LIBERTAS 0.5327 0.0426 0.4247 
       LINDA 0.6685 0.0334 0.2981 
      LINTON 0.5313 0.3022 0.1666 
 LINZER_DELI 0.6402 0.0790 0.2808 
   LIONHEART 0.6522 0.1833 0.1646 
   MADELEINE 0.6812 0.1478 0.1710 
   MADINGLEY 0.5981 0.2580 0.1440 
    MAJESTIC 0.4989 0.2897 0.2114 
     MARABEL 0.8195 0.0785 0.1019 
     MARFONA 0.5462 0.1611 0.2928 
     MARILYN 0.7003 0.1345 0.1652 
 MARIS_ANCHO 0.5305 0.1653 0.3043 
  MARIS_BARD 0.2795 0.4398 0.2806 
  MARIS_PEER 0.3305 0.4005 0.2690 
 MARIS_PIPER 0.0073 0.7230 0.2697 
     MARKIES 0.7085 0.0542 0.2374 
      MAXINE 0.2662 0.5877 0.1461 
      MEGARA 0.7116 0.1082 0.1802 
      MELODY 0.5717 0.1763 0.2520 
       MIDAS 0.2603 0.4738 0.2659 
       MILVA 0.6637 0.0646 0.2717 
        MIMI 0.3764 0.4410 0.1826 
        MIRA 0.6162 0.0476 0.3363 
       MOIRA 0.5741 0.2023 0.2236 
    MONTROSE 0.0184 0.6312 0.3504 
       MORAG 0.2938 0.4353 0.2709 
      MORENE 0.6889 0.0306 0.2805 
      MOZART 0.7852 0.2021 0.0127 
 MYATT'S_ASH 0.1768 0.0075 0.8156 
      NADINE 0.3360 0.5918 0.0723 
       NAVAN 0.0650 0.7648 0.1702 
 NDTX_4271_5 0.4305 0.4177 0.1518 
      NICOLA 0.7068 0.0092 0.2841 
     NOVELLA 0.6935 0.2041 0.1024 
     OLYMPUS 0.2643 0.5209 0.2148 
       OPERA 0.6349 0.2641 0.1010 
   ORCHESTRA 0.6370 0.1860 0.1770 
      ORIANA 0.7448 0.0664 0.1888 
     OTHELLO 0.4000 0.5694 0.0306 
     PALADIN 0.0112 0.6364 0.3524 
       PANDA 0.7204 0.1628 0.1168 
   PARAMOUNT 0.6165 0.3039 0.0796 
    PATRONES 0.5358 0.1328 0.3314 
 PENTLAND_AC 0.4172 0.3292 0.2536 
 PENTLAND_BE 0.2857 0.1830 0.5313 
 PENTLAND_CR 0.4712 0.3489 0.1798 
 PENTLAND_DE 0.3500 0.3254 0.3246 
 PENTLAND_IV 0.4193 0.4049 0.1758 
 PENTLAND_JA 0.4853 0.2917 0.2230 
 PENTLAND_MA 0.6438 0.1998 0.1564 
 PENTLAND_SQ 0.4057 0.3316 0.2627 
   PEPO_1978 0.6365 0.1314 0.2321 
     PICASSO 0.5646 0.4250 0.0104 
   PIMPERNEL 0.5942 0.1214 0.2843 
     PIONEER 0.6641 0.0689 0.2670 
       PIXIE 0.3692 0.6075 0.0233 
    PREMIERE 0.4983 0.1161 0.3856 
   PRODUCENT 0.5309 0.2368 0.2323 
     PROVOST 0.5082 0.2579 0.2339 
  R.P.LUSTRE 0.3233 0.3317 0.3450 
 RANGER_RUSS 0.5161 0.0821 0.4019 
       RATTE 0.2076 0.2233 0.5691 
      RECORD 0.5867 0.0192 0.3940 
   REMBRANDT 0.5586 0.1608 0.2807 
    RIO_ROJO 0.5277 0.2892 0.1831 
      ROBIJN 0.5876 0.0107 0.4018 
      ROCKET 0.0950 0.6097 0.2953 
   RODE_STAR 0.4874 0.0279 0.4847 
      ROMANO 0.6941 0.2487 0.0572 
       ROMEO 0.4559 0.3154 0.2288 
     ROOSTER 0.4721 0.3374 0.1905 
       ROYAL 0.4062 0.3589 0.2349 
 ROYAL_KIDNE 0.3017 0.1174 0.5809 
     RUBESSE 0.6320 0.1978 0.1702 
 RUSSET_BURB 0.4777 0.2021 0.3202 
 RUSSET_NORK 0.4522 0.2703 0.2775 
      SAFARI 0.7216 0.2164 0.0620 
     SANTANA 0.5537 0.2234 0.2229 
       SANTE 0.5743 0.2403 0.1854 
     SAPHIRE 0.6614 0.2457 0.0929 
  SARPO_MIRA 0.6127 0.1400 0.2473 
 SARPO_SHONA 0.6901 0.1322 0.1777 
       SASSY 0.4847 0.1633 0.3520 
     SATURNA 0.5802 0.0247 0.3951 
        SAVA 0.6399 0.2008 0.1594 
       SAXON 0.1208 0.6527 0.2265 
 SCARBOROUGH 0.0230 0.7999 0.1772 
 SEFTON_WOND 0.1262 0.2999 0.5739 
    SERAFINA 0.7054 0.0961 0.1985 
     SETANTA 0.3673 0.5265 0.1062 
 SHARPE'S_EX 0.1797 0.1202 0.7001 
     SHELAGH 0.3506 0.3263 0.3232 
    SHELFORD 0.5969 0.1204 0.2827 
     SHEPODY 0.4591 0.2066 0.3343 
      SLANEY 0.3768 0.5976 0.0256 
        SPEY 0.3905 0.6012 0.0084 
      SPUNTA 0.4688 0.2686 0.2626 
     STAMINA 0.1649 0.8123 0.0228 
    STEMSTER 0.3553 0.3538 0.2909 
 STORMONT_EN 0.4264 0.2794 0.2943 
    STIRLING 0.4921 0.4836 0.0243 
     SYLVANA 0.5814 0.2379 0.1807 
         TAY 0.2789 0.6795 0.0416 
      TIMATE 0.6744 0.1504 0.1752 
      TOLUCA 0.7842 0.0882 0.1276 
    TORRIDON 0.5770 0.2366 0.1864 
 ULSTER_SCEP 0.2745 0.5116 0.2139 
 UMATILLA_RU 0.1733 0.3382 0.4885 
 VALES_EMERA 0.4382 0.3768 0.1850 
 VALES_EVERE 0.2788 0.5595 0.1617 
 VALES_RUSSE 0.4199 0.1740 0.4061 
 VALES_SOVER 0.3067 0.6847 0.0086 
       VALOR 0.3114 0.6802 0.0084 
    VAN_GOGH 0.6001 0.1275 0.2724 
     VANTAGE 0.4759 0.0667 0.4574 
       VERDI 0.5588 0.1351 0.3061 
    VICTORIA 0.6735 0.1388 0.1878 
     VIVALDI 0.7894 0.0656 0.1450 
       WILJA 0.5710 0.0956 0.3334 
     WINSTON 0.3011 0.6726 0.0263 
      XD2-21 0.3937 0.3235 0.2829 
  YUKON_GOLD 0.5246 0.3943 0.0812 
       ZORBA 0.5994 0.1465 0.2541 
