  00C133-020 0.4844 0.0327 0.0930 0.3579 0.0183 0.0137 
 01C_071-002 0.1747 0.1793 0.1023 0.2415 0.2531 0.0491 
 02M_012-001 0.5432 0.2061 0.1033 0.0825 0.0601 0.0047 
 03M_016-002 0.3413 0.3893 0.0206 0.0128 0.0121 0.2241 
 03M_034-002 0.4863 0.2308 0.0176 0.2106 0.0387 0.0161 
 04C_055-004 0.4619 0.1015 0.2776 0.0155 0.0971 0.0465 
 04C_126-005 0.2753 0.1195 0.1100 0.3781 0.0986 0.0185 
 04M_034-013 0.4471 0.2538 0.0886 0.0102 0.0588 0.1415 
 05M_002-001 0.1401 0.1138 0.2025 0.0539 0.3278 0.1621 
 05M_004-003 0.2044 0.0059 0.1271 0.2140 0.3512 0.0974 
 05M_012-004 0.2019 0.0390 0.1149 0.2321 0.2098 0.2022 
 06C_127-002 0.3163 0.0287 0.4238 0.1460 0.0066 0.0786 
 12288_AF_23 0.4316 0.0106 0.2133 0.1960 0.0374 0.1110 
    12601AB1 0.3750 0.4834 0.0433 0.0896 0.0049 0.0038 
   12636_A_2 0.4602 0.2136 0.0333 0.2094 0.0097 0.0738 
  15119_AC_5 0.2002 0.2178 0.0022 0.5383 0.0185 0.0229 
     1512C16 0.0195 0.2246 0.1996 0.1863 0.0540 0.3159 
   15144_A_3 0.0111 0.0433 0.2913 0.6209 0.0272 0.0062 
     1563C14 0.0151 0.4504 0.2314 0.0324 0.1951 0.0755 
     2182EF7 0.1072 0.0357 0.1851 0.3567 0.0442 0.2711 
     3681AD1 0.0893 0.0596 0.1042 0.3177 0.3498 0.0794 
     5008AB6 0.0319 0.1151 0.2924 0.3235 0.2261 0.0110 
    8204_A_4 0.1868 0.0155 0.2897 0.3586 0.0243 0.1252 
       AGRIA 0.0755 0.0297 0.3143 0.0034 0.4635 0.1135 
       AILSA 0.5436 0.1287 0.2524 0.0124 0.0059 0.0569 
      ALMERA 0.0787 0.0230 0.2324 0.0261 0.4144 0.2253 
       ALPHA 0.0594 0.2351 0.1523 0.0585 0.3804 0.1143 
      ALWARA 0.0301 0.0571 0.2970 0.2913 0.3030 0.0215 
      AMADRA 0.2128 0.1737 0.2641 0.0194 0.3005 0.0296 
       AMOUR 0.3905 0.0433 0.0772 0.4339 0.0266 0.0285 
        ANNA 0.0124 0.1385 0.0061 0.7580 0.0129 0.0721 
   ANNABELLE 0.0157 0.0326 0.4189 0.0208 0.4255 0.0865 
        ANYA 0.0372 0.2157 0.4930 0.0613 0.1190 0.0739 
       ARGOS 0.2314 0.0094 0.0470 0.5005 0.1168 0.0948 
     ARIELLE 0.0264 0.0984 0.3131 0.0616 0.3616 0.1389 
      ARKULA 0.0154 0.1295 0.2028 0.1325 0.4149 0.1049 
      ARMADA 0.1151 0.1349 0.1722 0.0864 0.3627 0.1287 
   AVALANCHE 0.4397 0.0228 0.0077 0.0758 0.2696 0.1845 
     BAILLIE 0.4753 0.0232 0.0936 0.1365 0.1710 0.1004 
    BALMORAL 0.0291 0.0220 0.0100 0.4587 0.2183 0.2619 
     BAMBINO 0.4863 0.0366 0.1102 0.2440 0.0883 0.0346 
       BARNA 0.1006 0.0486 0.3110 0.4028 0.0873 0.0497 
 BELLE_DE_FO 0.0025 0.8359 0.0065 0.0639 0.0140 0.0771 
       BENOL 0.5668 0.2190 0.0747 0.0449 0.0864 0.0083 
       BF_15 0.0033 0.7064 0.0662 0.0529 0.1377 0.0335 
      BINTJE 0.0608 0.3264 0.1140 0.0946 0.2034 0.2007 
 BIONICA_EX_ 0.1324 0.1425 0.1770 0.2073 0.2490 0.0919 
 BLUE_DANUBE 0.0138 0.1517 0.0074 0.1676 0.5118 0.1477 
      BONNIE 0.2522 0.0273 0.2333 0.2203 0.1718 0.0951 
      BOUNTY 0.4395 0.0273 0.1002 0.2882 0.1038 0.0410 
 BRITISH_QUE 0.0079 0.3667 0.0033 0.0404 0.1404 0.4415 
     BRODICK 0.5437 0.0204 0.2909 0.1174 0.0135 0.0141 
      BRODIE 0.0801 0.0718 0.1360 0.5140 0.0049 0.1932 
      BUCHAN 0.1357 0.0451 0.2597 0.4401 0.0029 0.1165 
      BURREN 0.0740 0.1099 0.2061 0.4598 0.1315 0.0187 
     CABARET 0.4934 0.3006 0.0111 0.1046 0.0107 0.0796 
      CAESAR 0.0679 0.0029 0.3732 0.0796 0.3748 0.1017 
        CARA 0.1178 0.0415 0.0984 0.7116 0.0132 0.0174 
 CARLINGFORD 0.1402 0.0198 0.2991 0.2026 0.0224 0.3159 
  CASABLANCA 0.3241 0.0031 0.0043 0.2861 0.2430 0.1393 
      CELINE 0.0994 0.0902 0.1151 0.2750 0.3893 0.0309 
  CHALLENGER 0.1975 0.0987 0.2203 0.0050 0.2886 0.1899 
   CHARLOTTE 0.1361 0.1453 0.6524 0.0123 0.0479 0.0061 
     CHICAGO 0.4881 0.0992 0.1496 0.0131 0.2434 0.0065 
   CHIEFTAIN 0.0605 0.0817 0.4045 0.0736 0.0071 0.3726 
      CHOPIN 0.0480 0.0293 0.2494 0.0479 0.3809 0.2445 
      CLARET 0.0972 0.0413 0.1932 0.6119 0.0135 0.0429 
      CORINE 0.1839 0.0944 0.0074 0.2411 0.2995 0.1737 
      COSMOS 0.1427 0.0521 0.0872 0.0269 0.4533 0.2378 
     COURAGE 0.0759 0.1026 0.2121 0.1374 0.3145 0.1576 
     COURLAN 0.1205 0.0648 0.3247 0.1201 0.1107 0.2592 
 CRAIGS_ROYA 0.2209 0.0559 0.1377 0.3601 0.0058 0.2196 
 CRAIGS_SNOW 0.1659 0.2937 0.0918 0.0653 0.0436 0.3397 
     CRAMOND 0.4951 0.0142 0.1303 0.1576 0.1196 0.0833 
 CRISPS_FOR_ 0.1257 0.0551 0.3385 0.0477 0.2806 0.1524 
    CROMWELL 0.5938 0.2664 0.0090 0.0433 0.0822 0.0053 
       D22/1 0.5001 0.1930 0.0029 0.1022 0.0486 0.1533 
       D23/3 0.3668 0.3120 0.0643 0.0306 0.0386 0.1876 
      D47-11 0.6454 0.2778 0.0029 0.0102 0.0492 0.0145 
       D49/1 0.7288 0.2009 0.0129 0.0027 0.0472 0.0077 
       DAISY 0.4535 0.2331 0.1147 0.0103 0.1695 0.0190 
 DARK_RED_NO 0.0580 0.0981 0.2982 0.1056 0.0371 0.4030 
     DARWINA 0.1087 0.1169 0.1417 0.0186 0.4149 0.1992 
     DESIREE 0.0033 0.1405 0.3814 0.2264 0.1907 0.0577 
       DITTA 0.0168 0.1349 0.3031 0.0097 0.3512 0.1843 
 DR._MCINTOS 0.1038 0.0217 0.1841 0.1547 0.0235 0.5122 
       DRAGA 0.1781 0.0059 0.0987 0.0908 0.2868 0.3397 
 DUKE_OF_YOR 0.0032 0.3421 0.0060 0.0091 0.2199 0.4197 
 DUNBAR_STAN 0.1692 0.2503 0.0496 0.0632 0.0076 0.4601 
     DUNDROD 0.4628 0.1900 0.1726 0.0733 0.0204 0.0810 
     ECLIPSE 0.0366 0.3842 0.2788 0.0029 0.0034 0.2941 
        EDEN 0.6620 0.2535 0.0221 0.0264 0.0108 0.0253 
 EDZELL_BLUE 0.0544 0.3274 0.1444 0.1518 0.1822 0.1398 
   ELISABETH 0.1759 0.0106 0.5049 0.0135 0.2345 0.0605 
     EMPEROR 0.2190 0.0110 0.2918 0.0091 0.1511 0.3181 
         EOS 0.2930 0.0186 0.3811 0.0215 0.1323 0.1535 
     EPICURE 0.0133 0.3615 0.2472 0.0278 0.0209 0.3293 
  ERNTESTOLZ 0.0370 0.2394 0.1852 0.0475 0.2755 0.2154 
      ESCORT 0.1799 0.0157 0.3442 0.0752 0.3743 0.0107 
   ESMERALDA 0.1579 0.1663 0.2529 0.1069 0.2899 0.0260 
      ESTIMA 0.1515 0.0746 0.2303 0.0083 0.3080 0.2274 
 EVE_BALFOUR 0.1635 0.2208 0.1008 0.4241 0.0124 0.0783 
   EXCALIBUR 0.4612 0.0048 0.1003 0.3991 0.0300 0.0047 
     EXQUISA 0.0049 0.1688 0.4304 0.1014 0.2891 0.0053 
    FESTIVAL 0.1621 0.0101 0.3471 0.0326 0.3920 0.0561 
      FIANNA 0.0579 0.0103 0.1493 0.2161 0.3268 0.2397 
   FIFTYFOLD 0.0638 0.5501 0.1653 0.0591 0.0184 0.1434 
     FONTANE 0.2019 0.0209 0.2154 0.0049 0.3918 0.1651 
   FORTYFOLD 0.0031 0.5460 0.0048 0.0222 0.2260 0.1979 
 FRONTIER_RU 0.1129 0.1305 0.2814 0.0054 0.0344 0.4354 
     G.81071 0.1909 0.0673 0.2120 0.2186 0.0942 0.2170 
     G.88661 0.2700 0.0052 0.2551 0.0422 0.0930 0.3345 
    G.886611 0.2647 0.0037 0.3886 0.0639 0.0117 0.2675 
  G.8867Y%12 0.1091 0.0036 0.3673 0.1492 0.0313 0.3395 
     G.88839 0.0069 0.0226 0.5580 0.0060 0.4025 0.0041 
     G.88842 0.0191 0.0125 0.3313 0.1431 0.3655 0.1285 
   GALACTICA 0.0055 0.1562 0.0061 0.3891 0.3326 0.1104 
      GEMSON 0.1309 0.1329 0.1599 0.2832 0.0139 0.2793 
  GL.76B/102 0.1438 0.3559 0.1915 0.0054 0.1841 0.1192 
   GL.76B/94 0.0032 0.5366 0.0243 0.1493 0.2668 0.0198 
  GL.77M/106 0.2471 0.1828 0.2885 0.2624 0.0067 0.0124 
   GL.78/166 0.0233 0.6119 0.0091 0.0415 0.1934 0.1207 
    GL.78/53 0.2120 0.5495 0.2092 0.0133 0.0086 0.0073 
    GL.78/97 0.1147 0.5834 0.1417 0.0237 0.1108 0.0257 
    GL.79/42 0.1507 0.5516 0.2445 0.0072 0.0425 0.0036 
    GL.79/45 0.0686 0.5835 0.2156 0.0973 0.0297 0.0052 
 GL.81_NT_25 0.4892 0.3878 0.0027 0.0343 0.0760 0.0100 
   GLADIATOR 0.1293 0.0062 0.3361 0.1261 0.2298 0.1725 
      GLAMIS 0.4388 0.0383 0.2040 0.0315 0.1238 0.1636 
 GOLDEN_MILL 0.4820 0.1156 0.1791 0.1992 0.0149 0.0092 
 GOLDEN_NUGG 0.1144 0.0205 0.1700 0.3150 0.3666 0.0136 
 GOLDEN_WOND 0.0358 0.5615 0.1545 0.0259 0.0826 0.1396 
     GRANOLA 0.1312 0.1084 0.5603 0.0176 0.1761 0.0065 
    H1H3_101 0.6173 0.3604 0.0022 0.0047 0.0065 0.0089 
      H1H3_3 0.4454 0.1775 0.0414 0.0867 0.0711 0.1779 
 HARBOROUGH_ 0.7207 0.0202 0.1440 0.0561 0.0314 0.0276 
   HARLEQUIN 0.1478 0.1778 0.5358 0.0404 0.0830 0.0153 
      HERMES 0.0525 0.1372 0.2352 0.1589 0.3422 0.0740 
 HIGHLAND_BU 0.0098 0.8113 0.0065 0.0223 0.0994 0.0506 
  HOME_GUARD 0.2028 0.2027 0.1499 0.1475 0.0127 0.2843 
     HORIZON 0.0788 0.2521 0.0842 0.1190 0.4275 0.0385 
   INNOVATOR 0.0066 0.1350 0.0042 0.1005 0.2690 0.4847 
 INTERNATION 0.0047 0.8593 0.0037 0.0085 0.0401 0.0836 
 ISLE_OF_JUR 0.4322 0.1507 0.1151 0.1689 0.0822 0.0510 
    JULIETTE 0.0270 0.0583 0.5952 0.0107 0.3020 0.0067 
     KARLENA 0.0267 0.1829 0.0084 0.2328 0.2830 0.2662 
 KERR'S_PINK 0.0907 0.4291 0.0726 0.0671 0.0061 0.3344 
     KESTREL 0.3782 0.0063 0.2120 0.3780 0.0045 0.0209 
       KIFLI 0.1131 0.1860 0.5052 0.0074 0.1811 0.0072 
 KING_EDWARD 0.0330 0.7176 0.1277 0.0030 0.0043 0.1144 
    KINGSTON 0.4711 0.2077 0.0768 0.1485 0.0907 0.0052 
 KUFRI_CHAND 0.1161 0.1542 0.1489 0.0638 0.1209 0.3961 
 KUFRI_JYOTI 0.0336 0.1343 0.2160 0.3700 0.1754 0.0706 
      KURODA 0.0386 0.0183 0.1356 0.1298 0.4803 0.1974 
 LADY_BALFOU 0.1880 0.1376 0.0972 0.3967 0.0310 0.1494 
 LADY_CHRIST 0.0819 0.2885 0.0873 0.0599 0.4053 0.0770 
 LADY_CLAIRE 0.0071 0.2201 0.0076 0.0177 0.6978 0.0497 
     LADY_JO 0.0115 0.2882 0.0023 0.0187 0.5482 0.1312 
 LADY_ROSETT 0.1482 0.1309 0.1810 0.0807 0.3194 0.1397 
    LIBERTAS 0.0045 0.3083 0.0024 0.1643 0.5117 0.0087 
       LINDA 0.0063 0.2190 0.5580 0.0084 0.2007 0.0076 
      LINTON 0.1896 0.0399 0.2262 0.0946 0.2605 0.1891 
 LINZER_DELI 0.0293 0.2030 0.4486 0.0137 0.2588 0.0466 
   LIONHEART 0.0824 0.0270 0.1292 0.1103 0.4373 0.2138 
   MADELEINE 0.0960 0.0851 0.3992 0.0415 0.3642 0.0139 
   MADINGLEY 0.1435 0.0560 0.3280 0.1341 0.2587 0.0797 
    MAJESTIC 0.0543 0.0313 0.2057 0.1511 0.0348 0.5229 
     MARABEL 0.0224 0.0115 0.3502 0.0331 0.4754 0.1074 
     MARFONA 0.1201 0.1485 0.0202 0.0713 0.4499 0.1899 
     MARILYN 0.0220 0.0960 0.3885 0.1383 0.3043 0.0509 
 MARIS_ANCHO 0.0820 0.1721 0.2241 0.0271 0.2585 0.2362 
  MARIS_BARD 0.2480 0.1100 0.0027 0.1426 0.2044 0.2923 
  MARIS_PEER 0.1725 0.1374 0.1548 0.1894 0.0106 0.3353 
 MARIS_PIPER 0.7695 0.1759 0.0051 0.0048 0.0401 0.0046 
     MARKIES 0.0221 0.1331 0.3022 0.0391 0.4590 0.0445 
      MAXINE 0.4235 0.0178 0.1575 0.0998 0.0170 0.2845 
      MEGARA 0.0771 0.0852 0.2978 0.0309 0.4900 0.0190 
      MELODY 0.0856 0.1687 0.1788 0.1598 0.3809 0.0262 
       MIDAS 0.4661 0.1555 0.1592 0.0050 0.2104 0.0039 
       MILVA 0.0200 0.2007 0.3559 0.0406 0.3553 0.0275 
        MIMI 0.3143 0.1245 0.0946 0.2000 0.2598 0.0068 
        MIRA 0.0075 0.2308 0.0089 0.1219 0.5452 0.0858 
       MOIRA 0.0571 0.1316 0.2511 0.1726 0.2562 0.1315 
    MONTROSE 0.5375 0.2808 0.0988 0.0737 0.0053 0.0040 
       MORAG 0.1629 0.1799 0.1381 0.3286 0.0098 0.1807 
      MORENE 0.0037 0.1669 0.0094 0.1395 0.5366 0.1440 
      MOZART 0.1137 0.0025 0.4710 0.0233 0.3430 0.0466 
 MYATT'S_ASH 0.0026 0.7249 0.0046 0.0095 0.1575 0.1009 
      NADINE 0.4584 0.0089 0.2978 0.1069 0.0581 0.0699 
       NAVAN 0.6793 0.0736 0.0570 0.0703 0.0266 0.0931 
 NDTX_4271_5 0.2365 0.0102 0.4830 0.0114 0.0039 0.2549 
      NICOLA 0.0031 0.1748 0.4319 0.0039 0.3557 0.0306 
     NOVELLA 0.0480 0.0327 0.2562 0.2023 0.3529 0.1079 
     OLYMPUS 0.3304 0.1133 0.2839 0.1250 0.0073 0.1402 
       OPERA 0.1486 0.0135 0.2542 0.1274 0.3546 0.1018 
   ORCHESTRA 0.1433 0.0892 0.3585 0.0271 0.3609 0.0209 
      ORIANA 0.0035 0.0724 0.1570 0.1754 0.3907 0.2011 
     OTHELLO 0.1575 0.0081 0.1887 0.5259 0.0041 0.1157 
     PALADIN 0.6377 0.2384 0.0042 0.0098 0.0429 0.0670 
       PANDA 0.1094 0.0350 0.5553 0.0195 0.2725 0.0083 
   PARAMOUNT 0.0151 0.0584 0.2426 0.4819 0.1644 0.0376 
    PATRONES 0.0706 0.1880 0.1494 0.0410 0.3257 0.2253 
 PENTLAND_AC 0.1581 0.1441 0.1995 0.1868 0.1258 0.1856 
 PENTLAND_BE 0.0096 0.4167 0.0076 0.1911 0.0791 0.2959 
 PENTLAND_CR 0.1531 0.0914 0.1026 0.2429 0.2297 0.1802 
 PENTLAND_DE 0.0682 0.2218 0.1906 0.2559 0.0092 0.2542 
 PENTLAND_IV 0.1169 0.0358 0.3413 0.1794 0.0037 0.3229 
 PENTLAND_JA 0.1072 0.0701 0.0997 0.1190 0.1697 0.4343 
 PENTLAND_MA 0.0084 0.1024 0.1254 0.3324 0.3041 0.1273 
 PENTLAND_SQ 0.1225 0.1682 0.1990 0.2075 0.0755 0.2272 
   PEPO_1978 0.1037 0.1461 0.3513 0.0151 0.3487 0.0351 
     PICASSO 0.1490 0.0037 0.0422 0.4995 0.2604 0.0453 
   PIMPERNEL 0.0379 0.2166 0.1699 0.1487 0.4219 0.0049 
     PIONEER 0.0224 0.1725 0.6132 0.0053 0.1672 0.0194 
       PIXIE 0.3811 0.0065 0.2618 0.2909 0.0393 0.0205 
    PREMIERE 0.0447 0.2482 0.0046 0.0635 0.4582 0.1809 
   PRODUCENT 0.2264 0.1123 0.1615 0.0095 0.4166 0.0736 
     PROVOST 0.0573 0.1240 0.1829 0.2101 0.1407 0.2850 
  R.P.LUSTRE 0.2082 0.2283 0.3386 0.0276 0.0130 0.1843 
 RANGER_RUSS 0.0026 0.2041 0.0220 0.0841 0.1455 0.5416 
       RATTE 0.1580 0.5007 0.2805 0.0134 0.0126 0.0349 
      RECORD 0.0049 0.2976 0.0072 0.1213 0.5571 0.0118 
   REMBRANDT 0.1312 0.1241 0.1249 0.0144 0.4190 0.1864 
    RIO_ROJO 0.1012 0.0484 0.3206 0.1411 0.0673 0.3214 
      ROBIJN 0.0032 0.3237 0.0406 0.0874 0.5230 0.0221 
      ROCKET 0.5065 0.1956 0.0647 0.0893 0.0186 0.1252 
   RODE_STAR 0.0078 0.4165 0.2203 0.0207 0.3327 0.0019 
      ROMANO 0.0356 0.0184 0.2859 0.3367 0.3108 0.0126 
       ROMEO 0.0453 0.1891 0.3968 0.3051 0.0082 0.0556 
     ROOSTER 0.1029 0.1204 0.2063 0.2883 0.1307 0.1514 
       ROYAL 0.3272 0.1333 0.2739 0.0202 0.2402 0.0051 
 ROYAL_KIDNE 0.0033 0.3781 0.0057 0.0487 0.0317 0.5325 
     RUBESSE 0.0469 0.0678 0.3780 0.1170 0.2158 0.1745 
 RUSSET_BURB 0.0376 0.1131 0.1682 0.0376 0.0937 0.5498 
 RUSSET_NORK 0.0703 0.0338 0.3342 0.0046 0.0037 0.5534 
      SAFARI 0.0488 0.0153 0.1997 0.2566 0.4174 0.0622 
     SANTANA 0.1563 0.0836 0.1029 0.0493 0.3912 0.2166 
       SANTE 0.1728 0.1091 0.1707 0.1189 0.4172 0.0115 
     SAPHIRE 0.1252 0.0051 0.1179 0.0660 0.4085 0.2773 
  SARPO_MIRA 0.0496 0.1844 0.4064 0.0915 0.2579 0.0102 
 SARPO_SHONA 0.0468 0.1099 0.3891 0.1092 0.3369 0.0081 
       SASSY 0.0885 0.2314 0.1780 0.0676 0.2809 0.1535 
     SATURNA 0.0213 0.2979 0.2153 0.0064 0.4532 0.0058 
        SAVA 0.1326 0.0397 0.4018 0.0102 0.2706 0.1450 
       SAXON 0.5451 0.1534 0.1075 0.1274 0.0443 0.0222 
 SCARBOROUGH 0.7284 0.0851 0.1463 0.0275 0.0044 0.0083 
 SEFTON_WOND 0.1557 0.4120 0.0276 0.0742 0.0061 0.3244 
    SERAFINA 0.0094 0.1403 0.4879 0.1019 0.2451 0.0154 
     SETANTA 0.3031 0.0454 0.2881 0.2563 0.0386 0.0686 
 SHARPE'S_EX 0.0830 0.6003 0.1125 0.0146 0.0657 0.1239 
     SHELAGH 0.1552 0.2779 0.1209 0.2944 0.1285 0.0230 
    SHELFORD 0.0162 0.1892 0.2449 0.1619 0.2875 0.1003 
     SHEPODY 0.0061 0.1544 0.0031 0.1925 0.2086 0.4353 
      SLANEY 0.2949 0.0087 0.2342 0.3996 0.0117 0.0510 
        SPEY 0.2876 0.0039 0.1678 0.4748 0.0435 0.0223 
      SPUNTA 0.1277 0.2057 0.3980 0.1414 0.0869 0.0404 
     STAMINA 0.6209 0.0038 0.0121 0.2075 0.0674 0.0883 
    STEMSTER 0.2875 0.2000 0.1582 0.1015 0.2271 0.0256 
 STORMONT_EN 0.1759 0.1855 0.0658 0.1648 0.2699 0.1381 
    STIRLING 0.1900 0.0063 0.2049 0.3583 0.0669 0.1735 
     SYLVANA 0.1177 0.0489 0.2412 0.0925 0.2626 0.2371 
         TAY 0.4289 0.0117 0.2583 0.2766 0.0081 0.0165 
      TIMATE 0.1376 0.0451 0.3717 0.0050 0.3895 0.0510 
      TOLUCA 0.0059 0.0396 0.3769 0.1678 0.3289 0.0809 
    TORRIDON 0.0615 0.1112 0.1399 0.3096 0.3137 0.0641 
 ULSTER_SCEP 0.3314 0.0604 0.0454 0.1348 0.0744 0.3537 
 UMATILLA_RU 0.2992 0.4010 0.0440 0.0578 0.1537 0.0443 
 VALES_EMERA 0.2637 0.1094 0.4957 0.0494 0.0287 0.0531 
 VALES_EVERE 0.2658 0.1216 0.1405 0.3982 0.0090 0.0649 
 VALES_RUSSE 0.0516 0.2197 0.1910 0.0166 0.0744 0.4468 
 VALES_SOVER 0.3307 0.0036 0.0224 0.5921 0.0423 0.0090 
       VALOR 0.3773 0.0030 0.0863 0.4628 0.0607 0.0099 
    VAN_GOGH 0.1112 0.1620 0.1611 0.0317 0.4741 0.0599 
     VANTAGE 0.0105 0.2975 0.0059 0.0715 0.3839 0.2307 
       VERDI 0.0986 0.2255 0.2384 0.0613 0.3574 0.0187 
    VICTORIA 0.0594 0.0259 0.2072 0.0286 0.4030 0.2759 
     VIVALDI 0.0041 0.0222 0.1555 0.1434 0.4292 0.2456 
       WILJA 0.0072 0.1840 0.0020 0.1362 0.5262 0.1443 
     WINSTON 0.4554 0.0043 0.2753 0.1927 0.0085 0.0639 
      XD2-21 0.1047 0.1692 0.1660 0.2418 0.0479 0.2703 
  YUKON_GOLD 0.2478 0.0046 0.3593 0.0107 0.0804 0.2972 
       ZORBA 0.0110 0.1486 0.0164 0.1736 0.3965 0.2539 
