  00C133-020 0.0931 0.0157 0.3599 0.5133 0.0180 
 01C_071-002 0.0800 0.3011 0.2586 0.2075 0.1528 
 02M_012-001 0.0992 0.1016 0.0393 0.6192 0.1406 
 03M_016-002 0.0413 0.0423 0.1032 0.3750 0.4383 
 03M_034-002 0.0275 0.0467 0.2108 0.5307 0.1843 
 04C_055-004 0.3038 0.1155 0.0324 0.4874 0.0610 
 04C_126-005 0.1123 0.1145 0.3704 0.3103 0.0925 
 04M_034-013 0.1226 0.0913 0.0462 0.4777 0.2622 
 05M_002-001 0.2112 0.3662 0.1384 0.1461 0.1380 
 05M_004-003 0.1433 0.3619 0.2847 0.2011 0.0090 
 05M_012-004 0.1493 0.2148 0.3535 0.1931 0.0893 
 06C_127-002 0.4582 0.0109 0.1689 0.3243 0.0377 
 12288_AF_23 0.2508 0.0319 0.2670 0.4369 0.0134 
    12601AB1 0.0513 0.0116 0.0218 0.4787 0.4366 
   12636_A_2 0.0484 0.0102 0.2335 0.4938 0.2141 
  15119_AC_5 0.0025 0.0289 0.5355 0.2383 0.1947 
     1512C16 0.2255 0.1063 0.3349 0.0129 0.3205 
   15144_A_3 0.2785 0.0822 0.5713 0.0335 0.0346 
     1563C14 0.2196 0.2699 0.0387 0.0308 0.4410 
     2182EF7 0.2266 0.0552 0.4971 0.0920 0.1291 
     3681AD1 0.1023 0.3760 0.3729 0.0995 0.0492 
     5008AB6 0.2805 0.2718 0.2961 0.0607 0.0909 
    8204_A_4 0.3313 0.0218 0.4249 0.1800 0.0420 
       AGRIA 0.3447 0.5188 0.0097 0.0847 0.0421 
       AILSA 0.2729 0.0060 0.0221 0.5696 0.1294 
      ALMERA 0.2463 0.4503 0.1781 0.0676 0.0577 
       ALPHA 0.1591 0.4231 0.1280 0.0595 0.2302 
      ALWARA 0.2798 0.3580 0.2786 0.0547 0.0288 
      AMADRA 0.2729 0.3315 0.0271 0.2279 0.1407 
       AMOUR 0.0803 0.0258 0.4414 0.4140 0.0385 
        ANNA 0.0063 0.0164 0.7929 0.0227 0.1617 
   ANNABELLE 0.4316 0.4689 0.0548 0.0173 0.0273 
        ANYA 0.4957 0.1729 0.0600 0.0523 0.2192 
       ARGOS 0.0523 0.1221 0.5771 0.2384 0.0101 
     ARIELLE 0.3184 0.4119 0.1270 0.0283 0.1144 
      ARKULA 0.2078 0.4461 0.2010 0.0171 0.1281 
      ARMADA 0.1925 0.3830 0.1759 0.1158 0.1328 
   AVALANCHE 0.0122 0.2740 0.2222 0.4457 0.0459 
     BAILLIE 0.1051 0.1760 0.2122 0.4910 0.0158 
    BALMORAL 0.0176 0.2367 0.6291 0.0250 0.0916 
     BAMBINO 0.1285 0.0764 0.2763 0.5019 0.0169 
       BARNA 0.3230 0.0999 0.4143 0.1096 0.0532 
 BELLE_DE_FO 0.0056 0.0713 0.0624 0.0039 0.8568 
       BENOL 0.0697 0.1050 0.0480 0.6150 0.1623 
       BF_15 0.0505 0.2215 0.0296 0.0056 0.6928 
      BINTJE 0.1230 0.2535 0.1773 0.0781 0.3681 
 BIONICA_EX_ 0.1806 0.2757 0.2658 0.1404 0.1375 
 BLUE_DANUBE 0.0067 0.5600 0.2676 0.0193 0.1463 
      BONNIE 0.2614 0.1706 0.2789 0.2548 0.0343 
      BOUNTY 0.1082 0.0917 0.3224 0.4604 0.0173 
 BRITISH_QUE 0.0055 0.2089 0.2838 0.0075 0.4943 
     BRODICK 0.3059 0.0096 0.1195 0.5539 0.0111 
      BRODIE 0.1584 0.0061 0.6035 0.0842 0.1478 
      BUCHAN 0.2834 0.0044 0.4837 0.1387 0.0898 
      BURREN 0.2010 0.1567 0.4453 0.0977 0.0993 
     CABARET 0.0152 0.0157 0.1454 0.5279 0.2958 
      CAESAR 0.4058 0.3830 0.1626 0.0444 0.0042 
        CARA 0.0934 0.0172 0.6968 0.1481 0.0445 
 CARLINGFORD 0.3527 0.0247 0.4031 0.1104 0.1091 
  CASABLANCA 0.0093 0.2282 0.4394 0.3179 0.0052 
      CELINE 0.1092 0.4137 0.2963 0.1134 0.0673 
  CHALLENGER 0.2658 0.3261 0.0450 0.2118 0.1513 
   CHARLOTTE 0.6598 0.0819 0.0077 0.1408 0.1097 
     CHICAGO 0.1530 0.2716 0.0136 0.5300 0.0318 
   CHIEFTAIN 0.4728 0.0094 0.2759 0.0250 0.2169 
      CHOPIN 0.2807 0.4019 0.2084 0.0323 0.0766 
      CLARET 0.2009 0.0250 0.6112 0.1212 0.0417 
      CORINE 0.0084 0.3254 0.3593 0.1904 0.1166 
      COSMOS 0.1206 0.4656 0.1888 0.1237 0.1012 
     COURAGE 0.2292 0.3497 0.2223 0.0804 0.1183 
     COURLAN 0.3516 0.1384 0.2557 0.1079 0.1463 
 CRAIGS_ROYA 0.1720 0.0052 0.4784 0.2130 0.1313 
 CRAIGS_SNOW 0.1192 0.0859 0.2487 0.1562 0.3900 
     CRAMOND 0.1538 0.0990 0.2345 0.4988 0.0139 
 CRISPS_FOR_ 0.3658 0.3048 0.1362 0.1120 0.0812 
    CROMWELL 0.0096 0.1148 0.0181 0.6690 0.1886 
       D22/1 0.0046 0.0609 0.2172 0.5171 0.2002 
       D23/3 0.0823 0.0696 0.1174 0.3901 0.3406 
      D47-11 0.0035 0.0637 0.0137 0.7022 0.2168 
       D49/1 0.0179 0.0613 0.0039 0.7754 0.1414 
       DAISY 0.1156 0.1992 0.0145 0.4882 0.1825 
 DARK_RED_NO 0.3381 0.0748 0.3126 0.0338 0.2407 
     DARWINA 0.1583 0.4554 0.1414 0.1061 0.1387 
     DESIREE 0.3728 0.2537 0.2213 0.0051 0.1472 
       DITTA 0.3276 0.4159 0.0741 0.0214 0.1611 
 DR._MCINTOS 0.2519 0.0239 0.4837 0.0510 0.1894 
       DRAGA 0.1641 0.3006 0.3350 0.1567 0.0436 
 DUKE_OF_YOR 0.0120 0.2930 0.2263 0.0033 0.4654 
 DUNBAR_STAN 0.1007 0.0146 0.3015 0.1553 0.4279 
     DUNDROD 0.1941 0.0323 0.0902 0.4992 0.1842 
     ECLIPSE 0.3636 0.0093 0.0497 0.0583 0.5192 
        EDEN 0.0260 0.0118 0.0354 0.7138 0.2130 
 EDZELL_BLUE 0.1399 0.2401 0.1920 0.0789 0.3490 
   ELISABETH 0.5495 0.2455 0.0281 0.1674 0.0096 
     EMPEROR 0.3659 0.1761 0.1661 0.1979 0.0940 
         EOS 0.4347 0.1354 0.1079 0.2807 0.0414 
     EPICURE 0.2891 0.0605 0.1820 0.0132 0.4552 
  ERNTESTOLZ 0.1905 0.3280 0.1657 0.0358 0.2800 
      ESCORT 0.3491 0.3889 0.0767 0.1781 0.0072 
   ESMERALDA 0.2604 0.3158 0.1172 0.1704 0.1362 
      ESTIMA 0.2682 0.3440 0.1076 0.1482 0.1319 
 EVE_BALFOUR 0.0971 0.0209 0.4386 0.2027 0.2407 
   EXCALIBUR 0.1002 0.0232 0.3791 0.4938 0.0037 
     EXQUISA 0.4257 0.3792 0.0504 0.0100 0.1347 
    FESTIVAL 0.3693 0.4002 0.0675 0.1551 0.0078 
      FIANNA 0.1830 0.3546 0.3815 0.0439 0.0370 
   FIFTYFOLD 0.1658 0.0767 0.0921 0.0929 0.5725 
     FONTANE 0.2587 0.4353 0.0448 0.2111 0.0502 
   FORTYFOLD 0.0061 0.3085 0.1086 0.0046 0.5722 
 FRONTIER_RU 0.3506 0.0790 0.1885 0.0919 0.2900 
     G.81071 0.2423 0.1073 0.3416 0.1800 0.1288 
     G.88661 0.3615 0.0809 0.2937 0.2258 0.0381 
    G.886611 0.4928 0.0076 0.2686 0.2186 0.0124 
  G.8867Y%12 0.4726 0.0313 0.4073 0.0632 0.0257 
     G.88839 0.5116 0.4666 0.0077 0.0070 0.0071 
     G.88842 0.3375 0.3845 0.2471 0.0126 0.0184 
   GALACTICA 0.0056 0.3741 0.4503 0.0096 0.1604 
      GEMSON 0.1965 0.0233 0.4401 0.1222 0.2179 
  GL.76B/102 0.1992 0.2642 0.0132 0.1738 0.3496 
   GL.76B/94 0.0106 0.3577 0.1248 0.0060 0.5010 
  GL.77M/106 0.3001 0.0093 0.2251 0.2926 0.1729 
   GL.78/166 0.0077 0.2800 0.0678 0.0549 0.5896 
    GL.78/53 0.1995 0.0361 0.0066 0.2513 0.5064 
    GL.78/97 0.0998 0.1914 0.0139 0.1593 0.5357 
    GL.79/42 0.2189 0.0975 0.0030 0.1856 0.4950 
    GL.79/45 0.2001 0.1106 0.0175 0.1454 0.5264 
 GL.81_NT_25 0.0029 0.1138 0.0225 0.5424 0.3183 
   GLADIATOR 0.3791 0.2521 0.2283 0.1229 0.0175 
      GLAMIS 0.2381 0.1301 0.1403 0.4393 0.0522 
 GOLDEN_MILL 0.1915 0.0210 0.1716 0.5297 0.0861 
 GOLDEN_NUGG 0.1621 0.3763 0.3161 0.1320 0.0135 
 GOLDEN_WOND 0.1558 0.1530 0.0479 0.0546 0.5887 
     GRANOLA 0.5659 0.2198 0.0086 0.1364 0.0692 
    H1H3_101 0.0025 0.0096 0.0059 0.6780 0.3039 
      H1H3_3 0.0723 0.0770 0.1929 0.4523 0.2056 
 HARBOROUGH_ 0.1653 0.0124 0.0843 0.7287 0.0094 
   HARLEQUIN 0.5326 0.1332 0.0194 0.1640 0.1508 
      HERMES 0.2158 0.3976 0.1902 0.0734 0.1230 
 HIGHLAND_BU 0.0056 0.1732 0.0162 0.0231 0.7820 
  HOME_GUARD 0.1887 0.0205 0.3030 0.1827 0.3052 
     HORIZON 0.0668 0.4739 0.1307 0.1090 0.2196 
   INNOVATOR 0.0064 0.2968 0.3917 0.0063 0.2988 
 INTERNATION 0.0038 0.1187 0.0151 0.0065 0.8559 
 ISLE_OF_JUR 0.1285 0.0987 0.1949 0.4540 0.1238 
    JULIETTE 0.5817 0.3583 0.0064 0.0313 0.0224 
     KARLENA 0.0117 0.3388 0.3721 0.0308 0.2467 
 KERR'S_PINK 0.1007 0.0199 0.2365 0.0916 0.5512 
     KESTREL 0.2314 0.0049 0.3765 0.3794 0.0078 
       KIFLI 0.4748 0.2450 0.0058 0.1443 0.1302 
 KING_EDWARD 0.1433 0.0139 0.0054 0.0664 0.7709 
    KINGSTON 0.0889 0.1138 0.1220 0.5224 0.1528 
 KUFRI_CHAND 0.1950 0.1586 0.2924 0.0880 0.2659 
 KUFRI_JYOTI 0.2224 0.2009 0.3869 0.0435 0.1464 
      KURODA 0.1439 0.5224 0.2620 0.0403 0.0314 
 LADY_BALFOU 0.1183 0.0441 0.4691 0.1937 0.1748 
 LADY_CHRIST 0.0832 0.4556 0.0872 0.1027 0.2712 
 LADY_CLAIRE 0.0066 0.7576 0.0491 0.0135 0.1732 
     LADY_JO 0.0026 0.6073 0.0929 0.0233 0.2740 
 LADY_ROSETT 0.2025 0.3539 0.1502 0.1568 0.1366 
    LIBERTAS 0.0025 0.5745 0.1521 0.0088 0.2622 
       LINDA 0.5326 0.2683 0.0059 0.0078 0.1853 
      LINTON 0.2422 0.2824 0.2081 0.1842 0.0831 
 LINZER_DELI 0.4357 0.3245 0.0209 0.0389 0.1799 
   LIONHEART 0.1650 0.4534 0.2392 0.0721 0.0702 
   MADELEINE 0.4148 0.4004 0.0276 0.1066 0.0505 
   MADINGLEY 0.3210 0.3147 0.1574 0.1635 0.0435 
    MAJESTIC 0.2660 0.0480 0.4484 0.0203 0.2172 
     MARABEL 0.3551 0.4978 0.1199 0.0162 0.0110 
     MARFONA 0.0304 0.4796 0.1950 0.1169 0.1781 
     MARILYN 0.3914 0.3496 0.1447 0.0354 0.0789 
 MARIS_ANCHO 0.2449 0.2947 0.1571 0.0798 0.2237 
  MARIS_BARD 0.0036 0.2110 0.3571 0.2331 0.1952 
  MARIS_PEER 0.1998 0.0164 0.3783 0.1594 0.2461 
 MARIS_PIPER 0.0049 0.0510 0.0066 0.8272 0.1103 
     MARKIES 0.3018 0.5117 0.0425 0.0323 0.1117 
      MAXINE 0.2070 0.0243 0.2718 0.4078 0.0891 
      MEGARA 0.3035 0.5338 0.0289 0.0921 0.0417 
      MELODY 0.1637 0.4234 0.1596 0.1128 0.1405 
       MIDAS 0.1513 0.2454 0.0047 0.5109 0.0877 
       MILVA 0.3532 0.4038 0.0485 0.0243 0.1702 
        MIMI 0.1022 0.2798 0.1888 0.3592 0.0700 
        MIRA 0.0075 0.5942 0.1798 0.0123 0.2062 
       MOIRA 0.2588 0.2929 0.2452 0.0534 0.1497 
    MONTROSE 0.1080 0.0097 0.0306 0.6177 0.2341 
       MORAG 0.1467 0.0161 0.4176 0.1763 0.2433 
      MORENE 0.0119 0.5793 0.2341 0.0043 0.1705 
      MOZART 0.5061 0.3418 0.0610 0.0883 0.0028 
 MYATT'S_ASH 0.0053 0.2506 0.0163 0.0045 0.7232 
      NADINE 0.3290 0.0508 0.1523 0.4582 0.0097 
       NAVAN 0.0844 0.0230 0.1495 0.6909 0.0522 
 NDTX_4271_5 0.5649 0.0063 0.1210 0.2203 0.0875 
      NICOLA 0.4085 0.4254 0.0049 0.0047 0.1566 
     NOVELLA 0.2626 0.3798 0.2743 0.0485 0.0348 
     OLYMPUS 0.3244 0.0071 0.1811 0.3378 0.1496 
       OPERA 0.2752 0.3713 0.1886 0.1477 0.0172 
   ORCHESTRA 0.3574 0.4087 0.0228 0.1585 0.0527 
      ORIANA 0.1483 0.4471 0.2922 0.0047 0.1077 
     OTHELLO 0.2193 0.0049 0.5924 0.1589 0.0245 
     PALADIN 0.0059 0.0647 0.0266 0.6858 0.2169 
       PANDA 0.5354 0.3219 0.0155 0.1125 0.0147 
   PARAMOUNT 0.2375 0.1923 0.4873 0.0255 0.0574 
    PATRONES 0.1598 0.3708 0.1681 0.0707 0.2307 
 PENTLAND_AC 0.2183 0.1483 0.2797 0.1558 0.1978 
 PENTLAND_BE 0.0098 0.1379 0.3374 0.0148 0.5001 
 PENTLAND_CR 0.1238 0.2412 0.3617 0.1460 0.1274 
 PENTLAND_DE 0.2168 0.0160 0.3933 0.0634 0.3105 
 PENTLAND_IV 0.3974 0.0041 0.3563 0.0804 0.1618 
 PENTLAND_JA 0.1513 0.1915 0.3820 0.0711 0.2040 
 PENTLAND_MA 0.1082 0.3438 0.4211 0.0094 0.1176 
 PENTLAND_SQ 0.2209 0.0952 0.3371 0.1139 0.2329 
   PEPO_1978 0.3394 0.4067 0.0283 0.1154 0.1102 
     PICASSO 0.0540 0.2479 0.5537 0.1405 0.0039 
   PIMPERNEL 0.1550 0.4951 0.1000 0.0932 0.1567 
     PIONEER 0.6088 0.2174 0.0063 0.0211 0.1465 
       PIXIE 0.2807 0.0294 0.3089 0.3748 0.0061 
    PREMIERE 0.0066 0.4895 0.1776 0.0525 0.2739 
   PRODUCENT 0.1784 0.4525 0.0413 0.2380 0.0897 
     PROVOST 0.2121 0.1627 0.3829 0.0354 0.2070 
  R.P.LUSTRE 0.3830 0.0204 0.1072 0.2085 0.2809 
 RANGER_RUSS 0.0394 0.2003 0.3800 0.0030 0.3774 
       RATTE 0.2686 0.0473 0.0086 0.1954 0.4802 
      RECORD 0.0068 0.6190 0.1190 0.0090 0.2462 
   REMBRANDT 0.1509 0.4578 0.0991 0.1346 0.1576 
    RIO_ROJO 0.3697 0.0852 0.3092 0.0746 0.1613 
      ROBIJN 0.0225 0.5997 0.0957 0.0068 0.2752 
      ROCKET 0.0848 0.0234 0.1665 0.5261 0.1992 
   RODE_STAR 0.1811 0.4414 0.0047 0.0505 0.3223 
      ROMANO 0.2804 0.3343 0.3257 0.0465 0.0131 
       ROMEO 0.4129 0.0179 0.2945 0.0670 0.2076 
     ROOSTER 0.2246 0.1579 0.3611 0.1041 0.1523 
       ROYAL 0.2620 0.2900 0.0095 0.3654 0.0731 
 ROYAL_KIDNE 0.0125 0.0839 0.3336 0.0038 0.5662 
     RUBESSE 0.4068 0.2420 0.2027 0.0419 0.1066 
 RUSSET_BURB 0.2212 0.1280 0.3416 0.0123 0.2970 
 RUSSET_NORK 0.4411 0.0075 0.2512 0.0321 0.2680 
      SAFARI 0.2031 0.4214 0.3272 0.0377 0.0106 
     SANTANA 0.1255 0.4130 0.1918 0.1466 0.1231 
       SANTE 0.1834 0.4376 0.1199 0.1946 0.0645 
     SAPHIRE 0.1764 0.4230 0.2731 0.1021 0.0254 
  SARPO_MIRA 0.3986 0.3315 0.0358 0.0902 0.1438 
 SARPO_SHONA 0.3758 0.4090 0.0640 0.0873 0.0638 
       SASSY 0.1869 0.3298 0.1330 0.1030 0.2473 
     SATURNA 0.1874 0.5338 0.0059 0.0500 0.2229 
        SAVA 0.4319 0.3076 0.0633 0.1302 0.0670 
       SAXON 0.1244 0.0407 0.1435 0.5740 0.1173 
 SCARBOROUGH 0.1637 0.0051 0.0287 0.7623 0.0402 
 SEFTON_WOND 0.0581 0.0146 0.2409 0.1554 0.5310 
    SERAFINA 0.4886 0.3031 0.0729 0.0175 0.1180 
     SETANTA 0.3145 0.0415 0.2809 0.3162 0.0469 
 SHARPE'S_EX 0.1110 0.1397 0.0362 0.1052 0.6079 
     SHELAGH 0.1196 0.1610 0.2768 0.1895 0.2531 
    SHELFORD 0.2274 0.3555 0.1926 0.0306 0.1939 
     SHEPODY 0.0040 0.2308 0.4647 0.0055 0.2950 
      SLANEY 0.2502 0.0118 0.4288 0.3000 0.0093 
        SPEY 0.1740 0.0276 0.4982 0.2958 0.0044 
      SPUNTA 0.4021 0.1228 0.1326 0.1362 0.2063 
     STAMINA 0.0161 0.0489 0.3081 0.6229 0.0040 
    STEMSTER 0.1484 0.2742 0.0903 0.3301 0.1570 
 STORMONT_EN 0.0781 0.2993 0.2443 0.1850 0.1933 
    STIRLING 0.2644 0.0546 0.4900 0.1750 0.0160 
     SYLVANA 0.2673 0.2797 0.2362 0.0995 0.1173 
         TAY 0.2714 0.0084 0.2768 0.4358 0.0076 
      TIMATE 0.3885 0.4275 0.0078 0.1381 0.0381 
      TOLUCA 0.3701 0.3712 0.2047 0.0072 0.0468 
    TORRIDON 0.1298 0.3427 0.3473 0.0753 0.1049 
 ULSTER_SCEP 0.0987 0.0694 0.3629 0.2977 0.1712 
 UMATILLA_RU 0.0389 0.1959 0.0679 0.3394 0.3580 
 VALES_EMERA 0.5180 0.0485 0.0644 0.2663 0.1028 
 VALES_EVERE 0.1519 0.0089 0.4264 0.2813 0.1316 
 VALES_RUSSE 0.2339 0.1317 0.2352 0.0396 0.3597 
 VALES_SOVER 0.0278 0.0258 0.5936 0.3489 0.0038 
       VALOR 0.0903 0.0329 0.4847 0.3885 0.0037 
    VAN_GOGH 0.1673 0.5105 0.0721 0.1168 0.1333 
     VANTAGE 0.0058 0.4439 0.1957 0.0109 0.3437 
       VERDI 0.2169 0.4266 0.0549 0.1260 0.1755 
    VICTORIA 0.2502 0.4275 0.1722 0.0443 0.1057 
     VIVALDI 0.1809 0.4507 0.2960 0.0045 0.0680 
       WILJA 0.0025 0.5630 0.2404 0.0091 0.1851 
     WINSTON 0.2997 0.0084 0.2438 0.4424 0.0056 
      XD2-21 0.1983 0.0707 0.3745 0.0969 0.2596 
  YUKON_GOLD 0.4625 0.1013 0.1743 0.2376 0.0243 
       ZORBA 0.0185 0.4356 0.3350 0.0115 0.1994 
