  00C133-020 0.1787 0.7430 0.0782 
 01C_071-002 0.4414 0.3231 0.2354 
 02M_012-001 0.0944 0.6186 0.2869 
 03M_016-002 0.0678 0.3931 0.5391 
 03M_034-002 0.0836 0.6348 0.2816 
 04C_055-004 0.2922 0.5160 0.1918 
 04C_126-005 0.3231 0.5299 0.1469 
 04M_034-013 0.1325 0.4851 0.3824 
 05M_002-001 0.5420 0.2175 0.2405 
 05M_004-003 0.5688 0.3706 0.0606 
 05M_012-004 0.4554 0.4062 0.1385 
 06C_127-002 0.3649 0.5123 0.1227 
 12288_AF_23 0.3028 0.6251 0.0721 
    12601AB1 0.0126 0.4527 0.5348 
   12636_A_2 0.0531 0.6488 0.2982 
  15119_AC_5 0.1504 0.5772 0.2724 
     1512C16 0.4416 0.2185 0.3399 
   15144_A_3 0.5676 0.3979 0.0345 
     1563C14 0.4213 0.0523 0.5265 
     2182EF7 0.4740 0.4027 0.1233 
     3681AD1 0.6026 0.2736 0.1238 
     5008AB6 0.5974 0.2545 0.1482 
    8204_A_4 0.4597 0.4824 0.0578 
       AGRIA 0.7258 0.0966 0.1776 
       AILSA 0.1126 0.6314 0.2561 
      ALMERA 0.6903 0.1515 0.1582 
       ALPHA 0.5515 0.1149 0.3336 
      ALWARA 0.6862 0.2141 0.0997 
      AMADRA 0.4925 0.2528 0.2547 
       AMOUR 0.2307 0.6884 0.0810 
        ANNA 0.3752 0.4898 0.1350 
   ANNABELLE 0.8031 0.0595 0.1374 
        ANYA 0.5751 0.1593 0.2655 
       ARGOS 0.4070 0.5722 0.0208 
     ARIELLE 0.6905 0.1060 0.2035 
      ARKULA 0.6799 0.1107 0.2094 
      ARMADA 0.5683 0.2021 0.2296 
   AVALANCHE 0.3034 0.5306 0.1660 
     BAILLIE 0.2864 0.5962 0.1174 
    BALMORAL 0.5446 0.3885 0.0669 
     BAMBINO 0.2284 0.6738 0.0978 
       BARNA 0.5347 0.3866 0.0786 
 BELLE_DE_FO 0.0829 0.0093 0.9078 
       BENOL 0.0760 0.6253 0.2987 
       BF_15 0.2383 0.0084 0.7533 
      BINTJE 0.4054 0.1542 0.4404 
 BIONICA_EX_ 0.5002 0.2885 0.2113 
 BLUE_DANUBE 0.6266 0.1290 0.2444 
      BONNIE 0.4614 0.4379 0.1007 
      BOUNTY 0.2668 0.6513 0.0819 
 BRITISH_QUE 0.3370 0.1222 0.5408 
     BRODICK 0.2076 0.7006 0.0918 
      BRODIE 0.3804 0.4753 0.1443 
      BUCHAN 0.3813 0.5135 0.1052 
      BURREN 0.5031 0.3761 0.1208 
     CABARET 0.0205 0.5864 0.3931 
      CAESAR 0.7836 0.1992 0.0172 
        CARA 0.3939 0.5617 0.0444 
 CARLINGFORD 0.4959 0.3797 0.1243 
  CASABLANCA 0.4009 0.5758 0.0234 
      CELINE 0.6001 0.2586 0.1413 
  CHALLENGER 0.4969 0.2397 0.2635 
   CHARLOTTE 0.5594 0.2368 0.2038 
     CHICAGO 0.2828 0.5165 0.2008 
   CHIEFTAIN 0.4901 0.2767 0.2332 
      CHOPIN 0.6910 0.1545 0.1545 
      CLARET 0.4589 0.4999 0.0412 
      CORINE 0.4325 0.3796 0.1879 
      COSMOS 0.6055 0.1936 0.2009 
     COURAGE 0.6048 0.2036 0.1916 
     COURLAN 0.5180 0.2931 0.1889 
 CRAIGS_ROYA 0.3009 0.5513 0.1478 
 CRAIGS_SNOW 0.2702 0.2840 0.4459 
     CRAMOND 0.2615 0.6469 0.0916 
 CRISPS_FOR_ 0.6121 0.2255 0.1624 
    CROMWELL 0.0284 0.6118 0.3599 
       D22/1 0.0546 0.6152 0.3302 
       D23/3 0.1262 0.4352 0.4386 
      D47-11 0.0085 0.6081 0.3833 
       D49/1 0.0116 0.6615 0.3269 
       DAISY 0.1990 0.4643 0.3367 
 DARK_RED_NO 0.5058 0.2396 0.2545 
     DARWINA 0.5864 0.1588 0.2547 
     DESIREE 0.6909 0.1059 0.2032 
       DITTA 0.6804 0.0605 0.2592 
 DR._MCINTOS 0.4741 0.3489 0.1770 
       DRAGA 0.5624 0.3411 0.0964 
 DUKE_OF_YOR 0.4507 0.0325 0.5168 
 DUNBAR_STAN 0.2165 0.3369 0.4466 
     DUNDROD 0.1519 0.5544 0.2937 
     ECLIPSE 0.2817 0.1626 0.5557 
        EDEN 0.0085 0.6615 0.3300 
 EDZELL_BLUE 0.4064 0.1698 0.4239 
   ELISABETH 0.6615 0.2619 0.0766 
     EMPEROR 0.5000 0.3419 0.1581 
         EOS 0.4816 0.3916 0.1269 
     EPICURE 0.3943 0.1198 0.4859 
  ERNTESTOLZ 0.5267 0.1223 0.3510 
      ESCORT 0.6593 0.2675 0.0732 
   ESMERALDA 0.5135 0.2528 0.2337 
      ESTIMA 0.5581 0.2091 0.2328 
 EVE_BALFOUR 0.2736 0.4639 0.2624 
   EXCALIBUR 0.2261 0.7648 0.0092 
     EXQUISA 0.7294 0.0370 0.2336 
    FESTIVAL 0.6888 0.2349 0.0763 
      FIANNA 0.6568 0.2524 0.0908 
   FIFTYFOLD 0.2162 0.1545 0.6293 
     FONTANE 0.5901 0.2403 0.1695 
   FORTYFOLD 0.3300 0.0122 0.6577 
 FRONTIER_RU 0.4333 0.2408 0.3259 
     G.81071 0.4418 0.3991 0.1591 
     G.88661 0.4806 0.4412 0.0782 
    G.886611 0.4780 0.4852 0.0368 
  G.8867Y%12 0.5896 0.3732 0.0372 
     G.88839 0.8905 0.0241 0.0854 
     G.88842 0.7689 0.1560 0.0751 
   GALACTICA 0.5521 0.2269 0.2210 
      GEMSON 0.3684 0.4026 0.2290 
  GL.76B/102 0.3722 0.1533 0.4746 
   GL.76B/94 0.3922 0.0180 0.5898 
  GL.77M/106 0.2801 0.4861 0.2338 
   GL.78/166 0.2480 0.0480 0.7039 
    GL.78/53 0.1095 0.2698 0.6207 
    GL.78/97 0.2188 0.1369 0.6443 
    GL.79/42 0.1983 0.1898 0.6119 
    GL.79/45 0.2163 0.1576 0.6261 
 GL.81_NT_25 0.0156 0.4900 0.4944 
   GLADIATOR 0.6361 0.2979 0.0661 
      GLAMIS 0.3069 0.5253 0.1679 
 GOLDEN_MILL 0.1593 0.6595 0.1812 
 GOLDEN_NUGG 0.6291 0.3140 0.0569 
 GOLDEN_WOND 0.2492 0.0952 0.6556 
     GRANOLA 0.6172 0.2106 0.1722 
    H1H3_101 0.0042 0.5285 0.4673 
      H1H3_3 0.1506 0.5554 0.2940 
 HARBOROUGH_ 0.0819 0.8183 0.0998 
   HARLEQUIN 0.5115 0.2497 0.2388 
      HERMES 0.6213 0.1658 0.2129 
 HIGHLAND_BU 0.1004 0.0218 0.8778 
  HOME_GUARD 0.2773 0.3893 0.3334 
     HORIZON 0.5326 0.1274 0.3400 
   INNOVATOR 0.5199 0.1511 0.3290 
 INTERNATION 0.0394 0.0102 0.9505 
 ISLE_OF_JUR 0.2181 0.5608 0.2211 
    JULIETTE 0.7722 0.0943 0.1336 
     KARLENA 0.4805 0.2358 0.2838 
 KERR'S_PINK 0.1957 0.2224 0.5819 
     KESTREL 0.2620 0.7119 0.0261 
       KIFLI 0.5751 0.1691 0.2558 
 KING_EDWARD 0.0680 0.0945 0.8375 
    KINGSTON 0.1423 0.5835 0.2742 
 KUFRI_CHAND 0.4395 0.2513 0.3092 
 KUFRI_JYOTI 0.5397 0.2823 0.1780 
      KURODA 0.7277 0.1487 0.1236 
 LADY_BALFOU 0.3230 0.4796 0.1974 
 LADY_CHRIST 0.5025 0.1137 0.3838 
 LADY_CLAIRE 0.6604 0.0134 0.3262 
     LADY_JO 0.5163 0.0440 0.4397 
 LADY_ROSETT 0.5378 0.2338 0.2285 
    LIBERTAS 0.5405 0.0484 0.4111 
       LINDA 0.6738 0.0380 0.2883 
      LINTON 0.5292 0.3070 0.1638 
 LINZER_DELI 0.6452 0.0841 0.2706 
   LIONHEART 0.6531 0.1912 0.1557 
   MADELEINE 0.6784 0.1566 0.1650 
   MADINGLEY 0.5987 0.2655 0.1359 
    MAJESTIC 0.4955 0.2967 0.2078 
     MARABEL 0.8184 0.0879 0.0937 
     MARFONA 0.5458 0.1670 0.2871 
     MARILYN 0.6990 0.1410 0.1600 
 MARIS_ANCHO 0.5332 0.1693 0.2976 
  MARIS_BARD 0.2787 0.4425 0.2789 
  MARIS_PEER 0.3283 0.4052 0.2665 
 MARIS_PIPER 0.0074 0.7172 0.2754 
     MARKIES 0.7145 0.0562 0.2293 
      MAXINE 0.2583 0.5897 0.1520 
      MEGARA 0.7149 0.1146 0.1705 
      MELODY 0.5741 0.1824 0.2435 
       MIDAS 0.2599 0.4739 0.2662 
       MILVA 0.6653 0.0696 0.2651 
        MIMI 0.3741 0.4440 0.1819 
        MIRA 0.6204 0.0524 0.3272 
       MOIRA 0.5758 0.2032 0.2211 
    MONTROSE 0.0169 0.6309 0.3523 
       MORAG 0.2919 0.4395 0.2687 
      MORENE 0.6950 0.0352 0.2699 
      MOZART 0.7752 0.2126 0.0123 
 MYATT'S_ASH 0.1911 0.0074 0.8016 
      NADINE 0.3256 0.5986 0.0758 
       NAVAN 0.0568 0.7659 0.1773 
 NDTX_4271_5 0.4258 0.4247 0.1495 
      NICOLA 0.7197 0.0077 0.2725 
     NOVELLA 0.6867 0.2101 0.1032 
     OLYMPUS 0.2625 0.5231 0.2144 
       OPERA 0.6333 0.2707 0.0961 
   ORCHESTRA 0.6380 0.1903 0.1717 
      ORIANA 0.7470 0.0762 0.1767 
     OTHELLO 0.3939 0.5761 0.0300 
     PALADIN 0.0120 0.6319 0.3560 
       PANDA 0.7194 0.1716 0.1090 
   PARAMOUNT 0.6086 0.3134 0.0780 
    PATRONES 0.5377 0.1385 0.3238 
 PENTLAND_AC 0.4135 0.3347 0.2518 
 PENTLAND_BE 0.2930 0.1814 0.5256 
 PENTLAND_CR 0.4703 0.3551 0.1746 
 PENTLAND_DE 0.3531 0.3287 0.3182 
 PENTLAND_IV 0.4161 0.4113 0.1726 
 PENTLAND_JA 0.4823 0.2961 0.2216 
 PENTLAND_MA 0.6436 0.2074 0.1490 
 PENTLAND_SQ 0.4079 0.3341 0.2580 
   PEPO_1978 0.6375 0.1377 0.2248 
     PICASSO 0.5564 0.4337 0.0100 
   PIMPERNEL 0.6016 0.1243 0.2741 
     PIONEER 0.6669 0.0771 0.2560 
       PIXIE 0.3612 0.6164 0.0224 
    PREMIERE 0.5001 0.1227 0.3772 
   PRODUCENT 0.5317 0.2414 0.2269 
     PROVOST 0.5061 0.2654 0.2285 
  R.P.LUSTRE 0.3203 0.3351 0.3446 
 RANGER_RUSS 0.5230 0.0850 0.3920 
       RATTE 0.2139 0.2226 0.5634 
      RECORD 0.5946 0.0217 0.3837 
   REMBRANDT 0.5612 0.1637 0.2751 
    RIO_ROJO 0.5259 0.2963 0.1778 
      ROBIJN 0.5975 0.0115 0.3910 
      ROCKET 0.0884 0.6092 0.3024 
   RODE_STAR 0.4988 0.0280 0.4732 
      ROMANO 0.6940 0.2533 0.0527 
       ROMEO 0.4523 0.3221 0.2255 
     ROOSTER 0.4687 0.3431 0.1881 
       ROYAL 0.4053 0.3621 0.2327 
 ROYAL_KIDNE 0.3109 0.1189 0.5702 
     RUBESSE 0.6283 0.2089 0.1628 
 RUSSET_BURB 0.4841 0.2050 0.3109 
 RUSSET_NORK 0.4518 0.2745 0.2738 
      SAFARI 0.7175 0.2274 0.0551 
     SANTANA 0.5514 0.2333 0.2153 
       SANTE 0.5724 0.2483 0.1793 
     SAPHIRE 0.6573 0.2523 0.0904 
  SARPO_MIRA 0.6157 0.1455 0.2389 
 SARPO_SHONA 0.6920 0.1378 0.1702 
       SASSY 0.4906 0.1666 0.3428 
     SATURNA 0.5936 0.0234 0.3831 
        SAVA 0.6389 0.2044 0.1568 
       SAXON 0.1151 0.6540 0.2309 
 SCARBOROUGH 0.0200 0.8003 0.1797 
 SEFTON_WOND 0.1376 0.2949 0.5675 
    SERAFINA 0.7048 0.1033 0.1919 
     SETANTA 0.3589 0.5338 0.1073 
 SHARPE'S_EX 0.1937 0.1180 0.6883 
     SHELAGH 0.3522 0.3290 0.3187 
    SHELFORD 0.5987 0.1263 0.2750 
     SHEPODY 0.4591 0.2140 0.3269 
      SLANEY 0.3670 0.6060 0.0270 
        SPEY 0.3793 0.6119 0.0088 
      SPUNTA 0.4683 0.2725 0.2591 
     STAMINA 0.1563 0.8172 0.0265 
    STEMSTER 0.3592 0.3539 0.2868 
 STORMONT_EN 0.4267 0.2851 0.2882 
    STIRLING 0.4820 0.4919 0.0262 
     SYLVANA 0.5762 0.2448 0.1791 
         TAY 0.2696 0.6864 0.0439 
      TIMATE 0.6762 0.1571 0.1667 
      TOLUCA 0.7838 0.0967 0.1195 
    TORRIDON 0.5780 0.2416 0.1804 
 ULSTER_SCEP 0.2679 0.5132 0.2189 
 UMATILLA_RU 0.1783 0.3360 0.4857 
 VALES_EMERA 0.4353 0.3830 0.1817 
 VALES_EVERE 0.2715 0.5652 0.1633 
 VALES_RUSSE 0.4265 0.1754 0.3981 
 VALES_SOVER 0.2949 0.6956 0.0095 
       VALOR 0.2989 0.6927 0.0083 
    VAN_GOGH 0.6012 0.1339 0.2649 
     VANTAGE 0.4843 0.0680 0.4477 
       VERDI 0.5609 0.1413 0.2978 
    VICTORIA 0.6727 0.1458 0.1814 
     VIVALDI 0.7931 0.0721 0.1348 
       WILJA 0.5748 0.1017 0.3236 
     WINSTON 0.2907 0.6799 0.0294 
      XD2-21 0.3916 0.3298 0.2786 
  YUKON_GOLD 0.5205 0.4033 0.0762 
       ZORBA 0.6004 0.1512 0.2484 
