  00C133-020 0.0157 0.0963 0.5101 0.3637 0.0143 
 01C_071-002 0.1569 0.0790 0.2051 0.2590 0.3001 
 02M_012-001 0.1422 0.1031 0.6164 0.0399 0.0985 
 03M_016-002 0.4394 0.0402 0.3731 0.1043 0.0430 
 03M_034-002 0.1853 0.0300 0.5307 0.2117 0.0423 
 04C_055-004 0.0649 0.3025 0.4836 0.0310 0.1179 
 04C_126-005 0.0956 0.1109 0.3093 0.3697 0.1145 
 04M_034-013 0.2659 0.1218 0.4741 0.0492 0.0890 
 05M_002-001 0.1368 0.2127 0.1416 0.1413 0.3676 
 05M_004-003 0.0084 0.1430 0.2002 0.2854 0.3630 
 05M_012-004 0.0905 0.1487 0.1910 0.3553 0.2146 
 06C_127-002 0.0391 0.4564 0.3217 0.1732 0.0096 
 12288_AF_23 0.0135 0.2497 0.4335 0.2692 0.0341 
    12601AB1 0.4400 0.0480 0.4748 0.0255 0.0117 
   12636_A_2 0.2166 0.0431 0.4935 0.2370 0.0097 
  15119_AC_5 0.1930 0.0027 0.2393 0.5358 0.0291 
     1512C16 0.3205 0.2287 0.0154 0.3409 0.0944 
   15144_A_3 0.0309 0.2812 0.0281 0.5770 0.0827 
     1563C14 0.4415 0.2200 0.0276 0.0437 0.2671 
     2182EF7 0.1270 0.2246 0.0865 0.5018 0.0601 
     3681AD1 0.0483 0.1042 0.0995 0.3697 0.3783 
     5008AB6 0.0906 0.2817 0.0646 0.2939 0.2691 
    8204_A_4 0.0431 0.3221 0.1825 0.4273 0.0249 
       AGRIA 0.0472 0.3457 0.0845 0.0077 0.5150 
       AILSA 0.1277 0.2739 0.5664 0.0246 0.0074 
      ALMERA 0.0619 0.2466 0.0602 0.1782 0.4531 
       ALPHA 0.2308 0.1580 0.0626 0.1263 0.4224 
      ALWARA 0.0306 0.2832 0.0481 0.2808 0.3574 
      AMADRA 0.1456 0.2708 0.2237 0.0275 0.3324 
       AMOUR 0.0384 0.0808 0.4142 0.4426 0.0239 
        ANNA 0.1592 0.0070 0.0210 0.7958 0.0171 
   ANNABELLE 0.0266 0.4304 0.0175 0.0566 0.4688 
        ANYA 0.2225 0.4963 0.0475 0.0686 0.1651 
       ARGOS 0.0112 0.0541 0.2354 0.5753 0.1241 
     ARIELLE 0.1133 0.3200 0.0251 0.1291 0.4124 
      ARKULA 0.1299 0.2080 0.0156 0.1986 0.4479 
      ARMADA 0.1333 0.1939 0.1083 0.1782 0.3863 
   AVALANCHE 0.0414 0.0101 0.4435 0.2243 0.2807 
     BAILLIE 0.0177 0.1039 0.4896 0.2086 0.1801 
    BALMORAL 0.0889 0.0194 0.0260 0.6253 0.2404 
     BAMBINO 0.0160 0.1247 0.5034 0.2790 0.0769 
       BARNA 0.0512 0.3222 0.1112 0.4174 0.0979 
 BELLE_DE_FO 0.8568 0.0063 0.0032 0.0644 0.0694 
       BENOL 0.1652 0.0741 0.6112 0.0508 0.0987 
       BF_15 0.6948 0.0519 0.0058 0.0306 0.2169 
      BINTJE 0.3660 0.1242 0.0775 0.1779 0.2545 
 BIONICA_EX_ 0.1343 0.1870 0.1376 0.2662 0.2750 
 BLUE_DANUBE 0.1486 0.0074 0.0165 0.2645 0.5630 
      BONNIE 0.0298 0.2602 0.2540 0.2796 0.1764 
      BOUNTY 0.0188 0.1070 0.4588 0.3207 0.0947 
 BRITISH_QUE 0.4937 0.0049 0.0086 0.2846 0.2083 
     BRODICK 0.0113 0.3063 0.5530 0.1203 0.0091 
      BRODIE 0.1479 0.1590 0.0812 0.6050 0.0069 
      BUCHAN 0.0871 0.2819 0.1384 0.4885 0.0041 
      BURREN 0.0973 0.1966 0.0931 0.4491 0.1638 
     CABARET 0.2955 0.0159 0.5234 0.1520 0.0132 
      CAESAR 0.0046 0.4062 0.0452 0.1574 0.3866 
        CARA 0.0440 0.0889 0.1498 0.6987 0.0187 
 CARLINGFORD 0.1057 0.3485 0.1087 0.4047 0.0324 
  CASABLANCA 0.0050 0.0109 0.3152 0.4363 0.2325 
      CELINE 0.0666 0.1094 0.1133 0.2924 0.4183 
  CHALLENGER 0.1532 0.2666 0.2122 0.0375 0.3306 
   CHARLOTTE 0.1089 0.6658 0.1455 0.0073 0.0725 
     CHICAGO 0.0391 0.1503 0.5262 0.0141 0.2702 
   CHIEFTAIN 0.2150 0.4684 0.0295 0.2765 0.0105 
      CHOPIN 0.0779 0.2791 0.0298 0.2103 0.4029 
      CLARET 0.0436 0.1980 0.1152 0.6143 0.0290 
      CORINE 0.1140 0.0101 0.1897 0.3559 0.3303 
      COSMOS 0.1001 0.1249 0.1220 0.1853 0.4676 
     COURAGE 0.1165 0.2266 0.0772 0.2245 0.3551 
     COURLAN 0.1458 0.3513 0.1047 0.2616 0.1364 
 CRAIGS_ROYA 0.1291 0.1719 0.2113 0.4823 0.0054 
 CRAIGS_SNOW 0.3916 0.1225 0.1526 0.2532 0.0800 
     CRAMOND 0.0169 0.1532 0.4970 0.2363 0.0966 
 CRISPS_FOR_ 0.0818 0.3670 0.1153 0.1297 0.3062 
    CROMWELL 0.1914 0.0102 0.6631 0.0212 0.1141 
       D22/1 0.2014 0.0051 0.5160 0.2155 0.0620 
       D23/3 0.3380 0.0819 0.3868 0.1181 0.0751 
      D47-11 0.2191 0.0034 0.7012 0.0129 0.0634 
       D49/1 0.1462 0.0163 0.7730 0.0035 0.0610 
       DAISY 0.1824 0.1164 0.4877 0.0146 0.1990 
 DARK_RED_NO 0.2394 0.3356 0.0341 0.3195 0.0714 
     DARWINA 0.1397 0.1559 0.1039 0.1423 0.4583 
     DESIREE 0.1460 0.3745 0.0050 0.2240 0.2505 
       DITTA 0.1634 0.3272 0.0190 0.0753 0.4150 
 DR._MCINTOS 0.1871 0.2475 0.0525 0.4862 0.0267 
       DRAGA 0.0392 0.1642 0.1564 0.3350 0.3052 
 DUKE_OF_YOR 0.4653 0.0122 0.0036 0.2260 0.2928 
 DUNBAR_STAN 0.4289 0.1009 0.1499 0.3087 0.0117 
     DUNDROD 0.1858 0.1901 0.4939 0.0985 0.0317 
     ECLIPSE 0.5168 0.3597 0.0570 0.0587 0.0078 
        EDEN 0.2153 0.0273 0.7092 0.0356 0.0126 
 EDZELL_BLUE 0.3494 0.1410 0.0772 0.1920 0.2404 
   ELISABETH 0.0090 0.5477 0.1651 0.0285 0.2497 
     EMPEROR 0.0928 0.3619 0.1961 0.1699 0.1793 
         EOS 0.0420 0.4309 0.2804 0.1118 0.1349 
     EPICURE 0.4549 0.2888 0.0123 0.1899 0.0542 
  ERNTESTOLZ 0.2801 0.1926 0.0353 0.1663 0.3257 
      ESCORT 0.0081 0.3522 0.1795 0.0737 0.3866 
   ESMERALDA 0.1387 0.2623 0.1693 0.1146 0.3150 
      ESTIMA 0.1316 0.2722 0.1508 0.1048 0.3406 
 EVE_BALFOUR 0.2391 0.0973 0.1975 0.4430 0.0231 
   EXCALIBUR 0.0035 0.1006 0.4932 0.3805 0.0222 
     EXQUISA 0.1376 0.4291 0.0083 0.0496 0.3755 
    FESTIVAL 0.0082 0.3680 0.1497 0.0705 0.4038 
      FIANNA 0.0364 0.1821 0.0516 0.3767 0.3531 
   FIFTYFOLD 0.5714 0.1645 0.0910 0.0984 0.0746 
     FONTANE 0.0506 0.2572 0.2058 0.0510 0.4354 
   FORTYFOLD 0.5735 0.0051 0.0041 0.1069 0.3103 
 FRONTIER_RU 0.2869 0.3461 0.0931 0.1929 0.0810 
     G.81071 0.1288 0.2433 0.1768 0.3458 0.1053 
     G.88661 0.0357 0.3585 0.2285 0.2966 0.0806 
    G.886611 0.0120 0.4883 0.2195 0.2721 0.0081 
  G.8867Y%12 0.0282 0.4689 0.0594 0.4131 0.0305 
     G.88839 0.0080 0.5181 0.0082 0.0076 0.4582 
     G.88842 0.0173 0.3397 0.0140 0.2420 0.3870 
   GALACTICA 0.1614 0.0048 0.0095 0.4470 0.3773 
      GEMSON 0.2175 0.1910 0.1205 0.4438 0.0273 
  GL.76B/102 0.3512 0.1986 0.1727 0.0139 0.2636 
   GL.76B/94 0.5027 0.0105 0.0064 0.1224 0.3579 
  GL.77M/106 0.1714 0.2976 0.2869 0.2345 0.0096 
   GL.78/166 0.5908 0.0069 0.0521 0.0713 0.2790 
    GL.78/53 0.5092 0.1991 0.2513 0.0077 0.0327 
    GL.78/97 0.5350 0.1096 0.1530 0.0152 0.1872 
    GL.79/42 0.4974 0.2173 0.1867 0.0033 0.0953 
    GL.79/45 0.5264 0.1986 0.1453 0.0188 0.1109 
 GL.81_NT_25 0.3217 0.0033 0.5369 0.0257 0.1124 
   GLADIATOR 0.0151 0.3780 0.1181 0.2344 0.2545 
      GLAMIS 0.0590 0.2327 0.4344 0.1475 0.1264 
 GOLDEN_MILL 0.0866 0.1864 0.5253 0.1771 0.0246 
 GOLDEN_NUGG 0.0134 0.1642 0.1303 0.3138 0.3783 
 GOLDEN_WOND 0.5881 0.1542 0.0546 0.0575 0.1457 
     GRANOLA 0.0713 0.5655 0.1398 0.0081 0.2153 
    H1H3_101 0.3068 0.0025 0.6767 0.0050 0.0091 
      H1H3_3 0.2082 0.0670 0.4512 0.2001 0.0736 
 HARBOROUGH_ 0.0112 0.1629 0.7235 0.0908 0.0116 
   HARLEQUIN 0.1525 0.5385 0.1665 0.0198 0.1226 
      HERMES 0.1239 0.2194 0.0707 0.1883 0.3978 
 HIGHLAND_BU 0.7837 0.0057 0.0217 0.0195 0.1693 
  HOME_GUARD 0.3066 0.1885 0.1812 0.3066 0.0170 
     HORIZON 0.2159 0.0708 0.1078 0.1257 0.4798 
   INNOVATOR 0.2957 0.0079 0.0055 0.3888 0.3021 
 INTERNATION 0.8597 0.0040 0.0070 0.0153 0.1140 
 ISLE_OF_JUR 0.1256 0.1368 0.4508 0.1959 0.0909 
    JULIETTE 0.0223 0.5863 0.0294 0.0079 0.3541 
     KARLENA 0.2458 0.0092 0.0317 0.3717 0.3416 
 KERR'S_PINK 0.5517 0.1017 0.0899 0.2374 0.0193 
     KESTREL 0.0067 0.2270 0.3798 0.3813 0.0051 
       KIFLI 0.1292 0.4849 0.1424 0.0048 0.2387 
 KING_EDWARD 0.7710 0.1428 0.0691 0.0055 0.0116 
    KINGSTON 0.1589 0.0899 0.5194 0.1241 0.1078 
 KUFRI_CHAND 0.2652 0.1954 0.0896 0.2938 0.1560 
 KUFRI_JYOTI 0.1402 0.2214 0.0505 0.3850 0.2029 
      KURODA 0.0352 0.1443 0.0334 0.2601 0.5271 
 LADY_BALFOU 0.1741 0.1134 0.1957 0.4728 0.0439 
 LADY_CHRIST 0.2727 0.0776 0.1006 0.0915 0.4576 
 LADY_CLAIRE 0.1751 0.0056 0.0138 0.0434 0.7622 
     LADY_JO 0.2768 0.0027 0.0214 0.0885 0.6105 
 LADY_ROSETT 0.1340 0.2036 0.1551 0.1488 0.3586 
    LIBERTAS 0.2630 0.0028 0.0080 0.1474 0.5788 
       LINDA 0.1889 0.5387 0.0080 0.0052 0.2593 
      LINTON 0.0804 0.2421 0.1844 0.2056 0.2875 
 LINZER_DELI 0.1798 0.4414 0.0367 0.0197 0.3225 
   LIONHEART 0.0724 0.1658 0.0658 0.2387 0.4573 
   MADELEINE 0.0518 0.4122 0.1006 0.0360 0.3995 
   MADINGLEY 0.0391 0.3276 0.1610 0.1607 0.3115 
    MAJESTIC 0.2174 0.2654 0.0196 0.4549 0.0427 
     MARABEL 0.0106 0.3579 0.0156 0.1163 0.4997 
     MARFONA 0.1776 0.0363 0.1126 0.1916 0.4819 
     MARILYN 0.0838 0.3926 0.0311 0.1470 0.3455 
 MARIS_ANCHO 0.2259 0.2454 0.0763 0.1574 0.2950 
  MARIS_BARD 0.1933 0.0035 0.2324 0.3558 0.2149 
  MARIS_PEER 0.2453 0.1975 0.1574 0.3837 0.0161 
 MARIS_PIPER 0.1132 0.0064 0.8261 0.0059 0.0485 
     MARKIES 0.1114 0.3013 0.0331 0.0399 0.5143 
      MAXINE 0.0873 0.2078 0.4091 0.2774 0.0184 
      MEGARA 0.0389 0.3036 0.0946 0.0276 0.5352 
      MELODY 0.1425 0.1658 0.1122 0.1550 0.4245 
       MIDAS 0.0867 0.1524 0.5084 0.0054 0.2471 
       MILVA 0.1647 0.3573 0.0311 0.0451 0.4018 
        MIMI 0.0736 0.1038 0.3556 0.1822 0.2849 
        MIRA 0.2077 0.0064 0.0117 0.1773 0.5968 
       MOIRA 0.1533 0.2546 0.0524 0.2459 0.2938 
    MONTROSE 0.2357 0.1096 0.6174 0.0284 0.0087 
       MORAG 0.2430 0.1469 0.1733 0.4235 0.0134 
      MORENE 0.1714 0.0131 0.0044 0.2293 0.5817 
      MOZART 0.0027 0.5035 0.0877 0.0689 0.3372 
 MYATT'S_ASH 0.7267 0.0055 0.0043 0.0164 0.2472 
      NADINE 0.0097 0.3297 0.4584 0.1541 0.0481 
       NAVAN 0.0553 0.0816 0.6904 0.1498 0.0229 
 NDTX_4271_5 0.0868 0.5588 0.2207 0.1274 0.0063 
      NICOLA 0.1581 0.4093 0.0039 0.0051 0.4235 
     NOVELLA 0.0310 0.2658 0.0496 0.2726 0.3810 
     OLYMPUS 0.1504 0.3182 0.3394 0.1855 0.0065 
       OPERA 0.0163 0.2768 0.1475 0.1858 0.3736 
   ORCHESTRA 0.0591 0.3559 0.1550 0.0272 0.4028 
      ORIANA 0.1058 0.1555 0.0039 0.2900 0.4448 
     OTHELLO 0.0256 0.2165 0.1550 0.5975 0.0054 
     PALADIN 0.2179 0.0066 0.6812 0.0278 0.0665 
       PANDA 0.0117 0.5432 0.1113 0.0177 0.3161 
   PARAMOUNT 0.0509 0.2375 0.0268 0.4885 0.1963 
    PATRONES 0.2318 0.1646 0.0634 0.1690 0.3712 
 PENTLAND_AC 0.1982 0.2160 0.1546 0.2824 0.1488 
 PENTLAND_BE 0.4991 0.0096 0.0144 0.3386 0.1383 
 PENTLAND_CR 0.1268 0.1240 0.1462 0.3605 0.2425 
 PENTLAND_DE 0.3083 0.2131 0.0653 0.3978 0.0156 
 PENTLAND_IV 0.1560 0.3946 0.0866 0.3587 0.0041 
 PENTLAND_JA 0.2054 0.1478 0.0643 0.3864 0.1961 
 PENTLAND_MA 0.1196 0.1092 0.0086 0.4180 0.3446 
 PENTLAND_SQ 0.2313 0.2184 0.1179 0.3388 0.0937 
   PEPO_1978 0.1102 0.3429 0.1127 0.0339 0.4003 
     PICASSO 0.0033 0.0520 0.1430 0.5497 0.2519 
   PIMPERNEL 0.1562 0.1595 0.0888 0.0986 0.4968 
     PIONEER 0.1468 0.6137 0.0197 0.0063 0.2135 
       PIXIE 0.0059 0.2795 0.3748 0.3085 0.0313 
    PREMIERE 0.2750 0.0056 0.0435 0.1812 0.4946 
   PRODUCENT 0.0929 0.1793 0.2353 0.0396 0.4529 
     PROVOST 0.2062 0.2084 0.0371 0.3856 0.1627 
  R.P.LUSTRE 0.2801 0.3777 0.2062 0.1155 0.0206 
 RANGER_RUSS 0.3765 0.0384 0.0031 0.3823 0.1997 
       RATTE 0.4810 0.2720 0.1960 0.0094 0.0416 
      RECORD 0.2481 0.0077 0.0091 0.1119 0.6233 
   REMBRANDT 0.1590 0.1534 0.1293 0.1006 0.4577 
    RIO_ROJO 0.1619 0.3661 0.0725 0.3088 0.0908 
      ROBIJN 0.2789 0.0241 0.0060 0.0921 0.5990 
      ROCKET 0.2019 0.0830 0.5242 0.1673 0.0236 
   RODE_STAR 0.3261 0.1862 0.0455 0.0056 0.4367 
      ROMANO 0.0129 0.2779 0.0473 0.3269 0.3350 
       ROMEO 0.2073 0.4088 0.0672 0.2988 0.0179 
     ROOSTER 0.1539 0.2253 0.1036 0.3639 0.1534 
       ROYAL 0.0751 0.2622 0.3637 0.0123 0.2866 
 ROYAL_KIDNE 0.5633 0.0137 0.0039 0.3344 0.0847 
     RUBESSE 0.1105 0.4041 0.0402 0.2028 0.2423 
 RUSSET_BURB 0.2945 0.2206 0.0132 0.3441 0.1275 
 RUSSET_NORK 0.2623 0.4364 0.0375 0.2575 0.0063 
      SAFARI 0.0112 0.2028 0.0399 0.3198 0.4264 
     SANTANA 0.1234 0.1267 0.1426 0.1910 0.4164 
       SANTE 0.0676 0.1826 0.1953 0.1119 0.4427 
     SAPHIRE 0.0263 0.1742 0.1017 0.2745 0.4233 
  SARPO_MIRA 0.1448 0.3984 0.0879 0.0417 0.3272 
 SARPO_SHONA 0.0573 0.3851 0.0874 0.0622 0.4078 
       SASSY 0.2447 0.1886 0.1005 0.1365 0.3298 
     SATURNA 0.2275 0.1880 0.0474 0.0055 0.5315 
        SAVA 0.0666 0.4327 0.1248 0.0689 0.3071 
       SAXON 0.1201 0.1252 0.5713 0.1450 0.0383 
 SCARBOROUGH 0.0420 0.1616 0.7587 0.0321 0.0055 
 SEFTON_WOND 0.5302 0.0573 0.1565 0.2430 0.0130 
    SERAFINA 0.1180 0.4912 0.0167 0.0755 0.2986 
     SETANTA 0.0514 0.3131 0.3113 0.2858 0.0384 
 SHARPE'S_EX 0.6095 0.1099 0.1053 0.0389 0.1363 
     SHELAGH 0.2523 0.1191 0.1863 0.2779 0.1645 
    SHELFORD 0.1951 0.2309 0.0263 0.1949 0.3528 
     SHEPODY 0.2938 0.0044 0.0059 0.4610 0.2349 
      SLANEY 0.0089 0.2483 0.2981 0.4328 0.0119 
        SPEY 0.0037 0.1707 0.2944 0.4980 0.0332 
      SPUNTA 0.2068 0.4043 0.1330 0.1358 0.1200 
     STAMINA 0.0040 0.0170 0.6187 0.3056 0.0548 
    STEMSTER 0.1595 0.1481 0.3275 0.0940 0.2709 
 STORMONT_EN 0.1921 0.0816 0.1829 0.2443 0.2992 
    STIRLING 0.0145 0.2591 0.1751 0.4862 0.0650 
     SYLVANA 0.1182 0.2647 0.1021 0.2361 0.2790 
         TAY 0.0086 0.2699 0.4340 0.2795 0.0080 
      TIMATE 0.0404 0.3883 0.1377 0.0091 0.4244 
      TOLUCA 0.0480 0.3724 0.0068 0.2027 0.3701 
    TORRIDON 0.1043 0.1318 0.0748 0.3462 0.3429 
 ULSTER_SCEP 0.1723 0.0917 0.2993 0.3662 0.0705 
 UMATILLA_RU 0.3600 0.0360 0.3429 0.0651 0.1961 
 VALES_EMERA 0.1016 0.5199 0.2628 0.0777 0.0380 
 VALES_EVERE 0.1293 0.1539 0.2796 0.4279 0.0093 
 VALES_RUSSE 0.3602 0.2372 0.0348 0.2411 0.1268 
 VALES_SOVER 0.0040 0.0226 0.3498 0.5969 0.0267 
       VALOR 0.0032 0.0933 0.3864 0.4842 0.0329 
    VAN_GOGH 0.1322 0.1708 0.1180 0.0663 0.5128 
     VANTAGE 0.3429 0.0060 0.0129 0.1931 0.4450 
       VERDI 0.1760 0.2200 0.1237 0.0573 0.4230 
    VICTORIA 0.1085 0.2488 0.0378 0.1776 0.4274 
     VIVALDI 0.0714 0.1742 0.0047 0.2975 0.4523 
       WILJA 0.1892 0.0024 0.0068 0.2374 0.5642 
     WINSTON 0.0056 0.2977 0.4430 0.2461 0.0076 
      XD2-21 0.2587 0.1947 0.1003 0.3742 0.0720 
  YUKON_GOLD 0.0258 0.4609 0.2401 0.1791 0.0942 
       ZORBA 0.1990 0.0230 0.0104 0.3329 0.4347 
