  00C133-020 0.5954 0.0251 0.0243 0.3551 
 01C_071-002 0.2327 0.2713 0.1991 0.2968 
 02M_012-001 0.6327 0.1389 0.1999 0.0285 
 03M_016-002 0.3714 0.0132 0.4881 0.1273 
 03M_034-002 0.5692 0.0275 0.2124 0.1909 
 04C_055-004 0.5173 0.3210 0.1135 0.0482 
 04C_126-005 0.3834 0.1276 0.1046 0.3844 
 04M_034-013 0.4911 0.1191 0.3234 0.0664 
 05M_002-001 0.1720 0.4302 0.1969 0.2009 
 05M_004-003 0.2458 0.3861 0.0306 0.3375 
 05M_012-004 0.2495 0.2046 0.1199 0.4260 
 06C_127-002 0.4359 0.2818 0.0660 0.2164 
 12288_AF_23 0.5081 0.1525 0.0300 0.3093 
    12601AB1 0.4932 0.0112 0.4785 0.0170 
   12636_A_2 0.5447 0.0111 0.2302 0.2140 
  15119_AC_5 0.2962 0.0046 0.1984 0.5008 
     1512C16 0.0868 0.1465 0.3347 0.4320 
   15144_A_3 0.1553 0.2148 0.0242 0.6057 
     1563C14 0.0393 0.3313 0.5122 0.1173 
     2182EF7 0.1920 0.1035 0.1191 0.5854 
     3681AD1 0.1184 0.3091 0.1102 0.4623 
     5008AB6 0.1356 0.3993 0.1194 0.3457 
    8204_A_4 0.3012 0.1719 0.0393 0.4876 
       AGRIA 0.1087 0.7164 0.1338 0.0411 
       AILSA 0.6352 0.1514 0.1721 0.0413 
      ALMERA 0.0803 0.5328 0.1255 0.2615 
       ALPHA 0.0605 0.4048 0.3093 0.2255 
      ALWARA 0.1016 0.4778 0.0676 0.3531 
      AMADRA 0.2460 0.4738 0.2120 0.0681 
       AMOUR 0.4983 0.0294 0.0455 0.4268 
        ANNA 0.1097 0.0047 0.1056 0.7801 
   ANNABELLE 0.0398 0.7304 0.0934 0.1364 
        ANYA 0.1242 0.5027 0.2414 0.1317 
       ARGOS 0.3222 0.0719 0.0151 0.5908 
     ARIELLE 0.0506 0.5619 0.1742 0.2133 
      ARKULA 0.0281 0.4751 0.1931 0.3037 
      ARMADA 0.1332 0.4144 0.1949 0.2575 
   AVALANCHE 0.4476 0.1672 0.1196 0.2655 
     BAILLIE 0.5265 0.2043 0.0457 0.2235 
    BALMORAL 0.1133 0.1041 0.0843 0.6983 
     BAMBINO 0.5634 0.1166 0.0391 0.2809 
       BARNA 0.2146 0.2605 0.0512 0.4737 
 BELLE_DE_FO 0.0035 0.0069 0.8953 0.0943 
       BENOL 0.6329 0.1194 0.2144 0.0333 
       BF_15 0.0058 0.1432 0.7582 0.0928 
      BINTJE 0.0919 0.2139 0.4253 0.2690 
 BIONICA_EX_ 0.1871 0.3045 0.1774 0.3310 
 BLUE_DANUBE 0.0356 0.3829 0.2290 0.3525 
      BONNIE 0.3222 0.2908 0.0600 0.3270 
      BOUNTY 0.5180 0.1178 0.0381 0.3260 
 BRITISH_QUE 0.0102 0.0194 0.5539 0.4165 
     BRODICK 0.6528 0.2085 0.0208 0.1179 
      BRODIE 0.2061 0.0098 0.1178 0.6663 
      BUCHAN 0.2943 0.0528 0.0926 0.5603 
      BURREN 0.1863 0.2246 0.1098 0.4793 
     CABARET 0.5489 0.0107 0.3250 0.1154 
      CAESAR 0.1084 0.6351 0.0088 0.2477 
        CARA 0.2607 0.0121 0.0293 0.6980 
 CARLINGFORD 0.2126 0.1899 0.1068 0.4907 
  CASABLANCA 0.3696 0.1330 0.0113 0.4860 
      CELINE 0.1329 0.3772 0.1208 0.3692 
  CHALLENGER 0.2223 0.4448 0.2203 0.1127 
   CHARLOTTE 0.2421 0.6064 0.1343 0.0172 
     CHICAGO 0.5317 0.3386 0.1085 0.0212 
   CHIEFTAIN 0.1448 0.2378 0.2233 0.3941 
      CHOPIN 0.0630 0.5087 0.1248 0.3035 
      CLARET 0.2424 0.0722 0.0306 0.6547 
      CORINE 0.2356 0.1902 0.1684 0.4058 
      COSMOS 0.1143 0.4161 0.1744 0.2953 
     COURAGE 0.1127 0.3990 0.1704 0.3179 
     COURLAN 0.1836 0.3217 0.1659 0.3287 
 CRAIGS_ROYA 0.3259 0.0122 0.1273 0.5345 
 CRAIGS_SNOW 0.1929 0.0506 0.4281 0.3283 
     CRAMOND 0.5572 0.1585 0.0323 0.2520 
 CRISPS_FOR_ 0.1615 0.4988 0.1262 0.2135 
    CROMWELL 0.6579 0.0621 0.2646 0.0154 
       D22/1 0.5295 0.0106 0.2501 0.2098 
       D23/3 0.4046 0.0466 0.3951 0.1537 
      D47-11 0.6622 0.0081 0.3128 0.0169 
       D49/1 0.7448 0.0362 0.2152 0.0038 
       DAISY 0.4869 0.2356 0.2579 0.0196 
 DARK_RED_NO 0.1045 0.2267 0.2441 0.4246 
     DARWINA 0.0993 0.4406 0.2217 0.2384 
     DESIREE 0.0173 0.4593 0.1858 0.3377 
       DITTA 0.0337 0.5630 0.2284 0.1749 
 DR._MCINTOS 0.1460 0.0670 0.1793 0.6077 
       DRAGA 0.1949 0.2974 0.0773 0.4304 
 DUKE_OF_YOR 0.0051 0.1298 0.5189 0.3461 
 DUNBAR_STAN 0.1975 0.0124 0.4254 0.3648 
     DUNDROD 0.5356 0.1231 0.2305 0.1108 
     ECLIPSE 0.1451 0.1685 0.5470 0.1394 
        EDEN 0.7171 0.0118 0.2550 0.0161 
 EDZELL_BLUE 0.1034 0.2168 0.4077 0.2721 
   ELISABETH 0.2346 0.6207 0.0283 0.1164 
     EMPEROR 0.2632 0.3656 0.1263 0.2450 
         EOS 0.3365 0.4031 0.0790 0.1814 
     EPICURE 0.0594 0.1702 0.4783 0.2920 
  ERNTESTOLZ 0.0544 0.3577 0.3388 0.2491 
      ESCORT 0.2214 0.6045 0.0269 0.1473 
   ESMERALDA 0.1997 0.4198 0.1976 0.1829 
      ESTIMA 0.1654 0.4443 0.1997 0.1907 
 EVE_BALFOUR 0.2749 0.0228 0.2391 0.4633 
   EXCALIBUR 0.5990 0.0669 0.0052 0.3289 
     EXQUISA 0.0225 0.6503 0.1978 0.1294 
    FESTIVAL 0.1971 0.6372 0.0294 0.1363 
      FIANNA 0.0905 0.3553 0.0751 0.4790 
   FIFTYFOLD 0.1386 0.1020 0.6160 0.1434 
     FONTANE 0.2167 0.5418 0.1286 0.1128 
   FORTYFOLD 0.0061 0.1119 0.6619 0.2200 
 FRONTIER_RU 0.1688 0.2486 0.3076 0.2751 
     G.81071 0.2467 0.1921 0.1403 0.4209 
     G.88661 0.2964 0.2552 0.0527 0.3957 
    G.886611 0.3397 0.2632 0.0177 0.3794 
  G.8867Y%12 0.1809 0.2746 0.0232 0.5214 
     G.88839 0.0256 0.8944 0.0418 0.0382 
     G.88842 0.0478 0.5659 0.0496 0.3368 
   GALACTICA 0.0321 0.1909 0.2339 0.5430 
      GEMSON 0.2143 0.0450 0.2215 0.5192 
  GL.76B/102 0.1773 0.3503 0.4314 0.0410 
   GL.76B/94 0.0098 0.2265 0.5793 0.1844 
  GL.77M/106 0.3918 0.1540 0.1941 0.2601 
   GL.78/166 0.0498 0.1262 0.6938 0.1302 
    GL.78/53 0.2895 0.1312 0.5702 0.0091 
    GL.78/97 0.1595 0.1914 0.6180 0.0310 
    GL.79/42 0.2083 0.2185 0.5673 0.0059 
    GL.79/45 0.1739 0.1872 0.5959 0.0429 
 GL.81_NT_25 0.5231 0.0144 0.4325 0.0300 
   GLADIATOR 0.1920 0.4515 0.0393 0.3172 
      GLAMIS 0.4796 0.2428 0.0990 0.1786 
 GOLDEN_MILL 0.6033 0.1200 0.1074 0.1693 
 GOLDEN_NUGG 0.1739 0.3967 0.0405 0.3890 
 GOLDEN_WOND 0.0881 0.1518 0.6463 0.1138 
     GRANOLA 0.2109 0.6417 0.1234 0.0239 
    H1H3_101 0.6195 0.0034 0.3728 0.0044 
      H1H3_3 0.4828 0.0492 0.2440 0.2240 
 HARBOROUGH_ 0.7941 0.1190 0.0257 0.0611 
   HARLEQUIN 0.2379 0.5210 0.1915 0.0496 
      HERMES 0.0977 0.4747 0.1798 0.2478 
 HIGHLAND_BU 0.0203 0.0251 0.8777 0.0770 
  HOME_GUARD 0.2687 0.0524 0.3186 0.3604 
     HORIZON 0.0928 0.4051 0.3089 0.1932 
   INNOVATOR 0.0096 0.0971 0.3528 0.5405 
 INTERNATION 0.0068 0.0094 0.9426 0.0412 
 ISLE_OF_JUR 0.4984 0.1396 0.1602 0.2018 
    JULIETTE 0.1017 0.8080 0.0701 0.0203 
     KARLENA 0.0797 0.1823 0.2885 0.4494 
 KERR'S_PINK 0.1394 0.0147 0.5668 0.2791 
     KESTREL 0.5248 0.0414 0.0119 0.4220 
       KIFLI 0.1955 0.6148 0.1804 0.0092 
 KING_EDWARD 0.1222 0.0446 0.8206 0.0127 
    KINGSTON 0.5525 0.1275 0.2078 0.1123 
 KUFRI_CHAND 0.1378 0.1756 0.2983 0.3882 
 KUFRI_JYOTI 0.1267 0.2429 0.1686 0.4617 
      KURODA 0.0400 0.4916 0.1040 0.3645 
 LADY_BALFOU 0.2794 0.0298 0.1759 0.5149 
 LADY_CHRIST 0.0785 0.3832 0.3620 0.1762 
 LADY_CLAIRE 0.0133 0.5994 0.2865 0.1009 
     LADY_JO 0.0185 0.3428 0.4194 0.2193 
 LADY_ROSETT 0.1721 0.3854 0.1997 0.2428 
    LIBERTAS 0.0117 0.3139 0.3942 0.2802 
       LINDA 0.0444 0.6838 0.2528 0.0190 
      LINTON 0.2214 0.3817 0.1309 0.2661 
 LINZER_DELI 0.0786 0.6117 0.2393 0.0705 
   LIONHEART 0.0820 0.4402 0.1379 0.3400 
   MADELEINE 0.1390 0.6525 0.1149 0.0936 
   MADINGLEY 0.2073 0.4892 0.0912 0.2123 
    MAJESTIC 0.1093 0.1267 0.2045 0.5595 
     MARABEL 0.0454 0.7132 0.0415 0.1999 
     MARFONA 0.0755 0.3256 0.2703 0.3286 
     MARILYN 0.0772 0.5706 0.1281 0.2241 
 MARIS_ANCHO 0.1116 0.3802 0.2719 0.2364 
  MARIS_BARD 0.2664 0.0249 0.2634 0.4454 
  MARIS_PEER 0.2398 0.0400 0.2549 0.4653 
 MARIS_PIPER 0.7938 0.0149 0.1852 0.0060 
     MARKIES 0.0462 0.6441 0.1921 0.1176 
      MAXINE 0.4758 0.0930 0.1065 0.3247 
      MEGARA 0.0999 0.6774 0.1252 0.0976 
      MELODY 0.1263 0.4380 0.2144 0.2214 
       MIDAS 0.5034 0.3256 0.1633 0.0076 
       MILVA 0.0469 0.6059 0.2315 0.1158 
        MIMI 0.3793 0.2777 0.1299 0.2131 
        MIRA 0.0151 0.4473 0.2924 0.2452 
       MOIRA 0.1042 0.3893 0.1909 0.3156 
    MONTROSE 0.6634 0.0320 0.2792 0.0254 
       MORAG 0.2634 0.0229 0.2408 0.4728 
      MORENE 0.0063 0.4203 0.2449 0.3284 
      MOZART 0.1490 0.7005 0.0057 0.1448 
 MYATT'S_ASH 0.0060 0.0896 0.8134 0.0909 
      NADINE 0.5316 0.2767 0.0216 0.1700 
       NAVAN 0.7279 0.0417 0.0947 0.1357 
 NDTX_4271_5 0.3376 0.2950 0.1198 0.2477 
      NICOLA 0.0074 0.7228 0.2403 0.0296 
     NOVELLA 0.0950 0.4755 0.0793 0.3502 
     OLYMPUS 0.4372 0.1327 0.1777 0.2523 
       OPERA 0.1890 0.5023 0.0548 0.2540 
   ORCHESTRA 0.1905 0.6243 0.1201 0.0651 
      ORIANA 0.0086 0.4446 0.1507 0.3962 
     OTHELLO 0.3062 0.0247 0.0171 0.6520 
     PALADIN 0.6662 0.0135 0.2891 0.0312 
       PANDA 0.1735 0.7410 0.0521 0.0333 
   PARAMOUNT 0.1085 0.2586 0.0692 0.5637 
    PATRONES 0.0716 0.3631 0.3028 0.2625 
 PENTLAND_AC 0.2213 0.2075 0.2264 0.3448 
 PENTLAND_BE 0.0301 0.0135 0.5336 0.4228 
 PENTLAND_CR 0.1941 0.2087 0.1563 0.4408 
 PENTLAND_DE 0.1674 0.0473 0.3053 0.4800 
 PENTLAND_IV 0.2394 0.1365 0.1584 0.4657 
 PENTLAND_JA 0.1224 0.1548 0.2236 0.4991 
 PENTLAND_MA 0.0341 0.3082 0.1466 0.5112 
 PENTLAND_SQ 0.1939 0.1579 0.2397 0.4085 
   PEPO_1978 0.1393 0.6247 0.1731 0.0629 
     PICASSO 0.1949 0.1897 0.0070 0.6083 
   PIMPERNEL 0.0860 0.4932 0.2460 0.1747 
     PIONEER 0.0883 0.6914 0.2032 0.0170 
       PIXIE 0.4675 0.1987 0.0093 0.3246 
    PREMIERE 0.0503 0.3074 0.3654 0.2769 
   PRODUCENT 0.2295 0.4937 0.1774 0.0994 
     PROVOST 0.1079 0.2021 0.2233 0.4666 
  R.P.LUSTRE 0.2945 0.2336 0.3064 0.1656 
 RANGER_RUSS 0.0043 0.0552 0.4069 0.5337 
       RATTE 0.2366 0.2087 0.5309 0.0238 
      RECORD 0.0068 0.4072 0.3614 0.2247 
   REMBRANDT 0.1258 0.4436 0.2438 0.1869 
    RIO_ROJO 0.1634 0.2558 0.1657 0.4151 
      ROBIJN 0.0067 0.4840 0.3610 0.1483 
      ROCKET 0.5565 0.0231 0.2374 0.1830 
   RODE_STAR 0.0482 0.5151 0.4247 0.0120 
      ROMANO 0.1143 0.4513 0.0310 0.4035 
       ROMEO 0.1939 0.2487 0.2045 0.3529 
     ROOSTER 0.1826 0.2210 0.1700 0.4264 
       ROYAL 0.3813 0.4477 0.1523 0.0187 
 ROYAL_KIDNE 0.0050 0.0072 0.5664 0.4214 
     RUBESSE 0.1125 0.4625 0.1398 0.2852 
 RUSSET_BURB 0.0679 0.1692 0.3083 0.4545 
 RUSSET_NORK 0.1625 0.1964 0.2630 0.3781 
      SAFARI 0.0782 0.4524 0.0387 0.4307 
     SANTANA 0.1492 0.3924 0.1899 0.2684 
       SANTE 0.1961 0.4744 0.1453 0.1843 
     SAPHIRE 0.1241 0.4265 0.0732 0.3762 
  SARPO_MIRA 0.1260 0.5757 0.2015 0.0968 
 SARPO_SHONA 0.1212 0.6353 0.1208 0.1227 
       SASSY 0.1159 0.3452 0.3157 0.2232 
     SATURNA 0.0430 0.6064 0.3372 0.0134 
        SAVA 0.1744 0.5795 0.1130 0.1331 
       SAXON 0.6166 0.0907 0.1553 0.1374 
 SCARBOROUGH 0.8229 0.0692 0.0860 0.0218 
 SEFTON_WOND 0.1878 0.0068 0.5356 0.2698 
    SERAFINA 0.0560 0.6199 0.1602 0.1639 
     SETANTA 0.4134 0.2174 0.0590 0.3102 
 SHARPE'S_EX 0.1148 0.1157 0.6767 0.0928 
     SHELAGH 0.2268 0.1371 0.2988 0.3373 
    SHELFORD 0.0565 0.4375 0.2465 0.2595 
     SHEPODY 0.0109 0.0205 0.3581 0.6105 
      SLANEY 0.4107 0.1124 0.0133 0.4636 
        SPEY 0.3952 0.0867 0.0051 0.5130 
      SPUNTA 0.2105 0.3752 0.2329 0.1814 
     STAMINA 0.6752 0.0304 0.0071 0.2873 
    STEMSTER 0.3426 0.3071 0.2241 0.1261 
 STORMONT_EN 0.1900 0.2175 0.2611 0.3314 
    STIRLING 0.2721 0.1365 0.0196 0.5718 
     SYLVANA 0.1461 0.3857 0.1518 0.3164 
         TAY 0.5500 0.1355 0.0135 0.3010 
      TIMATE 0.1723 0.6887 0.1119 0.0271 
      TOLUCA 0.0200 0.5942 0.0892 0.2966 
    TORRIDON 0.1040 0.3070 0.1628 0.4262 
 ULSTER_SCEP 0.3529 0.0352 0.1880 0.4239 
 UMATILLA_RU 0.3392 0.1374 0.4339 0.0894 
 VALES_EMERA 0.3512 0.4128 0.1247 0.1113 
 VALES_EVERE 0.3880 0.0228 0.1299 0.4593 
 VALES_RUSSE 0.0887 0.1878 0.3871 0.3364 
 VALES_SOVER 0.4219 0.0110 0.0046 0.5626 
       VALOR 0.4743 0.0470 0.0044 0.4743 
    VAN_GOGH 0.1105 0.5237 0.2224 0.1434 
     VANTAGE 0.0135 0.2417 0.4376 0.3072 
       VERDI 0.1376 0.5193 0.2453 0.0978 
    VICTORIA 0.0639 0.5018 0.1617 0.2726 
     VIVALDI 0.0067 0.4717 0.1078 0.4138 
       WILJA 0.0127 0.2792 0.3116 0.3965 
     WINSTON 0.5492 0.1582 0.0090 0.2836 
      XD2-21 0.1713 0.1005 0.2659 0.4622 
  YUKON_GOLD 0.3109 0.3766 0.0440 0.2684 
       ZORBA 0.0226 0.3046 0.2478 0.4250 
