  00C133-020 0.2524 0.0105 0.0266 0.0086 0.3978 0.0211 0.2580 0.0251 
 01C_071-002 0.0163 0.0315 0.1433 0.1478 0.1775 0.0944 0.2499 0.1394 
 02M_012-001 0.1692 0.0035 0.0271 0.0891 0.4698 0.0074 0.0640 0.1698 
 03M_016-002 0.0074 0.2150 0.0047 0.0508 0.3501 0.0216 0.0212 0.3293 
 03M_034-002 0.2931 0.0055 0.1276 0.0025 0.3430 0.0069 0.0344 0.1871 
 04C_055-004 0.0979 0.0617 0.0450 0.2641 0.4280 0.0121 0.0359 0.0551 
 04C_126-005 0.2311 0.0077 0.0847 0.0123 0.1923 0.1012 0.2679 0.1028 
 04M_034-013 0.1206 0.1370 0.0549 0.0685 0.3913 0.0119 0.0062 0.2097 
 05M_002-001 0.0294 0.1044 0.0446 0.1826 0.1290 0.3720 0.0581 0.0800 
 05M_004-003 0.1401 0.0258 0.0905 0.0613 0.1355 0.3837 0.1564 0.0067 
 05M_012-004 0.2779 0.1596 0.2017 0.0066 0.0899 0.1381 0.0942 0.0320 
 06C_127-002 0.4201 0.0777 0.0052 0.2235 0.1557 0.0164 0.0712 0.0303 
 12288_AF_23 0.2015 0.1097 0.0626 0.1071 0.3359 0.0068 0.1709 0.0054 
    12601AB1 0.3207 0.0022 0.0048 0.0032 0.2151 0.0051 0.0041 0.4449 
   12636_A_2 0.2910 0.0580 0.0098 0.0035 0.3389 0.0067 0.1014 0.1908 
  15119_AC_5 0.0054 0.0263 0.0408 0.0020 0.2424 0.0075 0.4964 0.1793 
     1512C16 0.1534 0.2806 0.0690 0.0805 0.0056 0.0678 0.1300 0.2132 
   15144_A_3 0.0552 0.0033 0.0040 0.2208 0.0081 0.0486 0.6220 0.0380 
     1563C14 0.0128 0.0717 0.1536 0.2235 0.0135 0.0568 0.0560 0.4121 
     2182EF7 0.2684 0.1924 0.0062 0.0081 0.0152 0.2324 0.2231 0.0542 
     3681AD1 0.1367 0.0398 0.2383 0.0244 0.0383 0.2294 0.2334 0.0596 
     5008AB6 0.2529 0.0059 0.1833 0.1136 0.0052 0.1528 0.1758 0.1105 
    8204_A_4 0.3873 0.0891 0.0146 0.0379 0.0424 0.1693 0.2248 0.0347 
       AGRIA 0.0133 0.0201 0.0057 0.2916 0.0398 0.6165 0.0030 0.0100 
       AILSA 0.2193 0.0620 0.0037 0.1661 0.4398 0.0036 0.0077 0.0977 
      ALMERA 0.0097 0.1807 0.2011 0.2319 0.0832 0.2581 0.0284 0.0069 
       ALPHA 0.0774 0.1009 0.4658 0.1154 0.0264 0.0048 0.0143 0.1950 
      ALWARA 0.0435 0.0268 0.3380 0.2645 0.0252 0.0058 0.2708 0.0254 
      AMADRA 0.1116 0.0142 0.2429 0.2145 0.1566 0.1058 0.0100 0.1444 
       AMOUR 0.1517 0.0192 0.0139 0.0343 0.3235 0.0221 0.4028 0.0325 
        ANNA 0.1394 0.0171 0.0093 0.0018 0.0065 0.0793 0.6165 0.1301 
   ANNABELLE 0.0852 0.0223 0.2509 0.3229 0.0062 0.2887 0.0098 0.0141 
        ANYA 0.1581 0.0582 0.0521 0.3652 0.0080 0.0892 0.0717 0.1975 
       ARGOS 0.0296 0.0692 0.0237 0.0433 0.2355 0.0979 0.4953 0.0055 
     ARIELLE 0.0052 0.1206 0.1867 0.3116 0.0285 0.1985 0.0921 0.0567 
      ARKULA 0.1153 0.0818 0.4660 0.1131 0.0087 0.0628 0.0483 0.1040 
      ARMADA 0.0673 0.1042 0.4246 0.1381 0.1209 0.0197 0.0250 0.1002 
   AVALANCHE 0.0165 0.1505 0.1877 0.0184 0.4364 0.0911 0.0900 0.0094 
     BAILLIE 0.0880 0.0841 0.1240 0.0854 0.4439 0.0365 0.1282 0.0099 
    BALMORAL 0.0713 0.2113 0.1513 0.0051 0.0226 0.1483 0.3776 0.0125 
     BAMBINO 0.1557 0.0213 0.0723 0.0646 0.4287 0.0313 0.2089 0.0173 
       BARNA 0.1539 0.0562 0.1635 0.1939 0.0383 0.0028 0.3547 0.0367 
 BELLE_DE_FO 0.0021 0.0863 0.0182 0.0083 0.0024 0.0120 0.0786 0.7922 
       BENOL 0.2560 0.0020 0.0033 0.0033 0.3937 0.1811 0.0033 0.1573 
       BF_15 0.0034 0.0239 0.1005 0.0701 0.0029 0.0930 0.0500 0.6563 
      BINTJE 0.0258 0.1621 0.1464 0.0832 0.0671 0.1409 0.0803 0.2941 
 BIONICA_EX_ 0.2778 0.0197 0.1997 0.0175 0.0347 0.2323 0.0764 0.1418 
 BLUE_DANUBE 0.0051 0.1102 0.4260 0.0082 0.0217 0.1874 0.1179 0.1235 
      BONNIE 0.2315 0.0842 0.2141 0.1235 0.1658 0.0219 0.1407 0.0184 
      BOUNTY 0.1737 0.0168 0.0367 0.0281 0.3750 0.1165 0.2326 0.0206 
 BRITISH_QUE 0.0016 0.3704 0.0205 0.0029 0.0223 0.2127 0.0429 0.3268 
     BRODICK 0.5410 0.0104 0.0193 0.0647 0.2965 0.0345 0.0066 0.0269 
      BRODIE 0.2079 0.1888 0.0107 0.0142 0.0167 0.0101 0.4501 0.1014 
      BUCHAN 0.2227 0.1312 0.0049 0.1227 0.0693 0.0041 0.3877 0.0575 
      BURREN 0.1113 0.0083 0.0278 0.1418 0.0364 0.1306 0.4322 0.1116 
     CABARET 0.1310 0.0660 0.0095 0.0046 0.4559 0.0261 0.0537 0.2531 
      CAESAR 0.1762 0.0603 0.2498 0.2544 0.0113 0.2020 0.0439 0.0020 
        CARA 0.1702 0.0109 0.0191 0.0126 0.0657 0.0272 0.6407 0.0535 
 CARLINGFORD 0.2526 0.3047 0.0733 0.1372 0.0635 0.0234 0.1281 0.0173 
  CASABLANCA 0.1164 0.0949 0.1778 0.0026 0.2756 0.1017 0.2284 0.0026 
      CELINE 0.1878 0.0103 0.3901 0.0077 0.0385 0.1764 0.1216 0.0675 
  CHALLENGER 0.0770 0.1351 0.0959 0.1863 0.1572 0.2694 0.0034 0.0757 
   CHARLOTTE 0.2775 0.0053 0.0087 0.4779 0.0249 0.0622 0.0087 0.1348 
     CHICAGO 0.0879 0.0069 0.1674 0.1799 0.4575 0.0403 0.0144 0.0457 
   CHIEFTAIN 0.2208 0.3316 0.0039 0.2363 0.0106 0.0794 0.0487 0.0689 
      CHOPIN 0.1227 0.1840 0.2851 0.1628 0.0141 0.2025 0.0139 0.0148 
      CLARET 0.1145 0.0384 0.0269 0.1197 0.0774 0.0059 0.5775 0.0396 
      CORINE 0.0991 0.1130 0.1345 0.0032 0.1449 0.2655 0.1687 0.0711 
      COSMOS 0.0563 0.2017 0.4776 0.0805 0.1167 0.0336 0.0067 0.0267 
     COURAGE 0.1508 0.1517 0.3822 0.1204 0.0333 0.0196 0.0636 0.0785 
     COURLAN 0.1172 0.2494 0.0207 0.2839 0.0693 0.0778 0.1392 0.0424 
 CRAIGS_ROYA 0.1554 0.2088 0.0053 0.0452 0.1666 0.0083 0.3460 0.0644 
 CRAIGS_SNOW 0.0097 0.3045 0.0079 0.0995 0.1672 0.0586 0.1013 0.2512 
     CRAMOND 0.3679 0.0453 0.1136 0.0047 0.3395 0.0996 0.0192 0.0102 
 CRISPS_FOR_ 0.1440 0.1394 0.2873 0.2684 0.0713 0.0314 0.0214 0.0368 
    CROMWELL 0.0038 0.0042 0.0069 0.0516 0.6126 0.0328 0.0922 0.1960 
       D22/1 0.0050 0.1458 0.0240 0.0042 0.5291 0.0238 0.1231 0.1451 
       D23/3 0.0255 0.1712 0.0076 0.0818 0.3694 0.0405 0.0364 0.2676 
      D47-11 0.0078 0.0196 0.0542 0.0043 0.6777 0.0078 0.0099 0.2186 
       D49/1 0.0263 0.0124 0.0312 0.0614 0.7238 0.0034 0.0026 0.1389 
       DAISY 0.1038 0.0137 0.1435 0.1068 0.4080 0.0283 0.0073 0.1886 
 DARK_RED_NO 0.0991 0.3844 0.0120 0.2384 0.0338 0.0310 0.1222 0.0791 
     DARWINA 0.0140 0.1657 0.3418 0.1459 0.1133 0.1370 0.0090 0.0733 
     DESIREE 0.0356 0.0750 0.2595 0.3074 0.0026 0.0029 0.2135 0.1036 
       DITTA 0.0049 0.1542 0.1121 0.3024 0.0242 0.2978 0.0133 0.0911 
 DR._MCINTOS 0.2469 0.4763 0.1487 0.0181 0.0358 0.0098 0.0440 0.0204 
       DRAGA 0.1175 0.2738 0.1760 0.0538 0.1278 0.1956 0.0512 0.0042 
 DUKE_OF_YOR 0.0033 0.3490 0.1481 0.0042 0.0027 0.1725 0.0045 0.3157 
 DUNBAR_STAN 0.0232 0.4285 0.0066 0.0560 0.1637 0.0101 0.0898 0.2222 
     DUNDROD 0.0704 0.0816 0.0070 0.1640 0.4360 0.0143 0.0933 0.1333 
     ECLIPSE 0.1262 0.2950 0.0067 0.1921 0.0090 0.0030 0.0022 0.3659 
        EDEN 0.1955 0.0103 0.0094 0.0048 0.5686 0.0041 0.0049 0.2025 
 EDZELL_BLUE 0.0982 0.1124 0.1439 0.0898 0.0256 0.1175 0.1107 0.3020 
   ELISABETH 0.2620 0.0464 0.2504 0.3200 0.0678 0.0397 0.0051 0.0086 
     EMPEROR 0.1564 0.2705 0.0161 0.2180 0.1484 0.1783 0.0059 0.0064 
         EOS 0.2200 0.1389 0.1559 0.2567 0.1924 0.0103 0.0108 0.0151 
     EPICURE 0.1423 0.2863 0.1090 0.1131 0.0037 0.0058 0.0066 0.3332 
  ERNTESTOLZ 0.0352 0.1599 0.1082 0.1607 0.0260 0.2394 0.0619 0.2087 
      ESCORT 0.2087 0.0074 0.3425 0.2434 0.0916 0.0708 0.0248 0.0109 
   ESMERALDA 0.1952 0.0291 0.3715 0.1461 0.0849 0.0102 0.0253 0.1376 
      ESTIMA 0.0990 0.2021 0.3467 0.1826 0.1113 0.0124 0.0048 0.0412 
 EVE_BALFOUR 0.2417 0.0712 0.0440 0.0132 0.0727 0.0085 0.3254 0.2234 
   EXCALIBUR 0.2439 0.0026 0.0080 0.0081 0.3436 0.1006 0.2900 0.0032 
     EXQUISA 0.0329 0.0058 0.2048 0.3699 0.0038 0.1311 0.1130 0.1387 
    FESTIVAL 0.1669 0.0192 0.3045 0.2273 0.0843 0.1850 0.0077 0.0053 
      FIANNA 0.1046 0.1891 0.2408 0.0753 0.0298 0.1989 0.1566 0.0050 
   FIFTYFOLD 0.0504 0.1421 0.0253 0.1402 0.0479 0.0085 0.0724 0.5133 
     FONTANE 0.0202 0.1042 0.0592 0.2064 0.1768 0.4199 0.0046 0.0087 
   FORTYFOLD 0.0037 0.1529 0.1420 0.0044 0.0029 0.1727 0.0107 0.5105 
 FRONTIER_RU 0.0951 0.4261 0.0147 0.2534 0.0789 0.0116 0.0078 0.1124 
     G.81071 0.3034 0.1806 0.1518 0.0480 0.0815 0.0502 0.1064 0.0782 
     G.88661 0.2862 0.2915 0.1580 0.0834 0.1445 0.0258 0.0071 0.0034 
    G.886611 0.3789 0.2546 0.0556 0.1571 0.1256 0.0132 0.0119 0.0030 
  G.8867Y%12 0.2930 0.3092 0.0832 0.1559 0.0204 0.0490 0.0853 0.0040 
     G.88839 0.1372 0.0034 0.3757 0.4544 0.0033 0.0122 0.0039 0.0099 
     G.88842 0.1601 0.0989 0.3383 0.2095 0.0060 0.1160 0.0637 0.0076 
   GALACTICA 0.0023 0.0870 0.2117 0.0115 0.0108 0.1663 0.3788 0.1314 
      GEMSON 0.1474 0.2456 0.0082 0.0527 0.0900 0.1031 0.2358 0.1171 
  GL.76B/102 0.0145 0.1288 0.1169 0.2476 0.1539 0.0233 0.0065 0.3084 
   GL.76B/94 0.0045 0.0092 0.2158 0.0674 0.0028 0.0717 0.1266 0.5020 
  GL.77M/106 0.3244 0.0100 0.0051 0.1451 0.1209 0.0096 0.1949 0.1900 
   GL.78/166 0.0023 0.0928 0.0833 0.0560 0.0521 0.0840 0.0631 0.5663 
    GL.78/53 0.1387 0.0059 0.0043 0.1808 0.1365 0.0073 0.0104 0.5162 
    GL.78/97 0.0449 0.0200 0.0622 0.1519 0.0893 0.0452 0.0336 0.5528 
    GL.79/42 0.1092 0.0030 0.0517 0.1985 0.1032 0.0081 0.0051 0.5212 
    GL.79/45 0.1097 0.0042 0.0455 0.1680 0.0336 0.0059 0.0764 0.5567 
 GL.81_NT_25 0.0022 0.0044 0.0041 0.0036 0.5119 0.1251 0.0336 0.3152 
   GLADIATOR 0.1333 0.1603 0.1865 0.2630 0.0758 0.0543 0.1222 0.0047 
      GLAMIS 0.1068 0.1568 0.0725 0.1730 0.4034 0.0387 0.0344 0.0142 
 GOLDEN_MILL 0.4716 0.0051 0.0181 0.0092 0.2797 0.0741 0.0352 0.1070 
 GOLDEN_NUGG 0.2751 0.0057 0.2685 0.0087 0.0121 0.2866 0.1244 0.0189 
 GOLDEN_WOND 0.0634 0.1304 0.1458 0.1132 0.0118 0.0045 0.0119 0.5190 
     GRANOLA 0.2442 0.0054 0.0776 0.4369 0.0339 0.0954 0.0100 0.0967 
    H1H3_101 0.0020 0.0126 0.0035 0.0040 0.6691 0.0064 0.0068 0.2957 
      H1H3_3 0.1809 0.1312 0.0163 0.0075 0.3631 0.1317 0.0216 0.1478 
 HARBOROUGH_ 0.4730 0.0052 0.0050 0.0040 0.4457 0.0557 0.0028 0.0086 
   HARLEQUIN 0.1645 0.0126 0.0046 0.4231 0.0607 0.1021 0.0811 0.1514 
      HERMES 0.0024 0.0556 0.1418 0.3109 0.0674 0.1169 0.2312 0.0739 
 HIGHLAND_BU 0.0552 0.0074 0.0704 0.0023 0.0044 0.0820 0.0031 0.7753 
  HOME_GUARD 0.1974 0.2347 0.0092 0.0344 0.1229 0.0997 0.1035 0.1981 
     HORIZON 0.0183 0.0145 0.3026 0.0602 0.0899 0.2420 0.0645 0.2081 
   INNOVATOR 0.0113 0.4130 0.1613 0.0031 0.0061 0.2331 0.0524 0.1196 
 INTERNATION 0.0021 0.0314 0.0066 0.0037 0.0034 0.1291 0.0076 0.8161 
 ISLE_OF_JUR 0.1033 0.0388 0.0423 0.0840 0.4002 0.0685 0.1458 0.1171 
    JULIETTE 0.0660 0.0022 0.0038 0.4602 0.0079 0.4377 0.0069 0.0153 
     KARLENA 0.0029 0.2192 0.1245 0.0378 0.0494 0.1696 0.2433 0.1533 
 KERR'S_PINK 0.0667 0.3110 0.0052 0.0480 0.0655 0.0171 0.0719 0.4147 
     KESTREL 0.1785 0.0272 0.0066 0.1197 0.2926 0.0028 0.3675 0.0052 
       KIFLI 0.1275 0.0090 0.1257 0.4784 0.0670 0.0075 0.0104 0.1745 
 KING_EDWARD 0.0238 0.1244 0.0054 0.1183 0.0312 0.0043 0.0027 0.6901 
    KINGSTON 0.2422 0.0030 0.0154 0.0065 0.3587 0.1596 0.0366 0.1781 
 KUFRI_CHAND 0.0442 0.3478 0.0165 0.1148 0.1048 0.1743 0.0702 0.1274 
 KUFRI_JYOTI 0.2387 0.0198 0.0696 0.0336 0.0051 0.2627 0.2368 0.1338 
      KURODA 0.0090 0.1399 0.3089 0.1344 0.0465 0.2464 0.1090 0.0059 
 LADY_BALFOU 0.1538 0.1145 0.0244 0.0091 0.1400 0.0898 0.3323 0.1360 
 LADY_CHRIST 0.0881 0.0472 0.3777 0.0526 0.0412 0.1236 0.0114 0.2581 
 LADY_CLAIRE 0.0015 0.0050 0.2823 0.0076 0.0076 0.5387 0.0066 0.1507 
     LADY_JO 0.0020 0.0636 0.4415 0.0017 0.0183 0.2207 0.0042 0.2481 
 LADY_ROSETT 0.1368 0.1254 0.4034 0.0932 0.0996 0.0085 0.0272 0.1058 
    LIBERTAS 0.0027 0.0059 0.5294 0.0025 0.0047 0.0863 0.0974 0.2712 
       LINDA 0.0257 0.0055 0.0099 0.5210 0.0045 0.1983 0.0508 0.1843 
      LINTON 0.0070 0.1718 0.0573 0.2772 0.1793 0.1231 0.1666 0.0177 
 LINZER_DELI 0.1411 0.0431 0.2169 0.3595 0.0062 0.0538 0.0093 0.1701 
   LIONHEART 0.1112 0.1458 0.3038 0.0645 0.0388 0.2809 0.0377 0.0173 
   MADELEINE 0.1646 0.0064 0.2766 0.2891 0.0282 0.1657 0.0114 0.0581 
   MADINGLEY 0.0151 0.0877 0.1237 0.3682 0.1401 0.0420 0.2046 0.0186 
    MAJESTIC 0.1986 0.4522 0.0293 0.0531 0.0091 0.1445 0.0811 0.0321 
     MARABEL 0.0858 0.0659 0.3407 0.2716 0.0078 0.2089 0.0146 0.0046 
     MARFONA 0.0272 0.1567 0.4103 0.0217 0.1056 0.1396 0.0273 0.1116 
     MARILYN 0.1135 0.0209 0.1404 0.2909 0.0070 0.2532 0.1048 0.0692 
 MARIS_ANCHO 0.1001 0.2035 0.2626 0.1615 0.0498 0.0615 0.0136 0.1472 
  MARIS_BARD 0.0567 0.2280 0.2023 0.0014 0.2429 0.1352 0.0432 0.0903 
  MARIS_PEER 0.0884 0.2813 0.0029 0.0837 0.1406 0.1156 0.1745 0.1130 
 MARIS_PIPER 0.0105 0.0055 0.0077 0.0187 0.7899 0.0417 0.0071 0.1189 
     MARKIES 0.0100 0.0139 0.2438 0.2716 0.0171 0.3117 0.0440 0.0878 
      MAXINE 0.1077 0.2586 0.0100 0.1056 0.3798 0.0208 0.1108 0.0066 
      MEGARA 0.0583 0.0050 0.1954 0.2507 0.0422 0.3793 0.0206 0.0484 
      MELODY 0.0398 0.0142 0.2648 0.1677 0.0701 0.1675 0.1345 0.1413 
       MIDAS 0.0168 0.0036 0.1242 0.2265 0.4797 0.0361 0.0080 0.1052 
       MILVA 0.1129 0.0106 0.2142 0.2702 0.0067 0.1995 0.0165 0.1692 
        MIMI 0.2234 0.0046 0.2767 0.0117 0.2252 0.0627 0.0921 0.1038 
        MIRA 0.0075 0.0259 0.4266 0.0050 0.0108 0.2955 0.0374 0.1912 
       MOIRA 0.1087 0.1158 0.1977 0.1883 0.0287 0.1242 0.1249 0.1117 
    MONTROSE 0.3514 0.0021 0.0032 0.0060 0.3686 0.0068 0.0065 0.2554 
       MORAG 0.3190 0.1456 0.0176 0.0053 0.0657 0.0796 0.1841 0.1831 
      MORENE 0.0061 0.0884 0.4790 0.0070 0.0036 0.2147 0.0654 0.1358 
      MOZART 0.2771 0.0153 0.2568 0.2900 0.0081 0.1457 0.0050 0.0021 
 MYATT'S_ASH 0.0018 0.0499 0.0528 0.0065 0.0029 0.1835 0.0097 0.6928 
      NADINE 0.2135 0.0645 0.0469 0.1880 0.3673 0.0201 0.0939 0.0057 
       NAVAN 0.1141 0.0867 0.0482 0.0369 0.6388 0.0070 0.0363 0.0320 
 NDTX_4271_5 0.2884 0.2578 0.0061 0.3035 0.1269 0.0034 0.0060 0.0079 
      NICOLA 0.0031 0.0307 0.1079 0.4430 0.0038 0.2746 0.0070 0.1299 
     NOVELLA 0.1457 0.0671 0.3283 0.1483 0.0218 0.1518 0.1193 0.0177 
     OLYMPUS 0.3919 0.1284 0.0083 0.1014 0.1859 0.0231 0.0363 0.1247 
       OPERA 0.1344 0.0598 0.1810 0.1925 0.0787 0.2450 0.1013 0.0073 
   ORCHESTRA 0.0856 0.0098 0.1894 0.3152 0.1110 0.2108 0.0233 0.0549 
      ORIANA 0.0064 0.1772 0.2967 0.1362 0.0035 0.1988 0.1502 0.0311 
     OTHELLO 0.1626 0.1163 0.0042 0.0956 0.0967 0.0047 0.5099 0.0100 
     PALADIN 0.0592 0.0506 0.0207 0.0041 0.6195 0.0489 0.0046 0.1924 
       PANDA 0.0797 0.0061 0.1070 0.5065 0.0753 0.1409 0.0717 0.0128 
   PARAMOUNT 0.1818 0.0325 0.2575 0.1090 0.0039 0.0055 0.3614 0.0483 
    PATRONES 0.0099 0.1843 0.2331 0.1552 0.0666 0.1471 0.0496 0.1540 
 PENTLAND_AC 0.1183 0.1646 0.0899 0.1096 0.1269 0.1201 0.1474 0.1232 
 PENTLAND_BE 0.0074 0.2790 0.1225 0.0038 0.0161 0.0172 0.1667 0.3872 
 PENTLAND_CR 0.3096 0.0813 0.1066 0.0027 0.0173 0.3026 0.0779 0.1021 
 PENTLAND_DE 0.2970 0.2382 0.0760 0.0142 0.0078 0.0088 0.1354 0.2226 
 PENTLAND_IV 0.3112 0.3210 0.0056 0.1537 0.0225 0.0090 0.1220 0.0549 
 PENTLAND_JA 0.1878 0.3584 0.0850 0.0102 0.0268 0.2242 0.0422 0.0655 
 PENTLAND_MA 0.1232 0.0890 0.2189 0.0300 0.0044 0.2457 0.2090 0.0798 
 PENTLAND_SQ 0.3311 0.1523 0.0182 0.0100 0.0128 0.2274 0.0668 0.1814 
   PEPO_1978 0.0471 0.0246 0.1873 0.3535 0.0947 0.1638 0.0210 0.1080 
     PICASSO 0.0359 0.0324 0.2064 0.0534 0.1306 0.0518 0.4870 0.0025 
   PIMPERNEL 0.0912 0.0027 0.3993 0.1374 0.0135 0.0775 0.0918 0.1867 
     PIONEER 0.1046 0.0037 0.0021 0.4484 0.0041 0.3099 0.0039 0.1234 
       PIXIE 0.3091 0.0225 0.0829 0.1120 0.2420 0.0098 0.2160 0.0058 
    PREMIERE 0.0092 0.1056 0.4122 0.0025 0.0513 0.1938 0.0085 0.2169 
   PRODUCENT 0.0844 0.0391 0.3136 0.1341 0.1826 0.1664 0.0051 0.0747 
     PROVOST 0.1949 0.2480 0.0857 0.0581 0.0112 0.1388 0.1370 0.1262 
  R.P.LUSTRE 0.1967 0.1733 0.0277 0.2203 0.1331 0.0106 0.0262 0.2121 
 RANGER_RUSS 0.0021 0.5048 0.0361 0.0803 0.0030 0.0973 0.1128 0.1637 
       RATTE 0.2239 0.0397 0.0182 0.1595 0.0634 0.0065 0.0065 0.4824 
      RECORD 0.0039 0.0086 0.6007 0.0083 0.0071 0.0747 0.0418 0.2550 
   REMBRANDT 0.0431 0.0888 0.0616 0.0978 0.0888 0.5108 0.0081 0.1011 
    RIO_ROJO 0.1883 0.3161 0.1015 0.2101 0.0276 0.0051 0.1156 0.0357 
      ROBIJN 0.0042 0.0161 0.5050 0.0847 0.0037 0.0703 0.0438 0.2722 
      ROCKET 0.1728 0.1163 0.0899 0.0079 0.4387 0.0026 0.0224 0.1494 
   RODE_STAR 0.0097 0.0016 0.3783 0.2259 0.0074 0.0030 0.0134 0.3607 
      ROMANO 0.1847 0.0101 0.4144 0.1459 0.0081 0.0100 0.2169 0.0098 
       ROMEO 0.2342 0.0496 0.0178 0.2356 0.0066 0.0048 0.2624 0.1889 
     ROOSTER 0.3224 0.1004 0.1357 0.0265 0.0111 0.1278 0.1456 0.1304 
       ROYAL 0.0102 0.0056 0.1043 0.3341 0.3351 0.0525 0.0734 0.0848 
 ROYAL_KIDNE 0.0080 0.4646 0.0101 0.0022 0.0032 0.1451 0.0147 0.3521 
     RUBESSE 0.1586 0.1365 0.1133 0.2524 0.0140 0.1944 0.0797 0.0511 
 RUSSET_BURB 0.0954 0.5218 0.1023 0.1287 0.0120 0.0174 0.0264 0.0961 
 RUSSET_NORK 0.1295 0.5529 0.0036 0.2668 0.0146 0.0038 0.0061 0.0227 
      SAFARI 0.2303 0.0198 0.4051 0.0286 0.0076 0.2011 0.0980 0.0094 
     SANTANA 0.0308 0.1806 0.3029 0.1138 0.1339 0.1391 0.0433 0.0556 
       SANTE 0.2163 0.0060 0.4016 0.0442 0.0778 0.1461 0.0162 0.0919 
     SAPHIRE 0.1551 0.2064 0.2700 0.0343 0.0391 0.2795 0.0121 0.0035 
  SARPO_MIRA 0.0157 0.0137 0.2281 0.4027 0.0490 0.0038 0.1415 0.1455 
 SARPO_SHONA 0.0517 0.0079 0.3056 0.3781 0.0317 0.0116 0.1344 0.0789 
       SASSY 0.0556 0.1360 0.2330 0.1576 0.0776 0.0869 0.0577 0.1955 
     SATURNA 0.0036 0.0040 0.3635 0.2630 0.0381 0.0776 0.0089 0.2413 
        SAVA 0.0642 0.1369 0.1046 0.3518 0.1124 0.1964 0.0150 0.0187 
       SAXON 0.2434 0.0096 0.0315 0.0085 0.4591 0.0942 0.0289 0.1249 
 SCARBOROUGH 0.4034 0.0042 0.0055 0.0073 0.5164 0.0042 0.0023 0.0566 
 SEFTON_WOND 0.1364 0.2868 0.0077 0.0041 0.0855 0.0344 0.0433 0.4020 
    SERAFINA 0.1736 0.0141 0.2323 0.3516 0.0035 0.0489 0.0588 0.1172 
     SETANTA 0.4973 0.0347 0.1114 0.0512 0.0997 0.0385 0.0984 0.0689 
 SHARPE'S_EX 0.0097 0.1159 0.0328 0.1137 0.0911 0.0483 0.0291 0.5594 
     SHELAGH 0.1249 0.0097 0.0926 0.0426 0.1236 0.1174 0.2267 0.2625 
    SHELFORD 0.0023 0.0888 0.1181 0.3334 0.0288 0.0524 0.2443 0.1320 
     SHEPODY 0.0058 0.3817 0.1562 0.0021 0.0071 0.1492 0.1554 0.1427 
      SLANEY 0.1925 0.0274 0.0044 0.1116 0.2188 0.0780 0.3602 0.0071 
        SPEY 0.2119 0.0088 0.0078 0.0363 0.2070 0.1280 0.3974 0.0028 
      SPUNTA 0.1774 0.0461 0.0828 0.2965 0.0548 0.0153 0.1348 0.1923 
     STAMINA 0.0496 0.0702 0.0203 0.0092 0.6030 0.0300 0.2156 0.0021 
    STEMSTER 0.0144 0.0255 0.1990 0.1657 0.3041 0.0441 0.1046 0.1426 
 STORMONT_EN 0.0467 0.1204 0.3296 0.0557 0.1671 0.0114 0.1215 0.1477 
    STIRLING 0.3454 0.1092 0.0245 0.0100 0.0520 0.2270 0.2253 0.0067 
     SYLVANA 0.0827 0.2186 0.2399 0.1927 0.0972 0.0732 0.0719 0.0236 
         TAY 0.4864 0.0139 0.0208 0.0473 0.2361 0.0207 0.1545 0.0203 
      TIMATE 0.0736 0.0478 0.2802 0.3593 0.1056 0.1060 0.0049 0.0225 
      TOLUCA 0.0632 0.0533 0.2054 0.3080 0.0034 0.1845 0.1620 0.0203 
    TORRIDON 0.1350 0.0255 0.1896 0.0466 0.0228 0.2590 0.2265 0.0951 
 ULSTER_SCEP 0.1716 0.2963 0.0756 0.0051 0.2750 0.1061 0.0408 0.0295 
 UMATILLA_RU 0.0789 0.0293 0.1111 0.0433 0.2693 0.0589 0.0397 0.3695 
 VALES_EMERA 0.2761 0.0487 0.0200 0.3456 0.1601 0.0249 0.0310 0.0935 
 VALES_EVERE 0.3367 0.0285 0.0066 0.0067 0.1203 0.0759 0.2848 0.1405 
 VALES_RUSSE 0.0841 0.4152 0.0174 0.1546 0.0209 0.0964 0.0170 0.1944 
 VALES_SOVER 0.0954 0.0073 0.0381 0.0114 0.2844 0.0036 0.5573 0.0025 
       VALOR 0.2608 0.0051 0.0512 0.0052 0.2626 0.0427 0.3695 0.0028 
    VAN_GOGH 0.0870 0.0195 0.3737 0.1055 0.0728 0.2047 0.0055 0.1314 
     VANTAGE 0.0026 0.2088 0.3897 0.0086 0.0219 0.0551 0.0569 0.2564 
       VERDI 0.0198 0.0244 0.2601 0.2786 0.1006 0.0659 0.0727 0.1779 
    VICTORIA 0.0612 0.1800 0.0669 0.1519 0.0222 0.4839 0.0170 0.0170 
     VIVALDI 0.0224 0.2022 0.3766 0.1045 0.0030 0.1884 0.0928 0.0101 
       WILJA 0.0018 0.1154 0.4935 0.0019 0.0198 0.1552 0.0689 0.1436 
     WINSTON 0.2312 0.0757 0.0320 0.1347 0.3603 0.0040 0.1594 0.0028 
      XD2-21 0.1832 0.2551 0.1553 0.0369 0.0468 0.0069 0.1584 0.1575 
  YUKON_GOLD 0.2740 0.2714 0.0322 0.2282 0.1256 0.0576 0.0071 0.0038 
       ZORBA 0.0208 0.1757 0.1845 0.0074 0.0088 0.3805 0.0987 0.1237 
