  00C133-020 0.0141 0.0379 0.0165 0.0856 0.3579 0.4880 
 01C_071-002 0.0482 0.1757 0.2558 0.1008 0.2415 0.1779 
 02M_012-001 0.0047 0.2059 0.0605 0.1015 0.0821 0.5452 
 03M_016-002 0.2224 0.3919 0.0123 0.0181 0.0146 0.3409 
 03M_034-002 0.0133 0.2319 0.0353 0.0233 0.2099 0.4862 
 04C_055-004 0.0487 0.1030 0.0906 0.2772 0.0177 0.4628 
 04C_126-005 0.0162 0.1221 0.0975 0.1090 0.3789 0.2762 
 04M_034-013 0.1401 0.2597 0.0588 0.0822 0.0101 0.4492 
 05M_002-001 0.1595 0.1176 0.3270 0.1976 0.0544 0.1439 
 05M_004-003 0.1015 0.0078 0.3543 0.1239 0.2082 0.2043 
 05M_012-004 0.2042 0.0390 0.2128 0.1109 0.2312 0.2019 
 06C_127-002 0.0791 0.0323 0.0066 0.4174 0.1479 0.3168 
 12288_AF_23 0.1169 0.0107 0.0356 0.2100 0.1906 0.4361 
    12601AB1 0.0039 0.4876 0.0048 0.0428 0.0921 0.3688 
   12636_A_2 0.0727 0.2166 0.0074 0.0362 0.2104 0.4567 
  15119_AC_5 0.0232 0.2204 0.0193 0.0025 0.5351 0.1994 
     1512C16 0.3140 0.2239 0.0615 0.1960 0.1855 0.0191 
   15144_A_3 0.0057 0.0454 0.0308 0.2876 0.6200 0.0105 
     1563C14 0.0744 0.4479 0.2009 0.2304 0.0315 0.0149 
     2182EF7 0.2750 0.0334 0.0493 0.1851 0.3527 0.1046 
     3681AD1 0.0830 0.0545 0.3551 0.1007 0.3105 0.0962 
     5008AB6 0.0106 0.1154 0.2279 0.2926 0.3199 0.0337 
    8204_A_4 0.1290 0.0161 0.0228 0.2876 0.3556 0.1889 
       AGRIA 0.1131 0.0243 0.4692 0.3097 0.0033 0.0804 
       AILSA 0.0514 0.1370 0.0066 0.2479 0.0122 0.5449 
      ALMERA 0.2227 0.0243 0.4163 0.2332 0.0279 0.0756 
       ALPHA 0.1159 0.2338 0.3841 0.1494 0.0540 0.0628 
      ALWARA 0.0180 0.0543 0.3093 0.2969 0.2909 0.0306 
      AMADRA 0.0329 0.1714 0.3010 0.2616 0.0180 0.2151 
       AMOUR 0.0359 0.0489 0.0226 0.0734 0.4273 0.3919 
        ANNA 0.0737 0.1419 0.0147 0.0048 0.7506 0.0143 
   ANNABELLE 0.0844 0.0383 0.4221 0.4181 0.0216 0.0155 
        ANYA 0.0759 0.2122 0.1202 0.4899 0.0598 0.0421 
       ARGOS 0.0988 0.0087 0.1155 0.0462 0.4965 0.2342 
     ARIELLE 0.1377 0.0960 0.3667 0.3119 0.0600 0.0277 
      ARKULA 0.1078 0.1230 0.4164 0.2026 0.1332 0.0170 
      ARMADA 0.1294 0.1348 0.3605 0.1718 0.0866 0.1170 
   AVALANCHE 0.1832 0.0234 0.2707 0.0069 0.0735 0.4423 
     BAILLIE 0.0957 0.0261 0.1740 0.0929 0.1314 0.4799 
    BALMORAL 0.2607 0.0199 0.2234 0.0112 0.4524 0.0323 
     BAMBINO 0.0355 0.0392 0.0890 0.1066 0.2421 0.4875 
       BARNA 0.0577 0.0437 0.0841 0.3128 0.4030 0.0987 
 BELLE_DE_FO 0.0820 0.8344 0.0131 0.0079 0.0603 0.0025 
       BENOL 0.0095 0.2214 0.0823 0.0713 0.0488 0.5667 
       BF_15 0.0323 0.7010 0.1431 0.0693 0.0511 0.0032 
      BINTJE 0.1987 0.3269 0.2072 0.1118 0.0919 0.0634 
 BIONICA_EX_ 0.0887 0.1432 0.2520 0.1766 0.2089 0.1306 
 BLUE_DANUBE 0.1501 0.1501 0.5168 0.0065 0.1612 0.0153 
      BONNIE 0.0953 0.0269 0.1733 0.2325 0.2174 0.2547 
      BOUNTY 0.0338 0.0298 0.1068 0.0984 0.2895 0.4416 
 BRITISH_QUE 0.4379 0.3690 0.1437 0.0036 0.0366 0.0092 
     BRODICK 0.0180 0.0219 0.0102 0.2899 0.1153 0.5447 
      BRODIE 0.1966 0.0764 0.0054 0.1309 0.5101 0.0807 
      BUCHAN 0.1221 0.0427 0.0036 0.2572 0.4374 0.1370 
      BURREN 0.0165 0.1122 0.1346 0.2055 0.4594 0.0718 
     CABARET 0.0764 0.3011 0.0105 0.0135 0.1060 0.4925 
      CAESAR 0.0977 0.0030 0.3772 0.3680 0.0795 0.0746 
        CARA 0.0180 0.0443 0.0140 0.0961 0.7073 0.1204 
 CARLINGFORD 0.3212 0.0160 0.0224 0.2986 0.2008 0.1411 
  CASABLANCA 0.1399 0.0034 0.2401 0.0052 0.2820 0.3294 
      CELINE 0.0294 0.0911 0.3929 0.1172 0.2748 0.0946 
  CHALLENGER 0.1860 0.0996 0.2912 0.2190 0.0054 0.1989 
   CHARLOTTE 0.0074 0.1435 0.0437 0.6514 0.0162 0.1379 
     CHICAGO 0.0064 0.0997 0.2428 0.1472 0.0144 0.4895 
   CHIEFTAIN 0.3712 0.0812 0.0080 0.4031 0.0799 0.0566 
      CHOPIN 0.2432 0.0288 0.3848 0.2434 0.0513 0.0486 
      CLARET 0.0501 0.0319 0.0175 0.1955 0.6079 0.0972 
      CORINE 0.1710 0.0923 0.3046 0.0086 0.2376 0.1859 
      COSMOS 0.2357 0.0546 0.4532 0.0873 0.0273 0.1419 
     COURAGE 0.1557 0.1008 0.3159 0.2083 0.1428 0.0764 
     COURLAN 0.2603 0.0643 0.1131 0.3218 0.1151 0.1254 
 CRAIGS_ROYA 0.2242 0.0586 0.0050 0.1323 0.3570 0.2228 
 CRAIGS_SNOW 0.3376 0.2949 0.0466 0.0862 0.0670 0.1678 
     CRAMOND 0.0867 0.0172 0.1164 0.1249 0.1590 0.4957 
 CRISPS_FOR_ 0.1484 0.0552 0.2861 0.3344 0.0475 0.1284 
    CROMWELL 0.0055 0.2705 0.0797 0.0084 0.0442 0.5917 
       D22/1 0.1543 0.1974 0.0475 0.0032 0.0965 0.5011 
       D23/3 0.1836 0.3160 0.0378 0.0673 0.0269 0.3684 
      D47-11 0.0131 0.2838 0.0433 0.0031 0.0113 0.6454 
       D49/1 0.0097 0.2053 0.0394 0.0131 0.0029 0.7294 
       DAISY 0.0156 0.2335 0.1703 0.1143 0.0104 0.4559 
 DARK_RED_NO 0.4015 0.0992 0.0375 0.2919 0.1071 0.0628 
     DARWINA 0.1971 0.1181 0.4175 0.1393 0.0149 0.1131 
     DESIREE 0.0545 0.1371 0.1960 0.3800 0.2292 0.0033 
       DITTA 0.1818 0.1316 0.3537 0.3009 0.0116 0.0203 
 DR._MCINTOS 0.5142 0.0205 0.0220 0.1811 0.1533 0.1090 
       DRAGA 0.3357 0.0063 0.2869 0.0979 0.0915 0.1817 
 DUKE_OF_YOR 0.4160 0.3433 0.2238 0.0061 0.0078 0.0030 
 DUNBAR_STAN 0.4547 0.2568 0.0088 0.0437 0.0637 0.1723 
     DUNDROD 0.0825 0.1913 0.0165 0.1728 0.0726 0.4643 
     ECLIPSE 0.2896 0.3889 0.0036 0.2803 0.0029 0.0346 
        EDEN 0.0210 0.2598 0.0110 0.0186 0.0268 0.6628 
 EDZELL_BLUE 0.1406 0.3256 0.1850 0.1430 0.1522 0.0535 
   ELISABETH 0.0624 0.0093 0.2319 0.5020 0.0157 0.1787 
     EMPEROR 0.3157 0.0104 0.1525 0.2908 0.0080 0.2225 
         EOS 0.1555 0.0200 0.1329 0.3758 0.0201 0.2956 
     EPICURE 0.3281 0.3602 0.0208 0.2477 0.0315 0.0118 
  ERNTESTOLZ 0.2141 0.2386 0.2778 0.1803 0.0469 0.0424 
      ESCORT 0.0118 0.0159 0.3762 0.3401 0.0708 0.1851 
   ESMERALDA 0.0290 0.1616 0.2929 0.2507 0.1038 0.1619 
      ESTIMA 0.2271 0.0733 0.3080 0.2311 0.0080 0.1525 
 EVE_BALFOUR 0.0815 0.2202 0.0145 0.0980 0.4218 0.1641 
   EXCALIBUR 0.0042 0.0044 0.0349 0.0957 0.3958 0.4650 
     EXQUISA 0.0063 0.1659 0.2882 0.4300 0.1042 0.0054 
    FESTIVAL 0.0495 0.0087 0.3948 0.3454 0.0343 0.1673 
      FIANNA 0.2424 0.0077 0.3316 0.1481 0.2099 0.0603 
   FIFTYFOLD 0.1376 0.5470 0.0260 0.1672 0.0652 0.0570 
     FONTANE 0.1618 0.0185 0.3982 0.2079 0.0047 0.2088 
   FORTYFOLD 0.1947 0.5418 0.2341 0.0052 0.0209 0.0031 
 FRONTIER_RU 0.4336 0.1320 0.0336 0.2821 0.0062 0.1125 
     G.81071 0.2154 0.0719 0.1016 0.2081 0.2132 0.1899 
     G.88661 0.3405 0.0051 0.0934 0.2541 0.0356 0.2713 
    G.886611 0.2714 0.0039 0.0088 0.3854 0.0624 0.2681 
  G.8867Y%12 0.3445 0.0039 0.0297 0.3672 0.1426 0.1121 
     G.88839 0.0048 0.0216 0.4040 0.5560 0.0060 0.0077 
     G.88842 0.1394 0.0119 0.3626 0.3297 0.1358 0.0206 
   GALACTICA 0.1104 0.1511 0.3406 0.0049 0.3864 0.0066 
      GEMSON 0.2781 0.1322 0.0129 0.1600 0.2833 0.1334 
  GL.76B/102 0.1133 0.3588 0.1877 0.1940 0.0065 0.1395 
   GL.76B/94 0.0167 0.5357 0.2763 0.0196 0.1487 0.0030 
  GL.77M/106 0.0120 0.1861 0.0055 0.2856 0.2647 0.2461 
   GL.78/166 0.1117 0.6138 0.1968 0.0085 0.0469 0.0223 
    GL.78/53 0.0084 0.5518 0.0083 0.2107 0.0142 0.2067 
    GL.78/97 0.0247 0.5837 0.1140 0.1456 0.0223 0.1098 
    GL.79/42 0.0036 0.5544 0.0389 0.2479 0.0066 0.1487 
    GL.79/45 0.0054 0.5808 0.0299 0.2173 0.1036 0.0630 
 GL.81_NT_25 0.0086 0.3884 0.0825 0.0028 0.0330 0.4847 
   GLADIATOR 0.1720 0.0065 0.2354 0.3310 0.1215 0.1336 
      GLAMIS 0.1616 0.0422 0.1190 0.2029 0.0342 0.4401 
 GOLDEN_MILL 0.0099 0.1211 0.0178 0.1720 0.1964 0.4827 
 GOLDEN_NUGG 0.0140 0.0174 0.3667 0.1682 0.3109 0.1229 
 GOLDEN_WOND 0.1375 0.5588 0.0921 0.1485 0.0257 0.0375 
     GRANOLA 0.0078 0.1100 0.1817 0.5574 0.0119 0.1312 
    H1H3_101 0.0092 0.3653 0.0060 0.0018 0.0049 0.6129 
      H1H3_3 0.1783 0.1800 0.0630 0.0458 0.0843 0.4486 
 HARBOROUGH_ 0.0326 0.0228 0.0258 0.1437 0.0538 0.7212 
   HARLEQUIN 0.0135 0.1755 0.0845 0.5349 0.0432 0.1484 
      HERMES 0.0733 0.1335 0.3459 0.2338 0.1614 0.0522 
 HIGHLAND_BU 0.0521 0.8076 0.1022 0.0062 0.0198 0.0120 
  HOME_GUARD 0.2815 0.2062 0.0144 0.1484 0.1481 0.2014 
     HORIZON 0.0349 0.2485 0.4316 0.0847 0.1162 0.0841 
   INNOVATOR 0.4802 0.1363 0.2708 0.0044 0.1016 0.0067 
 INTERNATION 0.0753 0.8572 0.0507 0.0034 0.0090 0.0044 
 ISLE_OF_JUR 0.0577 0.1512 0.0841 0.1115 0.1659 0.4296 
    JULIETTE 0.0068 0.0566 0.3012 0.5926 0.0084 0.0344 
     KARLENA 0.2636 0.1826 0.2906 0.0087 0.2307 0.0238 
 KERR'S_PINK 0.3297 0.4319 0.0063 0.0693 0.0716 0.0913 
     KESTREL 0.0247 0.0069 0.0051 0.2073 0.3720 0.3840 
       KIFLI 0.0075 0.1847 0.1789 0.5034 0.0067 0.1189 
 KING_EDWARD 0.1125 0.7182 0.0041 0.1318 0.0032 0.0303 
    KINGSTON 0.0051 0.2107 0.0885 0.0736 0.1523 0.4699 
 KUFRI_CHAND 0.3959 0.1536 0.1231 0.1478 0.0649 0.1147 
 KUFRI_JYOTI 0.0718 0.1350 0.1744 0.2144 0.3691 0.0352 
      KURODA 0.1958 0.0159 0.4852 0.1329 0.1263 0.0439 
 LADY_BALFOU 0.1491 0.1429 0.0282 0.0984 0.3961 0.1853 
 LADY_CHRIST 0.0738 0.2872 0.4108 0.0875 0.0581 0.0826 
 LADY_CLAIRE 0.0500 0.2163 0.7035 0.0052 0.0176 0.0073 
     LADY_JO 0.1310 0.2851 0.5519 0.0018 0.0179 0.0122 
 LADY_ROSETT 0.1415 0.1287 0.3266 0.1736 0.0757 0.1539 
    LIBERTAS 0.0081 0.3036 0.5175 0.0025 0.1641 0.0042 
       LINDA 0.0065 0.2194 0.2025 0.5560 0.0098 0.0059 
      LINTON 0.1888 0.0350 0.2605 0.2269 0.0926 0.1962 
 LINZER_DELI 0.0483 0.1980 0.2619 0.4472 0.0138 0.0309 
   LIONHEART 0.2149 0.0219 0.4434 0.1261 0.1063 0.0873 
   MADELEINE 0.0130 0.0787 0.3680 0.3996 0.0448 0.0960 
   MADINGLEY 0.0775 0.0514 0.2635 0.3268 0.1338 0.1470 
    MAJESTIC 0.5202 0.0332 0.0321 0.2064 0.1589 0.0492 
     MARABEL 0.1096 0.0088 0.4800 0.3479 0.0307 0.0230 
     MARFONA 0.1891 0.1457 0.4556 0.0170 0.0682 0.1244 
     MARILYN 0.0523 0.0953 0.3047 0.3858 0.1349 0.0271 
 MARIS_ANCHO 0.2333 0.1717 0.2585 0.2167 0.0326 0.0871 
  MARIS_BARD 0.2873 0.1143 0.2014 0.0026 0.1434 0.2510 
  MARIS_PEER 0.3334 0.1392 0.0125 0.1562 0.1881 0.1706 
 MARIS_PIPER 0.0056 0.1796 0.0355 0.0040 0.0045 0.7709 
     MARKIES 0.0418 0.1293 0.4654 0.2984 0.0378 0.0273 
      MAXINE 0.2829 0.0182 0.0159 0.1552 0.1039 0.4239 
      MEGARA 0.0132 0.0828 0.4909 0.2981 0.0295 0.0854 
      MELODY 0.0231 0.1692 0.3816 0.1738 0.1594 0.0928 
       MIDAS 0.0039 0.1560 0.2080 0.1587 0.0069 0.4663 
       MILVA 0.0320 0.1986 0.3559 0.3525 0.0388 0.0222 
        MIMI 0.0090 0.1307 0.2553 0.0889 0.2023 0.3137 
        MIRA 0.0877 0.2284 0.5496 0.0088 0.1171 0.0084 
       MOIRA 0.1316 0.1291 0.2586 0.2517 0.1729 0.0561 
    MONTROSE 0.0043 0.2832 0.0045 0.0970 0.0761 0.5349 
       MORAG 0.1786 0.1833 0.0093 0.1383 0.3295 0.1610 
      MORENE 0.1439 0.1629 0.5409 0.0117 0.1372 0.0035 
      MOZART 0.0436 0.0025 0.3446 0.4662 0.0221 0.1209 
 MYATT'S_ASH 0.0960 0.7222 0.1655 0.0047 0.0086 0.0029 
      NADINE 0.0709 0.0106 0.0616 0.2898 0.1055 0.4616 
       NAVAN 0.0894 0.0854 0.0255 0.0473 0.0740 0.6786 
 NDTX_4271_5 0.2546 0.0102 0.0043 0.4817 0.0105 0.2387 
      NICOLA 0.0242 0.1758 0.3585 0.4338 0.0043 0.0033 
     NOVELLA 0.1091 0.0306 0.3565 0.2529 0.2015 0.0494 
     OLYMPUS 0.1388 0.1158 0.0053 0.2816 0.1287 0.3297 
       OPERA 0.1022 0.0138 0.3573 0.2533 0.1213 0.1522 
   ORCHESTRA 0.0170 0.0859 0.3677 0.3548 0.0262 0.1485 
      ORIANA 0.2009 0.0717 0.3958 0.1531 0.1749 0.0036 
     OTHELLO 0.1188 0.0089 0.0044 0.1874 0.5218 0.1588 
     PALADIN 0.0615 0.2451 0.0433 0.0043 0.0075 0.6383 
       PANDA 0.0075 0.0316 0.2728 0.5526 0.0193 0.1162 
   PARAMOUNT 0.0410 0.0551 0.1690 0.2425 0.4772 0.0152 
    PATRONES 0.2217 0.1885 0.3324 0.1481 0.0326 0.0767 
 PENTLAND_AC 0.1803 0.1471 0.1291 0.1978 0.1884 0.1573 
 PENTLAND_BE 0.2964 0.4161 0.0836 0.0064 0.1898 0.0076 
 PENTLAND_CR 0.1762 0.0950 0.2337 0.0996 0.2403 0.1552 
 PENTLAND_DE 0.2586 0.2229 0.0073 0.1890 0.2573 0.0648 
 PENTLAND_IV 0.3229 0.0368 0.0035 0.3405 0.1802 0.1160 
 PENTLAND_JA 0.4365 0.0695 0.1724 0.0957 0.1155 0.1103 
 PENTLAND_MA 0.1285 0.0965 0.3067 0.1307 0.3278 0.0097 
 PENTLAND_SQ 0.2249 0.1715 0.0790 0.1966 0.2057 0.1223 
   PEPO_1978 0.0330 0.1444 0.3509 0.3491 0.0155 0.1072 
     PICASSO 0.0452 0.0041 0.2647 0.0398 0.4954 0.1508 
   PIMPERNEL 0.0047 0.2110 0.4284 0.1691 0.1485 0.0384 
     PIONEER 0.0168 0.1695 0.1710 0.6150 0.0063 0.0214 
       PIXIE 0.0236 0.0054 0.0483 0.2530 0.2872 0.3825 
    PREMIERE 0.1767 0.2443 0.4602 0.0043 0.0675 0.0469 
   PRODUCENT 0.0700 0.1070 0.4212 0.1597 0.0117 0.2304 
     PROVOST 0.2871 0.1271 0.1390 0.1843 0.2084 0.0541 
  R.P.LUSTRE 0.1829 0.2308 0.0116 0.3358 0.0306 0.2083 
 RANGER_RUSS 0.5381 0.2052 0.1516 0.0230 0.0795 0.0026 
       RATTE 0.0359 0.4999 0.0130 0.2812 0.0108 0.1591 
      RECORD 0.0122 0.2941 0.5642 0.0067 0.1174 0.0054 
   REMBRANDT 0.1853 0.1229 0.4219 0.1234 0.0114 0.1350 
    RIO_ROJO 0.3254 0.0522 0.0579 0.3257 0.1404 0.0983 
      ROBIJN 0.0245 0.3184 0.5314 0.0348 0.0872 0.0037 
      ROCKET 0.1258 0.1979 0.0180 0.0620 0.0925 0.5037 
   RODE_STAR 0.0019 0.4120 0.3383 0.2201 0.0190 0.0088 
      ROMANO 0.0114 0.0160 0.3153 0.2823 0.3367 0.0383 
       ROMEO 0.0570 0.1913 0.0090 0.3936 0.3057 0.0434 
     ROOSTER 0.1500 0.1227 0.1342 0.2024 0.2904 0.1002 
       ROYAL 0.0070 0.1333 0.2415 0.2696 0.0195 0.3292 
 ROYAL_KIDNE 0.5282 0.3797 0.0359 0.0063 0.0463 0.0037 
     RUBESSE 0.1724 0.0652 0.2175 0.3771 0.1187 0.0492 
 RUSSET_BURB 0.5486 0.1181 0.0961 0.1697 0.0346 0.0329 
 RUSSET_NORK 0.5551 0.0361 0.0043 0.3310 0.0044 0.0692 
      SAFARI 0.0651 0.0128 0.4186 0.1969 0.2529 0.0537 
     SANTANA 0.2108 0.0853 0.3922 0.0999 0.0517 0.1601 
       SANTE 0.0133 0.1019 0.4183 0.1682 0.1216 0.1767 
     SAPHIRE 0.2756 0.0051 0.4111 0.1116 0.0631 0.1335 
  SARPO_MIRA 0.0097 0.1789 0.2610 0.4049 0.0944 0.0513 
 SARPO_SHONA 0.0101 0.1021 0.3396 0.3856 0.1095 0.0532 
       SASSY 0.1507 0.2311 0.2835 0.1781 0.0663 0.0903 
     SATURNA 0.0056 0.2961 0.4568 0.2153 0.0067 0.0195 
        SAVA 0.1445 0.0384 0.2731 0.3999 0.0108 0.1333 
       SAXON 0.0219 0.1581 0.0402 0.1043 0.1290 0.5466 
 SCARBOROUGH 0.0096 0.0892 0.0044 0.1410 0.0282 0.7276 
 SEFTON_WOND 0.3234 0.4165 0.0066 0.0253 0.0731 0.1551 
    SERAFINA 0.0139 0.1398 0.2442 0.4855 0.1061 0.0104 
     SETANTA 0.0690 0.0526 0.0323 0.2855 0.2551 0.3054 
 SHARPE'S_EX 0.1245 0.5964 0.0731 0.1113 0.0146 0.0802 
     SHELAGH 0.0198 0.2772 0.1313 0.1209 0.2944 0.1564 
    SHELFORD 0.0945 0.1890 0.2893 0.2420 0.1652 0.0199 
     SHEPODY 0.4316 0.1579 0.2104 0.0029 0.1911 0.0061 
      SLANEY 0.0594 0.0083 0.0116 0.2298 0.3935 0.2975 
        SPEY 0.0255 0.0036 0.0418 0.1700 0.4694 0.2896 
      SPUNTA 0.0343 0.2106 0.0860 0.3976 0.1484 0.1232 
     STAMINA 0.0839 0.0041 0.0662 0.0133 0.2098 0.6227 
    STEMSTER 0.0291 0.1985 0.2289 0.1545 0.1018 0.2873 
 STORMONT_EN 0.1378 0.1845 0.2729 0.0648 0.1632 0.1769 
    STIRLING 0.1731 0.0059 0.0737 0.2020 0.3550 0.1902 
     SYLVANA 0.2408 0.0494 0.2683 0.2364 0.0905 0.1146 
         TAY 0.0234 0.0116 0.0089 0.2549 0.2741 0.4271 
      TIMATE 0.0498 0.0509 0.3887 0.3683 0.0047 0.1376 
      TOLUCA 0.0803 0.0405 0.3304 0.3724 0.1693 0.0069 
    TORRIDON 0.0668 0.1101 0.3192 0.1350 0.3040 0.0650 
 ULSTER_SCEP 0.3498 0.0672 0.0687 0.0410 0.1414 0.3318 
 UMATILLA_RU 0.0370 0.4029 0.1572 0.0434 0.0623 0.2973 
 VALES_EMERA 0.0542 0.1097 0.0305 0.4929 0.0511 0.2616 
 VALES_EVERE 0.0648 0.1236 0.0073 0.1418 0.3966 0.2659 
 VALES_RUSSE 0.4419 0.2202 0.0802 0.1886 0.0135 0.0557 
 VALES_SOVER 0.0118 0.0039 0.0456 0.0212 0.5867 0.3309 
       VALOR 0.0096 0.0034 0.0662 0.0782 0.4595 0.3830 
    VAN_GOGH 0.0599 0.1589 0.4801 0.1620 0.0245 0.1146 
     VANTAGE 0.2297 0.2943 0.3912 0.0054 0.0704 0.0090 
       VERDI 0.0233 0.2214 0.3620 0.2376 0.0616 0.0942 
    VICTORIA 0.2739 0.0217 0.4094 0.2062 0.0278 0.0609 
     VIVALDI 0.2488 0.0170 0.4343 0.1528 0.1434 0.0037 
       WILJA 0.1408 0.1832 0.5329 0.0021 0.1333 0.0077 
     WINSTON 0.0683 0.0051 0.0094 0.2715 0.1889 0.4568 
      XD2-21 0.2720 0.1708 0.0486 0.1632 0.2411 0.1043 
  YUKON_GOLD 0.2993 0.0041 0.0772 0.3602 0.0096 0.2496 
       ZORBA 0.2515 0.1454 0.4017 0.0161 0.1730 0.0122 
