  00C133-020 0.0739 0.7471 0.1790 
 01C_071-002 0.2362 0.3249 0.4388 
 02M_012-001 0.2834 0.6229 0.0936 
 03M_016-002 0.5395 0.3964 0.0642 
 03M_034-002 0.2803 0.6407 0.0790 
 04C_055-004 0.1886 0.5180 0.2934 
 04C_126-005 0.1460 0.5337 0.3202 
 04M_034-013 0.3819 0.4874 0.1307 
 05M_002-001 0.2394 0.2191 0.5415 
 05M_004-003 0.0627 0.3694 0.5679 
 05M_012-004 0.1389 0.4069 0.4542 
 06C_127-002 0.1223 0.5140 0.3637 
 12288_AF_23 0.0712 0.6269 0.3019 
    12601AB1 0.5341 0.4549 0.0110 
   12636_A_2 0.2999 0.6504 0.0497 
  15119_AC_5 0.2741 0.5810 0.1450 
     1512C16 0.3421 0.2171 0.4407 
   15144_A_3 0.0352 0.3959 0.5689 
     1563C14 0.5245 0.0548 0.4207 
     2182EF7 0.1225 0.4047 0.4728 
     3681AD1 0.1265 0.2717 0.6018 
     5008AB6 0.1472 0.2559 0.5969 
    8204_A_4 0.0567 0.4862 0.4571 
       AGRIA 0.1764 0.0987 0.7249 
       AILSA 0.2561 0.6317 0.1122 
      ALMERA 0.1568 0.1512 0.6920 
       ALPHA 0.3334 0.1151 0.5515 
      ALWARA 0.0999 0.2092 0.6909 
      AMADRA 0.2531 0.2543 0.4926 
       AMOUR 0.0774 0.6922 0.2305 
        ANNA 0.1345 0.4946 0.3709 
   ANNABELLE 0.1349 0.0585 0.8066 
        ANYA 0.2632 0.1617 0.5751 
       ARGOS 0.0206 0.5710 0.4084 
     ARIELLE 0.2013 0.1010 0.6977 
      ARKULA 0.2080 0.1105 0.6816 
      ARMADA 0.2252 0.2024 0.5725 
   AVALANCHE 0.1651 0.5328 0.3021 
     BAILLIE 0.1145 0.5995 0.2860 
    BALMORAL 0.0655 0.3901 0.5444 
     BAMBINO 0.0952 0.6757 0.2291 
       BARNA 0.0770 0.3871 0.5359 
 BELLE_DE_FO 0.9090 0.0082 0.0827 
       BENOL 0.3002 0.6280 0.0718 
       BF_15 0.7542 0.0079 0.2379 
      BINTJE 0.4383 0.1534 0.4083 
 BIONICA_EX_ 0.2078 0.2905 0.5017 
 BLUE_DANUBE 0.2442 0.1263 0.6295 
      BONNIE 0.0964 0.4402 0.4634 
      BOUNTY 0.0816 0.6528 0.2656 
 BRITISH_QUE 0.5405 0.1264 0.3331 
     BRODICK 0.0917 0.7017 0.2066 
      BRODIE 0.1438 0.4799 0.3762 
      BUCHAN 0.1055 0.5154 0.3791 
      BURREN 0.1194 0.3757 0.5049 
     CABARET 0.3918 0.5879 0.0203 
      CAESAR 0.0178 0.1974 0.7848 
        CARA 0.0404 0.5639 0.3957 
 CARLINGFORD 0.1201 0.3836 0.4963 
  CASABLANCA 0.0216 0.5796 0.3987 
      CELINE 0.1418 0.2562 0.6020 
  CHALLENGER 0.2591 0.2419 0.4990 
   CHARLOTTE 0.2000 0.2379 0.5621 
     CHICAGO 0.1940 0.5184 0.2877 
   CHIEFTAIN 0.2328 0.2767 0.4905 
      CHOPIN 0.1515 0.1516 0.6969 
      CLARET 0.0376 0.5017 0.4607 
      CORINE 0.1863 0.3834 0.4303 
      COSMOS 0.1952 0.1955 0.6093 
     COURAGE 0.1899 0.2024 0.6077 
     COURLAN 0.1861 0.2948 0.5190 
 CRAIGS_ROYA 0.1483 0.5533 0.2984 
 CRAIGS_SNOW 0.4450 0.2876 0.2674 
     CRAMOND 0.0910 0.6507 0.2583 
 CRISPS_FOR_ 0.1612 0.2243 0.6144 
    CROMWELL 0.3578 0.6152 0.0270 
       D22/1 0.3283 0.6185 0.0532 
       D23/3 0.4383 0.4362 0.1256 
      D47-11 0.3807 0.6110 0.0083 
       D49/1 0.3232 0.6654 0.0114 
       DAISY 0.3343 0.4662 0.1995 
 DARK_RED_NO 0.2559 0.2365 0.5076 
     DARWINA 0.2535 0.1587 0.5878 
     DESIREE 0.2029 0.1019 0.6952 
       DITTA 0.2530 0.0656 0.6815 
 DR._MCINTOS 0.1784 0.3479 0.4737 
       DRAGA 0.0955 0.3437 0.5609 
 DUKE_OF_YOR 0.5185 0.0301 0.4514 
 DUNBAR_STAN 0.4496 0.3384 0.2120 
     DUNDROD 0.2931 0.5582 0.1487 
     ECLIPSE 0.5552 0.1650 0.2798 
        EDEN 0.3292 0.6632 0.0076 
 EDZELL_BLUE 0.4238 0.1705 0.4056 
   ELISABETH 0.0674 0.2668 0.6659 
     EMPEROR 0.1562 0.3424 0.5014 
         EOS 0.1252 0.3905 0.4843 
     EPICURE 0.4854 0.1191 0.3955 
  ERNTESTOLZ 0.3516 0.1200 0.5284 
      ESCORT 0.0669 0.2668 0.6663 
   ESMERALDA 0.2327 0.2515 0.5159 
      ESTIMA 0.2287 0.2084 0.5628 
 EVE_BALFOUR 0.2653 0.4632 0.2715 
   EXCALIBUR 0.0095 0.7675 0.2231 
     EXQUISA 0.2303 0.0363 0.7334 
    FESTIVAL 0.0720 0.2361 0.6919 
      FIANNA 0.0890 0.2524 0.6586 
   FIFTYFOLD 0.6306 0.1537 0.2158 
     FONTANE 0.1669 0.2415 0.5916 
   FORTYFOLD 0.6565 0.0128 0.3307 
 FRONTIER_RU 0.3244 0.2431 0.4325 
     G.81071 0.1592 0.4006 0.4402 
     G.88661 0.0817 0.4391 0.4792 
    G.886611 0.0357 0.4882 0.4761 
  G.8867Y%12 0.0355 0.3743 0.5902 
     G.88839 0.0879 0.0216 0.8905 
     G.88842 0.0732 0.1544 0.7725 
   GALACTICA 0.2207 0.2286 0.5506 
      GEMSON 0.2283 0.3997 0.3721 
  GL.76B/102 0.4731 0.1563 0.3706 
   GL.76B/94 0.5892 0.0191 0.3917 
  GL.77M/106 0.2316 0.4893 0.2790 
   GL.78/166 0.7052 0.0516 0.2431 
    GL.78/53 0.6213 0.2758 0.1029 
    GL.78/97 0.6436 0.1433 0.2131 
    GL.79/42 0.6115 0.1937 0.1948 
    GL.79/45 0.6264 0.1577 0.2159 
 GL.81_NT_25 0.4926 0.4930 0.0143 
   GLADIATOR 0.0668 0.2958 0.6375 
      GLAMIS 0.1650 0.5276 0.3074 
 GOLDEN_MILL 0.1827 0.6634 0.1538 
 GOLDEN_NUGG 0.0527 0.3146 0.6326 
 GOLDEN_WOND 0.6543 0.0972 0.2485 
     GRANOLA 0.1718 0.2105 0.6177 
    H1H3_101 0.4648 0.5313 0.0039 
      H1H3_3 0.2946 0.5582 0.1472 
 HARBOROUGH_ 0.0990 0.8217 0.0794 
   HARLEQUIN 0.2365 0.2485 0.5150 
      HERMES 0.2115 0.1649 0.6235 
 HIGHLAND_BU 0.8820 0.0222 0.0958 
  HOME_GUARD 0.3334 0.3933 0.2733 
     HORIZON 0.3371 0.1291 0.5337 
   INNOVATOR 0.3294 0.1525 0.5181 
 INTERNATION 0.9515 0.0102 0.0383 
 ISLE_OF_JUR 0.2212 0.5635 0.2153 
    JULIETTE 0.1346 0.0900 0.7754 
     KARLENA 0.2819 0.2348 0.4833 
 KERR'S_PINK 0.5846 0.2238 0.1916 
     KESTREL 0.0246 0.7122 0.2632 
       KIFLI 0.2518 0.1706 0.5776 
 KING_EDWARD 0.8374 0.0941 0.0685 
    KINGSTON 0.2718 0.5845 0.1437 
 KUFRI_CHAND 0.3112 0.2506 0.4382 
 KUFRI_JYOTI 0.1764 0.2855 0.5381 
      KURODA 0.1215 0.1492 0.7293 
 LADY_BALFOU 0.1931 0.4829 0.3240 
 LADY_CHRIST 0.3814 0.1152 0.5034 
 LADY_CLAIRE 0.3245 0.0140 0.6615 
     LADY_JO 0.4382 0.0471 0.5147 
 LADY_ROSETT 0.2274 0.2340 0.5386 
    LIBERTAS 0.4108 0.0504 0.5388 
       LINDA 0.2848 0.0385 0.6767 
      LINTON 0.1597 0.3071 0.5333 
 LINZER_DELI 0.2689 0.0800 0.6511 
   LIONHEART 0.1572 0.1913 0.6516 
   MADELEINE 0.1626 0.1573 0.6801 
   MADINGLEY 0.1377 0.2636 0.5988 
    MAJESTIC 0.2090 0.2955 0.4955 
     MARABEL 0.0880 0.0873 0.8247 
     MARFONA 0.2838 0.1680 0.5482 
     MARILYN 0.1552 0.1428 0.7020 
 MARIS_ANCHO 0.2971 0.1702 0.5327 
  MARIS_BARD 0.2800 0.4447 0.2754 
  MARIS_PEER 0.2643 0.4086 0.3271 
 MARIS_PIPER 0.2717 0.7213 0.0069 
     MARKIES 0.2261 0.0544 0.7195 
      MAXINE 0.1498 0.5917 0.2585 
      MEGARA 0.1694 0.1134 0.7172 
      MELODY 0.2433 0.1806 0.5761 
       MIDAS 0.2634 0.4751 0.2615 
       MILVA 0.2633 0.0675 0.6692 
        MIMI 0.1790 0.4487 0.3722 
        MIRA 0.3256 0.0501 0.6243 
       MOIRA 0.2168 0.2057 0.5775 
    MONTROSE 0.3512 0.6336 0.0153 
       MORAG 0.2704 0.4416 0.2880 
      MORENE 0.2682 0.0345 0.6973 
      MOZART 0.0096 0.2134 0.7771 
 MYATT'S_ASH 0.8042 0.0068 0.1890 
      NADINE 0.0723 0.5994 0.3283 
       NAVAN 0.1743 0.7671 0.0586 
 NDTX_4271_5 0.1481 0.4242 0.4277 
      NICOLA 0.2692 0.0078 0.7230 
     NOVELLA 0.0993 0.2097 0.6910 
     OLYMPUS 0.2144 0.5266 0.2590 
       OPERA 0.0939 0.2715 0.6347 
   ORCHESTRA 0.1687 0.1894 0.6419 
      ORIANA 0.1783 0.0734 0.7483 
     OTHELLO 0.0302 0.5810 0.3889 
     PALADIN 0.3535 0.6353 0.0112 
       PANDA 0.1036 0.1720 0.7244 
   PARAMOUNT 0.0735 0.3136 0.6129 
    PATRONES 0.3216 0.1391 0.5394 
 PENTLAND_AC 0.2487 0.3342 0.4171 
 PENTLAND_BE 0.5253 0.1817 0.2931 
 PENTLAND_CR 0.1755 0.3564 0.4682 
 PENTLAND_DE 0.3176 0.3292 0.3532 
 PENTLAND_IV 0.1716 0.4136 0.4148 
 PENTLAND_JA 0.2179 0.2971 0.4850 
 PENTLAND_MA 0.1475 0.2078 0.6447 
 PENTLAND_SQ 0.2589 0.3338 0.4073 
   PEPO_1978 0.2212 0.1367 0.6421 
     PICASSO 0.0090 0.4347 0.5563 
   PIMPERNEL 0.2717 0.1275 0.6008 
     PIONEER 0.2547 0.0729 0.6724 
       PIXIE 0.0251 0.6177 0.3573 
    PREMIERE 0.3763 0.1192 0.5045 
   PRODUCENT 0.2252 0.2427 0.5321 
     PROVOST 0.2268 0.2652 0.5080 
  R.P.LUSTRE 0.3416 0.3351 0.3232 
 RANGER_RUSS 0.3926 0.0843 0.5231 
       RATTE 0.5631 0.2230 0.2138 
      RECORD 0.3810 0.0199 0.5990 
   REMBRANDT 0.2741 0.1652 0.5607 
    RIO_ROJO 0.1764 0.2966 0.5271 
      ROBIJN 0.3892 0.0113 0.5995 
      ROCKET 0.2984 0.6116 0.0899 
   RODE_STAR 0.4719 0.0264 0.5017 
      ROMANO 0.0465 0.2572 0.6962 
       ROMEO 0.2249 0.3223 0.4528 
     ROOSTER 0.1874 0.3428 0.4698 
       ROYAL 0.2292 0.3658 0.4050 
 ROYAL_KIDNE 0.5730 0.1192 0.3079 
     RUBESSE 0.1597 0.2108 0.6295 
 RUSSET_BURB 0.3120 0.2061 0.4818 
 RUSSET_NORK 0.2739 0.2733 0.4528 
      SAFARI 0.0559 0.2258 0.7183 
     SANTANA 0.2130 0.2328 0.5542 
       SANTE 0.1771 0.2486 0.5743 
     SAPHIRE 0.0894 0.2533 0.6573 
  SARPO_MIRA 0.2352 0.1449 0.6199 
 SARPO_SHONA 0.1703 0.1377 0.6920 
       SASSY 0.3415 0.1674 0.4911 
     SATURNA 0.3816 0.0223 0.5961 
        SAVA 0.1557 0.2039 0.6404 
       SAXON 0.2303 0.6581 0.1116 
 SCARBOROUGH 0.1783 0.8033 0.0184 
 SEFTON_WOND 0.5704 0.2982 0.1314 
    SERAFINA 0.1872 0.1035 0.7093 
     SETANTA 0.1038 0.5369 0.3593 
 SHARPE'S_EX 0.6918 0.1205 0.1876 
     SHELAGH 0.3183 0.3317 0.3500 
    SHELFORD 0.2720 0.1237 0.6043 
     SHEPODY 0.3283 0.2124 0.4593 
      SLANEY 0.0232 0.6096 0.3673 
        SPEY 0.0088 0.6131 0.3781 
      SPUNTA 0.2582 0.2722 0.4696 
     STAMINA 0.0276 0.8181 0.1542 
    STEMSTER 0.2863 0.3557 0.3580 
 STORMONT_EN 0.2854 0.2845 0.4300 
    STIRLING 0.0226 0.4939 0.4835 
     SYLVANA 0.1750 0.2424 0.5826 
         TAY 0.0421 0.6897 0.2682 
      TIMATE 0.1630 0.1604 0.6766 
      TOLUCA 0.1162 0.0957 0.7880 
    TORRIDON 0.1750 0.2483 0.5766 
 ULSTER_SCEP 0.2132 0.5157 0.2710 
 UMATILLA_RU 0.4862 0.3361 0.1777 
 VALES_EMERA 0.1812 0.3836 0.4352 
 VALES_EVERE 0.1596 0.5676 0.2728 
 VALES_RUSSE 0.3966 0.1789 0.4244 
 VALES_SOVER 0.0096 0.6947 0.2957 
       VALOR 0.0083 0.6947 0.2970 
    VAN_GOGH 0.2601 0.1365 0.6034 
     VANTAGE 0.4465 0.0686 0.4849 
       VERDI 0.2960 0.1378 0.5663 
    VICTORIA 0.1804 0.1479 0.6717 
     VIVALDI 0.1351 0.0718 0.7931 
       WILJA 0.3232 0.1032 0.5736 
     WINSTON 0.0276 0.6819 0.2904 
      XD2-21 0.2789 0.3292 0.3919 
  YUKON_GOLD 0.0757 0.4039 0.5204 
       ZORBA 0.2459 0.1505 0.6035 
