  00C133-020 0.2838 0.2490 0.0112 0.0224 0.0143 0.3993 0.0200 
 01C_071-002 0.2567 0.0296 0.0321 0.2065 0.1378 0.1849 0.1524 
 02M_012-001 0.0608 0.1775 0.0042 0.0257 0.0816 0.4769 0.1733 
 03M_016-002 0.0179 0.0109 0.2216 0.0065 0.0490 0.3564 0.3376 
 03M_034-002 0.0743 0.3025 0.0084 0.0586 0.0030 0.3529 0.2003 
 04C_055-004 0.0391 0.0873 0.0501 0.0424 0.2764 0.4425 0.0621 
 04C_126-005 0.2931 0.2394 0.0111 0.1244 0.0163 0.2011 0.1146 
 04M_034-013 0.0095 0.1206 0.1387 0.0365 0.0738 0.3996 0.2213 
 05M_002-001 0.0595 0.0629 0.1591 0.2992 0.1876 0.1280 0.1036 
 05M_004-003 0.1671 0.1767 0.0812 0.3596 0.0705 0.1382 0.0067 
 05M_012-004 0.1316 0.2778 0.1869 0.2589 0.0086 0.0885 0.0477 
 06C_127-002 0.0766 0.4124 0.0789 0.0080 0.2249 0.1562 0.0430 
 12288_AF_23 0.2055 0.1781 0.1001 0.0222 0.1342 0.3529 0.0068 
    12601AB1 0.0046 0.3432 0.0026 0.0044 0.0025 0.1995 0.4432 
   12636_A_2 0.1131 0.2896 0.0554 0.0063 0.0035 0.3399 0.1922 
  15119_AC_5 0.5139 0.0045 0.0238 0.0135 0.0021 0.2581 0.1841 
     1512C16 0.1550 0.1456 0.3047 0.0717 0.0891 0.0068 0.2270 
   15144_A_3 0.6336 0.0546 0.0059 0.0065 0.2424 0.0117 0.0452 
     1563C14 0.0755 0.0113 0.0780 0.1551 0.2287 0.0152 0.4363 
     2182EF7 0.2406 0.2912 0.2628 0.1194 0.0139 0.0175 0.0547 
     3681AD1 0.2540 0.1541 0.0723 0.3880 0.0194 0.0415 0.0708 
     5008AB6 0.2076 0.2624 0.0071 0.2771 0.1133 0.0066 0.1259 
    8204_A_4 0.2381 0.3927 0.1289 0.1105 0.0527 0.0469 0.0303 
       AGRIA 0.0040 0.0752 0.1051 0.4245 0.3128 0.0452 0.0332 
       AILSA 0.0093 0.2210 0.0436 0.0042 0.1719 0.4492 0.1009 
      ALMERA 0.0331 0.0126 0.2253 0.3818 0.2440 0.0897 0.0135 
       ALPHA 0.0649 0.0593 0.1030 0.3798 0.1227 0.0413 0.2290 
      ALWARA 0.3217 0.0226 0.0271 0.2528 0.2900 0.0341 0.0518 
      AMADRA 0.0168 0.1172 0.0261 0.2868 0.2239 0.1660 0.1632 
       AMOUR 0.4020 0.1575 0.0235 0.0144 0.0345 0.3362 0.0319 
        ANNA 0.6420 0.1512 0.0399 0.0180 0.0021 0.0091 0.1376 
   ANNABELLE 0.0099 0.0934 0.0749 0.4333 0.3455 0.0100 0.0331 
        ANYA 0.0771 0.1523 0.0795 0.0823 0.3893 0.0090 0.2106 
       ARGOS 0.5119 0.0240 0.0812 0.0638 0.0633 0.2496 0.0061 
     ARIELLE 0.1066 0.0068 0.1374 0.2901 0.3398 0.0362 0.0831 
      ARKULA 0.0978 0.0977 0.0903 0.4498 0.1260 0.0088 0.1295 
      ARMADA 0.0792 0.0375 0.1154 0.3701 0.1523 0.1254 0.1200 
   AVALANCHE 0.0996 0.0164 0.1657 0.2379 0.0229 0.4462 0.0114 
     BAILLIE 0.1388 0.0818 0.0812 0.1288 0.0987 0.4576 0.0131 
    BALMORAL 0.3996 0.0726 0.2441 0.2295 0.0055 0.0292 0.0195 
     BAMBINO 0.2204 0.1509 0.0276 0.0668 0.0765 0.4353 0.0224 
       BARNA 0.4071 0.1281 0.0545 0.0600 0.2334 0.0659 0.0509 
 BELLE_DE_FO 0.0940 0.0024 0.0714 0.0064 0.0087 0.0028 0.8145 
       BENOL 0.0038 0.3113 0.0050 0.0762 0.0061 0.4155 0.1821 
       BF_15 0.0768 0.0050 0.0249 0.1238 0.0764 0.0034 0.6898 
      BINTJE 0.0981 0.0241 0.1939 0.2005 0.0937 0.0762 0.3134 
 BIONICA_EX_ 0.1062 0.3025 0.0678 0.3167 0.0231 0.0273 0.1565 
 BLUE_DANUBE 0.1530 0.0051 0.1436 0.5188 0.0089 0.0214 0.1491 
      BONNIE 0.1649 0.2146 0.0913 0.1995 0.1270 0.1736 0.0293 
      BOUNTY 0.2495 0.1753 0.0260 0.1096 0.0363 0.3842 0.0191 
 BRITISH_QUE 0.0517 0.0025 0.4359 0.1344 0.0041 0.0278 0.3437 
     BRODICK 0.0084 0.5613 0.0143 0.0395 0.0599 0.2895 0.0270 
      BRODIE 0.4758 0.1893 0.1905 0.0061 0.0222 0.0224 0.0937 
      BUCHAN 0.4081 0.2024 0.1242 0.0028 0.1382 0.0699 0.0545 
      BURREN 0.4389 0.1145 0.0159 0.1120 0.1513 0.0519 0.1156 
     CABARET 0.0658 0.1304 0.0694 0.0077 0.0052 0.4626 0.2590 
      CAESAR 0.0648 0.1872 0.0847 0.3801 0.2703 0.0100 0.0028 
        CARA 0.6618 0.1569 0.0125 0.0167 0.0190 0.0797 0.0533 
 CARLINGFORD 0.1630 0.2282 0.3233 0.0387 0.1603 0.0708 0.0158 
  CASABLANCA 0.2380 0.1219 0.1120 0.2431 0.0030 0.2796 0.0025 
      CELINE 0.1881 0.1778 0.0232 0.4574 0.0151 0.0393 0.0992 
  CHALLENGER 0.0045 0.0945 0.1760 0.2840 0.1886 0.1598 0.0926 
   CHARLOTTE 0.0099 0.2851 0.0055 0.0184 0.5031 0.0256 0.1524 
     CHICAGO 0.0109 0.0919 0.0064 0.2042 0.1650 0.4603 0.0614 
   CHIEFTAIN 0.0562 0.2123 0.3689 0.0064 0.2661 0.0100 0.0801 
      CHOPIN 0.0229 0.1288 0.2300 0.4064 0.1704 0.0133 0.0282 
      CLARET 0.6003 0.0890 0.0380 0.0085 0.1374 0.0912 0.0357 
      CORINE 0.1790 0.1315 0.1490 0.3016 0.0045 0.1510 0.0834 
      COSMOS 0.0180 0.0467 0.2257 0.4562 0.0824 0.1271 0.0439 
     COURAGE 0.1211 0.1222 0.1573 0.3323 0.1336 0.0301 0.1034 
     COURLAN 0.1452 0.1220 0.2576 0.0415 0.2963 0.0763 0.0611 
 CRAIGS_ROYA 0.3578 0.1320 0.2144 0.0044 0.0643 0.1727 0.0544 
 CRAIGS_SNOW 0.1011 0.0104 0.3292 0.0146 0.1066 0.1750 0.2630 
     CRAMOND 0.0353 0.3792 0.0614 0.1673 0.0059 0.3371 0.0139 
 CRISPS_FOR_ 0.0541 0.1260 0.1370 0.2702 0.2814 0.0755 0.0557 
    CROMWELL 0.0873 0.0040 0.0050 0.0139 0.0567 0.6258 0.2073 
       D22/1 0.1274 0.0038 0.1482 0.0236 0.0061 0.5430 0.1479 
       D23/3 0.0425 0.0218 0.1849 0.0157 0.0845 0.3781 0.2725 
      D47-11 0.0154 0.0087 0.0147 0.0338 0.0049 0.6941 0.2284 
       D49/1 0.0026 0.0274 0.0098 0.0173 0.0542 0.7406 0.1481 
       DAISY 0.0104 0.1101 0.0160 0.1393 0.1065 0.4127 0.2050 
 DARK_RED_NO 0.1192 0.0881 0.4106 0.0205 0.2431 0.0384 0.0801 
     DARWINA 0.0232 0.0145 0.1905 0.3952 0.1573 0.1176 0.1018 
     DESIREE 0.2796 0.0109 0.0701 0.1433 0.3498 0.0034 0.1428 
       DITTA 0.0189 0.0100 0.1910 0.3023 0.3247 0.0303 0.1228 
 DR._MCINTOS 0.0913 0.2176 0.5125 0.0714 0.0417 0.0409 0.0248 
       DRAGA 0.0673 0.1292 0.3206 0.2917 0.0546 0.1310 0.0057 
 DUKE_OF_YOR 0.0064 0.0040 0.4018 0.2440 0.0051 0.0030 0.3357 
 DUNBAR_STAN 0.0824 0.0162 0.4505 0.0059 0.0560 0.1689 0.2201 
     DUNDROD 0.0870 0.0751 0.0757 0.0072 0.1723 0.4431 0.1397 
     ECLIPSE 0.0026 0.1025 0.3017 0.0038 0.1994 0.0133 0.3767 
        EDEN 0.0048 0.2009 0.0082 0.0057 0.0053 0.5751 0.2001 
 EDZELL_BLUE 0.1383 0.1005 0.1356 0.1782 0.0972 0.0250 0.3251 
   ELISABETH 0.0092 0.2349 0.0605 0.2572 0.3463 0.0833 0.0085 
     EMPEROR 0.0074 0.1728 0.3043 0.1193 0.2344 0.1504 0.0114 
         EOS 0.0182 0.2030 0.1479 0.1266 0.2783 0.2068 0.0191 
     EPICURE 0.0173 0.1271 0.3264 0.0284 0.1413 0.0045 0.3551 
  ERNTESTOLZ 0.0574 0.0523 0.2033 0.2573 0.1648 0.0308 0.2341 
      ESCORT 0.0474 0.2024 0.0117 0.3806 0.2442 0.0955 0.0182 
   ESMERALDA 0.0889 0.1781 0.0195 0.3028 0.1578 0.0888 0.1640 
      ESTIMA 0.0082 0.0808 0.2261 0.3110 0.1899 0.1228 0.0613 
 EVE_BALFOUR 0.3491 0.2439 0.0748 0.0203 0.0102 0.0728 0.2288 
   EXCALIBUR 0.3155 0.2684 0.0036 0.0310 0.0178 0.3595 0.0042 
     EXQUISA 0.1310 0.0303 0.0058 0.2745 0.3848 0.0040 0.1697 
    FESTIVAL 0.0147 0.1703 0.0436 0.4176 0.2474 0.0961 0.0103 
      FIANNA 0.1790 0.1061 0.2307 0.3588 0.0847 0.0324 0.0083 
   FIFTYFOLD 0.0800 0.0380 0.1397 0.0120 0.1470 0.0541 0.5293 
     FONTANE 0.0054 0.0673 0.1569 0.3575 0.2207 0.1771 0.0151 
   FORTYFOLD 0.0193 0.0058 0.1910 0.2379 0.0050 0.0032 0.5377 
 FRONTIER_RU 0.0093 0.0791 0.4402 0.0136 0.2554 0.0871 0.1152 
     G.81071 0.1338 0.2982 0.2026 0.1463 0.0571 0.0831 0.0790 
     G.88661 0.0119 0.2664 0.3214 0.1430 0.1006 0.1525 0.0041 
    G.886611 0.0187 0.3505 0.2774 0.0299 0.1852 0.1348 0.0034 
  G.8867Y%12 0.1011 0.2635 0.3438 0.0826 0.1836 0.0212 0.0043 
     G.88839 0.0059 0.1211 0.0043 0.3942 0.4493 0.0044 0.0208 
     G.88842 0.0925 0.1503 0.1239 0.3952 0.2169 0.0083 0.0129 
   GALACTICA 0.3967 0.0026 0.1076 0.3172 0.0110 0.0157 0.1493 
      GEMSON 0.2597 0.1345 0.2810 0.0149 0.0847 0.0955 0.1297 
  GL.76B/102 0.0074 0.0148 0.1289 0.1313 0.2338 0.1597 0.3242 
   GL.76B/94 0.1466 0.0048 0.0159 0.2672 0.0355 0.0039 0.5260 
  GL.77M/106 0.2000 0.3291 0.0125 0.0076 0.1444 0.1178 0.1886 
   GL.78/166 0.0614 0.0029 0.1117 0.1476 0.0285 0.0669 0.5811 
    GL.78/53 0.0084 0.1501 0.0055 0.0057 0.1584 0.1450 0.5269 
    GL.78/97 0.0314 0.0593 0.0248 0.0893 0.1317 0.0961 0.5674 
    GL.79/42 0.0059 0.1116 0.0039 0.0399 0.1840 0.1151 0.5396 
    GL.79/45 0.0867 0.1050 0.0047 0.0369 0.1489 0.0460 0.5718 
 GL.81_NT_25 0.0582 0.0045 0.0094 0.0402 0.0053 0.5387 0.3438 
   GLADIATOR 0.1451 0.1203 0.1679 0.1949 0.2802 0.0857 0.0059 
      GLAMIS 0.0515 0.0914 0.1589 0.0837 0.1858 0.4131 0.0155 
 GOLDEN_MILL 0.0595 0.5018 0.0076 0.0416 0.0087 0.2716 0.1092 
 GOLDEN_NUGG 0.1982 0.2712 0.0092 0.4452 0.0158 0.0219 0.0385 
 GOLDEN_WOND 0.0333 0.0603 0.1328 0.0750 0.1235 0.0205 0.5546 
     GRANOLA 0.0096 0.2508 0.0066 0.1475 0.4399 0.0348 0.1107 
    H1H3_101 0.0059 0.0025 0.0082 0.0040 0.0037 0.6804 0.2954 
      H1H3_3 0.0321 0.1965 0.1567 0.0780 0.0099 0.3688 0.1580 
 HARBOROUGH_ 0.0031 0.5095 0.0078 0.0201 0.0044 0.4459 0.0093 
   HARLEQUIN 0.0794 0.1812 0.0142 0.0232 0.4521 0.0767 0.1732 
      HERMES 0.2320 0.0036 0.0506 0.2264 0.3114 0.0770 0.0990 
 HIGHLAND_BU 0.0040 0.0766 0.0132 0.1061 0.0022 0.0061 0.7918 
  HOME_GUARD 0.1172 0.1931 0.2749 0.0206 0.0595 0.1282 0.2065 
     HORIZON 0.0982 0.0249 0.0292 0.4502 0.0601 0.1006 0.2368 
   INNOVATOR 0.0661 0.0161 0.4712 0.3009 0.0034 0.0073 0.1350 
 INTERNATION 0.0083 0.0035 0.0832 0.0478 0.0037 0.0051 0.8483 
 ISLE_OF_JUR 0.1462 0.1106 0.0502 0.0746 0.0894 0.4080 0.1210 
    JULIETTE 0.0099 0.1491 0.0059 0.2409 0.5257 0.0090 0.0595 
     KARLENA 0.2498 0.0045 0.2513 0.2421 0.0247 0.0557 0.1719 
 KERR'S_PINK 0.0715 0.0582 0.3304 0.0065 0.0480 0.0671 0.4182 
     KESTREL 0.3795 0.1474 0.0192 0.0039 0.1365 0.3086 0.0049 
       KIFLI 0.0103 0.1323 0.0091 0.0930 0.4888 0.0744 0.1921 
 KING_EDWARD 0.0028 0.0226 0.1213 0.0042 0.1114 0.0345 0.7032 
    KINGSTON 0.0491 0.2666 0.0047 0.1201 0.0070 0.3624 0.1901 
 KUFRI_CHAND 0.0766 0.0495 0.3915 0.1115 0.1255 0.1092 0.1363 
 KUFRI_JYOTI 0.2549 0.2597 0.0585 0.2382 0.0405 0.0053 0.1430 
      KURODA 0.1326 0.0110 0.1854 0.4556 0.1482 0.0561 0.0111 
 LADY_BALFOU 0.3467 0.1529 0.1404 0.0581 0.0161 0.1456 0.1402 
 LADY_CHRIST 0.0347 0.0862 0.0582 0.4284 0.0538 0.0473 0.2913 
 LADY_CLAIRE 0.0182 0.0030 0.0358 0.7025 0.0110 0.0116 0.2178 
     LADY_JO 0.0115 0.0028 0.1102 0.5648 0.0023 0.0243 0.2841 
 LADY_ROSETT 0.0796 0.1091 0.1289 0.3336 0.1117 0.1034 0.1338 
    LIBERTAS 0.1560 0.0030 0.0060 0.5259 0.0022 0.0051 0.3019 
       LINDA 0.0460 0.0490 0.0091 0.1308 0.5431 0.0051 0.2168 
      LINTON 0.1605 0.0086 0.1795 0.1596 0.2839 0.1879 0.0200 
 LINZER_DELI 0.0162 0.1386 0.0458 0.2128 0.3795 0.0076 0.1995 
   LIONHEART 0.0683 0.1220 0.2006 0.4742 0.0672 0.0405 0.0271 
   MADELEINE 0.0263 0.1725 0.0131 0.3631 0.3091 0.0306 0.0852 
   MADINGLEY 0.2052 0.0177 0.0762 0.1534 0.3664 0.1451 0.0359 
    MAJESTIC 0.1027 0.1860 0.5115 0.0763 0.0770 0.0110 0.0356 
     MARABEL 0.0265 0.0942 0.0983 0.4739 0.2878 0.0111 0.0082 
     MARFONA 0.0701 0.0228 0.1722 0.4597 0.0233 0.1126 0.1392 
     MARILYN 0.1169 0.1337 0.0456 0.2862 0.3152 0.0095 0.0930 
 MARIS_ANCHO 0.0295 0.0881 0.2251 0.2683 0.1667 0.0561 0.1662 
  MARIS_BARD 0.0802 0.0586 0.2675 0.2504 0.0015 0.2439 0.0979 
  MARIS_PEER 0.1866 0.0897 0.3327 0.0076 0.1092 0.1531 0.1211 
 MARIS_PIPER 0.0069 0.0159 0.0059 0.0168 0.0249 0.8038 0.1258 
     MARKIES 0.0665 0.0286 0.0357 0.4324 0.2902 0.0203 0.1264 
      MAXINE 0.1204 0.0825 0.2674 0.0071 0.1268 0.3884 0.0073 
      MEGARA 0.0277 0.0884 0.0114 0.4768 0.2603 0.0530 0.0824 
      MELODY 0.1574 0.0573 0.0204 0.3702 0.1609 0.0695 0.1642 
       MIDAS 0.0077 0.0159 0.0037 0.1490 0.2237 0.4856 0.1145 
       MILVA 0.0214 0.1249 0.0258 0.3494 0.2732 0.0093 0.1960 
        MIMI 0.1334 0.2066 0.0060 0.2950 0.0127 0.2273 0.1190 
        MIRA 0.0794 0.0110 0.0761 0.5887 0.0060 0.0117 0.2271 
       MOIRA 0.1392 0.1052 0.1381 0.2634 0.1891 0.0403 0.1247 
    MONTROSE 0.0070 0.3714 0.0027 0.0049 0.0046 0.3605 0.2489 
       MORAG 0.2200 0.3137 0.1744 0.0309 0.0060 0.0626 0.1924 
      MORENE 0.1146 0.0080 0.1284 0.5690 0.0072 0.0030 0.1699 
      MOZART 0.0061 0.2885 0.0250 0.3666 0.3032 0.0083 0.0024 
 MYATT'S_ASH 0.0113 0.0022 0.1033 0.1591 0.0088 0.0035 0.7119 
      NADINE 0.1063 0.1993 0.0572 0.0406 0.2124 0.3766 0.0076 
       NAVAN 0.0633 0.1010 0.0810 0.0211 0.0472 0.6475 0.0388 
 NDTX_4271_5 0.0083 0.2607 0.2607 0.0040 0.3219 0.1354 0.0089 
      NICOLA 0.0085 0.0047 0.0534 0.2862 0.4705 0.0038 0.1729 
     NOVELLA 0.1638 0.1360 0.0965 0.3813 0.1706 0.0237 0.0281 
     OLYMPUS 0.0492 0.3955 0.1397 0.0109 0.0994 0.1824 0.1229 
       OPERA 0.1178 0.1500 0.0919 0.3437 0.1975 0.0861 0.0130 
   ORCHESTRA 0.0342 0.1038 0.0153 0.3307 0.3242 0.1074 0.0844 
      ORIANA 0.1836 0.0070 0.2058 0.3942 0.1452 0.0041 0.0600 
     OTHELLO 0.5237 0.1402 0.1067 0.0037 0.1100 0.1071 0.0086 
     PALADIN 0.0078 0.0770 0.0564 0.0274 0.0046 0.6268 0.1999 
       PANDA 0.0669 0.0923 0.0080 0.1972 0.5328 0.0823 0.0205 
   PARAMOUNT 0.4333 0.1570 0.0279 0.1745 0.1332 0.0050 0.0691 
    PATRONES 0.0543 0.0128 0.2131 0.3063 0.1598 0.0763 0.1774 
 PENTLAND_AC 0.1736 0.1017 0.1877 0.1394 0.1281 0.1320 0.1375 
 PENTLAND_BE 0.1847 0.0054 0.2972 0.0816 0.0052 0.0258 0.4001 
 PENTLAND_CR 0.0933 0.3388 0.1400 0.3023 0.0037 0.0190 0.1028 
 PENTLAND_DE 0.1737 0.2847 0.2550 0.0248 0.0181 0.0074 0.2362 
 PENTLAND_IV 0.1362 0.2776 0.3317 0.0046 0.1689 0.0276 0.0534 
 PENTLAND_JA 0.0526 0.2005 0.4245 0.2108 0.0114 0.0282 0.0720 
 PENTLAND_MA 0.2465 0.1364 0.1262 0.3495 0.0358 0.0061 0.0994 
 PENTLAND_SQ 0.0880 0.3472 0.2096 0.1393 0.0142 0.0120 0.1897 
   PEPO_1978 0.0183 0.0560 0.0393 0.3062 0.3501 0.1017 0.1284 
     PICASSO 0.5006 0.0269 0.0336 0.2372 0.0535 0.1451 0.0032 
   PIMPERNEL 0.1340 0.0916 0.0039 0.4168 0.1216 0.0151 0.2170 
     PIONEER 0.0048 0.1778 0.0168 0.0981 0.5201 0.0062 0.1762 
       PIXIE 0.2418 0.2981 0.0200 0.0417 0.1360 0.2561 0.0063 
    PREMIERE 0.0161 0.0141 0.1538 0.5111 0.0029 0.0617 0.2404 
   PRODUCENT 0.0071 0.0990 0.0596 0.4091 0.1409 0.1861 0.0983 
     PROVOST 0.1482 0.1924 0.2806 0.1740 0.0616 0.0115 0.1317 
  R.P.LUSTRE 0.0269 0.1803 0.1830 0.0096 0.2367 0.1435 0.2200 
 RANGER_RUSS 0.1206 0.0022 0.5380 0.0740 0.0789 0.0031 0.1832 
       RATTE 0.0082 0.2259 0.0287 0.0119 0.1582 0.0690 0.4982 
      RECORD 0.1107 0.0035 0.0104 0.5691 0.0092 0.0075 0.2896 
   REMBRANDT 0.0081 0.0943 0.1686 0.4179 0.1021 0.0829 0.1261 
    RIO_ROJO 0.1500 0.1685 0.3260 0.0438 0.2315 0.0398 0.0405 
      ROBIJN 0.0873 0.0036 0.0153 0.5164 0.0630 0.0044 0.3099 
      ROCKET 0.0559 0.1634 0.1209 0.0219 0.0155 0.4553 0.1671 
   RODE_STAR 0.0483 0.0076 0.0016 0.2954 0.2321 0.0117 0.4033 
      ROMANO 0.2990 0.1557 0.0087 0.3266 0.1801 0.0123 0.0177 
       ROMEO 0.2820 0.2092 0.0454 0.0060 0.2529 0.0075 0.1970 
     ROOSTER 0.1771 0.3223 0.1350 0.1915 0.0248 0.0096 0.1396 
       ROYAL 0.0613 0.0153 0.0052 0.1479 0.3318 0.3388 0.0995 
 ROYAL_KIDNE 0.0303 0.0102 0.5193 0.0629 0.0033 0.0032 0.3708 
     RUBESSE 0.1026 0.1601 0.1626 0.2200 0.2726 0.0114 0.0706 
 RUSSET_BURB 0.0416 0.0748 0.5485 0.0788 0.1336 0.0148 0.1079 
 RUSSET_NORK 0.0080 0.1065 0.5650 0.0028 0.2733 0.0237 0.0208 
      SAFARI 0.1626 0.2238 0.0474 0.4925 0.0475 0.0084 0.0178 
     SANTANA 0.0620 0.0305 0.2034 0.3725 0.1142 0.1418 0.0755 
       SANTE 0.0500 0.2130 0.0077 0.4692 0.0555 0.0846 0.1200 
     SAPHIRE 0.0200 0.1779 0.2606 0.4533 0.0395 0.0436 0.0052 
  SARPO_MIRA 0.1736 0.0073 0.0091 0.1495 0.4262 0.0671 0.1672 
 SARPO_SHONA 0.1692 0.0262 0.0078 0.2554 0.3932 0.0492 0.0990 
       SASSY 0.0787 0.0526 0.1473 0.2695 0.1554 0.0811 0.2154 
     SATURNA 0.0097 0.0041 0.0053 0.3976 0.2607 0.0465 0.2761 
        SAVA 0.0201 0.0657 0.1545 0.2386 0.3728 0.1169 0.0313 
       SAXON 0.0477 0.2554 0.0126 0.0737 0.0143 0.4624 0.1340 
 SCARBOROUGH 0.0028 0.4147 0.0042 0.0042 0.0082 0.5131 0.0528 
 SEFTON_WOND 0.0473 0.1305 0.3124 0.0061 0.0058 0.0922 0.4058 
    SERAFINA 0.0894 0.1615 0.0108 0.2182 0.3775 0.0038 0.1388 
     SETANTA 0.1200 0.5063 0.0514 0.1175 0.0386 0.0923 0.0739 
 SHARPE'S_EX 0.0333 0.0114 0.1164 0.0337 0.1224 0.1001 0.5827 
     SHELAGH 0.2487 0.1360 0.0235 0.1503 0.0408 0.1246 0.2761 
    SHELFORD 0.2435 0.0025 0.0834 0.1471 0.3327 0.0361 0.1547 
     SHEPODY 0.1773 0.0058 0.4240 0.2276 0.0026 0.0073 0.1553 
      SLANEY 0.3739 0.1935 0.0469 0.0106 0.1377 0.2313 0.0061 
        SPEY 0.4254 0.2146 0.0174 0.0460 0.0737 0.2197 0.0032 
      SPUNTA 0.1478 0.1669 0.0409 0.0593 0.3111 0.0648 0.2090 
     STAMINA 0.2261 0.0427 0.0669 0.0326 0.0155 0.6136 0.0025 
    STEMSTER 0.1297 0.0126 0.0291 0.1772 0.1803 0.3082 0.1628 
 STORMONT_EN 0.1701 0.0273 0.1281 0.2655 0.0652 0.1741 0.1697 
    STIRLING 0.2399 0.3699 0.1517 0.1578 0.0134 0.0575 0.0097 
     SYLVANA 0.0958 0.0689 0.2373 0.2542 0.2037 0.0991 0.0409 
         TAY 0.1667 0.4918 0.0164 0.0274 0.0440 0.2358 0.0180 
      TIMATE 0.0060 0.0735 0.0528 0.3421 0.3681 0.1144 0.0431 
      TOLUCA 0.1736 0.0623 0.0831 0.3203 0.3187 0.0047 0.0373 
    TORRIDON 0.2502 0.1586 0.0545 0.3442 0.0492 0.0222 0.1210 
 ULSTER_SCEP 0.0729 0.1580 0.3355 0.1124 0.0065 0.2787 0.0360 
 UMATILLA_RU 0.0447 0.0795 0.0407 0.1511 0.0297 0.2782 0.3762 
 VALES_EMERA 0.0368 0.2688 0.0544 0.0131 0.3643 0.1626 0.1000 
 VALES_EVERE 0.3037 0.3449 0.0602 0.0149 0.0102 0.1264 0.1397 
 VALES_RUSSE 0.0166 0.0906 0.4472 0.0497 0.1621 0.0232 0.2107 
 VALES_SOVER 0.5685 0.0909 0.0060 0.0165 0.0149 0.2998 0.0033 
       VALOR 0.3912 0.2569 0.0067 0.0663 0.0097 0.2663 0.0028 
    VAN_GOGH 0.0131 0.1005 0.0390 0.4937 0.1106 0.0811 0.1620 
     VANTAGE 0.0986 0.0026 0.2245 0.3623 0.0104 0.0227 0.2789 
       VERDI 0.0813 0.0220 0.0219 0.2951 0.2693 0.1033 0.2070 
    VICTORIA 0.0187 0.0973 0.2607 0.4078 0.1597 0.0263 0.0294 
     VIVALDI 0.1251 0.0178 0.2508 0.4692 0.1114 0.0036 0.0220 
       WILJA 0.1269 0.0021 0.1343 0.5375 0.0022 0.0208 0.1763 
     WINSTON 0.1887 0.1993 0.0571 0.0080 0.1697 0.3737 0.0034 
      XD2-21 0.2070 0.1597 0.2693 0.0817 0.0554 0.0583 0.1685 
  YUKON_GOLD 0.0071 0.2696 0.2926 0.0700 0.2367 0.1199 0.0042 
       ZORBA 0.1213 0.0472 0.2432 0.4264 0.0072 0.0088 0.1459 
