  00C133-020 0.0273 0.0231 0.3561 0.5934 
 01C_071-002 0.1939 0.2745 0.2975 0.2341 
 02M_012-001 0.1992 0.1376 0.0273 0.6359 
 03M_016-002 0.4895 0.0148 0.1245 0.3711 
 03M_034-002 0.2152 0.0295 0.1866 0.5687 
 04C_055-004 0.1137 0.3243 0.0450 0.5170 
 04C_126-005 0.1078 0.1272 0.3816 0.3834 
 04M_034-013 0.3245 0.1191 0.0683 0.4881 
 05M_002-001 0.1993 0.4269 0.2059 0.1679 
 05M_004-003 0.0266 0.3828 0.3416 0.2489 
 05M_012-004 0.1214 0.2047 0.4232 0.2507 
 06C_127-002 0.0667 0.2824 0.2158 0.4351 
 12288_AF_23 0.0320 0.1496 0.3083 0.5101 
    12601AB1 0.4776 0.0128 0.0158 0.4938 
   12636_A_2 0.2313 0.0102 0.2117 0.5468 
  15119_AC_5 0.2026 0.0050 0.4983 0.2941 
     1512C16 0.3342 0.1474 0.4308 0.0877 
   15144_A_3 0.0302 0.2130 0.6022 0.1547 
     1563C14 0.5113 0.3350 0.1138 0.0400 
     2182EF7 0.1216 0.1039 0.5816 0.1930 
     3681AD1 0.1158 0.3000 0.4680 0.1161 
     5008AB6 0.1193 0.3971 0.3493 0.1343 
    8204_A_4 0.0392 0.1770 0.4810 0.3028 
       AGRIA 0.1278 0.7202 0.0452 0.1068 
       AILSA 0.1680 0.1549 0.0393 0.6378 
      ALMERA 0.1181 0.5327 0.2655 0.0837 
       ALPHA 0.3102 0.4055 0.2263 0.0580 
      ALWARA 0.0601 0.4794 0.3571 0.1034 
      AMADRA 0.2060 0.4749 0.0722 0.2469 
       AMOUR 0.0489 0.0244 0.4297 0.4970 
        ANNA 0.1112 0.0050 0.7742 0.1097 
   ANNABELLE 0.0854 0.7370 0.1372 0.0404 
        ANYA 0.2368 0.5025 0.1343 0.1264 
       ARGOS 0.0155 0.0680 0.5941 0.3224 
     ARIELLE 0.1712 0.5635 0.2131 0.0521 
      ARKULA 0.1899 0.4754 0.3056 0.0291 
      ARMADA 0.1942 0.4110 0.2603 0.1345 
   AVALANCHE 0.1156 0.1665 0.2698 0.4481 
     BAILLIE 0.0450 0.2003 0.2269 0.5278 
    BALMORAL 0.0915 0.1018 0.6956 0.1111 
     BAMBINO 0.0343 0.1124 0.2861 0.5672 
       BARNA 0.0572 0.2600 0.4675 0.2153 
 BELLE_DE_FO 0.8978 0.0072 0.0907 0.0043 
       BENOL 0.2140 0.1191 0.0348 0.6321 
       BF_15 0.7594 0.1451 0.0891 0.0064 
      BINTJE 0.4295 0.2202 0.2635 0.0868 
 BIONICA_EX_ 0.1800 0.3045 0.3283 0.1872 
 BLUE_DANUBE 0.2282 0.3843 0.3527 0.0348 
      BONNIE 0.0565 0.2919 0.3283 0.3233 
      BOUNTY 0.0375 0.1151 0.3280 0.5195 
 BRITISH_QUE 0.5584 0.0167 0.4143 0.0107 
     BRODICK 0.0185 0.2119 0.1162 0.6534 
      BRODIE 0.1250 0.0104 0.6581 0.2065 
      BUCHAN 0.0964 0.0531 0.5560 0.2945 
      BURREN 0.1080 0.2244 0.4779 0.1897 
     CABARET 0.3248 0.0094 0.1171 0.5487 
      CAESAR 0.0085 0.6327 0.2487 0.1100 
        CARA 0.0342 0.0117 0.6955 0.2586 
 CARLINGFORD 0.1051 0.1929 0.4862 0.2158 
  CASABLANCA 0.0110 0.1337 0.4882 0.3672 
      CELINE 0.1195 0.3716 0.3772 0.1317 
  CHALLENGER 0.2175 0.4417 0.1160 0.2247 
   CHARLOTTE 0.1297 0.6087 0.0171 0.2445 
     CHICAGO 0.1050 0.3402 0.0218 0.5330 
   CHIEFTAIN 0.2241 0.2413 0.3906 0.1440 
      CHOPIN 0.1254 0.5046 0.3014 0.0686 
      CLARET 0.0335 0.0755 0.6495 0.2415 
      CORINE 0.1695 0.1864 0.4071 0.2370 
      COSMOS 0.1731 0.4150 0.2946 0.1174 
     COURAGE 0.1716 0.3982 0.3214 0.1087 
     COURLAN 0.1659 0.3222 0.3264 0.1854 
 CRAIGS_ROYA 0.1275 0.0138 0.5304 0.3283 
 CRAIGS_SNOW 0.4312 0.0518 0.3245 0.1925 
     CRAMOND 0.0313 0.1581 0.2515 0.5591 
 CRISPS_FOR_ 0.1254 0.4999 0.2142 0.1604 
    CROMWELL 0.2635 0.0606 0.0176 0.6583 
       D22/1 0.2526 0.0098 0.2095 0.5282 
       D23/3 0.3969 0.0453 0.1550 0.4027 
      D47-11 0.3141 0.0082 0.0153 0.6625 
       D49/1 0.2135 0.0382 0.0045 0.7438 
       DAISY 0.2547 0.2356 0.0196 0.4901 
 DARK_RED_NO 0.2451 0.2243 0.4197 0.1110 
     DARWINA 0.2215 0.4394 0.2387 0.1005 
     DESIREE 0.1863 0.4628 0.3348 0.0161 
       DITTA 0.2277 0.5656 0.1716 0.0351 
 DR._MCINTOS 0.1810 0.0701 0.5968 0.1521 
       DRAGA 0.0738 0.2907 0.4366 0.1989 
 DUKE_OF_YOR 0.5208 0.1301 0.3446 0.0045 
 DUNBAR_STAN 0.4268 0.0122 0.3627 0.1982 
     DUNDROD 0.2284 0.1271 0.1086 0.5359 
     ECLIPSE 0.5487 0.1740 0.1315 0.1458 
        EDEN 0.2541 0.0123 0.0151 0.7186 
 EDZELL_BLUE 0.4091 0.2175 0.2726 0.1008 
   ELISABETH 0.0351 0.6185 0.1113 0.2351 
     EMPEROR 0.1253 0.3660 0.2463 0.2624 
         EOS 0.0731 0.4048 0.1820 0.3400 
     EPICURE 0.4810 0.1735 0.2864 0.0591 
  ERNTESTOLZ 0.3360 0.3568 0.2509 0.0563 
      ESCORT 0.0251 0.6025 0.1503 0.2221 
   ESMERALDA 0.1977 0.4192 0.1845 0.1986 
      ESTIMA 0.1917 0.4469 0.1912 0.1701 
 EVE_BALFOUR 0.2407 0.0221 0.4571 0.2801 
   EXCALIBUR 0.0049 0.0568 0.3402 0.5981 
     EXQUISA 0.1952 0.6573 0.1277 0.0198 
    FESTIVAL 0.0265 0.6343 0.1386 0.2006 
      FIANNA 0.0735 0.3538 0.4817 0.0909 
   FIFTYFOLD 0.6174 0.1065 0.1396 0.1365 
     FONTANE 0.1245 0.5413 0.1180 0.2162 
   FORTYFOLD 0.6640 0.1126 0.2182 0.0052 
 FRONTIER_RU 0.3074 0.2522 0.2734 0.1670 
     G.81071 0.1402 0.1928 0.4177 0.2494 
     G.88661 0.0522 0.2520 0.3951 0.3008 
    G.886611 0.0158 0.2649 0.3783 0.3411 
  G.8867Y%12 0.0244 0.2736 0.5179 0.1842 
     G.88839 0.0351 0.8983 0.0414 0.0251 
     G.88842 0.0457 0.5649 0.3370 0.0523 
   GALACTICA 0.2360 0.1928 0.5422 0.0290 
      GEMSON 0.2234 0.0439 0.5150 0.2177 
  GL.76B/102 0.4280 0.3513 0.0407 0.1800 
   GL.76B/94 0.5800 0.2225 0.1895 0.0080 
  GL.77M/106 0.1904 0.1580 0.2569 0.3947 
   GL.78/166 0.6908 0.1298 0.1250 0.0545 
    GL.78/53 0.5683 0.1324 0.0092 0.2901 
    GL.78/97 0.6148 0.1935 0.0320 0.1598 
    GL.79/42 0.5682 0.2163 0.0062 0.2093 
    GL.79/45 0.5959 0.1902 0.0428 0.1712 
 GL.81_NT_25 0.4308 0.0131 0.0337 0.5223 
   GLADIATOR 0.0399 0.4500 0.3192 0.1909 
      GLAMIS 0.0956 0.2442 0.1784 0.4818 
 GOLDEN_MILL 0.1109 0.1234 0.1585 0.6072 
 GOLDEN_NUGG 0.0364 0.3922 0.3951 0.1762 
 GOLDEN_WOND 0.6469 0.1556 0.1128 0.0847 
     GRANOLA 0.1169 0.6436 0.0250 0.2146 
    H1H3_101 0.3729 0.0037 0.0044 0.6190 
      H1H3_3 0.2467 0.0433 0.2272 0.4828 
 HARBOROUGH_ 0.0235 0.1194 0.0639 0.7931 
   HARLEQUIN 0.1865 0.5205 0.0545 0.2386 
      HERMES 0.1772 0.4722 0.2519 0.0987 
 HIGHLAND_BU 0.8795 0.0254 0.0733 0.0218 
  HOME_GUARD 0.3212 0.0497 0.3608 0.2682 
     HORIZON 0.3060 0.3998 0.1987 0.0954 
   INNOVATOR 0.3584 0.0898 0.5420 0.0098 
 INTERNATION 0.9438 0.0097 0.0389 0.0076 
 ISLE_OF_JUR 0.1583 0.1362 0.2042 0.5013 
    JULIETTE 0.0673 0.8079 0.0193 0.1056 
     KARLENA 0.2933 0.1804 0.4584 0.0679 
 KERR'S_PINK 0.5697 0.0155 0.2730 0.1418 
     KESTREL 0.0127 0.0410 0.4195 0.5269 
       KIFLI 0.1776 0.6169 0.0104 0.1951 
 KING_EDWARD 0.8233 0.0441 0.0112 0.1214 
    KINGSTON 0.2107 0.1270 0.1094 0.5529 
 KUFRI_CHAND 0.2976 0.1733 0.3867 0.1423 
 KUFRI_JYOTI 0.1726 0.2389 0.4614 0.1271 
      KURODA 0.1004 0.4890 0.3636 0.0471 
 LADY_BALFOU 0.1823 0.0312 0.5083 0.2782 
 LADY_CHRIST 0.3612 0.3800 0.1803 0.0784 
 LADY_CLAIRE 0.2810 0.5920 0.1128 0.0141 
     LADY_JO 0.4197 0.3371 0.2216 0.0217 
 LADY_ROSETT 0.2022 0.3846 0.2454 0.1678 
    LIBERTAS 0.3980 0.3058 0.2863 0.0099 
       LINDA 0.2480 0.6870 0.0216 0.0435 
      LINTON 0.1302 0.3838 0.2650 0.2211 
 LINZER_DELI 0.2330 0.6106 0.0774 0.0790 
   LIONHEART 0.1392 0.4356 0.3431 0.0821 
   MADELEINE 0.1131 0.6487 0.0993 0.1389 
   MADINGLEY 0.0885 0.4872 0.2164 0.2079 
    MAJESTIC 0.2085 0.1227 0.5543 0.1146 
     MARABEL 0.0372 0.7109 0.2020 0.0499 
     MARFONA 0.2723 0.3212 0.3325 0.0739 
     MARILYN 0.1260 0.5727 0.2177 0.0835 
 MARIS_ANCHO 0.2711 0.3785 0.2378 0.1127 
  MARIS_BARD 0.2660 0.0209 0.4450 0.2681 
  MARIS_PEER 0.2579 0.0379 0.4615 0.2428 
 MARIS_PIPER 0.1867 0.0134 0.0060 0.7939 
     MARKIES 0.1864 0.6426 0.1285 0.0425 
      MAXINE 0.1083 0.0904 0.3235 0.4778 
      MEGARA 0.1200 0.6762 0.1013 0.1026 
      MELODY 0.2137 0.4361 0.2248 0.1254 
       MIDAS 0.1606 0.3271 0.0076 0.5047 
       MILVA 0.2282 0.6046 0.1186 0.0486 
        MIMI 0.1326 0.2762 0.2120 0.3793 
        MIRA 0.2927 0.4441 0.2491 0.0141 
       MOIRA 0.1896 0.3873 0.3118 0.1113 
    MONTROSE 0.2777 0.0372 0.0226 0.6625 
       MORAG 0.2475 0.0244 0.4642 0.2639 
      MORENE 0.2434 0.4175 0.3330 0.0061 
      MOZART 0.0050 0.6992 0.1440 0.1519 
 MYATT'S_ASH 0.8159 0.0909 0.0871 0.0061 
      NADINE 0.0202 0.2768 0.1700 0.5329 
       NAVAN 0.0939 0.0392 0.1404 0.7265 
 NDTX_4271_5 0.1222 0.2974 0.2396 0.3407 
      NICOLA 0.2365 0.7246 0.0319 0.0069 
     NOVELLA 0.0752 0.4756 0.3545 0.0947 
     OLYMPUS 0.1758 0.1356 0.2492 0.4394 
       OPERA 0.0554 0.5010 0.2537 0.1899 
   ORCHESTRA 0.1182 0.6196 0.0728 0.1894 
      ORIANA 0.1534 0.4410 0.3978 0.0077 
     OTHELLO 0.0227 0.0248 0.6462 0.3062 
     PALADIN 0.2925 0.0145 0.0261 0.6669 
       PANDA 0.0448 0.7405 0.0403 0.1743 
   PARAMOUNT 0.0734 0.2542 0.5625 0.1099 
    PATRONES 0.3005 0.3632 0.2647 0.0716 
 PENTLAND_AC 0.2274 0.2117 0.3413 0.2196 
 PENTLAND_BE 0.5377 0.0151 0.4170 0.0303 
 PENTLAND_CR 0.1601 0.2059 0.4370 0.1970 
 PENTLAND_DE 0.3086 0.0495 0.4722 0.1697 
 PENTLAND_IV 0.1601 0.1385 0.4577 0.2437 
 PENTLAND_JA 0.2292 0.1498 0.4953 0.1257 
 PENTLAND_MA 0.1508 0.3043 0.5122 0.0327 
 PENTLAND_SQ 0.2438 0.1567 0.4045 0.1950 
   PEPO_1978 0.1672 0.6229 0.0714 0.1385 
     PICASSO 0.0075 0.1842 0.6134 0.1950 
   PIMPERNEL 0.2419 0.4952 0.1796 0.0834 
     PIONEER 0.1960 0.6912 0.0169 0.0960 
       PIXIE 0.0099 0.1928 0.3284 0.4689 
    PREMIERE 0.3645 0.3048 0.2849 0.0457 
   PRODUCENT 0.1775 0.4901 0.1049 0.2276 
     PROVOST 0.2235 0.2000 0.4692 0.1074 
  R.P.LUSTRE 0.3083 0.2374 0.1592 0.2950 
 RANGER_RUSS 0.4096 0.0569 0.5292 0.0043 
       RATTE 0.5337 0.2087 0.0204 0.2372 
      RECORD 0.3603 0.4046 0.2282 0.0069 
   REMBRANDT 0.2432 0.4422 0.1879 0.1266 
    RIO_ROJO 0.1672 0.2617 0.4076 0.1634 
      ROBIJN 0.3587 0.4837 0.1507 0.0069 
      ROCKET 0.2413 0.0201 0.1828 0.5557 
   RODE_STAR 0.4232 0.5161 0.0097 0.0510 
      ROMANO 0.0296 0.4505 0.4027 0.1172 
       ROMEO 0.2047 0.2504 0.3506 0.1943 
     ROOSTER 0.1680 0.2242 0.4234 0.1844 
       ROYAL 0.1453 0.4556 0.0161 0.3830 
 ROYAL_KIDNE 0.5703 0.0074 0.4170 0.0054 
     RUBESSE 0.1401 0.4603 0.2875 0.1120 
 RUSSET_BURB 0.3109 0.1680 0.4539 0.0672 
 RUSSET_NORK 0.2624 0.1975 0.3755 0.1645 
      SAFARI 0.0410 0.4496 0.4316 0.0778 
     SANTANA 0.1887 0.3887 0.2744 0.1482 
       SANTE 0.1427 0.4714 0.1879 0.1980 
     SAPHIRE 0.0699 0.4239 0.3803 0.1258 
  SARPO_MIRA 0.1988 0.5747 0.0992 0.1273 
 SARPO_SHONA 0.1186 0.6312 0.1315 0.1187 
       SASSY 0.3154 0.3463 0.2230 0.1152 
     SATURNA 0.3288 0.6052 0.0156 0.0504 
        SAVA 0.1113 0.5761 0.1340 0.1785 
       SAXON 0.1568 0.0917 0.1348 0.6167 
 SCARBOROUGH 0.0871 0.0662 0.0196 0.8272 
 SEFTON_WOND 0.5372 0.0084 0.2683 0.1861 
    SERAFINA 0.1555 0.6204 0.1627 0.0613 
     SETANTA 0.0597 0.2201 0.3040 0.4162 
 SHARPE'S_EX 0.6782 0.1144 0.0920 0.1154 
     SHELAGH 0.3020 0.1339 0.3384 0.2257 
    SHELFORD 0.2472 0.4321 0.2668 0.0540 
     SHEPODY 0.3602 0.0217 0.6073 0.0107 
      SLANEY 0.0134 0.1108 0.4609 0.4149 
        SPEY 0.0053 0.0795 0.5165 0.3987 
      SPUNTA 0.2287 0.3801 0.1784 0.2128 
     STAMINA 0.0066 0.0261 0.2904 0.6768 
    STEMSTER 0.2250 0.3044 0.1304 0.3401 
 STORMONT_EN 0.2675 0.2083 0.3333 0.1909 
    STIRLING 0.0202 0.1326 0.5713 0.2759 
     SYLVANA 0.1494 0.3866 0.3140 0.1500 
         TAY 0.0149 0.1389 0.2938 0.5524 
      TIMATE 0.1052 0.6912 0.0294 0.1742 
      TOLUCA 0.0819 0.5975 0.2954 0.0252 
    TORRIDON 0.1629 0.3101 0.4242 0.1028 
 ULSTER_SCEP 0.1924 0.0349 0.4195 0.3532 
 UMATILLA_RU 0.4333 0.1362 0.0904 0.3402 
 VALES_EMERA 0.1245 0.4158 0.1055 0.3542 
 VALES_EVERE 0.1321 0.0229 0.4549 0.3901 
 VALES_RUSSE 0.3876 0.1885 0.3343 0.0895 
 VALES_SOVER 0.0046 0.0110 0.5625 0.4219 
       VALOR 0.0046 0.0384 0.4818 0.4752 
    VAN_GOGH 0.2194 0.5238 0.1446 0.1122 
     VANTAGE 0.4401 0.2379 0.3070 0.0150 
       VERDI 0.2393 0.5221 0.1003 0.1383 
    VICTORIA 0.1603 0.4951 0.2778 0.0668 
     VIVALDI 0.1053 0.4722 0.4148 0.0076 
       WILJA 0.3127 0.2739 0.4015 0.0119 
     WINSTON 0.0089 0.1604 0.2794 0.5512 
      XD2-21 0.2687 0.0993 0.4593 0.1727 
  YUKON_GOLD 0.0483 0.3749 0.2659 0.3109 
       ZORBA 0.2476 0.3037 0.4241 0.0246 
