  00C133-020 0.0681 0.7406 0.1913 
 01C_071-002 0.2431 0.3176 0.4393 
 02M_012-001 0.2850 0.6214 0.0936 
 03M_016-002 0.5422 0.3965 0.0614 
 03M_034-002 0.2806 0.6366 0.0828 
 04C_055-004 0.1940 0.5111 0.2949 
 04C_126-005 0.1461 0.5263 0.3276 
 04M_034-013 0.3840 0.4846 0.1315 
 05M_002-001 0.2470 0.2129 0.5401 
 05M_004-003 0.0646 0.3610 0.5745 
 05M_012-004 0.1398 0.3989 0.4613 
 06C_127-002 0.1188 0.5058 0.3754 
 12288_AF_23 0.0712 0.6184 0.3104 
    12601AB1 0.5329 0.4561 0.0109 
   12636_A_2 0.2988 0.6463 0.0548 
  15119_AC_5 0.2747 0.5751 0.1503 
     1512C16 0.3486 0.2118 0.4396 
   15144_A_3 0.0407 0.3830 0.5764 
     1563C14 0.5368 0.0529 0.4102 
     2182EF7 0.1260 0.3959 0.4781 
     3681AD1 0.1316 0.2657 0.6026 
     5008AB6 0.1551 0.2462 0.5988 
    8204_A_4 0.0571 0.4747 0.4682 
       AGRIA 0.1868 0.0888 0.7244 
       AILSA 0.2543 0.6303 0.1154 
      ALMERA 0.1669 0.1428 0.6903 
       ALPHA 0.3449 0.1100 0.5451 
      ALWARA 0.1069 0.2052 0.6879 
      AMADRA 0.2604 0.2474 0.4921 
       AMOUR 0.0758 0.6819 0.2423 
        ANNA 0.1351 0.4827 0.3822 
   ANNABELLE 0.1471 0.0485 0.8044 
        ANYA 0.2735 0.1551 0.5714 
       ARGOS 0.0215 0.5616 0.4169 
     ARIELLE 0.2146 0.0948 0.6905 
      ARKULA 0.2211 0.1014 0.6775 
      ARMADA 0.2367 0.1978 0.5655 
   AVALANCHE 0.1648 0.5266 0.3086 
     BAILLIE 0.1167 0.5928 0.2905 
    BALMORAL 0.0720 0.3786 0.5494 
     BAMBINO 0.0911 0.6654 0.2435 
       BARNA 0.0788 0.3759 0.5453 
 BELLE_DE_FO 0.9273 0.0102 0.0624 
       BENOL 0.2994 0.6231 0.0776 
       BF_15 0.7703 0.0078 0.2220 
      BINTJE 0.4494 0.1515 0.3991 
 BIONICA_EX_ 0.2149 0.2785 0.5066 
 BLUE_DANUBE 0.2550 0.1223 0.6227 
      BONNIE 0.1012 0.4316 0.4672 
      BOUNTY 0.0801 0.6435 0.2765 
 BRITISH_QUE 0.5517 0.1232 0.3251 
     BRODICK 0.0866 0.6939 0.2195 
      BRODIE 0.1482 0.4697 0.3821 
      BUCHAN 0.1069 0.5032 0.3898 
      BURREN 0.1256 0.3650 0.5094 
     CABARET 0.3916 0.5881 0.0202 
      CAESAR 0.0202 0.1871 0.7927 
        CARA 0.0423 0.5506 0.4071 
 CARLINGFORD 0.1251 0.3726 0.5024 
  CASABLANCA 0.0207 0.5691 0.4102 
      CELINE 0.1525 0.2474 0.6001 
  CHALLENGER 0.2683 0.2356 0.4961 
   CHARLOTTE 0.2060 0.2304 0.5636 
     CHICAGO 0.1985 0.5127 0.2888 
   CHIEFTAIN 0.2349 0.2698 0.4953 
      CHOPIN 0.1615 0.1437 0.6948 
      CLARET 0.0408 0.4889 0.4703 
      CORINE 0.1928 0.3766 0.4306 
      COSMOS 0.2086 0.1876 0.6038 
     COURAGE 0.2007 0.1971 0.6021 
     COURLAN 0.1932 0.2873 0.5195 
 CRAIGS_ROYA 0.1466 0.5448 0.3086 
 CRAIGS_SNOW 0.4519 0.2846 0.2635 
     CRAMOND 0.0878 0.6400 0.2721 
 CRISPS_FOR_ 0.1700 0.2150 0.6150 
    CROMWELL 0.3544 0.6139 0.0317 
       D22/1 0.3279 0.6201 0.0520 
       D23/3 0.4425 0.4362 0.1213 
      D47-11 0.3780 0.6140 0.0080 
       D49/1 0.3220 0.6678 0.0102 
       DAISY 0.3393 0.4649 0.1958 
 DARK_RED_NO 0.2590 0.2328 0.5083 
     DARWINA 0.2643 0.1550 0.5807 
     DESIREE 0.2129 0.0952 0.6919 
       DITTA 0.2687 0.0587 0.6725 
 DR._MCINTOS 0.1853 0.3398 0.4748 
       DRAGA 0.0986 0.3319 0.5695 
 DUKE_OF_YOR 0.5310 0.0316 0.4375 
 DUNBAR_STAN 0.4543 0.3385 0.2073 
     DUNDROD 0.2930 0.5553 0.1517 
     ECLIPSE 0.5634 0.1643 0.2722 
        EDEN 0.3268 0.6658 0.0074 
 EDZELL_BLUE 0.4340 0.1663 0.3997 
   ELISABETH 0.0751 0.2562 0.6686 
     EMPEROR 0.1631 0.3353 0.5016 
         EOS 0.1273 0.3851 0.4876 
     EPICURE 0.4956 0.1201 0.3844 
  ERNTESTOLZ 0.3636 0.1140 0.5224 
      ESCORT 0.0760 0.2560 0.6680 
   ESMERALDA 0.2427 0.2459 0.5115 
      ESTIMA 0.2403 0.2032 0.5565 
 EVE_BALFOUR 0.2690 0.4571 0.2739 
   EXCALIBUR 0.0098 0.7511 0.2391 
     EXQUISA 0.2442 0.0305 0.7253 
    FESTIVAL 0.0801 0.2271 0.6929 
      FIANNA 0.0936 0.2424 0.6640 
   FIFTYFOLD 0.6377 0.1591 0.2031 
     FONTANE 0.1750 0.2334 0.5916 
   FORTYFOLD 0.6742 0.0132 0.3126 
 FRONTIER_RU 0.3280 0.2405 0.4315 
     G.81071 0.1655 0.3911 0.4434 
     G.88661 0.0779 0.4295 0.4926 
    G.886611 0.0347 0.4753 0.4900 
  G.8867Y%12 0.0376 0.3604 0.6020 
     G.88839 0.1025 0.0194 0.8781 
     G.88842 0.0863 0.1443 0.7694 
   GALACTICA 0.2305 0.2191 0.5504 
      GEMSON 0.2327 0.3931 0.3742 
  GL.76B/102 0.4852 0.1554 0.3593 
   GL.76B/94 0.6040 0.0199 0.3761 
  GL.77M/106 0.2342 0.4815 0.2844 
   GL.78/166 0.7147 0.0551 0.2302 
    GL.78/53 0.6273 0.2747 0.0980 
    GL.78/97 0.6548 0.1436 0.2016 
    GL.79/42 0.6205 0.1956 0.1839 
    GL.79/45 0.6362 0.1603 0.2035 
 GL.81_NT_25 0.4916 0.4938 0.0146 
   GLADIATOR 0.0708 0.2891 0.6401 
      GLAMIS 0.1687 0.5216 0.3097 
 GOLDEN_MILL 0.1798 0.6588 0.1614 
 GOLDEN_NUGG 0.0639 0.3019 0.6343 
 GOLDEN_WOND 0.6673 0.0968 0.2358 
     GRANOLA 0.1803 0.2035 0.6162 
    H1H3_101 0.4573 0.5387 0.0040 
      H1H3_3 0.2949 0.5535 0.1516 
 HARBOROUGH_ 0.0946 0.8125 0.0929 
   HARLEQUIN 0.2452 0.2423 0.5125 
      HERMES 0.2205 0.1616 0.6178 
 HIGHLAND_BU 0.8961 0.0267 0.0772 
  HOME_GUARD 0.3386 0.3860 0.2754 
     HORIZON 0.3507 0.1238 0.5255 
   INNOVATOR 0.3404 0.1438 0.5157 
 INTERNATION 0.9592 0.0097 0.0311 
 ISLE_OF_JUR 0.2197 0.5577 0.2226 
    JULIETTE 0.1446 0.0813 0.7741 
     KARLENA 0.2907 0.2314 0.4779 
 KERR'S_PINK 0.5909 0.2233 0.1858 
     KESTREL 0.0246 0.7016 0.2738 
       KIFLI 0.2648 0.1651 0.5701 
 KING_EDWARD 0.8458 0.1019 0.0523 
    KINGSTON 0.2723 0.5813 0.1464 
 KUFRI_CHAND 0.3173 0.2458 0.4368 
 KUFRI_JYOTI 0.1838 0.2731 0.5431 
      KURODA 0.1331 0.1412 0.7257 
 LADY_BALFOU 0.1964 0.4741 0.3295 
 LADY_CHRIST 0.3925 0.1137 0.4938 
 LADY_CLAIRE 0.3383 0.0123 0.6495 
     LADY_JO 0.4542 0.0397 0.5061 
 LADY_ROSETT 0.2364 0.2291 0.5345 
    LIBERTAS 0.4274 0.0406 0.5320 
       LINDA 0.2965 0.0335 0.6700 
      LINTON 0.1703 0.2999 0.5298 
 LINZER_DELI 0.2814 0.0800 0.6386 
   LIONHEART 0.1644 0.1825 0.6531 
   MADELEINE 0.1753 0.1470 0.6777 
   MADINGLEY 0.1426 0.2588 0.5986 
    MAJESTIC 0.2135 0.2860 0.5005 
     MARABEL 0.1005 0.0792 0.8203 
     MARFONA 0.2930 0.1627 0.5443 
     MARILYN 0.1666 0.1318 0.7016 
 MARIS_ANCHO 0.3069 0.1664 0.5267 
  MARIS_BARD 0.2837 0.4409 0.2755 
  MARIS_PEER 0.2699 0.4003 0.3298 
 MARIS_PIPER 0.2696 0.7234 0.0070 
     MARKIES 0.2364 0.0522 0.7114 
      MAXINE 0.1467 0.5869 0.2664 
      MEGARA 0.1814 0.1057 0.7129 
      MELODY 0.2554 0.1773 0.5673 
       MIDAS 0.2650 0.4750 0.2600 
       MILVA 0.2741 0.0639 0.6620 
        MIMI 0.1855 0.4412 0.3732 
        MIRA 0.3391 0.0474 0.6135 
       MOIRA 0.2277 0.1965 0.5758 
    MONTROSE 0.3489 0.6340 0.0171 
       MORAG 0.2708 0.4357 0.2935 
      MORENE 0.2807 0.0304 0.6889 
      MOZART 0.0132 0.1989 0.7879 
 MYATT'S_ASH 0.8210 0.0067 0.1723 
      NADINE 0.0709 0.5926 0.3365 
       NAVAN 0.1674 0.7655 0.0671 
 NDTX_4271_5 0.1517 0.4182 0.4301 
      NICOLA 0.2838 0.0081 0.7080 
     NOVELLA 0.1066 0.1995 0.6939 
     OLYMPUS 0.2142 0.5201 0.2657 
       OPERA 0.1026 0.2623 0.6351 
   ORCHESTRA 0.1782 0.1834 0.6384 
      ORIANA 0.1917 0.0689 0.7394 
     OTHELLO 0.0280 0.5689 0.4031 
     PALADIN 0.3526 0.6352 0.0121 
       PANDA 0.1150 0.1627 0.7224 
   PARAMOUNT 0.0770 0.3037 0.6193 
    PATRONES 0.3334 0.1306 0.5359 
 PENTLAND_AC 0.2545 0.3286 0.4169 
 PENTLAND_BE 0.5325 0.1851 0.2824 
 PENTLAND_CR 0.1787 0.3467 0.4746 
 PENTLAND_DE 0.3261 0.3238 0.3501 
 PENTLAND_IV 0.1744 0.4042 0.4214 
 PENTLAND_JA 0.2236 0.2897 0.4867 
 PENTLAND_MA 0.1570 0.1987 0.6443 
 PENTLAND_SQ 0.2653 0.3290 0.4056 
   PEPO_1978 0.2316 0.1309 0.6376 
     PICASSO 0.0109 0.4206 0.5685 
   PIMPERNEL 0.2835 0.1213 0.5952 
     PIONEER 0.2670 0.0702 0.6628 
       PIXIE 0.0218 0.6070 0.3713 
    PREMIERE 0.3896 0.1166 0.4937 
   PRODUCENT 0.2316 0.2367 0.5318 
     PROVOST 0.2336 0.2585 0.5079 
  R.P.LUSTRE 0.3497 0.3317 0.3186 
 RANGER_RUSS 0.4040 0.0792 0.5168 
       RATTE 0.5726 0.2241 0.2033 
      RECORD 0.3948 0.0179 0.5873 
   REMBRANDT 0.2815 0.1584 0.5601 
    RIO_ROJO 0.1821 0.2868 0.5312 
      ROBIJN 0.4028 0.0101 0.5872 
      ROCKET 0.2978 0.6127 0.0895 
   RODE_STAR 0.4868 0.0264 0.4868 
      ROMANO 0.0556 0.2475 0.6969 
       ROMEO 0.2298 0.3147 0.4555 
     ROOSTER 0.1922 0.3352 0.4726 
       ROYAL 0.2363 0.3591 0.4046 
 ROYAL_KIDNE 0.5830 0.1189 0.2981 
     RUBESSE 0.1679 0.1988 0.6334 
 RUSSET_BURB 0.3223 0.2011 0.4766 
 RUSSET_NORK 0.2784 0.2700 0.4516 
      SAFARI 0.0606 0.2173 0.7221 
     SANTANA 0.2206 0.2252 0.5542 
       SANTE 0.1855 0.2381 0.5765 
     SAPHIRE 0.0948 0.2426 0.6626 
  SARPO_MIRA 0.2469 0.1396 0.6134 
 SARPO_SHONA 0.1792 0.1326 0.6882 
       SASSY 0.3496 0.1643 0.4862 
     SATURNA 0.3963 0.0259 0.5777 
        SAVA 0.1617 0.1977 0.6406 
       SAXON 0.2299 0.6537 0.1164 
 SCARBOROUGH 0.1770 0.7995 0.0236 
 SEFTON_WOND 0.5769 0.3004 0.1227 
    SERAFINA 0.1997 0.0979 0.7024 
     SETANTA 0.1041 0.5278 0.3681 
 SHARPE'S_EX 0.7015 0.1197 0.1789 
     SHELAGH 0.3233 0.3263 0.3504 
    SHELFORD 0.2841 0.1233 0.5926 
     SHEPODY 0.3348 0.2091 0.4561 
      SLANEY 0.0255 0.5965 0.3780 
        SPEY 0.0087 0.6003 0.3910 
      SPUNTA 0.2647 0.2670 0.4683 
     STAMINA 0.0242 0.8088 0.1670 
    STEMSTER 0.2931 0.3515 0.3554 
 STORMONT_EN 0.2911 0.2812 0.4278 
    STIRLING 0.0250 0.4809 0.4941 
     SYLVANA 0.1824 0.2373 0.5803 
         TAY 0.0421 0.6788 0.2791 
      TIMATE 0.1758 0.1493 0.6749 
      TOLUCA 0.1279 0.0881 0.7840 
    TORRIDON 0.1872 0.2360 0.5767 
 ULSTER_SCEP 0.2173 0.5111 0.2715 
 UMATILLA_RU 0.4892 0.3378 0.1730 
 VALES_EMERA 0.1843 0.3771 0.4387 
 VALES_EVERE 0.1652 0.5568 0.2781 
 VALES_RUSSE 0.4057 0.1753 0.4190 
 VALES_SOVER 0.0091 0.6835 0.3074 
       VALOR 0.0082 0.6794 0.3124 
    VAN_GOGH 0.2695 0.1302 0.6004 
     VANTAGE 0.4582 0.0676 0.4742 
       VERDI 0.3055 0.1348 0.5597 
    VICTORIA 0.1881 0.1392 0.6728 
     VIVALDI 0.1456 0.0628 0.7916 
       WILJA 0.3339 0.0969 0.5692 
     WINSTON 0.0277 0.6721 0.3002 
      XD2-21 0.2841 0.3239 0.3920 
  YUKON_GOLD 0.0806 0.3938 0.5256 
       ZORBA 0.2553 0.1465 0.5982 
