  00C133-020 0.0142 0.0918 0.2316 0.0111 0.0173 0.0025 0.1331 0.1556 0.0034 0.3393 
 01C_071-002 0.0391 0.0442 0.2312 0.0539 0.0380 0.1150 0.0848 0.0022 0.2325 0.1591 
 02M_012-001 0.0547 0.0026 0.0560 0.0378 0.0256 0.0108 0.2731 0.0113 0.0990 0.4291 
 03M_016-002 0.2614 0.0084 0.0144 0.0111 0.0030 0.2070 0.0485 0.0050 0.0647 0.3765 
 03M_034-002 0.1223 0.1458 0.0472 0.0014 0.0087 0.0026 0.2787 0.0144 0.0616 0.3172 
 04C_055-004 0.0178 0.0475 0.0082 0.1415 0.0062 0.0094 0.0317 0.1787 0.1328 0.4262 
 04C_126-005 0.0696 0.1283 0.2590 0.0109 0.0486 0.0036 0.1663 0.0689 0.0698 0.1750 
 04M_034-013 0.1591 0.0523 0.0055 0.0100 0.0131 0.0971 0.1410 0.0469 0.0911 0.3841 
 05M_002-001 0.0852 0.1420 0.0392 0.2271 0.1650 0.0925 0.0243 0.0095 0.0957 0.1197 
 05M_004-003 0.0065 0.1381 0.1726 0.1985 0.2916 0.0172 0.0862 0.0138 0.0048 0.0707 
 05M_012-004 0.0173 0.1244 0.1016 0.0089 0.2460 0.1106 0.1899 0.1390 0.0331 0.0291 
 06C_127-002 0.0161 0.1246 0.0367 0.1230 0.0031 0.0289 0.3596 0.1610 0.0600 0.0870 
 12288_AF_23 0.0037 0.0037 0.0583 0.0356 0.0934 0.0222 0.0860 0.3990 0.0105 0.2876 
    12601AB1 0.3211 0.0023 0.0047 0.0018 0.0058 0.0027 0.4604 0.0023 0.0542 0.1448 
   12636_A_2 0.1510 0.0248 0.0875 0.0021 0.0253 0.0221 0.3187 0.0864 0.0041 0.2779 
  15119_AC_5 0.1242 0.0158 0.4677 0.0010 0.0062 0.0156 0.0029 0.0083 0.0819 0.2763 
     1512C16 0.2303 0.1162 0.0891 0.0337 0.0879 0.1559 0.0333 0.2031 0.0467 0.0038 
   15144_A_3 0.0233 0.0089 0.5533 0.1289 0.0026 0.0036 0.0044 0.1442 0.1263 0.0044 
     1563C14 0.3369 0.0038 0.0186 0.1214 0.1437 0.0392 0.0047 0.1204 0.1981 0.0133 
     2182EF7 0.0978 0.3262 0.2342 0.0376 0.0087 0.0911 0.1528 0.0345 0.0065 0.0107 
     3681AD1 0.0153 0.0956 0.2442 0.0742 0.2946 0.0826 0.1146 0.0054 0.0663 0.0072 
     5008AB6 0.0441 0.2386 0.1680 0.0550 0.0193 0.0041 0.2004 0.0156 0.2496 0.0052 
    8204_A_4 0.0511 0.2400 0.2189 0.0505 0.0105 0.0179 0.2333 0.1451 0.0194 0.0134 
       AGRIA 0.0475 0.0513 0.0046 0.4892 0.3338 0.0485 0.0112 0.0030 0.0036 0.0074 
       AILSA 0.0807 0.0253 0.0082 0.1118 0.0026 0.0536 0.2187 0.0795 0.0140 0.4056 
      ALMERA 0.0086 0.2249 0.0130 0.2378 0.1341 0.1292 0.0028 0.0118 0.1512 0.0867 
       ALPHA 0.1177 0.0416 0.0088 0.0076 0.2739 0.0864 0.0348 0.1463 0.2633 0.0195 
      ALWARA 0.0025 0.0779 0.1805 0.0286 0.0257 0.0393 0.0344 0.1904 0.3968 0.0239 
      AMADRA 0.0928 0.0538 0.0085 0.1597 0.1597 0.0227 0.1025 0.0836 0.1888 0.1280 
       AMOUR 0.0176 0.0124 0.4188 0.0213 0.0104 0.0370 0.1155 0.0731 0.0144 0.2796 
        ANNA 0.1626 0.1660 0.6353 0.0019 0.0067 0.0037 0.0093 0.0057 0.0048 0.0041 
   ANNABELLE 0.0209 0.3489 0.0055 0.2718 0.0245 0.0060 0.0090 0.0094 0.2882 0.0158 
        ANYA 0.1574 0.0675 0.0151 0.2111 0.0046 0.0178 0.1012 0.1872 0.2329 0.0053 
       ARGOS 0.0050 0.0478 0.4272 0.0566 0.0301 0.0126 0.0024 0.1847 0.0169 0.2169 
     ARIELLE 0.0408 0.1323 0.0611 0.2486 0.0711 0.0968 0.0024 0.0608 0.2451 0.0409 
      ARKULA 0.0685 0.2261 0.0098 0.0232 0.2275 0.0234 0.0074 0.1645 0.2420 0.0075 
      ARMADA 0.0545 0.2515 0.0074 0.0173 0.1069 0.0190 0.0043 0.1234 0.2653 0.1504 
   AVALANCHE 0.0046 0.0640 0.0916 0.0314 0.1898 0.1456 0.0260 0.0234 0.0229 0.4007 
     BAILLIE 0.0033 0.0705 0.1000 0.0378 0.0558 0.0831 0.0931 0.0602 0.0773 0.4189 
    BALMORAL 0.0121 0.1751 0.3838 0.0037 0.1198 0.1843 0.0154 0.0143 0.0789 0.0126 
     BAMBINO 0.0092 0.0541 0.1902 0.0640 0.0549 0.0078 0.0923 0.1296 0.0075 0.3904 
       BARNA 0.0176 0.0199 0.3090 0.0476 0.0160 0.0314 0.0208 0.3137 0.1925 0.0315 
 BELLE_DE_FO 0.7539 0.0042 0.0641 0.0035 0.0181 0.0373 0.0015 0.0115 0.1007 0.0051 
       BENOL 0.1140 0.0842 0.0066 0.0483 0.0529 0.0032 0.3381 0.0019 0.0042 0.3467 
       BF_15 0.6199 0.0216 0.0483 0.0688 0.0849 0.0052 0.0022 0.0052 0.1406 0.0033 
      BINTJE 0.2594 0.1000 0.0261 0.0381 0.1579 0.0880 0.0079 0.1100 0.1262 0.0864 
 BIONICA_EX_ 0.0977 0.2532 0.0662 0.0369 0.1759 0.0087 0.2321 0.0108 0.1073 0.0110 
 BLUE_DANUBE 0.0386 0.1530 0.0885 0.0043 0.3282 0.1170 0.0065 0.0034 0.2396 0.0209 
      BONNIE 0.0242 0.1163 0.1284 0.0767 0.1330 0.0108 0.1243 0.2131 0.0632 0.1101 
      BOUNTY 0.0106 0.0179 0.2009 0.0635 0.1370 0.0040 0.0761 0.1710 0.0022 0.3170 
 BRITISH_QUE 0.3750 0.1965 0.0244 0.0049 0.1135 0.2229 0.0011 0.0035 0.0085 0.0497 
     BRODICK 0.0042 0.1187 0.0203 0.0430 0.0153 0.0159 0.5760 0.0224 0.0141 0.1702 
      BRODIE 0.1312 0.0457 0.4179 0.0067 0.0165 0.0793 0.0364 0.2535 0.0057 0.0072 
      BUCHAN 0.0956 0.0141 0.3675 0.0882 0.0034 0.0597 0.0424 0.2865 0.0066 0.0360 
      BURREN 0.0847 0.0150 0.4239 0.1202 0.0476 0.0433 0.0536 0.0887 0.1037 0.0193 
     CABARET 0.2082 0.0380 0.0234 0.0035 0.0223 0.0088 0.1013 0.1215 0.0085 0.4644 
      CAESAR 0.0016 0.1029 0.0258 0.2720 0.2557 0.0708 0.0595 0.1304 0.0788 0.0024 
        CARA 0.0643 0.0110 0.6423 0.0107 0.0254 0.0060 0.0226 0.1712 0.0101 0.0363 
 CARLINGFORD 0.0446 0.2750 0.0511 0.0606 0.0054 0.1534 0.0434 0.2472 0.0455 0.0738 
  CASABLANCA 0.0022 0.1792 0.2655 0.0171 0.1657 0.0668 0.0733 0.0042 0.0031 0.2230 
      CELINE 0.0381 0.2123 0.0347 0.0082 0.2932 0.0027 0.0257 0.2463 0.1219 0.0168 
  CHALLENGER 0.1242 0.0950 0.0028 0.2286 0.2238 0.0620 0.0474 0.0955 0.0145 0.1062 
   CHARLOTTE 0.1278 0.0214 0.0065 0.4156 0.0026 0.0034 0.1643 0.1388 0.1121 0.0076 
     CHICAGO 0.0081 0.0182 0.0325 0.1644 0.1113 0.0081 0.1300 0.0073 0.1084 0.4117 
   CHIEFTAIN 0.1115 0.0122 0.0117 0.1952 0.0231 0.2327 0.0810 0.3264 0.0026 0.0037 
      CHOPIN 0.0096 0.3212 0.0078 0.0948 0.0959 0.0996 0.0496 0.0572 0.2510 0.0130 
      CLARET 0.0219 0.0214 0.5275 0.0187 0.0028 0.0170 0.0117 0.1973 0.1225 0.0593 
      CORINE 0.0220 0.0630 0.1729 0.0119 0.2571 0.1783 0.1688 0.0046 0.0439 0.0775 
      COSMOS 0.0077 0.1406 0.0063 0.0309 0.2599 0.1928 0.0563 0.0488 0.1839 0.0727 
     COURAGE 0.0231 0.1296 0.0077 0.0084 0.2170 0.0775 0.0548 0.2384 0.2218 0.0216 
     COURLAN 0.0334 0.0023 0.1171 0.2388 0.0702 0.2926 0.0926 0.1159 0.0248 0.0122 
 CRAIGS_ROYA 0.0989 0.0161 0.2908 0.0086 0.0104 0.1124 0.0178 0.3101 0.0034 0.1316 
 CRAIGS_SNOW 0.2740 0.0412 0.0661 0.0601 0.0568 0.1815 0.0033 0.1350 0.0155 0.1664 
     CRAMOND 0.0056 0.2370 0.0181 0.0077 0.0771 0.0083 0.3160 0.0530 0.0077 0.2696 
 CRISPS_FOR_ 0.0209 0.0663 0.0088 0.1684 0.2016 0.0688 0.0356 0.2550 0.1439 0.0307 
    CROMWELL 0.1303 0.0030 0.0656 0.0238 0.0130 0.0035 0.0183 0.0159 0.0895 0.6372 
       D22/1 0.1244 0.0269 0.0675 0.0063 0.0622 0.0443 0.0018 0.1023 0.0044 0.5599 
       D23/3 0.2496 0.0125 0.0138 0.0567 0.0514 0.0844 0.0072 0.1277 0.0119 0.3848 
      D47-11 0.1253 0.0080 0.0085 0.0035 0.0200 0.0140 0.0441 0.0032 0.0638 0.7097 
       D49/1 0.0717 0.0120 0.0019 0.0083 0.0068 0.0035 0.0656 0.0250 0.0716 0.7337 
       DAISY 0.1242 0.0084 0.0061 0.0800 0.1276 0.0113 0.1376 0.0407 0.0897 0.3745 
 DARK_RED_NO 0.0715 0.1251 0.1030 0.1248 0.0044 0.3514 0.0341 0.0644 0.0985 0.0228 
     DARWINA 0.0361 0.0845 0.0053 0.1224 0.2790 0.1483 0.0043 0.0733 0.1532 0.0937 
     DESIREE 0.0355 0.0110 0.0832 0.0485 0.0161 0.0718 0.0044 0.3290 0.3967 0.0039 
       DITTA 0.1203 0.1675 0.0105 0.3149 0.1131 0.0992 0.0026 0.0097 0.1448 0.0175 
 DR._MCINTOS 0.0868 0.3740 0.0071 0.0045 0.0047 0.2380 0.0153 0.2279 0.0076 0.0342 
       DRAGA 0.0043 0.1376 0.0766 0.0923 0.1890 0.2914 0.1246 0.0102 0.0283 0.0459 
 DUKE_OF_YOR 0.3459 0.2558 0.0039 0.0044 0.0829 0.2340 0.0020 0.0019 0.0669 0.0026 
 DUNBAR_STAN 0.2757 0.0830 0.0408 0.0080 0.0145 0.2577 0.0042 0.1670 0.0044 0.1447 
     DUNDROD 0.0824 0.0041 0.0664 0.1066 0.0050 0.0994 0.0869 0.0661 0.0619 0.4213 
     ECLIPSE 0.3804 0.0511 0.0015 0.0444 0.0018 0.1989 0.0364 0.1827 0.0906 0.0123 
        EDEN 0.1275 0.0082 0.0052 0.0027 0.0076 0.0083 0.2671 0.0152 0.0130 0.5451 
 EDZELL_BLUE 0.2449 0.0530 0.0716 0.0241 0.1487 0.0889 0.0772 0.1100 0.1554 0.0263 
   ELISABETH 0.0048 0.2512 0.0026 0.1819 0.0083 0.0035 0.0272 0.2509 0.2040 0.0656 
     EMPEROR 0.0092 0.0695 0.0088 0.2443 0.0936 0.2722 0.1017 0.0921 0.0094 0.0991 
         EOS 0.0104 0.0885 0.0052 0.1535 0.0491 0.0910 0.0932 0.2511 0.1040 0.1539 
     EPICURE 0.3186 0.1015 0.0027 0.0056 0.0055 0.1576 0.0290 0.2249 0.1500 0.0045 
  ERNTESTOLZ 0.2110 0.1624 0.0638 0.1771 0.1163 0.1273 0.0158 0.0063 0.1038 0.0161 
      ESCORT 0.0042 0.0790 0.0143 0.1772 0.2265 0.0066 0.1368 0.1631 0.1737 0.0187 
   ESMERALDA 0.0984 0.1066 0.0137 0.0726 0.1987 0.0052 0.0803 0.2124 0.1622 0.0498 
      ESTIMA 0.0430 0.1549 0.0032 0.0762 0.1408 0.1132 0.0477 0.1615 0.1766 0.0830 
 EVE_BALFOUR 0.1618 0.0718 0.3188 0.0029 0.0071 0.0588 0.2384 0.0294 0.0855 0.0257 
   EXCALIBUR 0.0024 0.0600 0.3458 0.0781 0.0300 0.0024 0.1296 0.0560 0.0024 0.2934 
     EXQUISA 0.0849 0.1436 0.0797 0.2218 0.0073 0.0048 0.0077 0.0626 0.3819 0.0057 
    FESTIVAL 0.0041 0.1931 0.0044 0.1962 0.1908 0.0057 0.0435 0.1404 0.1640 0.0577 
      FIANNA 0.0059 0.2680 0.1248 0.0687 0.1666 0.1337 0.0304 0.0578 0.1205 0.0235 
   FIFTYFOLD 0.4512 0.0034 0.0331 0.0212 0.0405 0.0992 0.0450 0.1460 0.1139 0.0465 
     FONTANE 0.0246 0.0381 0.0046 0.3538 0.3412 0.0873 0.0074 0.0295 0.0031 0.1102 
   FORTYFOLD 0.4489 0.0083 0.0164 0.0060 0.2245 0.1525 0.0161 0.0030 0.1216 0.0028 
 FRONTIER_RU 0.1111 0.0222 0.0050 0.1270 0.0120 0.3921 0.0730 0.1370 0.0785 0.0421 
     G.81071 0.0935 0.2769 0.0959 0.0259 0.0245 0.0518 0.1658 0.1430 0.0679 0.0548 
     G.88661 0.0078 0.3083 0.0069 0.1091 0.0448 0.1378 0.0423 0.1954 0.0052 0.1424 
    G.886611 0.0077 0.3044 0.0047 0.1386 0.0046 0.0676 0.0597 0.3021 0.0025 0.1080 
  G.8867Y%12 0.0142 0.4033 0.0280 0.1432 0.0047 0.1013 0.0087 0.2405 0.0153 0.0410 
     G.88839 0.0041 0.3212 0.0025 0.2576 0.0046 0.0018 0.0104 0.0114 0.3833 0.0032 
     G.88842 0.0095 0.4118 0.0686 0.1743 0.0230 0.0269 0.0228 0.0096 0.2378 0.0156 
   GALACTICA 0.0716 0.0688 0.3764 0.0055 0.1608 0.1137 0.0019 0.0019 0.1900 0.0095 
      GEMSON 0.1637 0.1236 0.1959 0.0616 0.0104 0.1307 0.0131 0.2090 0.0066 0.0854 
  GL.76B/102 0.1961 0.0156 0.0064 0.1358 0.0097 0.1595 0.0305 0.0050 0.2522 0.1892 
   GL.76B/94 0.3562 0.0066 0.1339 0.0044 0.1158 0.0719 0.0073 0.0016 0.2974 0.0050 
  GL.77M/106 0.1465 0.0064 0.1881 0.0877 0.0046 0.0203 0.3150 0.1196 0.0627 0.0491 
   GL.78/166 0.3960 0.0095 0.0203 0.0039 0.0378 0.1252 0.0041 0.0027 0.2652 0.1353 
    GL.78/53 0.3869 0.0018 0.0071 0.0736 0.0035 0.0101 0.1676 0.0203 0.1759 0.1532 
    GL.78/97 0.4054 0.0034 0.0217 0.0407 0.0194 0.0447 0.1173 0.0071 0.2400 0.1005 
    GL.79/42 0.3862 0.0017 0.0021 0.0468 0.0320 0.0029 0.0897 0.1380 0.1982 0.1024 
    GL.79/45 0.4094 0.0067 0.0254 0.0117 0.0067 0.0028 0.0801 0.1203 0.2663 0.0706 
 GL.81_NT_25 0.2611 0.0064 0.0612 0.0104 0.0743 0.0047 0.0085 0.0022 0.0164 0.5548 
   GLADIATOR 0.0019 0.0035 0.0718 0.1581 0.1625 0.1856 0.0520 0.2209 0.1256 0.0180 
      GLAMIS 0.0205 0.1280 0.0065 0.1321 0.0298 0.0564 0.0255 0.1777 0.0262 0.3972 
 GOLDEN_MILL 0.0506 0.1597 0.0735 0.0142 0.0184 0.0036 0.4540 0.0150 0.0118 0.1992 
 GOLDEN_NUGG 0.0117 0.2050 0.0162 0.0161 0.3479 0.0016 0.0176 0.3661 0.0130 0.0050 
 GOLDEN_WOND 0.4610 0.0034 0.0085 0.0136 0.1191 0.0883 0.0543 0.1145 0.1289 0.0085 
     GRANOLA 0.0547 0.0784 0.0143 0.3397 0.0077 0.0137 0.1932 0.0593 0.2215 0.0176 
    H1H3_101 0.2362 0.0025 0.0064 0.0039 0.0039 0.0200 0.0088 0.0013 0.0078 0.7091 
      H1H3_3 0.1502 0.1583 0.0077 0.0084 0.0710 0.0157 0.1253 0.1249 0.0036 0.3349 
 HARBOROUGH_ 0.0022 0.0597 0.0054 0.0142 0.0332 0.0072 0.5472 0.0053 0.0013 0.3243 
   HARLEQUIN 0.1466 0.0036 0.0351 0.3877 0.0154 0.0105 0.1255 0.1750 0.0791 0.0216 
      HERMES 0.0185 0.0041 0.2020 0.2280 0.1014 0.1545 0.0053 0.0041 0.2220 0.0602 
 HIGHLAND_BU 0.7029 0.0747 0.0028 0.0019 0.0898 0.0020 0.0497 0.0021 0.0685 0.0056 
  HOME_GUARD 0.2645 0.1336 0.0956 0.0788 0.0576 0.0627 0.0231 0.2027 0.0015 0.0799 
     HORIZON 0.1568 0.1154 0.0197 0.0814 0.3334 0.0043 0.0032 0.0750 0.1269 0.0840 
   INNOVATOR 0.1386 0.2049 0.0487 0.0028 0.2213 0.3447 0.0066 0.0034 0.0247 0.0043 
 INTERNATION 0.7900 0.0032 0.0149 0.0121 0.1193 0.0245 0.0033 0.0018 0.0261 0.0049 
 ISLE_OF_JUR 0.0872 0.1931 0.1123 0.0490 0.0050 0.0204 0.0427 0.0110 0.0728 0.4065 
    JULIETTE 0.0905 0.0895 0.0218 0.6114 0.0649 0.0026 0.0291 0.0160 0.0691 0.0052 
     KARLENA 0.0644 0.0042 0.2285 0.0083 0.1744 0.3160 0.0394 0.0024 0.1409 0.0216 
 KERR'S_PINK 0.4231 0.0487 0.0631 0.0064 0.0287 0.1951 0.0233 0.1318 0.0168 0.0629 
     KESTREL 0.0044 0.0049 0.3119 0.0465 0.0067 0.0086 0.0225 0.3314 0.0054 0.2576 
       KIFLI 0.0165 0.0046 0.0042 0.2191 0.0046 0.0615 0.2155 0.0457 0.3944 0.0339 
 KING_EDWARD 0.6570 0.0036 0.0022 0.0135 0.0073 0.0437 0.0220 0.1098 0.0852 0.0556 
    KINGSTON 0.1362 0.0773 0.0548 0.0502 0.1104 0.0020 0.2325 0.0158 0.0050 0.3158 
 KUFRI_CHAND 0.1755 0.1384 0.0350 0.1332 0.0968 0.2331 0.0036 0.0981 0.0033 0.0830 
 KUFRI_JYOTI 0.0851 0.1914 0.2346 0.0293 0.0735 0.0226 0.1669 0.0344 0.1573 0.0050 
      KURODA 0.0031 0.1393 0.1066 0.1276 0.2644 0.1639 0.0048 0.0042 0.1621 0.0239 
 LADY_BALFOU 0.1249 0.1317 0.3064 0.0054 0.0087 0.0488 0.0595 0.1196 0.0575 0.1376 
 LADY_CHRIST 0.1698 0.0356 0.0079 0.0114 0.3245 0.0647 0.0826 0.0809 0.2082 0.0144 
 LADY_CLAIRE 0.1141 0.0943 0.0063 0.1720 0.4649 0.0067 0.0020 0.0009 0.1331 0.0057 
     LADY_JO 0.1906 0.0672 0.0048 0.0024 0.4966 0.0686 0.0031 0.0033 0.1479 0.0157 
 LADY_ROSETT 0.0447 0.0150 0.0064 0.0080 0.3241 0.0676 0.0502 0.2898 0.1449 0.0492 
    LIBERTAS 0.1410 0.0038 0.0685 0.0013 0.5011 0.0141 0.0046 0.0074 0.2537 0.0047 
       LINDA 0.1812 0.0230 0.0733 0.4612 0.0042 0.0096 0.0090 0.0091 0.2245 0.0048 
      LINTON 0.0062 0.0028 0.1328 0.2356 0.1274 0.2215 0.0077 0.0621 0.0743 0.1297 
 LINZER_DELI 0.0903 0.0212 0.0030 0.2022 0.0636 0.0412 0.1005 0.1769 0.2967 0.0044 
   LIONHEART 0.0187 0.1861 0.0501 0.1083 0.3273 0.1076 0.0475 0.0604 0.0849 0.0091 
   MADELEINE 0.0321 0.1552 0.0086 0.2418 0.1462 0.0030 0.0534 0.1192 0.2224 0.0182 
   MADINGLEY 0.0026 0.0024 0.1545 0.2018 0.0226 0.2070 0.0621 0.0197 0.2380 0.0892 
    MAJESTIC 0.1115 0.3279 0.0362 0.0308 0.0065 0.2620 0.0394 0.1655 0.0133 0.0068 
     MARABEL 0.0044 0.2400 0.0108 0.2561 0.1513 0.0580 0.0153 0.0286 0.2271 0.0083 
     MARFONA 0.0868 0.1231 0.0200 0.0110 0.3852 0.1062 0.0069 0.0811 0.1158 0.0638 
     MARILYN 0.0587 0.1398 0.1081 0.2784 0.0640 0.0159 0.0677 0.0490 0.2115 0.0068 
 MARIS_ANCHO 0.1295 0.2314 0.0044 0.0482 0.0538 0.1173 0.0445 0.0964 0.2170 0.0573 
  MARIS_BARD 0.1265 0.2689 0.0360 0.0015 0.2090 0.0970 0.0098 0.0101 0.0056 0.2355 
  MARIS_PEER 0.1585 0.1305 0.1373 0.0811 0.0055 0.1756 0.0077 0.1486 0.0048 0.1505 
 MARIS_PIPER 0.0626 0.0054 0.0062 0.0425 0.0249 0.0039 0.0601 0.0041 0.0046 0.7859 
     MARKIES 0.0547 0.0163 0.0217 0.2709 0.3197 0.0331 0.0100 0.0761 0.1888 0.0087 
      MAXINE 0.0069 0.0419 0.0295 0.0552 0.0139 0.1655 0.0154 0.2938 0.0060 0.3717 
      MEGARA 0.0473 0.0700 0.0354 0.3335 0.3363 0.0040 0.0156 0.0254 0.1129 0.0196 
      MELODY 0.0756 0.0796 0.1229 0.1280 0.2022 0.0489 0.0674 0.0107 0.2195 0.0452 
       MIDAS 0.0387 0.0046 0.0069 0.2053 0.0958 0.0049 0.0322 0.0197 0.1203 0.4716 
       MILVA 0.1236 0.1853 0.0198 0.2208 0.0858 0.0131 0.0628 0.0110 0.2684 0.0095 
        MIMI 0.0396 0.0485 0.0273 0.0098 0.2612 0.0023 0.1046 0.2712 0.0591 0.1763 
        MIRA 0.1403 0.2995 0.0097 0.0045 0.2892 0.0035 0.0037 0.0032 0.2342 0.0123 
       MOIRA 0.0985 0.2558 0.1215 0.1307 0.0187 0.0379 0.0306 0.0190 0.2248 0.0625 
    MONTROSE 0.1615 0.0044 0.0165 0.0066 0.0048 0.0039 0.4726 0.0036 0.0199 0.3061 
       MORAG 0.1729 0.2124 0.1110 0.0025 0.0114 0.0117 0.1762 0.2192 0.0333 0.0496 
      MORENE 0.0992 0.1638 0.0431 0.0109 0.3980 0.0858 0.0035 0.0056 0.1875 0.0026 
      MOZART 0.0018 0.1546 0.0054 0.2763 0.1705 0.0075 0.1601 0.1097 0.1112 0.0027 
 MYATT'S_ASH 0.6372 0.0438 0.0220 0.0238 0.1257 0.0330 0.0018 0.0014 0.1068 0.0044 
      NADINE 0.0039 0.0440 0.0265 0.1258 0.0436 0.0079 0.0935 0.3082 0.0209 0.3257 
       NAVAN 0.0217 0.1072 0.0129 0.0126 0.0077 0.0146 0.0464 0.1340 0.0069 0.6359 
 NDTX_4271_5 0.0125 0.0075 0.0025 0.1715 0.0047 0.2064 0.1395 0.3736 0.0150 0.0668 
      NICOLA 0.1217 0.0927 0.0060 0.3887 0.0268 0.0576 0.0028 0.0056 0.2943 0.0038 
     NOVELLA 0.0157 0.2895 0.0569 0.1217 0.1563 0.0075 0.0105 0.1368 0.1791 0.0260 
     OLYMPUS 0.0971 0.0517 0.0284 0.0537 0.0114 0.1162 0.3582 0.1633 0.0099 0.1100 
       OPERA 0.0076 0.0338 0.0997 0.2099 0.3016 0.0698 0.1074 0.1118 0.0489 0.0096 
   ORCHESTRA 0.0496 0.1118 0.0120 0.2898 0.1628 0.0053 0.0327 0.0953 0.1606 0.0801 
      ORIANA 0.0124 0.3129 0.0991 0.0335 0.0714 0.1268 0.0025 0.0072 0.3291 0.0052 
     OTHELLO 0.0180 0.0065 0.4921 0.0645 0.0072 0.0767 0.0109 0.2571 0.0043 0.0627 
     PALADIN 0.1321 0.0094 0.0052 0.0047 0.0672 0.0514 0.1199 0.0050 0.0069 0.5983 
       PANDA 0.0053 0.0204 0.0566 0.4081 0.0291 0.0117 0.0615 0.1063 0.2463 0.0545 
   PARAMOUNT 0.0106 0.0446 0.2877 0.0075 0.0955 0.0178 0.0465 0.2750 0.2108 0.0041 
    PATRONES 0.1499 0.1375 0.0318 0.1288 0.1967 0.1092 0.0066 0.0399 0.1333 0.0663 
 PENTLAND_AC 0.1432 0.1852 0.0502 0.0464 0.0935 0.0131 0.0049 0.2601 0.0708 0.1327 
 PENTLAND_BE 0.3592 0.1972 0.1067 0.0016 0.0102 0.1124 0.0024 0.0302 0.1226 0.0576 
 PENTLAND_CR 0.1077 0.2843 0.0972 0.0227 0.1999 0.0222 0.2479 0.0066 0.0073 0.0043 
 PENTLAND_DE 0.2093 0.1874 0.0729 0.0027 0.0036 0.1162 0.1886 0.1451 0.0701 0.0041 
 PENTLAND_IV 0.1105 0.2073 0.0504 0.0849 0.0024 0.1279 0.0886 0.3051 0.0055 0.0173 
 PENTLAND_JA 0.0798 0.2537 0.0461 0.0145 0.1151 0.2892 0.1433 0.0240 0.0230 0.0113 
 PENTLAND_MA 0.0536 0.3462 0.1994 0.0121 0.0479 0.0543 0.0247 0.0055 0.2421 0.0140 
 PENTLAND_SQ 0.2000 0.2742 0.0837 0.0379 0.0504 0.0379 0.2462 0.0515 0.0137 0.0045 
   PEPO_1978 0.0325 0.1884 0.0177 0.2246 0.0057 0.0324 0.0311 0.0031 0.3421 0.1223 
     PICASSO 0.0020 0.0681 0.5156 0.0656 0.1301 0.0486 0.0056 0.0330 0.0473 0.0841 
   PIMPERNEL 0.0627 0.0081 0.0810 0.0405 0.3254 0.0042 0.1300 0.0449 0.2956 0.0077 
     PIONEER 0.2024 0.0788 0.0070 0.5901 0.0049 0.0076 0.0585 0.0065 0.0404 0.0039 
       PIXIE 0.0032 0.0046 0.1979 0.0894 0.1115 0.0054 0.1259 0.3070 0.0034 0.1516 
    PREMIERE 0.1920 0.2880 0.0037 0.0021 0.2793 0.0149 0.0041 0.0024 0.1558 0.0576 
   PRODUCENT 0.0240 0.0106 0.0039 0.1505 0.3722 0.0493 0.0583 0.1083 0.0960 0.1269 
     PROVOST 0.1053 0.1933 0.1346 0.0263 0.0310 0.2040 0.1374 0.0538 0.1080 0.0063 
  R.P.LUSTRE 0.2209 0.1494 0.0065 0.1096 0.0021 0.0365 0.0954 0.1720 0.0908 0.1169 
 RANGER_RUSS 0.1772 0.0852 0.1026 0.0129 0.0410 0.4715 0.0021 0.0062 0.0983 0.0030 
       RATTE 0.3437 0.0014 0.0026 0.0132 0.0066 0.0485 0.2797 0.1294 0.1667 0.0080 
      RECORD 0.1521 0.0255 0.0314 0.0021 0.4875 0.0098 0.0036 0.0157 0.2683 0.0041 
   REMBRANDT 0.1248 0.0661 0.0118 0.2609 0.3968 0.0779 0.0313 0.0075 0.0031 0.0198 
    RIO_ROJO 0.0110 0.0072 0.0520 0.0724 0.0410 0.3268 0.1265 0.2441 0.1114 0.0077 
      ROBIJN 0.1213 0.0920 0.0253 0.0036 0.2721 0.0391 0.0118 0.0040 0.4248 0.0060 
      ROCKET 0.0919 0.0527 0.0096 0.0022 0.0079 0.0489 0.1189 0.1614 0.0673 0.4391 
   RODE_STAR 0.1717 0.0015 0.0030 0.0075 0.1616 0.0015 0.0738 0.1025 0.4663 0.0106 
      ROMANO 0.0025 0.1310 0.1268 0.0046 0.0922 0.0056 0.0682 0.2306 0.3314 0.0071 
       ROMEO 0.1508 0.0137 0.1871 0.0881 0.0040 0.0133 0.1277 0.2681 0.1429 0.0043 
     ROOSTER 0.0908 0.2410 0.1329 0.0120 0.0733 0.0320 0.2589 0.0466 0.1082 0.0042 
       ROYAL 0.0146 0.0034 0.0637 0.2597 0.0706 0.0233 0.0379 0.0185 0.1819 0.3266 
 ROYAL_KIDNE 0.4085 0.1837 0.0111 0.0022 0.0660 0.2709 0.0022 0.0470 0.0049 0.0035 
     RUBESSE 0.0711 0.1092 0.0359 0.2326 0.1499 0.0749 0.0557 0.2045 0.0616 0.0047 
 RUSSET_BURB 0.1127 0.1001 0.0110 0.0246 0.0387 0.4337 0.0337 0.1639 0.0760 0.0055 
 RUSSET_NORK 0.0684 0.0505 0.0054 0.1461 0.0020 0.4782 0.0287 0.1950 0.0160 0.0096 
      SAFARI 0.0050 0.2609 0.0469 0.0509 0.2906 0.0046 0.0508 0.1658 0.1202 0.0044 
     SANTANA 0.0184 0.0135 0.0466 0.1027 0.3290 0.2137 0.0474 0.0724 0.0984 0.0579 
       SANTE 0.0516 0.0750 0.0089 0.0730 0.4141 0.0026 0.0873 0.2260 0.0512 0.0104 
     SAPHIRE 0.0037 0.1534 0.0159 0.1302 0.3568 0.1999 0.0824 0.0422 0.0093 0.0062 
  SARPO_MIRA 0.0259 0.0016 0.0164 0.1379 0.0539 0.0511 0.0188 0.2626 0.3797 0.0521 
 SARPO_SHONA 0.0053 0.0044 0.0249 0.1222 0.1057 0.0236 0.0449 0.2301 0.4001 0.0388 
       SASSY 0.1113 0.0223 0.0136 0.0407 0.2096 0.1320 0.0623 0.1214 0.2194 0.0673 
     SATURNA 0.1147 0.0062 0.0050 0.1182 0.2162 0.0138 0.0283 0.0170 0.4114 0.0692 
        SAVA 0.0320 0.1151 0.0051 0.3003 0.0721 0.0450 0.0048 0.1877 0.1386 0.0993 
       SAXON 0.0948 0.1864 0.0336 0.0290 0.0110 0.0021 0.1629 0.0277 0.0081 0.4443 
 SCARBOROUGH 0.0111 0.0578 0.0027 0.0054 0.0026 0.0029 0.4536 0.0244 0.0048 0.4348 
 SEFTON_WOND 0.4209 0.1050 0.0308 0.0036 0.0347 0.1380 0.0533 0.1248 0.0034 0.0854 
    SERAFINA 0.0394 0.0852 0.0228 0.1932 0.0154 0.0154 0.1159 0.1615 0.3472 0.0039 
     SETANTA 0.0106 0.1433 0.1083 0.0089 0.0349 0.0447 0.4926 0.0655 0.0817 0.0096 
 SHARPE'S_EX 0.5331 0.0041 0.0130 0.1013 0.1173 0.0433 0.0028 0.0684 0.0379 0.0788 
     SHELAGH 0.2053 0.0282 0.2208 0.0464 0.1336 0.0119 0.0963 0.0704 0.0847 0.1026 
    SHELFORD 0.0451 0.0017 0.1911 0.1630 0.0598 0.2175 0.0051 0.0128 0.2799 0.0238 
     SHEPODY 0.1486 0.0793 0.1558 0.0022 0.2177 0.3736 0.0041 0.0034 0.0117 0.0035 
      SLANEY 0.0106 0.0573 0.3302 0.1449 0.0081 0.0050 0.0416 0.2102 0.0031 0.1891 
        SPEY 0.0027 0.0651 0.3692 0.0814 0.0630 0.0029 0.0414 0.2250 0.0022 0.1471 
      SPUNTA 0.1441 0.0057 0.1058 0.1784 0.0096 0.0677 0.1406 0.1581 0.1747 0.0154 
     STAMINA 0.0015 0.0193 0.1567 0.0129 0.0390 0.0358 0.0093 0.1510 0.0026 0.5720 
    STEMSTER 0.0396 0.0358 0.0298 0.0304 0.0430 0.0567 0.0363 0.1045 0.2832 0.3406 
 STORMONT_EN 0.0795 0.0804 0.0658 0.0035 0.1776 0.0657 0.0088 0.1510 0.2024 0.1654 
    STIRLING 0.0217 0.2885 0.2534 0.0693 0.0239 0.0542 0.2066 0.0557 0.0053 0.0213 
     SYLVANA 0.0299 0.1845 0.0441 0.1073 0.0651 0.1689 0.0163 0.1159 0.1728 0.0951 
         TAY 0.0042 0.1142 0.1711 0.0114 0.0063 0.0078 0.4667 0.0866 0.0143 0.1174 
      TIMATE 0.0090 0.0378 0.0046 0.2734 0.1711 0.0918 0.0612 0.0706 0.2183 0.0622 
      TOLUCA 0.0135 0.2476 0.1344 0.2069 0.0081 0.0440 0.0197 0.0148 0.3069 0.0041 
    TORRIDON 0.0588 0.1641 0.2397 0.0899 0.1609 0.0332 0.0881 0.0056 0.1501 0.0096 
 ULSTER_SCEP 0.1027 0.3313 0.0104 0.0039 0.0355 0.0561 0.0064 0.1755 0.0037 0.2746 
 UMATILLA_RU 0.2841 0.0802 0.0173 0.0074 0.0525 0.0099 0.1104 0.0244 0.1375 0.2762 
 VALES_EMERA 0.0905 0.0500 0.0203 0.2666 0.0049 0.0275 0.1560 0.1801 0.0872 0.1170 
 VALES_EVERE 0.1313 0.0508 0.2919 0.0155 0.0449 0.0076 0.2697 0.1566 0.0027 0.0291 
 VALES_RUSSE 0.1626 0.0596 0.0159 0.0738 0.0140 0.4138 0.1196 0.0310 0.1009 0.0087 
 VALES_SOVER 0.0020 0.0179 0.5868 0.0062 0.0064 0.0209 0.0876 0.0125 0.0242 0.2356 
       VALOR 0.0021 0.0097 0.3520 0.0106 0.1253 0.0023 0.1074 0.2153 0.0017 0.1736 
    VAN_GOGH 0.0929 0.1732 0.0048 0.1099 0.2914 0.0080 0.0522 0.0415 0.1738 0.0523 
     VANTAGE 0.1584 0.0116 0.0117 0.0021 0.3025 0.2021 0.0028 0.0391 0.2387 0.0312 
       VERDI 0.0840 0.0964 0.0498 0.1496 0.0451 0.0506 0.0661 0.0057 0.3356 0.1171 
    VICTORIA 0.0669 0.1545 0.0217 0.2724 0.3024 0.1260 0.0117 0.0293 0.0075 0.0076 
     VIVALDI 0.0097 0.4334 0.0653 0.0106 0.0318 0.1175 0.0032 0.0030 0.3216 0.0040 
       WILJA 0.1039 0.1472 0.0531 0.0018 0.4373 0.0771 0.0016 0.0028 0.1535 0.0217 
     WINSTON 0.0026 0.0686 0.0628 0.0379 0.0090 0.0067 0.0422 0.4164 0.0118 0.3418 
      XD2-21 0.1774 0.1708 0.0892 0.0032 0.0432 0.0902 0.0319 0.2638 0.0747 0.0555 
  YUKON_GOLD 0.0032 0.0213 0.0071 0.1957 0.0600 0.2898 0.2453 0.1490 0.0083 0.0205 
       ZORBA 0.1337 0.2511 0.0925 0.0668 0.2368 0.1191 0.0114 0.0039 0.0774 0.0075 
