  00C133-020 0.0144 0.0185 0.0333 0.0900 0.3542 0.4895 
 01C_071-002 0.0468 0.2543 0.1774 0.1089 0.2378 0.1748 
 02M_012-001 0.0053 0.0611 0.2066 0.1050 0.0796 0.5425 
 03M_016-002 0.2205 0.0154 0.3881 0.0228 0.0163 0.3369 
 03M_034-002 0.0124 0.0373 0.2345 0.0182 0.2123 0.4852 
 04C_055-004 0.0482 0.0944 0.1038 0.2754 0.0193 0.4588 
 04C_126-005 0.0199 0.0999 0.1173 0.1109 0.3752 0.2767 
 04M_034-013 0.1416 0.0616 0.2563 0.0866 0.0090 0.4449 
 05M_002-001 0.1615 0.3262 0.1175 0.2006 0.0540 0.1401 
 05M_004-003 0.0922 0.3577 0.0086 0.1272 0.2058 0.2086 
 05M_012-004 0.2035 0.2129 0.0351 0.1105 0.2313 0.2067 
 06C_127-002 0.0814 0.0065 0.0311 0.4168 0.1482 0.3160 
 12288_AF_23 0.1088 0.0410 0.0110 0.2065 0.1974 0.4354 
    12601AB1 0.0038 0.0047 0.4868 0.0417 0.0879 0.3751 
   12636_A_2 0.0700 0.0094 0.2187 0.0294 0.2124 0.4601 
  15119_AC_5 0.0216 0.0176 0.2199 0.0027 0.5368 0.2014 
     1512C16 0.3143 0.0643 0.2222 0.1926 0.1855 0.0210 
   15144_A_3 0.0063 0.0258 0.0448 0.2913 0.6218 0.0099 
     1563C14 0.0757 0.1957 0.4489 0.2286 0.0345 0.0166 
     2182EF7 0.2748 0.0424 0.0395 0.1803 0.3521 0.1108 
     3681AD1 0.0738 0.3540 0.0635 0.1034 0.3138 0.0917 
     5008AB6 0.0106 0.2232 0.1152 0.2966 0.3234 0.0311 
    8204_A_4 0.1302 0.0201 0.0176 0.2865 0.3546 0.1909 
       AGRIA 0.1082 0.4637 0.0305 0.3142 0.0040 0.0794 
       AILSA 0.0566 0.0064 0.1324 0.2477 0.0130 0.5439 
      ALMERA 0.2211 0.4153 0.0253 0.2339 0.0238 0.0807 
       ALPHA 0.1118 0.3840 0.2327 0.1491 0.0581 0.0643 
      ALWARA 0.0257 0.3046 0.0519 0.2953 0.2878 0.0347 
      AMADRA 0.0272 0.2995 0.1752 0.2638 0.0203 0.2139 
       AMOUR 0.0247 0.0248 0.0527 0.0751 0.4287 0.3940 
        ANNA 0.0769 0.0139 0.1375 0.0052 0.7507 0.0157 
   ANNABELLE 0.0873 0.4196 0.0357 0.4210 0.0170 0.0194 
        ANYA 0.0786 0.1159 0.2136 0.4924 0.0627 0.0369 
       ARGOS 0.0895 0.1165 0.0096 0.0498 0.5006 0.2340 
     ARIELLE 0.1409 0.3640 0.1020 0.3122 0.0565 0.0244 
      ARKULA 0.1045 0.4138 0.1263 0.2048 0.1336 0.0170 
      ARMADA 0.1308 0.3627 0.1336 0.1733 0.0808 0.1188 
   AVALANCHE 0.1773 0.2761 0.0229 0.0060 0.0738 0.4439 
     BAILLIE 0.0944 0.1720 0.0248 0.0978 0.1338 0.4773 
    BALMORAL 0.2586 0.2199 0.0214 0.0097 0.4496 0.0409 
     BAMBINO 0.0336 0.0912 0.0340 0.1111 0.2419 0.4882 
       BARNA 0.0563 0.0812 0.0498 0.3073 0.4029 0.1024 
 BELLE_DE_FO 0.0832 0.0134 0.8311 0.0077 0.0624 0.0022 
       BENOL 0.0090 0.0836 0.2215 0.0718 0.0483 0.5658 
       BF_15 0.0348 0.1385 0.6991 0.0689 0.0553 0.0035 
      BINTJE 0.1987 0.2093 0.3253 0.1102 0.0902 0.0662 
 BIONICA_EX_ 0.0868 0.2491 0.1452 0.1762 0.2069 0.1357 
 BLUE_DANUBE 0.1481 0.5171 0.1530 0.0061 0.1632 0.0125 
      BONNIE 0.0999 0.1711 0.0262 0.2322 0.2149 0.2556 
      BOUNTY 0.0339 0.1058 0.0317 0.0979 0.2875 0.4431 
 BRITISH_QUE 0.4356 0.1432 0.3656 0.0031 0.0431 0.0093 
     BRODICK 0.0157 0.0113 0.0229 0.2881 0.1142 0.5479 
      BRODIE 0.1938 0.0047 0.0724 0.1301 0.5121 0.0869 
      BUCHAN 0.1224 0.0034 0.0410 0.2552 0.4373 0.1407 
      BURREN 0.0181 0.1291 0.1114 0.2070 0.4581 0.0764 
     CABARET 0.0758 0.0101 0.3011 0.0137 0.1066 0.4927 
      CAESAR 0.0955 0.3789 0.0032 0.3704 0.0747 0.0772 
        CARA 0.0155 0.0135 0.0450 0.0977 0.7065 0.1217 
 CARLINGFORD 0.3203 0.0182 0.0174 0.2986 0.2009 0.1446 
  CASABLANCA 0.1349 0.2441 0.0032 0.0052 0.2819 0.3307 
      CELINE 0.0262 0.3918 0.0927 0.1159 0.2759 0.0974 
  CHALLENGER 0.1879 0.2901 0.0977 0.2197 0.0052 0.1994 
   CHARLOTTE 0.0068 0.0452 0.1447 0.6514 0.0166 0.1353 
     CHICAGO 0.0071 0.2442 0.0984 0.1484 0.0134 0.4885 
   CHIEFTAIN 0.3711 0.0070 0.0814 0.3972 0.0839 0.0594 
      CHOPIN 0.2479 0.3837 0.0242 0.2455 0.0446 0.0542 
      CLARET 0.0470 0.0152 0.0333 0.1954 0.6100 0.0991 
      CORINE 0.1635 0.3046 0.0954 0.0087 0.2398 0.1880 
      COSMOS 0.2334 0.4565 0.0522 0.0863 0.0238 0.1478 
     COURAGE 0.1580 0.3151 0.1015 0.2068 0.1431 0.0754 
     COURLAN 0.2606 0.1156 0.0613 0.3202 0.1154 0.1269 
 CRAIGS_ROYA 0.2193 0.0041 0.0575 0.1323 0.3600 0.2267 
 CRAIGS_SNOW 0.3330 0.0534 0.2951 0.0801 0.0685 0.1699 
     CRAMOND 0.0851 0.1187 0.0172 0.1236 0.1588 0.4966 
 CRISPS_FOR_ 0.1488 0.2856 0.0579 0.3346 0.0435 0.1296 
    CROMWELL 0.0058 0.0800 0.2702 0.0102 0.0466 0.5872 
       D22/1 0.1466 0.0573 0.1950 0.0030 0.0992 0.4989 
       D23/3 0.1845 0.0486 0.3152 0.0602 0.0252 0.3663 
      D47-11 0.0136 0.0498 0.2821 0.0027 0.0105 0.6414 
       D49/1 0.0099 0.0369 0.2103 0.0137 0.0026 0.7266 
       DAISY 0.0170 0.1728 0.2360 0.1122 0.0075 0.4546 
 DARK_RED_NO 0.4037 0.0383 0.1018 0.2897 0.0997 0.0667 
     DARWINA 0.1954 0.4176 0.1191 0.1381 0.0195 0.1104 
     DESIREE 0.0676 0.1881 0.1377 0.3770 0.2263 0.0032 
       DITTA 0.1868 0.3511 0.1303 0.3005 0.0115 0.0198 
 DR._MCINTOS 0.5170 0.0250 0.0238 0.1744 0.1485 0.1113 
       DRAGA 0.3362 0.2939 0.0064 0.0953 0.0840 0.1842 
 DUKE_OF_YOR 0.4180 0.2219 0.3431 0.0054 0.0083 0.0032 
 DUNBAR_STAN 0.4579 0.0081 0.2521 0.0416 0.0635 0.1767 
     DUNDROD 0.0830 0.0146 0.1937 0.1717 0.0763 0.4607 
     ECLIPSE 0.2980 0.0036 0.3842 0.2754 0.0026 0.0361 
        EDEN 0.0238 0.0081 0.2588 0.0236 0.0244 0.6614 
 EDZELL_BLUE 0.1390 0.1845 0.3249 0.1428 0.1490 0.0599 
   ELISABETH 0.0646 0.2321 0.0098 0.5014 0.0134 0.1788 
     EMPEROR 0.3128 0.1531 0.0140 0.2874 0.0075 0.2252 
         EOS 0.1550 0.1335 0.0182 0.3753 0.0208 0.2973 
     EPICURE 0.3308 0.0214 0.3612 0.2419 0.0334 0.0112 
  ERNTESTOLZ 0.2124 0.2754 0.2372 0.1799 0.0539 0.0412 
      ESCORT 0.0126 0.3734 0.0142 0.3413 0.0742 0.1843 
   ESMERALDA 0.0287 0.2923 0.1622 0.2501 0.1040 0.1626 
      ESTIMA 0.2218 0.3101 0.0779 0.2270 0.0092 0.1540 
 EVE_BALFOUR 0.0806 0.0134 0.2194 0.0985 0.4234 0.1647 
   EXCALIBUR 0.0046 0.0322 0.0040 0.1033 0.3894 0.4665 
     EXQUISA 0.0057 0.2831 0.1684 0.4333 0.1049 0.0046 
    FESTIVAL 0.0532 0.3935 0.0104 0.3458 0.0336 0.1634 
      FIANNA 0.2399 0.3276 0.0101 0.1480 0.2126 0.0619 
   FIFTYFOLD 0.1447 0.0213 0.5477 0.1650 0.0594 0.0618 
     FONTANE 0.1558 0.3978 0.0252 0.2095 0.0051 0.2065 
   FORTYFOLD 0.1951 0.2305 0.5447 0.0050 0.0213 0.0034 
 FRONTIER_RU 0.4365 0.0305 0.1338 0.2776 0.0055 0.1161 
     G.81071 0.2185 0.1007 0.0661 0.2062 0.2113 0.1972 
     G.88661 0.3404 0.0959 0.0045 0.2477 0.0386 0.2729 
    G.886611 0.2739 0.0095 0.0031 0.3807 0.0609 0.2720 
  G.8867Y%12 0.3480 0.0307 0.0040 0.3583 0.1407 0.1182 
     G.88839 0.0050 0.3937 0.0228 0.5638 0.0061 0.0086 
     G.88842 0.1356 0.3588 0.0124 0.3345 0.1422 0.0165 
   GALACTICA 0.1096 0.3394 0.1532 0.0043 0.3865 0.0069 
      GEMSON 0.2799 0.0151 0.1289 0.1557 0.2862 0.1343 
  GL.76B/102 0.1125 0.1888 0.3586 0.1907 0.0055 0.1438 
   GL.76B/94 0.0167 0.2717 0.5382 0.0202 0.1506 0.0027 
  GL.77M/106 0.0132 0.0068 0.1836 0.2830 0.2655 0.2479 
   GL.78/166 0.1143 0.1951 0.6162 0.0095 0.0475 0.0173 
    GL.78/53 0.0076 0.0072 0.5513 0.2090 0.0150 0.2099 
    GL.78/97 0.0204 0.1136 0.5844 0.1422 0.0287 0.1106 
    GL.79/42 0.0043 0.0429 0.5521 0.2458 0.0075 0.1473 
    GL.79/45 0.0054 0.0264 0.5830 0.2215 0.1059 0.0578 
 GL.81_NT_25 0.0082 0.0790 0.3898 0.0029 0.0350 0.4851 
   GLADIATOR 0.1710 0.2342 0.0075 0.3297 0.1218 0.1358 
      GLAMIS 0.1608 0.1254 0.0428 0.2009 0.0316 0.4385 
 GOLDEN_MILL 0.0086 0.0169 0.1204 0.1730 0.1961 0.4850 
 GOLDEN_NUGG 0.0121 0.3707 0.0213 0.1663 0.3121 0.1174 
 GOLDEN_WOND 0.1356 0.0898 0.5585 0.1476 0.0280 0.0405 
     GRANOLA 0.0078 0.1733 0.1138 0.5597 0.0129 0.1325 
    H1H3_101 0.0093 0.0065 0.3645 0.0021 0.0047 0.6129 
      H1H3_3 0.1735 0.0703 0.1815 0.0372 0.0901 0.4473 
 HARBOROUGH_ 0.0280 0.0245 0.0206 0.1472 0.0574 0.7223 
   HARLEQUIN 0.0127 0.0800 0.1783 0.5353 0.0448 0.1490 
      HERMES 0.0703 0.3412 0.1348 0.2372 0.1603 0.0562 
 HIGHLAND_BU 0.0524 0.0989 0.8090 0.0064 0.0221 0.0112 
  HOME_GUARD 0.2796 0.0130 0.2030 0.1467 0.1521 0.2056 
     HORIZON 0.0299 0.4308 0.2524 0.0843 0.1177 0.0849 
   INNOVATOR 0.4807 0.2685 0.1371 0.0043 0.1029 0.0065 
 INTERNATION 0.0836 0.0403 0.8572 0.0039 0.0108 0.0041 
 ISLE_OF_JUR 0.0465 0.0861 0.1516 0.1152 0.1639 0.4366 
    JULIETTE 0.0062 0.2958 0.0613 0.5970 0.0092 0.0306 
     KARLENA 0.2600 0.2902 0.1846 0.0081 0.2286 0.0285 
 KERR'S_PINK 0.3316 0.0070 0.4293 0.0692 0.0697 0.0932 
     KESTREL 0.0243 0.0048 0.0068 0.2065 0.3761 0.3815 
       KIFLI 0.0078 0.1782 0.1889 0.5015 0.0074 0.1162 
 KING_EDWARD 0.1123 0.0043 0.7183 0.1283 0.0030 0.0339 
    KINGSTON 0.0052 0.0938 0.2104 0.0764 0.1437 0.4705 
 KUFRI_CHAND 0.3940 0.1238 0.1542 0.1461 0.0634 0.1184 
 KUFRI_JYOTI 0.0799 0.1677 0.1360 0.2125 0.3632 0.0407 
      KURODA 0.1904 0.4848 0.0172 0.1317 0.1274 0.0485 
 LADY_BALFOU 0.1500 0.0302 0.1393 0.0963 0.3946 0.1896 
 LADY_CHRIST 0.0664 0.4092 0.2891 0.0909 0.0631 0.0813 
 LADY_CLAIRE 0.0424 0.7037 0.2219 0.0056 0.0196 0.0067 
     LADY_JO 0.1253 0.5564 0.2873 0.0020 0.0159 0.0131 
 LADY_ROSETT 0.1403 0.3279 0.1287 0.1731 0.0789 0.1510 
    LIBERTAS 0.0071 0.5156 0.3056 0.0029 0.1647 0.0041 
       LINDA 0.0067 0.1994 0.2188 0.5598 0.0091 0.0063 
      LINTON 0.1841 0.2589 0.0421 0.2278 0.0945 0.1926 
 LINZER_DELI 0.0473 0.2560 0.2010 0.4486 0.0134 0.0337 
   LIONHEART 0.2109 0.4411 0.0236 0.1278 0.1084 0.0882 
   MADELEINE 0.0122 0.3605 0.0857 0.4001 0.0399 0.1015 
   MADINGLEY 0.0823 0.2581 0.0505 0.3302 0.1329 0.1458 
    MAJESTIC 0.5234 0.0303 0.0359 0.1989 0.1541 0.0574 
     MARABEL 0.1074 0.4731 0.0117 0.3487 0.0316 0.0275 
     MARFONA 0.1841 0.4562 0.1490 0.0212 0.0660 0.1235 
     MARILYN 0.0544 0.3034 0.0921 0.3898 0.1360 0.0243 
 MARIS_ANCHO 0.2327 0.2570 0.1725 0.2193 0.0312 0.0873 
  MARIS_BARD 0.2837 0.2086 0.1106 0.0025 0.1449 0.2497 
  MARIS_PEER 0.3333 0.0129 0.1388 0.1519 0.1854 0.1778 
 MARIS_PIPER 0.0048 0.0413 0.1797 0.0042 0.0045 0.7654 
     MARKIES 0.0378 0.4624 0.1342 0.3010 0.0451 0.0196 
      MAXINE 0.2839 0.0197 0.0183 0.1516 0.0984 0.4279 
      MEGARA 0.0192 0.4869 0.0890 0.2984 0.0301 0.0763 
      MELODY 0.0200 0.3807 0.1732 0.1792 0.1592 0.0877 
       MIDAS 0.0040 0.2070 0.1573 0.1626 0.0069 0.4622 
       MILVA 0.0319 0.3554 0.2002 0.3544 0.0376 0.0205 
        MIMI 0.0072 0.2590 0.1240 0.0950 0.2024 0.3124 
        MIRA 0.0863 0.5468 0.2320 0.0096 0.1184 0.0069 
       MOIRA 0.1363 0.2505 0.1300 0.2514 0.1707 0.0612 
    MONTROSE 0.0034 0.0054 0.2828 0.1035 0.0673 0.5376 
       MORAG 0.1799 0.0088 0.1812 0.1325 0.3272 0.1704 
      MORENE 0.1373 0.5401 0.1640 0.0147 0.1404 0.0035 
      MOZART 0.0468 0.3407 0.0025 0.4671 0.0228 0.1201 
 MYATT'S_ASH 0.1002 0.1585 0.7224 0.0055 0.0103 0.0031 
      NADINE 0.0675 0.0614 0.0103 0.2914 0.1092 0.4602 
       NAVAN 0.0899 0.0331 0.0766 0.0554 0.0691 0.6759 
 NDTX_4271_5 0.2599 0.0037 0.0125 0.4741 0.0118 0.2381 
      NICOLA 0.0304 0.3515 0.1748 0.4354 0.0047 0.0032 
     NOVELLA 0.1051 0.3522 0.0290 0.2537 0.2017 0.0582 
     OLYMPUS 0.1425 0.0063 0.1176 0.2790 0.1218 0.3328 
       OPERA 0.1020 0.3570 0.0135 0.2502 0.1247 0.1526 
   ORCHESTRA 0.0195 0.3609 0.0895 0.3586 0.0245 0.1470 
      ORIANA 0.2040 0.3922 0.0658 0.1604 0.1735 0.0041 
     OTHELLO 0.1144 0.0038 0.0082 0.1874 0.5240 0.1622 
     PALADIN 0.0625 0.0462 0.2433 0.0042 0.0084 0.6354 
       PANDA 0.0077 0.2664 0.0364 0.5540 0.0237 0.1118 
   PARAMOUNT 0.0433 0.1660 0.0550 0.2425 0.4793 0.0139 
    PATRONES 0.2182 0.3299 0.1899 0.1498 0.0387 0.0734 
 PENTLAND_AC 0.1852 0.1297 0.1426 0.1927 0.1896 0.1603 
 PENTLAND_BE 0.2990 0.0794 0.4137 0.0056 0.1914 0.0109 
 PENTLAND_CR 0.1797 0.2339 0.0948 0.0972 0.2372 0.1571 
 PENTLAND_DE 0.2608 0.0099 0.2184 0.1839 0.2535 0.0735 
 PENTLAND_IV 0.3275 0.0038 0.0307 0.3349 0.1788 0.1244 
 PENTLAND_JA 0.4375 0.1727 0.0680 0.0964 0.1151 0.1103 
 PENTLAND_MA 0.1302 0.2999 0.0991 0.1327 0.3285 0.0095 
 PENTLAND_SQ 0.2276 0.0737 0.1717 0.1933 0.2058 0.1279 
   PEPO_1978 0.0446 0.3456 0.1437 0.3493 0.0142 0.1027 
     PICASSO 0.0441 0.2636 0.0036 0.0431 0.4942 0.1513 
   PIMPERNEL 0.0042 0.4265 0.2133 0.1719 0.1492 0.0348 
     PIONEER 0.0187 0.1631 0.1749 0.6185 0.0053 0.0195 
       PIXIE 0.0217 0.0522 0.0061 0.2521 0.2854 0.3826 
    PREMIERE 0.1783 0.4599 0.2453 0.0052 0.0628 0.0484 
   PRODUCENT 0.0666 0.4235 0.1129 0.1576 0.0109 0.2285 
     PROVOST 0.2874 0.1364 0.1277 0.1824 0.2096 0.0565 
  R.P.LUSTRE 0.1853 0.0108 0.2294 0.3336 0.0337 0.2072 
 RANGER_RUSS 0.5389 0.1510 0.2025 0.0190 0.0858 0.0028 
       RATTE 0.0424 0.0110 0.5012 0.2758 0.0118 0.1579 
      RECORD 0.0126 0.5625 0.2945 0.0068 0.1190 0.0047 
   REMBRANDT 0.1798 0.4211 0.1288 0.1276 0.0111 0.1316 
    RIO_ROJO 0.3259 0.0549 0.0514 0.3196 0.1451 0.1030 
      ROBIJN 0.0222 0.5269 0.3220 0.0385 0.0871 0.0033 
      ROCKET 0.1264 0.0157 0.2020 0.0547 0.0948 0.5064 
   RODE_STAR 0.0020 0.3318 0.4134 0.2216 0.0217 0.0094 
      ROMANO 0.0126 0.3125 0.0156 0.2837 0.3352 0.0404 
       ROMEO 0.0578 0.0071 0.1883 0.3917 0.3069 0.0482 
     ROOSTER 0.1526 0.1308 0.1200 0.2015 0.2872 0.1079 
       ROYAL 0.0063 0.2363 0.1356 0.2748 0.0198 0.3271 
 ROYAL_KIDNE 0.5296 0.0356 0.3756 0.0055 0.0504 0.0032 
     RUBESSE 0.1739 0.2172 0.0633 0.3756 0.1181 0.0519 
 RUSSET_BURB 0.5487 0.1011 0.1151 0.1634 0.0297 0.0421 
 RUSSET_NORK 0.5598 0.0045 0.0282 0.3267 0.0047 0.0762 
      SAFARI 0.0578 0.4198 0.0149 0.1966 0.2565 0.0545 
     SANTANA 0.2092 0.3946 0.0871 0.1008 0.0484 0.1599 
       SANTE 0.0119 0.4197 0.1070 0.1691 0.1190 0.1733 
     SAPHIRE 0.2719 0.4169 0.0049 0.1099 0.0626 0.1337 
  SARPO_MIRA 0.0096 0.2569 0.1842 0.4046 0.0941 0.0506 
 SARPO_SHONA 0.0092 0.3385 0.1065 0.3881 0.1100 0.0477 
       SASSY 0.1492 0.2829 0.2317 0.1763 0.0721 0.0878 
     SATURNA 0.0057 0.4512 0.2974 0.2201 0.0066 0.0190 
        SAVA 0.1479 0.2684 0.0417 0.3982 0.0114 0.1324 
       SAXON 0.0224 0.0405 0.1525 0.1110 0.1287 0.5449 
 SCARBOROUGH 0.0102 0.0049 0.0873 0.1435 0.0251 0.7291 
 SEFTON_WOND 0.3221 0.0079 0.4120 0.0278 0.0739 0.1563 
    SERAFINA 0.0203 0.2385 0.1390 0.4878 0.1042 0.0102 
     SETANTA 0.0683 0.0330 0.0471 0.2870 0.2567 0.3078 
 SHARPE'S_EX 0.1205 0.0703 0.5994 0.1092 0.0154 0.0852 
     SHELAGH 0.0250 0.1274 0.2772 0.1228 0.2909 0.1566 
    SHELFORD 0.0983 0.2856 0.1883 0.2454 0.1627 0.0198 
     SHEPODY 0.4300 0.2106 0.1574 0.0031 0.1924 0.0066 
      SLANEY 0.0569 0.0102 0.0086 0.2303 0.3953 0.2987 
        SPEY 0.0170 0.0417 0.0041 0.1694 0.4747 0.2932 
      SPUNTA 0.0419 0.0844 0.2078 0.3972 0.1420 0.1267 
     STAMINA 0.0783 0.0713 0.0040 0.0140 0.2112 0.6212 
    STEMSTER 0.0254 0.2252 0.2002 0.1574 0.1045 0.2873 
 STORMONT_EN 0.1346 0.2740 0.1891 0.0595 0.1642 0.1786 
    STIRLING 0.1755 0.0676 0.0063 0.2018 0.3478 0.2010 
     SYLVANA 0.2403 0.2630 0.0485 0.2407 0.0893 0.1183 
         TAY 0.0180 0.0099 0.0114 0.2564 0.2724 0.4318 
      TIMATE 0.0485 0.3871 0.0533 0.3716 0.0052 0.1342 
      TOLUCA 0.0903 0.3259 0.0365 0.3763 0.1650 0.0061 
    TORRIDON 0.0671 0.3141 0.1108 0.1385 0.3048 0.0647 
 ULSTER_SCEP 0.3478 0.0747 0.0633 0.0400 0.1401 0.3341 
 UMATILLA_RU 0.0367 0.1536 0.4044 0.0425 0.0693 0.2934 
 VALES_EMERA 0.0532 0.0297 0.1131 0.4910 0.0487 0.2644 
 VALES_EVERE 0.0619 0.0072 0.1237 0.1418 0.3973 0.2681 
 VALES_RUSSE 0.4429 0.0812 0.2204 0.1851 0.0145 0.0559 
 VALES_SOVER 0.0088 0.0452 0.0043 0.0222 0.5866 0.3329 
       VALOR 0.0105 0.0645 0.0034 0.0796 0.4595 0.3825 
    VAN_GOGH 0.0544 0.4765 0.1633 0.1618 0.0297 0.1143 
     VANTAGE 0.2284 0.3911 0.2983 0.0060 0.0682 0.0080 
       VERDI 0.0260 0.3573 0.2220 0.2371 0.0614 0.0962 
    VICTORIA 0.2728 0.4049 0.0246 0.2048 0.0277 0.0653 
     VIVALDI 0.2487 0.4334 0.0168 0.1543 0.1433 0.0036 
       WILJA 0.1410 0.5326 0.1833 0.0020 0.1336 0.0075 
     WINSTON 0.0633 0.0085 0.0059 0.2697 0.1940 0.4586 
      XD2-21 0.2723 0.0532 0.1663 0.1596 0.2387 0.1099 
  YUKON_GOLD 0.2975 0.0723 0.0054 0.3587 0.0119 0.2541 
       ZORBA 0.2504 0.3994 0.1482 0.0140 0.1765 0.0115 
