  00C133-020 0.0030 0.2010 0.0125 0.3594 0.0815 0.1571 0.0046 0.1721 0.0087 
 01C_071-002 0.0775 0.2721 0.1118 0.1431 0.0314 0.0638 0.1437 0.0020 0.1547 
 02M_012-001 0.0051 0.0571 0.1308 0.4081 0.0027 0.2673 0.0697 0.0116 0.0475 
 03M_016-002 0.2086 0.0237 0.3144 0.3570 0.0089 0.0389 0.0397 0.0036 0.0053 
 03M_034-002 0.0028 0.0558 0.1714 0.3196 0.1012 0.2890 0.0019 0.0271 0.0312 
 04C_055-004 0.0127 0.0129 0.0625 0.4196 0.0424 0.0392 0.2200 0.1739 0.0168 
 04C_126-005 0.0040 0.2527 0.0941 0.1828 0.1634 0.1716 0.0119 0.0693 0.0501 
 04M_034-013 0.1134 0.0052 0.2014 0.3738 0.0407 0.1435 0.0591 0.0282 0.0347 
 05M_002-001 0.1166 0.0419 0.0872 0.1235 0.2155 0.0393 0.2157 0.0083 0.1521 
 05M_004-003 0.0505 0.1474 0.0039 0.1186 0.2287 0.1237 0.1058 0.0141 0.2073 
 05M_012-004 0.1292 0.0815 0.0180 0.0578 0.1379 0.2093 0.0043 0.1302 0.2318 
 06C_127-002 0.0548 0.0504 0.0164 0.0798 0.1015 0.3624 0.1882 0.1429 0.0037 
 12288_AF_23 0.0287 0.0542 0.0045 0.3039 0.0047 0.0968 0.0254 0.3923 0.0894 
    12601AB1 0.0022 0.0057 0.3939 0.1251 0.0024 0.4594 0.0030 0.0025 0.0057 
   12636_A_2 0.0567 0.0728 0.1575 0.2846 0.0115 0.3272 0.0025 0.0782 0.0090 
  15119_AC_5 0.0135 0.4915 0.1711 0.2756 0.0165 0.0026 0.0014 0.0105 0.0174 
     1512C16 0.2160 0.0785 0.2260 0.0054 0.1236 0.0436 0.0220 0.2022 0.0827 
   15144_A_3 0.0031 0.5736 0.0423 0.0063 0.0373 0.0042 0.1814 0.1468 0.0049 
     1563C14 0.0653 0.0243 0.4081 0.0132 0.0133 0.0046 0.1681 0.1206 0.1825 
     2182EF7 0.1439 0.2229 0.0493 0.0132 0.3495 0.1690 0.0109 0.0362 0.0051 
     3681AD1 0.0759 0.2542 0.0288 0.0176 0.1502 0.1290 0.0380 0.0065 0.2998 
     5008AB6 0.0040 0.1951 0.0988 0.0045 0.2641 0.1613 0.1364 0.0183 0.1174 
    8204_A_4 0.0423 0.2157 0.0296 0.0163 0.2517 0.2465 0.0266 0.1585 0.0129 
       AGRIA 0.1051 0.0031 0.0176 0.0269 0.2214 0.0453 0.3671 0.0028 0.2109 
       AILSA 0.0556 0.0090 0.0745 0.3977 0.0068 0.2275 0.1504 0.0759 0.0027 
      ALMERA 0.1465 0.0265 0.0099 0.0946 0.2581 0.0030 0.2606 0.0086 0.1922 
       ALPHA 0.0872 0.0104 0.2019 0.0155 0.0164 0.0276 0.0510 0.1453 0.4447 
      ALWARA 0.0216 0.2240 0.0277 0.0162 0.0300 0.0158 0.2113 0.1720 0.2815 
      AMADRA 0.0205 0.0100 0.1424 0.1249 0.0510 0.1070 0.1957 0.0838 0.2646 
       AMOUR 0.0253 0.4156 0.0172 0.2949 0.0105 0.1273 0.0176 0.0755 0.0160 
        ANNA 0.0114 0.6310 0.1271 0.0066 0.1848 0.0254 0.0015 0.0086 0.0036 
   ANNABELLE 0.0180 0.0091 0.0340 0.0089 0.3635 0.0160 0.3612 0.0067 0.1826 
        ANYA 0.0403 0.0273 0.2011 0.0042 0.0983 0.0923 0.3129 0.1741 0.0496 
       ARGOS 0.0211 0.4140 0.0054 0.2358 0.0890 0.0027 0.0251 0.1834 0.0234 
     ARIELLE 0.0982 0.0732 0.0778 0.0346 0.1630 0.0028 0.3126 0.0439 0.1939 
      ARKULA 0.0303 0.0111 0.1196 0.0080 0.2041 0.0074 0.0613 0.1729 0.3855 
      ARMADA 0.0294 0.0124 0.1184 0.1262 0.1751 0.0047 0.0921 0.1324 0.3093 
   AVALANCHE 0.1518 0.0837 0.0057 0.4305 0.0362 0.0389 0.0229 0.0241 0.2063 
     BAILLIE 0.0717 0.1084 0.0064 0.4330 0.0467 0.0900 0.0742 0.0582 0.1115 
    BALMORAL 0.1982 0.3949 0.0150 0.0221 0.1568 0.0234 0.0037 0.0217 0.1642 
     BAMBINO 0.0086 0.1821 0.0136 0.4110 0.0406 0.1120 0.0545 0.1384 0.0391 
       BARNA 0.0244 0.3171 0.0522 0.0234 0.0089 0.0172 0.1140 0.3017 0.1411 
 BELLE_DE_FO 0.0647 0.0630 0.8108 0.0030 0.0257 0.0016 0.0048 0.0154 0.0109 
       BENOL 0.0042 0.0046 0.1407 0.3541 0.1212 0.3482 0.0171 0.0018 0.0081 
       BF_15 0.0151 0.0489 0.6726 0.0038 0.0913 0.0022 0.0718 0.0067 0.0875 
      BINTJE 0.1223 0.0352 0.3014 0.0737 0.1331 0.0065 0.0479 0.1091 0.1709 
 BIONICA_EX_ 0.0230 0.0773 0.1220 0.0165 0.2687 0.2452 0.0344 0.0117 0.2012 
 BLUE_DANUBE 0.1205 0.1236 0.1155 0.0206 0.1641 0.0050 0.0126 0.0034 0.4349 
      BONNIE 0.0289 0.1205 0.0230 0.1262 0.0860 0.1448 0.0818 0.2154 0.1735 
      BOUNTY 0.0098 0.1731 0.0108 0.3535 0.0622 0.1149 0.0141 0.1820 0.0795 
 BRITISH_QUE 0.2957 0.0142 0.3504 0.0697 0.2390 0.0012 0.0026 0.0031 0.0241 
     BRODICK 0.0193 0.0232 0.0069 0.1813 0.0669 0.5967 0.0555 0.0270 0.0232 
      BRODIE 0.1277 0.3990 0.0955 0.0102 0.0456 0.0628 0.0034 0.2499 0.0059 
      BUCHAN 0.0891 0.3533 0.0698 0.0441 0.0222 0.0635 0.0668 0.2885 0.0027 
      BURREN 0.0225 0.4336 0.1089 0.0257 0.0527 0.0612 0.1360 0.0842 0.0751 
     CABARET 0.0117 0.0112 0.2363 0.4557 0.0620 0.1014 0.0035 0.1133 0.0049 
      CAESAR 0.0789 0.0236 0.0018 0.0040 0.1212 0.1057 0.2265 0.1337 0.3045 
        CARA 0.0057 0.6317 0.0508 0.0544 0.0261 0.0349 0.0067 0.1767 0.0131 
 CARLINGFORD 0.1923 0.0654 0.0219 0.0730 0.2466 0.0541 0.0914 0.2485 0.0069 
  CASABLANCA 0.0881 0.2522 0.0018 0.2565 0.1275 0.1111 0.0039 0.0044 0.1545 
      CELINE 0.0033 0.0283 0.0755 0.0207 0.2904 0.0224 0.0051 0.2508 0.3035 
  CHALLENGER 0.1133 0.0025 0.0925 0.1314 0.1387 0.0747 0.1830 0.0816 0.1823 
   CHARLOTTE 0.0042 0.0092 0.1351 0.0073 0.0574 0.1855 0.4493 0.1468 0.0052 
     CHICAGO 0.0057 0.0267 0.0270 0.4180 0.0151 0.1436 0.1889 0.0064 0.1686 
   CHIEFTAIN 0.2875 0.0125 0.0772 0.0056 0.0324 0.1009 0.1684 0.3094 0.0062 
      CHOPIN 0.1412 0.0125 0.0253 0.0138 0.2852 0.0485 0.1680 0.0550 0.2506 
      CLARET 0.0222 0.5477 0.0424 0.0769 0.0181 0.0115 0.0721 0.1975 0.0116 
      CORINE 0.1601 0.1634 0.0348 0.1086 0.1158 0.1621 0.0046 0.0039 0.2468 
      COSMOS 0.1985 0.0094 0.0257 0.0873 0.0713 0.0632 0.0606 0.0433 0.4406 
     COURAGE 0.0910 0.0152 0.0897 0.0209 0.1134 0.0509 0.0562 0.2269 0.3358 
     COURLAN 0.2831 0.1289 0.0217 0.0254 0.0040 0.1068 0.2405 0.1062 0.0835 
 CRAIGS_ROYA 0.1399 0.2762 0.0754 0.1484 0.0147 0.0297 0.0054 0.3062 0.0040 
 CRAIGS_SNOW 0.2391 0.0570 0.2710 0.1746 0.0508 0.0045 0.0437 0.1342 0.0252 
     CRAMOND 0.0177 0.0196 0.0069 0.2875 0.2062 0.3335 0.0054 0.0645 0.0588 
 CRISPS_FOR_ 0.0987 0.0091 0.0395 0.0276 0.0499 0.0498 0.1895 0.2533 0.2825 
    CROMWELL 0.0043 0.0651 0.1941 0.6234 0.0064 0.0140 0.0651 0.0127 0.0150 
       D22/1 0.0761 0.0469 0.1444 0.5701 0.0406 0.0023 0.0036 0.1019 0.0141 
       D23/3 0.1155 0.0109 0.2687 0.3799 0.0308 0.0086 0.0537 0.1205 0.0113 
      D47-11 0.0099 0.0093 0.1980 0.6933 0.0069 0.0446 0.0062 0.0034 0.0283 
       D49/1 0.0043 0.0019 0.1305 0.7138 0.0086 0.0672 0.0517 0.0145 0.0074 
       DAISY 0.0132 0.0060 0.1701 0.3748 0.0065 0.1459 0.0952 0.0406 0.1478 
 DARK_RED_NO 0.3642 0.1446 0.0752 0.0213 0.1050 0.0300 0.2069 0.0442 0.0085 
     DARWINA 0.1458 0.0060 0.0762 0.1101 0.1130 0.0043 0.1323 0.0666 0.3457 
     DESIREE 0.0394 0.1079 0.1201 0.0018 0.0063 0.0023 0.1940 0.2954 0.2328 
       DITTA 0.1290 0.0150 0.1164 0.0284 0.2331 0.0028 0.3281 0.0075 0.1398 
 DR._MCINTOS 0.3155 0.0138 0.0377 0.0487 0.3080 0.0243 0.0053 0.2355 0.0113 
       DRAGA 0.2937 0.0745 0.0032 0.0836 0.1234 0.1354 0.0482 0.0094 0.2285 
 DUKE_OF_YOR 0.2921 0.0037 0.3358 0.0029 0.2404 0.0018 0.0040 0.0022 0.1170 
 DUNBAR_STAN 0.3519 0.0351 0.2373 0.1563 0.0464 0.0047 0.0103 0.1529 0.0051 
     DUNDROD 0.0936 0.0756 0.1184 0.4129 0.0040 0.0889 0.1443 0.0574 0.0049 
     ECLIPSE 0.2416 0.0020 0.3946 0.0100 0.0241 0.0334 0.1242 0.1663 0.0038 
        EDEN 0.0082 0.0046 0.1638 0.5289 0.0038 0.2691 0.0039 0.0113 0.0064 
 EDZELL_BLUE 0.1090 0.0805 0.3009 0.0171 0.0846 0.0709 0.0461 0.1032 0.1877 
   ELISABETH 0.0051 0.0031 0.0094 0.0657 0.2761 0.0239 0.2851 0.2431 0.0886 
     EMPEROR 0.2842 0.0066 0.0053 0.1242 0.0836 0.1172 0.2123 0.0813 0.0852 
         EOS 0.1005 0.0071 0.0112 0.1491 0.0371 0.1174 0.1961 0.2526 0.1290 
     EPICURE 0.2059 0.0035 0.3618 0.0028 0.0682 0.0322 0.0264 0.2268 0.0725 
  ERNTESTOLZ 0.1650 0.0641 0.2171 0.0223 0.1928 0.0206 0.1753 0.0059 0.1368 
      ESCORT 0.0061 0.0192 0.0062 0.0304 0.0620 0.1517 0.2072 0.1731 0.3441 
   ESMERALDA 0.0072 0.0179 0.1466 0.0551 0.1146 0.0742 0.1039 0.2109 0.2695 
      ESTIMA 0.1477 0.0036 0.0598 0.0778 0.0776 0.0570 0.1478 0.1519 0.2768 
 EVE_BALFOUR 0.0879 0.3439 0.1954 0.0237 0.0291 0.2486 0.0069 0.0338 0.0307 
   EXCALIBUR 0.0024 0.3022 0.0027 0.3317 0.0912 0.1614 0.0135 0.0819 0.0130 
     EXQUISA 0.0032 0.1122 0.1598 0.0040 0.1600 0.0051 0.3495 0.0404 0.1657 
    FESTIVAL 0.0091 0.0051 0.0064 0.0649 0.2007 0.0691 0.2128 0.1452 0.2867 
      FIANNA 0.1602 0.1496 0.0065 0.0314 0.2511 0.0369 0.0854 0.0500 0.2288 
   FIFTYFOLD 0.1214 0.0495 0.5157 0.0305 0.0048 0.0315 0.0627 0.1397 0.0443 
     FONTANE 0.1332 0.0045 0.0106 0.1623 0.1542 0.0371 0.2419 0.0248 0.2313 
   FORTYFOLD 0.1753 0.0184 0.5059 0.0024 0.0532 0.0117 0.0048 0.0027 0.2257 
 FRONTIER_RU 0.4137 0.0070 0.1101 0.0445 0.0091 0.0754 0.1943 0.1088 0.0371 
     G.81071 0.1097 0.0906 0.0686 0.0640 0.2457 0.1825 0.0285 0.1471 0.0634 
     G.88661 0.1946 0.0069 0.0049 0.1559 0.2457 0.0701 0.0589 0.2051 0.0580 
    G.886611 0.1230 0.0043 0.0036 0.1173 0.2486 0.0942 0.0937 0.3104 0.0049 
  G.8867Y%12 0.1704 0.0343 0.0046 0.0457 0.3455 0.0123 0.1272 0.2514 0.0086 
     G.88839 0.0020 0.0044 0.0165 0.0030 0.3278 0.0104 0.4488 0.0161 0.1712 
     G.88842 0.0524 0.1016 0.0172 0.0103 0.3746 0.0209 0.2337 0.0126 0.1768 
   GALACTICA 0.1097 0.3998 0.1270 0.0104 0.0892 0.0022 0.0122 0.0020 0.2475 
      GEMSON 0.1678 0.1820 0.1398 0.0954 0.1617 0.0165 0.0250 0.2055 0.0064 
  GL.76B/102 0.1485 0.0094 0.2916 0.1643 0.0206 0.0159 0.2417 0.0042 0.1038 
   GL.76B/94 0.0355 0.1720 0.4865 0.0028 0.0126 0.0059 0.0429 0.0018 0.2400 
  GL.77M/106 0.0223 0.1959 0.1679 0.0432 0.0061 0.3206 0.1228 0.1151 0.0061 
   GL.78/166 0.1083 0.0550 0.5428 0.0893 0.0310 0.0026 0.0484 0.0026 0.1202 
    GL.78/53 0.0084 0.0193 0.4984 0.1172 0.0028 0.1547 0.1661 0.0261 0.0072 
    GL.78/97 0.0346 0.0462 0.5284 0.0668 0.0038 0.0913 0.1311 0.0077 0.0900 
    GL.79/42 0.0023 0.0030 0.5092 0.0671 0.0026 0.0652 0.1322 0.1440 0.0743 
    GL.79/45 0.0027 0.0699 0.5592 0.0252 0.0127 0.0492 0.1225 0.1255 0.0332 
 GL.81_NT_25 0.0048 0.0584 0.3167 0.5446 0.0394 0.0096 0.0084 0.0026 0.0155 
   GLADIATOR 0.1670 0.0876 0.0027 0.0282 0.0046 0.0642 0.1836 0.2098 0.2523 
      GLAMIS 0.0830 0.0070 0.0195 0.4008 0.1142 0.0305 0.1485 0.1709 0.0256 
 GOLDEN_MILL 0.0053 0.0615 0.0549 0.2115 0.1591 0.4687 0.0117 0.0185 0.0087 
 GOLDEN_NUGG 0.0018 0.0078 0.0127 0.0072 0.3759 0.0232 0.0040 0.3545 0.2129 
 GOLDEN_WOND 0.1164 0.0074 0.5220 0.0068 0.0034 0.0423 0.0343 0.1102 0.1573 
     GRANOLA 0.0089 0.0374 0.1007 0.0120 0.0826 0.1935 0.4243 0.0610 0.0797 
    H1H3_101 0.0121 0.0077 0.2714 0.6911 0.0032 0.0064 0.0038 0.0014 0.0029 
      H1H3_3 0.0510 0.0058 0.1436 0.3475 0.1642 0.1372 0.0044 0.1281 0.0182 
 HARBOROUGH_ 0.0109 0.0036 0.0028 0.3523 0.0338 0.5788 0.0050 0.0054 0.0073 
   HARLEQUIN 0.0222 0.0505 0.1574 0.0283 0.0209 0.1360 0.4014 0.1709 0.0124 
      HERMES 0.1186 0.2347 0.0674 0.0561 0.0083 0.0043 0.2988 0.0036 0.2082 
 HIGHLAND_BU 0.0036 0.0033 0.7665 0.0047 0.1423 0.0457 0.0019 0.0021 0.0299 
  HOME_GUARD 0.1678 0.0494 0.2176 0.1108 0.1527 0.0634 0.0166 0.2147 0.0071 
     HORIZON 0.0064 0.0192 0.2098 0.0995 0.2110 0.0041 0.0442 0.0830 0.3228 
   INNOVATOR 0.3868 0.0619 0.1162 0.0051 0.1989 0.0089 0.0024 0.0031 0.2167 
 INTERNATION 0.0671 0.0073 0.8237 0.0057 0.0610 0.0030 0.0035 0.0019 0.0268 
 ISLE_OF_JUR 0.0203 0.1453 0.1080 0.3986 0.1513 0.0547 0.0969 0.0129 0.0118 
    JULIETTE 0.0040 0.0124 0.0478 0.0118 0.2714 0.0566 0.5499 0.0111 0.0351 
     KARLENA 0.2946 0.2537 0.1230 0.0249 0.0050 0.0280 0.0224 0.0019 0.2465 
 KERR'S_PINK 0.2656 0.0473 0.4218 0.0513 0.0392 0.0358 0.0090 0.1223 0.0076 
     KESTREL 0.0078 0.3060 0.0063 0.2741 0.0036 0.0317 0.0324 0.3334 0.0047 
       KIFLI 0.0323 0.0116 0.1396 0.0273 0.0049 0.1755 0.4359 0.0364 0.1365 
 KING_EDWARD 0.0905 0.0021 0.7093 0.0184 0.0043 0.0223 0.0523 0.0964 0.0044 
    KINGSTON 0.0027 0.0374 0.1621 0.3297 0.1237 0.2523 0.0120 0.0286 0.0515 
 KUFRI_CHAND 0.2970 0.0277 0.1475 0.1113 0.1772 0.0061 0.0964 0.0988 0.0381 
 KUFRI_JYOTI 0.0242 0.2531 0.1234 0.0035 0.2450 0.1545 0.0463 0.0387 0.1114 
      KURODA 0.1645 0.1213 0.0040 0.0434 0.1496 0.0049 0.1428 0.0050 0.3645 
 LADY_BALFOU 0.0667 0.3134 0.1378 0.1388 0.1288 0.0616 0.0049 0.1308 0.0171 
 LADY_CHRIST 0.0554 0.0105 0.2499 0.0176 0.0402 0.0898 0.0192 0.0857 0.4318 
 LADY_CLAIRE 0.0246 0.0061 0.1616 0.0097 0.2357 0.0029 0.0834 0.0010 0.4750 
     LADY_JO 0.0727 0.0047 0.2451 0.0264 0.1279 0.0028 0.0018 0.0038 0.5147 
 LADY_ROSETT 0.0682 0.0063 0.1059 0.0640 0.0183 0.0487 0.0098 0.2830 0.3960 
    LIBERTAS 0.0070 0.1013 0.2581 0.0044 0.0056 0.0051 0.0017 0.0115 0.6053 
       LINDA 0.0157 0.0940 0.2150 0.0043 0.0986 0.0099 0.5300 0.0092 0.0233 
      LINTON 0.2079 0.1535 0.0095 0.1520 0.0055 0.0127 0.2505 0.0457 0.1626 
 LINZER_DELI 0.0301 0.0040 0.1704 0.0034 0.0409 0.0762 0.3027 0.1637 0.2087 
   LIONHEART 0.1397 0.0475 0.0206 0.0180 0.2015 0.0791 0.0668 0.0649 0.3618 
   MADELEINE 0.0036 0.0102 0.0633 0.0147 0.1783 0.0602 0.2730 0.1277 0.2690 
   MADINGLEY 0.1592 0.1976 0.0079 0.0895 0.0024 0.0481 0.3185 0.0114 0.1653 
    MAJESTIC 0.3492 0.0394 0.0542 0.0121 0.2896 0.0603 0.0292 0.1590 0.0072 
     MARABEL 0.0650 0.0224 0.0067 0.0080 0.2460 0.0219 0.2961 0.0326 0.3014 
     MARFONA 0.1278 0.0178 0.1165 0.0923 0.1245 0.0079 0.0085 0.0830 0.4217 
     MARILYN 0.0278 0.1133 0.0791 0.0067 0.1918 0.0674 0.3113 0.0400 0.1625 
 MARIS_ANCHO 0.1493 0.0077 0.1648 0.0477 0.1927 0.0312 0.1270 0.0893 0.1903 
  MARIS_BARD 0.1542 0.0355 0.1060 0.2634 0.2506 0.0161 0.0013 0.0123 0.1606 
  MARIS_PEER 0.2201 0.1256 0.1251 0.1585 0.1576 0.0101 0.0588 0.1409 0.0034 
 MARIS_PIPER 0.0031 0.0045 0.0976 0.7808 0.0047 0.0663 0.0307 0.0053 0.0070 
     MARKIES 0.0460 0.0324 0.1043 0.0121 0.0933 0.0146 0.2623 0.0642 0.3707 
      MAXINE 0.1849 0.0250 0.0092 0.3815 0.0503 0.0187 0.0457 0.2753 0.0095 
      MEGARA 0.0086 0.0276 0.0629 0.0335 0.1809 0.0378 0.2815 0.0322 0.3351 
      MELODY 0.0279 0.1472 0.1357 0.0482 0.1029 0.0553 0.1648 0.0133 0.3047 
       MIDAS 0.0035 0.0079 0.0928 0.4676 0.0092 0.0400 0.2242 0.0193 0.1356 
       MILVA 0.0182 0.0333 0.1737 0.0074 0.2083 0.0565 0.2867 0.0102 0.2057 
        MIMI 0.0023 0.0118 0.0739 0.1864 0.1117 0.1053 0.0059 0.2692 0.2334 
        MIRA 0.0065 0.0211 0.2086 0.0164 0.3391 0.0029 0.0082 0.0048 0.3924 
       MOIRA 0.0586 0.1464 0.1315 0.0496 0.2445 0.0206 0.2009 0.0227 0.1252 
    MONTROSE 0.0031 0.0139 0.2070 0.2822 0.0032 0.4767 0.0066 0.0029 0.0042 
       MORAG 0.0397 0.1014 0.1751 0.0479 0.2371 0.1822 0.0030 0.2088 0.0048 
      MORENE 0.0932 0.0633 0.1440 0.0036 0.1750 0.0047 0.0074 0.0075 0.5014 
      MOZART 0.0102 0.0048 0.0017 0.0036 0.1322 0.1998 0.2660 0.1168 0.2649 
 MYATT'S_ASH 0.0681 0.0170 0.6946 0.0037 0.1166 0.0021 0.0078 0.0015 0.0886 
      NADINE 0.0072 0.0155 0.0049 0.3441 0.0446 0.1046 0.1169 0.3088 0.0534 
       NAVAN 0.0175 0.0121 0.0321 0.6369 0.0622 0.0661 0.0216 0.1429 0.0084 
 NDTX_4271_5 0.2080 0.0033 0.0080 0.0741 0.0050 0.1359 0.2111 0.3502 0.0044 
      NICOLA 0.0519 0.0078 0.1576 0.0035 0.1622 0.0026 0.4781 0.0032 0.1331 
     NOVELLA 0.0198 0.0804 0.0335 0.0261 0.2756 0.0153 0.1419 0.1492 0.2581 
     OLYMPUS 0.1298 0.0277 0.0929 0.1103 0.0415 0.3667 0.0582 0.1611 0.0118 
       OPERA 0.0935 0.0929 0.0069 0.0268 0.0685 0.1385 0.1763 0.1030 0.2936 
   ORCHESTRA 0.0086 0.0146 0.0702 0.0825 0.1551 0.0494 0.3109 0.0939 0.2148 
      ORIANA 0.1292 0.1362 0.0508 0.0042 0.2843 0.0022 0.1332 0.0067 0.2533 
     OTHELLO 0.0957 0.4815 0.0067 0.0835 0.0058 0.0227 0.0422 0.2581 0.0039 
     PALADIN 0.0502 0.0038 0.1648 0.6005 0.0078 0.1280 0.0034 0.0035 0.0380 
       PANDA 0.0086 0.0643 0.0157 0.0568 0.0755 0.0516 0.4897 0.0962 0.1417 
   PARAMOUNT 0.0109 0.3134 0.0599 0.0036 0.0408 0.0364 0.0414 0.2737 0.2199 
    PATRONES 0.1579 0.0302 0.1658 0.0667 0.1336 0.0081 0.1400 0.0467 0.2511 
 PENTLAND_AC 0.0539 0.0520 0.1471 0.1339 0.2186 0.0071 0.0550 0.2535 0.0788 
 PENTLAND_BE 0.1794 0.1282 0.3955 0.0421 0.1906 0.0025 0.0029 0.0283 0.0305 
 PENTLAND_CR 0.0733 0.0807 0.0822 0.0074 0.3189 0.2765 0.0043 0.0093 0.1473 
 PENTLAND_DE 0.1633 0.0977 0.2162 0.0054 0.1642 0.1878 0.0056 0.1505 0.0095 
 PENTLAND_IV 0.1978 0.0384 0.0600 0.0129 0.1959 0.1011 0.0906 0.3007 0.0027 
 PENTLAND_JA 0.3203 0.0537 0.0594 0.0172 0.2536 0.1527 0.0095 0.0185 0.1151 
 PENTLAND_MA 0.0557 0.2259 0.1027 0.0093 0.3791 0.0150 0.0562 0.0048 0.1514 
 PENTLAND_SQ 0.1058 0.0647 0.1772 0.0056 0.2970 0.2605 0.0162 0.0578 0.0152 
   PEPO_1978 0.0239 0.0572 0.1152 0.0896 0.1800 0.0171 0.3671 0.0032 0.1468 
     PICASSO 0.0368 0.5199 0.0021 0.1172 0.0450 0.0077 0.0535 0.0410 0.1767 
   PIMPERNEL 0.0033 0.1058 0.1723 0.0067 0.0082 0.1039 0.1063 0.0425 0.4512 
     PIONEER 0.0160 0.0066 0.1569 0.0047 0.2058 0.0804 0.5185 0.0057 0.0053 
       PIXIE 0.0078 0.1708 0.0031 0.1864 0.0061 0.1703 0.0322 0.3203 0.1031 
    PREMIERE 0.0549 0.0067 0.2290 0.0633 0.2643 0.0050 0.0027 0.0043 0.3698 
   PRODUCENT 0.0432 0.0037 0.0602 0.1543 0.0652 0.0745 0.1220 0.1021 0.3748 
     PROVOST 0.2190 0.1486 0.1215 0.0061 0.1934 0.1287 0.0541 0.0442 0.0845 
  R.P.LUSTRE 0.0879 0.0107 0.2283 0.1144 0.1205 0.0978 0.1625 0.1732 0.0047 
 RANGER_RUSS 0.4944 0.1231 0.1713 0.0028 0.0596 0.0022 0.0440 0.0042 0.0983 
       RATTE 0.0436 0.0036 0.4468 0.0076 0.0024 0.2532 0.0917 0.1268 0.0243 
      RECORD 0.0060 0.0534 0.2520 0.0065 0.0212 0.0039 0.0034 0.0286 0.6251 
   REMBRANDT 0.1300 0.0058 0.0984 0.0671 0.2027 0.0785 0.1309 0.0097 0.2769 
    RIO_ROJO 0.3060 0.0824 0.0215 0.0065 0.0047 0.1163 0.1304 0.2161 0.1162 
      ROBIJN 0.0185 0.0676 0.2713 0.0034 0.0665 0.0050 0.0615 0.0044 0.5018 
      ROCKET 0.0535 0.0124 0.1485 0.4288 0.0210 0.1294 0.0039 0.1678 0.0348 
   RODE_STAR 0.0012 0.0088 0.3525 0.0048 0.0020 0.0109 0.1590 0.0825 0.3782 
      ROMANO 0.0042 0.1718 0.0082 0.0077 0.1091 0.0549 0.0881 0.2232 0.3329 
       ROMEO 0.0288 0.2067 0.1902 0.0041 0.0115 0.1226 0.1680 0.2576 0.0106 
     ROOSTER 0.0782 0.1410 0.1141 0.0050 0.2284 0.2641 0.0252 0.0474 0.0965 
       ROYAL 0.0089 0.0821 0.0733 0.3117 0.0045 0.0394 0.3142 0.0191 0.1468 
 ROYAL_KIDNE 0.3727 0.0073 0.3730 0.0032 0.1851 0.0030 0.0017 0.0379 0.0162 
     RUBESSE 0.1108 0.0398 0.0656 0.0065 0.1457 0.0697 0.2198 0.1961 0.1459 
 RUSSET_BURB 0.4737 0.0168 0.1075 0.0063 0.0480 0.0417 0.0683 0.1378 0.1000 
 RUSSET_NORK 0.5090 0.0070 0.0328 0.0099 0.0222 0.0397 0.2035 0.1727 0.0032 
      SAFARI 0.0052 0.0446 0.0088 0.0056 0.3009 0.0722 0.0296 0.1766 0.3563 
     SANTANA 0.2102 0.0541 0.0364 0.0893 0.0146 0.0677 0.0833 0.0658 0.3786 
       SANTE 0.0037 0.0068 0.0804 0.0280 0.1520 0.1017 0.0139 0.2293 0.3842 
     SAPHIRE 0.2175 0.0151 0.0031 0.0189 0.1757 0.1305 0.0406 0.0485 0.3502 
  SARPO_MIRA 0.0194 0.0449 0.1349 0.0187 0.0020 0.0070 0.2949 0.2290 0.2491 
 SARPO_SHONA 0.0081 0.0596 0.0737 0.0165 0.0044 0.0118 0.2855 0.2114 0.3289 
       SASSY 0.1301 0.0293 0.1942 0.0634 0.0311 0.0402 0.1095 0.1118 0.2904 
     SATURNA 0.0068 0.0127 0.2458 0.0347 0.0084 0.0101 0.2479 0.0098 0.4238 
        SAVA 0.0775 0.0065 0.0302 0.1014 0.1699 0.0048 0.3259 0.1709 0.1128 
       SAXON 0.0029 0.0188 0.1074 0.4412 0.1762 0.1854 0.0136 0.0483 0.0063 
 SCARBOROUGH 0.0045 0.0024 0.0223 0.4388 0.0135 0.4761 0.0085 0.0311 0.0028 
 SEFTON_WOND 0.2199 0.0168 0.4016 0.0727 0.0930 0.0701 0.0027 0.1187 0.0045 
    SERAFINA 0.0094 0.0515 0.1169 0.0024 0.0831 0.0896 0.3131 0.1429 0.1911 
     SETANTA 0.0610 0.1140 0.0249 0.0112 0.0837 0.5102 0.0209 0.0675 0.1066 
 SHARPE'S_EX 0.0885 0.0132 0.5696 0.0912 0.0113 0.0044 0.0742 0.0837 0.0639 
     SHELAGH 0.0108 0.2236 0.2512 0.1033 0.0869 0.0918 0.0248 0.0833 0.1242 
    SHELFORD 0.1629 0.2235 0.1123 0.0108 0.0017 0.0033 0.2722 0.0067 0.2066 
     SHEPODY 0.3978 0.1727 0.1291 0.0057 0.0580 0.0052 0.0020 0.0031 0.2264 
      SLANEY 0.0089 0.3064 0.0054 0.2056 0.1027 0.0653 0.0894 0.2122 0.0042 
        SPEY 0.0032 0.3454 0.0025 0.1874 0.1258 0.0718 0.0155 0.2338 0.0147 
      SPUNTA 0.0494 0.1249 0.1869 0.0149 0.0089 0.1410 0.2455 0.1496 0.0789 
     STAMINA 0.0355 0.1413 0.0018 0.6071 0.0158 0.0142 0.0059 0.1564 0.0219 
    STEMSTER 0.0291 0.0688 0.1435 0.3029 0.0229 0.0171 0.1418 0.0836 0.1903 
 STORMONT_EN 0.0635 0.0894 0.1629 0.1587 0.0418 0.0083 0.0097 0.1587 0.3071 
    STIRLING 0.0800 0.2373 0.0079 0.0346 0.3074 0.2268 0.0158 0.0734 0.0167 
     SYLVANA 0.1799 0.0648 0.0386 0.0807 0.1360 0.0198 0.1625 0.1116 0.2059 
         TAY 0.0092 0.1777 0.0054 0.1256 0.0766 0.4847 0.0273 0.0843 0.0092 
      TIMATE 0.0769 0.0055 0.0325 0.0789 0.0322 0.0689 0.3375 0.0569 0.3108 
      TOLUCA 0.0541 0.1749 0.0381 0.0035 0.2244 0.0120 0.3109 0.0112 0.1711 
    TORRIDON 0.0363 0.2514 0.0882 0.0148 0.2079 0.0951 0.0886 0.0053 0.2124 
 ULSTER_SCEP 0.1434 0.0089 0.0582 0.2875 0.2914 0.0138 0.0030 0.1832 0.0107 
 UMATILLA_RU 0.0133 0.0269 0.3589 0.2578 0.0754 0.1054 0.0382 0.0273 0.0967 
 VALES_EMERA 0.0340 0.0184 0.0948 0.1239 0.0460 0.1771 0.3151 0.1800 0.0105 
 VALES_EVERE 0.0175 0.2720 0.1153 0.0627 0.0734 0.2861 0.0051 0.1602 0.0077 
 VALES_RUSSE 0.4298 0.0303 0.1832 0.0095 0.0374 0.1120 0.1308 0.0167 0.0505 
 VALES_SOVER 0.0082 0.5962 0.0023 0.2498 0.0057 0.1003 0.0101 0.0119 0.0155 
       VALOR 0.0036 0.3188 0.0018 0.2211 0.0223 0.1445 0.0023 0.2261 0.0594 
    VAN_GOGH 0.0090 0.0045 0.1392 0.0547 0.2017 0.0586 0.1032 0.0537 0.3754 
     VANTAGE 0.1976 0.0248 0.2429 0.0356 0.0107 0.0026 0.0038 0.0448 0.4373 
       VERDI 0.0312 0.0922 0.1800 0.0816 0.0709 0.0409 0.2755 0.0039 0.2237 
    VICTORIA 0.1912 0.0150 0.0202 0.0187 0.2597 0.0527 0.1831 0.0259 0.2335 
     VIVALDI 0.1409 0.0985 0.0220 0.0031 0.3496 0.0031 0.1008 0.0032 0.2788 
       WILJA 0.0915 0.0688 0.1509 0.0336 0.1502 0.0016 0.0017 0.0035 0.4981 
     WINSTON 0.0095 0.0505 0.0030 0.3545 0.0441 0.0591 0.0487 0.4136 0.0170 
      XD2-21 0.1524 0.0929 0.1736 0.0480 0.1463 0.0409 0.0059 0.2578 0.0822 
  YUKON_GOLD 0.2960 0.0083 0.0028 0.0396 0.0126 0.2558 0.1937 0.1274 0.0638 
       ZORBA 0.1564 0.0986 0.1367 0.0108 0.3187 0.0135 0.0170 0.0045 0.2440 
