  00C133-020 0.3532 0.0035 0.0108 0.1577 0.0089 0.1760 0.0875 0.0045 0.1979 
 01C_071-002 0.1426 0.0747 0.1171 0.0655 0.1706 0.0021 0.0151 0.1361 0.2762 
 02M_012-001 0.4005 0.0049 0.1262 0.2754 0.0560 0.0094 0.0022 0.0632 0.0622 
 03M_016-002 0.3513 0.2066 0.3168 0.0440 0.0055 0.0036 0.0065 0.0410 0.0247 
 03M_034-002 0.3087 0.0042 0.1669 0.3086 0.0403 0.0270 0.0737 0.0020 0.0687 
 04C_055-004 0.4132 0.0180 0.0573 0.0479 0.0194 0.1708 0.0460 0.2169 0.0105 
 04C_126-005 0.1778 0.0053 0.0904 0.1740 0.0438 0.0726 0.1682 0.0120 0.2560 
 04M_034-013 0.3661 0.1162 0.2055 0.1544 0.0313 0.0345 0.0270 0.0577 0.0072 
 05M_002-001 0.1273 0.1058 0.0899 0.0283 0.1368 0.0075 0.2420 0.2188 0.0437 
 05M_004-003 0.1182 0.0392 0.0057 0.1088 0.1741 0.0133 0.2839 0.1102 0.1466 
 05M_012-004 0.0571 0.1304 0.0171 0.2066 0.2163 0.1264 0.1588 0.0049 0.0824 
 06C_127-002 0.0755 0.0603 0.0159 0.3714 0.0037 0.1458 0.0841 0.1910 0.0524 
 12288_AF_23 0.3111 0.0269 0.0048 0.0999 0.0803 0.3892 0.0089 0.0215 0.0573 
    12601AB1 0.1161 0.0027 0.3923 0.4664 0.0071 0.0025 0.0035 0.0026 0.0069 
   12636_A_2 0.2807 0.0414 0.1563 0.3310 0.0112 0.0846 0.0120 0.0025 0.0803 
  15119_AC_5 0.2720 0.0157 0.1712 0.0028 0.0193 0.0092 0.0107 0.0014 0.4977 
     1512C16 0.0048 0.2122 0.2313 0.0362 0.0847 0.2027 0.1252 0.0245 0.0784 
   15144_A_3 0.0063 0.0027 0.0409 0.0033 0.0062 0.1538 0.0437 0.1785 0.5648 
     1563C14 0.0124 0.0535 0.4113 0.0048 0.1814 0.1208 0.0194 0.1707 0.0256 
     2182EF7 0.0112 0.1546 0.0433 0.1628 0.0052 0.0419 0.3252 0.0173 0.2386 
     3681AD1 0.0147 0.0719 0.0270 0.1290 0.3001 0.0073 0.1520 0.0373 0.2607 
     5008AB6 0.0035 0.0039 0.0882 0.1642 0.1377 0.0183 0.2359 0.1385 0.2100 
    8204_A_4 0.0165 0.0507 0.0258 0.2430 0.0159 0.1591 0.2228 0.0381 0.2283 
       AGRIA 0.0235 0.0670 0.0234 0.0227 0.1629 0.0024 0.3193 0.3750 0.0038 
       AILSA 0.3866 0.0580 0.0780 0.2371 0.0035 0.0742 0.0064 0.1485 0.0077 
      ALMERA 0.0942 0.1510 0.0107 0.0038 0.1929 0.0072 0.2520 0.2633 0.0250 
       ALPHA 0.0152 0.0937 0.1935 0.0399 0.4587 0.1450 0.0048 0.0387 0.0105 
      ALWARA 0.0151 0.0210 0.0195 0.0216 0.3128 0.1797 0.0123 0.1965 0.2215 
      AMADRA 0.1285 0.0162 0.1401 0.1122 0.2655 0.0745 0.0537 0.1970 0.0123 
       AMOUR 0.2877 0.0227 0.0191 0.1323 0.0154 0.0764 0.0089 0.0173 0.4202 
        ANNA 0.0071 0.0122 0.1244 0.0197 0.0040 0.0074 0.1852 0.0016 0.6384 
   ANNABELLE 0.0105 0.0218 0.0247 0.0186 0.2057 0.0068 0.3338 0.3662 0.0120 
        ANYA 0.0050 0.0329 0.1970 0.0934 0.0581 0.1790 0.0969 0.3121 0.0258 
       ARGOS 0.2333 0.0170 0.0062 0.0027 0.0155 0.1806 0.1119 0.0228 0.4100 
     ARIELLE 0.0416 0.0962 0.0744 0.0023 0.1995 0.0463 0.1582 0.3111 0.0704 
      ARKULA 0.0087 0.0408 0.1147 0.0089 0.4057 0.1743 0.1742 0.0567 0.0161 
      ARMADA 0.1316 0.0422 0.1110 0.0050 0.3398 0.1356 0.1217 0.0961 0.0170 
   AVALANCHE 0.4267 0.1532 0.0070 0.0462 0.2016 0.0242 0.0339 0.0178 0.0894 
     BAILLIE 0.4302 0.0779 0.0047 0.0982 0.1168 0.0645 0.0248 0.0705 0.1124 
    BALMORAL 0.0164 0.2024 0.0194 0.0181 0.1657 0.0216 0.1473 0.0035 0.4056 
     BAMBINO 0.4054 0.0094 0.0130 0.1143 0.0400 0.1386 0.0407 0.0551 0.1835 
       BARNA 0.0288 0.0234 0.0532 0.0200 0.1499 0.3003 0.0041 0.1118 0.3085 
 BELLE_DE_FO 0.0033 0.0509 0.8068 0.0014 0.0142 0.0200 0.0417 0.0040 0.0577 
       BENOL 0.3413 0.0043 0.1337 0.3482 0.0075 0.0018 0.1416 0.0159 0.0056 
       BF_15 0.0032 0.0108 0.6638 0.0023 0.0911 0.0067 0.1115 0.0703 0.0403 
      BINTJE 0.0740 0.1151 0.2990 0.0068 0.1669 0.1063 0.1431 0.0526 0.0362 
 BIONICA_EX_ 0.0148 0.0203 0.1130 0.2447 0.2025 0.0144 0.2680 0.0348 0.0875 
 BLUE_DANUBE 0.0230 0.1200 0.1115 0.0054 0.4355 0.0032 0.1618 0.0097 0.1299 
      BONNIE 0.1193 0.0342 0.0245 0.1527 0.1779 0.2159 0.0749 0.0818 0.1188 
      BOUNTY 0.3495 0.0065 0.0106 0.1117 0.0553 0.1826 0.1009 0.0150 0.1678 
 BRITISH_QUE 0.0698 0.2853 0.3529 0.0012 0.0170 0.0035 0.2475 0.0038 0.0189 
     BRODICK 0.1744 0.0259 0.0058 0.6142 0.0232 0.0322 0.0446 0.0549 0.0249 
      BRODIE 0.0096 0.1239 0.0964 0.0587 0.0050 0.2521 0.0563 0.0043 0.3937 
      BUCHAN 0.0455 0.0881 0.0751 0.0620 0.0036 0.2867 0.0201 0.0682 0.3506 
      BURREN 0.0299 0.0182 0.1125 0.0502 0.0640 0.0841 0.0614 0.1400 0.4397 
     CABARET 0.4478 0.0082 0.2331 0.1044 0.0033 0.1064 0.0853 0.0030 0.0085 
      CAESAR 0.0044 0.0748 0.0020 0.1013 0.2975 0.1305 0.1287 0.2303 0.0304 
        CARA 0.0521 0.0059 0.0560 0.0301 0.0102 0.1757 0.0324 0.0057 0.6318 
 CARLINGFORD 0.0622 0.2115 0.0214 0.0624 0.0087 0.2485 0.2128 0.0977 0.0749 
  CASABLANCA 0.2514 0.0976 0.0019 0.1132 0.1512 0.0046 0.1212 0.0033 0.2555 
      CELINE 0.0207 0.0041 0.0687 0.0224 0.2915 0.2459 0.3135 0.0063 0.0270 
  CHALLENGER 0.1331 0.1026 0.0938 0.0690 0.1627 0.0736 0.1756 0.1871 0.0025 
   CHARLOTTE 0.0089 0.0038 0.1310 0.1860 0.0088 0.1444 0.0528 0.4561 0.0081 
     CHICAGO 0.4141 0.0062 0.0248 0.1557 0.1685 0.0063 0.0213 0.1820 0.0211 
   CHIEFTAIN 0.0057 0.2703 0.0880 0.0943 0.0068 0.2968 0.0516 0.1757 0.0109 
      CHOPIN 0.0155 0.1606 0.0157 0.0478 0.2647 0.0532 0.2566 0.1703 0.0156 
      CLARET 0.0709 0.0205 0.0466 0.0124 0.0170 0.1993 0.0169 0.0727 0.5437 
      CORINE 0.1163 0.1494 0.0375 0.1562 0.2335 0.0032 0.1307 0.0040 0.1691 
      COSMOS 0.0916 0.2133 0.0185 0.0700 0.4606 0.0413 0.0385 0.0554 0.0109 
     COURAGE 0.0168 0.0992 0.0809 0.0632 0.3473 0.2277 0.1003 0.0474 0.0172 
     COURLAN 0.0234 0.2709 0.0335 0.1061 0.0786 0.1037 0.0051 0.2472 0.1316 
 CRAIGS_ROYA 0.1521 0.1370 0.0833 0.0176 0.0050 0.3047 0.0159 0.0073 0.2770 
 CRAIGS_SNOW 0.1788 0.2308 0.2782 0.0042 0.0170 0.1261 0.0574 0.0555 0.0519 
     CRAMOND 0.2751 0.0274 0.0059 0.3446 0.0620 0.0662 0.1945 0.0051 0.0193 
 CRISPS_FOR_ 0.0301 0.0946 0.0457 0.0524 0.2834 0.2496 0.0456 0.1891 0.0094 
    CROMWELL 0.6192 0.0030 0.1951 0.0149 0.0132 0.0132 0.0076 0.0610 0.0728 
       D22/1 0.5631 0.0718 0.1454 0.0027 0.0110 0.1001 0.0589 0.0031 0.0438 
       D23/3 0.3765 0.1076 0.2718 0.0101 0.0075 0.1157 0.0462 0.0523 0.0123 
      D47-11 0.6862 0.0108 0.1970 0.0529 0.0288 0.0035 0.0062 0.0048 0.0099 
       D49/1 0.7038 0.0039 0.1297 0.0804 0.0091 0.0167 0.0064 0.0481 0.0018 
       DAISY 0.3710 0.0118 0.1684 0.1461 0.1535 0.0468 0.0093 0.0880 0.0050 
 DARK_RED_NO 0.0221 0.3747 0.0803 0.0346 0.0101 0.0407 0.0713 0.2162 0.1501 
     DARWINA 0.1148 0.1428 0.0729 0.0049 0.3450 0.0621 0.1222 0.1305 0.0049 
     DESIREE 0.0022 0.0412 0.1152 0.0025 0.2570 0.2978 0.0036 0.1836 0.0971 
       DITTA 0.0314 0.1187 0.1122 0.0030 0.1401 0.0070 0.2473 0.3274 0.0131 
 DR._MCINTOS 0.0444 0.3453 0.0370 0.0368 0.0137 0.2429 0.2624 0.0069 0.0106 
       DRAGA 0.0853 0.2956 0.0031 0.1343 0.2279 0.0088 0.1140 0.0544 0.0765 
 DUKE_OF_YOR 0.0026 0.3042 0.3326 0.0022 0.1308 0.0021 0.2169 0.0038 0.0048 
 DUNBAR_STAN 0.1525 0.3422 0.2434 0.0055 0.0055 0.1502 0.0604 0.0125 0.0278 
     DUNDROD 0.4092 0.0824 0.1245 0.0918 0.0061 0.0595 0.0043 0.1423 0.0799 
     ECLIPSE 0.0092 0.2537 0.3939 0.0393 0.0050 0.1552 0.0048 0.1367 0.0021 
        EDEN 0.5194 0.0078 0.1626 0.2796 0.0063 0.0118 0.0033 0.0039 0.0055 
 EDZELL_BLUE 0.0177 0.0965 0.2992 0.0685 0.1912 0.1037 0.0939 0.0491 0.0801 
   ELISABETH 0.0654 0.0059 0.0085 0.0305 0.0987 0.2404 0.2571 0.2904 0.0029 
     EMPEROR 0.1302 0.2785 0.0062 0.1174 0.0741 0.0693 0.0944 0.2224 0.0075 
         EOS 0.1498 0.1068 0.0130 0.1242 0.1350 0.2469 0.0208 0.1972 0.0062 
     EPICURE 0.0038 0.2163 0.3604 0.0341 0.0908 0.2246 0.0339 0.0319 0.0042 
  ERNTESTOLZ 0.0207 0.1536 0.2142 0.0179 0.1399 0.0058 0.1991 0.1760 0.0727 
      ESCORT 0.0344 0.0078 0.0073 0.1533 0.3471 0.1717 0.0581 0.2032 0.0171 
   ESMERALDA 0.0559 0.0090 0.1408 0.0823 0.2788 0.2108 0.1069 0.1001 0.0154 
      ESTIMA 0.0804 0.1597 0.0533 0.0635 0.2982 0.1484 0.0498 0.1429 0.0038 
 EVE_BALFOUR 0.0207 0.0873 0.1915 0.2523 0.0351 0.0395 0.0161 0.0061 0.3513 
   EXCALIBUR 0.3214 0.0020 0.0026 0.1519 0.0080 0.0796 0.1225 0.0137 0.2983 
     EXQUISA 0.0039 0.0041 0.1524 0.0042 0.1926 0.0428 0.1293 0.3518 0.1187 
    FESTIVAL 0.0702 0.0085 0.0053 0.0715 0.2894 0.1404 0.1942 0.2145 0.0059 
      FIANNA 0.0268 0.1717 0.0061 0.0397 0.2305 0.0501 0.2321 0.0867 0.1563 
   FIFTYFOLD 0.0267 0.1110 0.5181 0.0388 0.0490 0.1360 0.0059 0.0664 0.0479 
     FONTANE 0.1671 0.1078 0.0096 0.0223 0.1924 0.0214 0.2287 0.2467 0.0040 
   FORTYFOLD 0.0024 0.1544 0.5067 0.0113 0.2166 0.0030 0.0833 0.0042 0.0180 
 FRONTIER_RU 0.0349 0.4129 0.1155 0.0777 0.0423 0.1053 0.0041 0.1997 0.0075 
     G.81071 0.0525 0.1212 0.0654 0.1906 0.0703 0.1482 0.2260 0.0352 0.0907 
     G.88661 0.1441 0.2205 0.0045 0.0815 0.0657 0.1991 0.2086 0.0686 0.0074 
    G.886611 0.1086 0.1519 0.0031 0.1002 0.0069 0.3028 0.2113 0.1114 0.0038 
  G.8867Y%12 0.0316 0.1994 0.0045 0.0150 0.0084 0.2511 0.3009 0.1429 0.0462 
     G.88839 0.0030 0.0028 0.0120 0.0162 0.2276 0.0257 0.2587 0.4491 0.0048 
     G.88842 0.0073 0.0735 0.0099 0.0259 0.2123 0.0126 0.3072 0.2387 0.1126 
   GALACTICA 0.0119 0.1039 0.1296 0.0022 0.2490 0.0021 0.0822 0.0139 0.4052 
      GEMSON 0.0982 0.1613 0.1444 0.0122 0.0050 0.2041 0.1756 0.0224 0.1767 
  GL.76B/102 0.1627 0.1463 0.2899 0.0195 0.1136 0.0038 0.0109 0.2428 0.0106 
   GL.76B/94 0.0024 0.0346 0.4796 0.0063 0.2517 0.0016 0.0068 0.0435 0.1735 
  GL.77M/106 0.0410 0.0122 0.1691 0.3246 0.0088 0.1189 0.0069 0.1217 0.1969 
   GL.78/166 0.0896 0.1014 0.5417 0.0031 0.1245 0.0026 0.0324 0.0498 0.0548 
    GL.78/53 0.1170 0.0074 0.4943 0.1585 0.0049 0.0208 0.0034 0.1716 0.0221 
    GL.78/97 0.0601 0.0313 0.5225 0.0972 0.1023 0.0062 0.0047 0.1305 0.0451 
    GL.79/42 0.0661 0.0024 0.5050 0.0705 0.0786 0.1315 0.0025 0.1400 0.0034 
    GL.79/45 0.0295 0.0028 0.5500 0.0532 0.0429 0.1139 0.0084 0.1301 0.0693 
 GL.81_NT_25 0.5381 0.0041 0.3147 0.0081 0.0095 0.0025 0.0666 0.0072 0.0491 
   GLADIATOR 0.0354 0.1628 0.0036 0.0608 0.2491 0.2059 0.0052 0.1853 0.0919 
      GLAMIS 0.3966 0.0888 0.0156 0.0366 0.0344 0.1662 0.1022 0.1524 0.0071 
 GOLDEN_MILL 0.1983 0.0050 0.0469 0.4761 0.0113 0.0185 0.1603 0.0105 0.0732 
 GOLDEN_NUGG 0.0069 0.0018 0.0109 0.0111 0.1705 0.3382 0.4469 0.0055 0.0083 
 GOLDEN_WOND 0.0077 0.1051 0.5200 0.0475 0.1647 0.1093 0.0037 0.0340 0.0081 
     GRANOLA 0.0087 0.0098 0.0958 0.2028 0.1043 0.0575 0.0479 0.4315 0.0418 
    H1H3_101 0.6850 0.0126 0.2767 0.0061 0.0028 0.0013 0.0035 0.0043 0.0078 
      H1H3_3 0.3419 0.0509 0.1473 0.1366 0.0096 0.1262 0.1761 0.0045 0.0068 
 HARBOROUGH_ 0.3409 0.0123 0.0026 0.5900 0.0052 0.0045 0.0363 0.0041 0.0041 
   HARLEQUIN 0.0269 0.0128 0.1615 0.1361 0.0123 0.1715 0.0310 0.4055 0.0426 
      HERMES 0.0636 0.1020 0.0734 0.0050 0.2136 0.0034 0.0095 0.2952 0.2343 
 HIGHLAND_BU 0.0050 0.0029 0.7573 0.0428 0.0323 0.0023 0.1520 0.0019 0.0036 
  HOME_GUARD 0.1074 0.1571 0.2208 0.0582 0.0054 0.2138 0.1775 0.0187 0.0413 
     HORIZON 0.1003 0.0062 0.2033 0.0031 0.3075 0.0707 0.2390 0.0494 0.0205 
   INNOVATOR 0.0051 0.3914 0.1179 0.0100 0.2073 0.0027 0.1944 0.0028 0.0683 
 INTERNATION 0.0061 0.0416 0.8218 0.0027 0.0148 0.0018 0.1001 0.0032 0.0079 
 ISLE_OF_JUR 0.3953 0.0239 0.1111 0.0559 0.0127 0.0177 0.1115 0.1080 0.1639 
    JULIETTE 0.0111 0.0030 0.0358 0.0431 0.0148 0.0102 0.3192 0.5506 0.0123 
     KARLENA 0.0325 0.2799 0.1257 0.0249 0.2508 0.0022 0.0050 0.0205 0.2585 
 KERR'S_PINK 0.0492 0.2520 0.4283 0.0320 0.0062 0.1212 0.0543 0.0113 0.0455 
     KESTREL 0.2744 0.0099 0.0048 0.0291 0.0054 0.3285 0.0040 0.0449 0.2989 
       KIFLI 0.0276 0.0225 0.1314 0.1794 0.1649 0.0339 0.0047 0.4270 0.0086 
 KING_EDWARD 0.0232 0.0843 0.7099 0.0238 0.0045 0.0890 0.0038 0.0594 0.0020 
    KINGSTON 0.3222 0.0024 0.1582 0.2498 0.0373 0.0277 0.1440 0.0134 0.0450 
 KUFRI_CHAND 0.1143 0.2925 0.1485 0.0076 0.0263 0.0938 0.1808 0.1037 0.0326 
 KUFRI_JYOTI 0.0037 0.0209 0.1218 0.1517 0.1075 0.0319 0.2360 0.0569 0.2696 
      KURODA 0.0453 0.1622 0.0048 0.0068 0.3685 0.0047 0.1443 0.1378 0.1258 
 LADY_BALFOU 0.1371 0.0728 0.1384 0.0558 0.0233 0.1326 0.1138 0.0063 0.3199 
 LADY_CHRIST 0.0161 0.0498 0.2446 0.0907 0.4278 0.0849 0.0555 0.0187 0.0120 
 LADY_CLAIRE 0.0118 0.0101 0.1579 0.0023 0.4372 0.0009 0.2988 0.0746 0.0064 
     LADY_JO 0.0271 0.0639 0.2418 0.0027 0.4961 0.0030 0.1601 0.0019 0.0035 
 LADY_ROSETT 0.0632 0.0697 0.1015 0.0534 0.3975 0.2769 0.0218 0.0096 0.0064 
    LIBERTAS 0.0044 0.0057 0.2540 0.0044 0.6033 0.0134 0.0079 0.0016 0.1054 
       LINDA 0.0039 0.0108 0.2118 0.0079 0.0274 0.0086 0.0971 0.5367 0.0958 
      LINTON 0.1607 0.1953 0.0139 0.0132 0.1581 0.0388 0.0045 0.2585 0.1571 
 LINZER_DELI 0.0044 0.0227 0.1681 0.0760 0.2294 0.1658 0.0343 0.2953 0.0040 
   LIONHEART 0.0227 0.1387 0.0134 0.0755 0.3528 0.0634 0.2195 0.0684 0.0457 
   MADELEINE 0.0168 0.0041 0.0599 0.0641 0.2715 0.1239 0.1741 0.2768 0.0090 
   MADINGLEY 0.0929 0.1461 0.0071 0.0488 0.1799 0.0119 0.0026 0.3131 0.1975 
    MAJESTIC 0.0073 0.3629 0.0537 0.0619 0.0091 0.1593 0.2631 0.0372 0.0454 
     MARABEL 0.0102 0.0772 0.0060 0.0222 0.3139 0.0275 0.2227 0.2970 0.0234 
     MARFONA 0.0934 0.1271 0.1172 0.0080 0.4117 0.0822 0.1343 0.0075 0.0186 
     MARILYN 0.0071 0.0265 0.0756 0.0649 0.1681 0.0460 0.1867 0.3103 0.1147 
 MARIS_ANCHO 0.0420 0.1610 0.1567 0.0429 0.2114 0.0920 0.1559 0.1286 0.0096 
  MARIS_BARD 0.2579 0.1653 0.1041 0.0210 0.1575 0.0140 0.2430 0.0013 0.0361 
  MARIS_PEER 0.1558 0.2126 0.1270 0.0088 0.0030 0.1382 0.1647 0.0664 0.1234 
 MARIS_PIPER 0.7754 0.0033 0.1012 0.0726 0.0066 0.0043 0.0063 0.0263 0.0040 
     MARKIES 0.0125 0.0281 0.1025 0.0109 0.3586 0.0551 0.1365 0.2637 0.0321 
      MAXINE 0.3806 0.1830 0.0083 0.0178 0.0069 0.2701 0.0623 0.0522 0.0187 
      MEGARA 0.0434 0.0056 0.0587 0.0260 0.3096 0.0244 0.2200 0.2864 0.0258 
      MELODY 0.0454 0.0245 0.1365 0.0564 0.3113 0.0125 0.0963 0.1648 0.1522 
       MIDAS 0.4644 0.0029 0.0918 0.0478 0.1375 0.0162 0.0096 0.2213 0.0083 
       MILVA 0.0058 0.0187 0.1673 0.0569 0.2178 0.0098 0.1864 0.2929 0.0444 
        MIMI 0.1821 0.0023 0.0722 0.0984 0.2136 0.2608 0.1529 0.0051 0.0128 
        MIRA 0.0157 0.0107 0.1974 0.0031 0.3962 0.0058 0.3358 0.0065 0.0288 
       MOIRA 0.0446 0.0755 0.1208 0.0284 0.1470 0.0236 0.2013 0.2027 0.1560 
    MONTROSE 0.2743 0.0034 0.2014 0.4881 0.0054 0.0031 0.0036 0.0053 0.0154 
       MORAG 0.0357 0.0438 0.1707 0.1831 0.0045 0.2089 0.2486 0.0030 0.1017 
      MORENE 0.0034 0.0930 0.1359 0.0046 0.5062 0.0093 0.1765 0.0079 0.0632 
      MOZART 0.0027 0.0133 0.0017 0.2028 0.2688 0.1215 0.1142 0.2696 0.0055 
 MYATT'S_ASH 0.0036 0.0451 0.6925 0.0020 0.0877 0.0015 0.1435 0.0095 0.0147 
      NADINE 0.3457 0.0113 0.0054 0.1056 0.0432 0.3075 0.0452 0.1195 0.0166 
       NAVAN 0.6307 0.0236 0.0369 0.0719 0.0096 0.1370 0.0471 0.0285 0.0148 
 NDTX_4271_5 0.0703 0.2086 0.0090 0.1398 0.0049 0.3361 0.0047 0.2235 0.0031 
      NICOLA 0.0039 0.0456 0.1540 0.0029 0.1428 0.0028 0.1621 0.4770 0.0089 
     NOVELLA 0.0277 0.0262 0.0265 0.0120 0.2659 0.1553 0.2541 0.1442 0.0880 
     OLYMPUS 0.1087 0.1270 0.0963 0.3695 0.0140 0.1584 0.0302 0.0651 0.0307 
       OPERA 0.0305 0.0774 0.0084 0.1355 0.2819 0.1041 0.0997 0.1761 0.0865 
   ORCHESTRA 0.0835 0.0061 0.0616 0.0526 0.2082 0.0905 0.1737 0.3115 0.0124 
      ORIANA 0.0050 0.1442 0.0475 0.0022 0.2704 0.0055 0.2464 0.1362 0.1426 
     OTHELLO 0.0889 0.0923 0.0085 0.0187 0.0048 0.2570 0.0061 0.0476 0.4762 
     PALADIN 0.5972 0.0496 0.1650 0.1361 0.0295 0.0031 0.0113 0.0033 0.0048 
       PANDA 0.0557 0.0060 0.0155 0.0460 0.1560 0.0975 0.0757 0.4857 0.0619 
   PARAMOUNT 0.0041 0.0117 0.0591 0.0393 0.2313 0.2796 0.0305 0.0348 0.3096 
    PATRONES 0.0678 0.1520 0.1623 0.0075 0.2551 0.0503 0.1398 0.1364 0.0288 
 PENTLAND_AC 0.1309 0.0532 0.1478 0.0064 0.0790 0.2532 0.2157 0.0610 0.0528 
 PENTLAND_BE 0.0431 0.1823 0.3939 0.0026 0.0419 0.0411 0.1654 0.0028 0.1270 
 PENTLAND_CR 0.0065 0.0752 0.0785 0.2703 0.1352 0.0100 0.3288 0.0047 0.0909 
 PENTLAND_DE 0.0039 0.1702 0.2118 0.1942 0.0195 0.1584 0.1367 0.0063 0.0990 
 PENTLAND_IV 0.0132 0.2038 0.0598 0.1044 0.0023 0.3037 0.1820 0.0946 0.0361 
 PENTLAND_JA 0.0136 0.3259 0.0659 0.1567 0.1097 0.0161 0.2378 0.0110 0.0633 
 PENTLAND_MA 0.0080 0.0687 0.0902 0.0163 0.1724 0.0047 0.3469 0.0554 0.2373 
 PENTLAND_SQ 0.0063 0.1069 0.1719 0.2554 0.0131 0.0660 0.2991 0.0151 0.0661 
   PEPO_1978 0.0907 0.0290 0.1048 0.0226 0.1757 0.0031 0.1437 0.3686 0.0618 
     PICASSO 0.1153 0.0396 0.0021 0.0092 0.1746 0.0406 0.0403 0.0539 0.5244 
   PIMPERNEL 0.0069 0.0028 0.1668 0.1055 0.4582 0.0435 0.0088 0.1018 0.1057 
     PIONEER 0.0041 0.0068 0.1526 0.0701 0.0037 0.0043 0.2266 0.5265 0.0053 
       PIXIE 0.1931 0.0079 0.0035 0.1696 0.0851 0.3192 0.0110 0.0426 0.1679 
    PREMIERE 0.0657 0.0681 0.2201 0.0070 0.3755 0.0042 0.2495 0.0023 0.0075 
   PRODUCENT 0.1568 0.0324 0.0652 0.0721 0.3578 0.0965 0.0973 0.1182 0.0036 
     PROVOST 0.0064 0.2253 0.1201 0.1329 0.0967 0.0439 0.1597 0.0575 0.1575 
  R.P.LUSTRE 0.1140 0.0995 0.2262 0.1091 0.0069 0.1744 0.0881 0.1704 0.0114 
 RANGER_RUSS 0.0028 0.4886 0.1828 0.0020 0.1058 0.0038 0.0485 0.0401 0.1256 
       RATTE 0.0076 0.0292 0.4464 0.2566 0.0392 0.1252 0.0021 0.0908 0.0030 
      RECORD 0.0065 0.0056 0.2465 0.0036 0.6316 0.0332 0.0186 0.0030 0.0514 
   REMBRANDT 0.0753 0.0992 0.1037 0.0567 0.2324 0.0064 0.2850 0.1349 0.0064 
    RIO_ROJO 0.0082 0.3034 0.0210 0.1200 0.1231 0.2088 0.0041 0.1327 0.0788 
      ROBIJN 0.0044 0.0237 0.2641 0.0059 0.5293 0.0046 0.0378 0.0525 0.0777 
      ROCKET 0.4191 0.0637 0.1413 0.1385 0.0472 0.1647 0.0087 0.0033 0.0135 
   RODE_STAR 0.0044 0.0012 0.3414 0.0169 0.3970 0.0870 0.0018 0.1445 0.0058 
      ROMANO 0.0071 0.0047 0.0073 0.0648 0.3606 0.2288 0.0749 0.0806 0.1713 
       ROMEO 0.0035 0.0259 0.1881 0.1236 0.0147 0.2643 0.0168 0.1688 0.1943 
     ROOSTER 0.0039 0.0844 0.1013 0.2675 0.1044 0.0552 0.2125 0.0265 0.1443 
       ROYAL 0.3112 0.0069 0.0702 0.0434 0.1520 0.0147 0.0043 0.3155 0.0819 
 ROYAL_KIDNE 0.0040 0.3662 0.3746 0.0026 0.0150 0.0347 0.1908 0.0018 0.0103 
     RUBESSE 0.0066 0.1021 0.0677 0.0662 0.1442 0.1913 0.1622 0.2250 0.0348 
 RUSSET_BURB 0.0065 0.4805 0.1081 0.0487 0.1085 0.1326 0.0197 0.0749 0.0205 
 RUSSET_NORK 0.0094 0.5150 0.0397 0.0500 0.0035 0.1611 0.0049 0.2107 0.0057 
      SAFARI 0.0049 0.0064 0.0074 0.0680 0.3477 0.1767 0.2979 0.0303 0.0606 
     SANTANA 0.0952 0.2017 0.0428 0.0687 0.3734 0.0625 0.0220 0.0788 0.0548 
       SANTE 0.0258 0.0030 0.0743 0.0978 0.3646 0.2230 0.1930 0.0133 0.0052 
     SAPHIRE 0.0205 0.2127 0.0027 0.1221 0.3303 0.0507 0.1995 0.0435 0.0180 
  SARPO_MIRA 0.0236 0.0140 0.1345 0.0072 0.2641 0.2306 0.0019 0.2841 0.0399 
 SARPO_SHONA 0.0194 0.0071 0.0678 0.0161 0.3460 0.2114 0.0043 0.2745 0.0535 
       SASSY 0.0680 0.1277 0.1908 0.0439 0.2982 0.1094 0.0264 0.1080 0.0276 
     SATURNA 0.0444 0.0056 0.2366 0.0101 0.4369 0.0097 0.0060 0.2370 0.0136 
        SAVA 0.1027 0.0683 0.0318 0.0053 0.1016 0.1662 0.1877 0.3308 0.0056 
       SAXON 0.4328 0.0033 0.1063 0.1943 0.0054 0.0456 0.1750 0.0163 0.0209 
 SCARBOROUGH 0.4292 0.0047 0.0227 0.4942 0.0035 0.0246 0.0097 0.0082 0.0032 
 SEFTON_WOND 0.0722 0.2064 0.4039 0.0696 0.0044 0.1175 0.1120 0.0026 0.0114 
    SERAFINA 0.0026 0.0094 0.1099 0.0934 0.2174 0.1471 0.0572 0.3114 0.0517 
     SETANTA 0.0105 0.0692 0.0106 0.5208 0.1219 0.0750 0.0541 0.0184 0.1196 
 SHARPE'S_EX 0.0953 0.0740 0.5693 0.0041 0.0620 0.0815 0.0222 0.0791 0.0126 
     SHELAGH 0.0992 0.0091 0.2495 0.0866 0.1228 0.0822 0.0967 0.0295 0.2244 
    SHELFORD 0.0128 0.1430 0.1207 0.0029 0.2216 0.0077 0.0018 0.2662 0.2235 
     SHEPODY 0.0067 0.3934 0.1376 0.0046 0.2216 0.0034 0.0542 0.0018 0.1767 
      SLANEY 0.2004 0.0085 0.0071 0.0580 0.0036 0.2098 0.1200 0.0920 0.3005 
        SPEY 0.1847 0.0034 0.0026 0.0567 0.0071 0.2318 0.1527 0.0191 0.3419 
      SPUNTA 0.0140 0.0456 0.1865 0.1415 0.0888 0.1487 0.0055 0.2461 0.1233 
     STAMINA 0.6020 0.0405 0.0019 0.0158 0.0174 0.1587 0.0178 0.0068 0.1391 
    STEMSTER 0.3020 0.0285 0.1385 0.0209 0.2097 0.0885 0.0167 0.1302 0.0650 
 STORMONT_EN 0.1584 0.0732 0.1558 0.0115 0.3194 0.1605 0.0181 0.0103 0.0929 
    STIRLING 0.0282 0.0904 0.0074 0.2253 0.0191 0.0823 0.2739 0.0211 0.2523 
     SYLVANA 0.0792 0.1891 0.0394 0.0236 0.2160 0.1088 0.1040 0.1666 0.0734 
         TAY 0.1198 0.0125 0.0054 0.4956 0.0097 0.0912 0.0567 0.0247 0.1844 
      TIMATE 0.0817 0.0782 0.0231 0.0747 0.3205 0.0515 0.0276 0.3366 0.0060 
      TOLUCA 0.0030 0.0662 0.0302 0.0177 0.1929 0.0109 0.1804 0.3132 0.1854 
    TORRIDON 0.0175 0.0365 0.0848 0.0880 0.2095 0.0071 0.2100 0.0905 0.2562 
 ULSTER_SCEP 0.2822 0.1578 0.0616 0.0134 0.0146 0.1844 0.2756 0.0030 0.0074 
 UMATILLA_RU 0.2502 0.0143 0.3551 0.1152 0.1046 0.0272 0.0596 0.0303 0.0434 
 VALES_EMERA 0.1180 0.0414 0.0955 0.1809 0.0120 0.1788 0.0294 0.3199 0.0241 
 VALES_EVERE 0.0448 0.0133 0.1208 0.2867 0.0063 0.1558 0.0994 0.0051 0.2679 
 VALES_RUSSE 0.0087 0.4251 0.1861 0.1178 0.0654 0.0123 0.0229 0.1294 0.0323 
 VALES_SOVER 0.2434 0.0089 0.0021 0.1025 0.0180 0.0117 0.0027 0.0107 0.5999 
       VALOR 0.2235 0.0033 0.0022 0.1395 0.0428 0.2296 0.0407 0.0034 0.3149 
    VAN_GOGH 0.0701 0.0089 0.1306 0.0528 0.3760 0.0470 0.2006 0.1073 0.0066 
     VANTAGE 0.0339 0.1928 0.2415 0.0028 0.4451 0.0382 0.0111 0.0040 0.0307 
       VERDI 0.0739 0.0321 0.1712 0.0508 0.2509 0.0044 0.0516 0.2704 0.0948 
    VICTORIA 0.0167 0.1711 0.0289 0.0388 0.2019 0.0186 0.3210 0.1888 0.0143 
     VIVALDI 0.0031 0.1670 0.0154 0.0032 0.3056 0.0036 0.2817 0.1053 0.1152 
       WILJA 0.0392 0.0893 0.1470 0.0020 0.4942 0.0030 0.1563 0.0017 0.0671 
     WINSTON 0.3567 0.0108 0.0028 0.0661 0.0173 0.4144 0.0318 0.0532 0.0468 
      XD2-21 0.0486 0.1548 0.1715 0.0403 0.0954 0.2639 0.1288 0.0056 0.0912 
  YUKON_GOLD 0.0416 0.2926 0.0026 0.2620 0.0694 0.1127 0.0122 0.1993 0.0076 
       ZORBA 0.0072 0.1561 0.1342 0.0088 0.2277 0.0035 0.3354 0.0178 0.1092 
