  00C133-020 0.1669 0.0042 0.2497 0.0358 0.0224 0.0065 0.0045 0.0176 0.3537 0.1385 
 01C_071-002 0.0024 0.1930 0.2274 0.0232 0.0837 0.1070 0.0582 0.0787 0.1578 0.0686 
 02M_012-001 0.0103 0.1449 0.0285 0.0094 0.0064 0.0492 0.0032 0.0745 0.4325 0.2412 
 03M_016-002 0.0037 0.1056 0.0091 0.0058 0.0032 0.0161 0.1928 0.2806 0.3551 0.0278 
 03M_034-002 0.0084 0.0021 0.0666 0.0030 0.2042 0.0016 0.0052 0.1374 0.3077 0.2637 
 04C_055-004 0.1595 0.0151 0.0104 0.0077 0.0992 0.1853 0.0320 0.0437 0.4199 0.0273 
 04C_126-005 0.0631 0.0174 0.2830 0.0759 0.1107 0.0129 0.0081 0.0742 0.1796 0.1749 
 04M_034-013 0.0235 0.0315 0.0055 0.0087 0.1091 0.0137 0.1177 0.1846 0.3818 0.1240 
 05M_002-001 0.0147 0.0258 0.0605 0.2796 0.0640 0.2286 0.1115 0.0912 0.0980 0.0261 
 05M_004-003 0.0429 0.0080 0.1653 0.3930 0.0328 0.1479 0.0365 0.0045 0.0808 0.0884 
 05M_012-004 0.1281 0.0837 0.0935 0.2444 0.0592 0.0073 0.1327 0.0131 0.0486 0.1894 
 06C_127-002 0.1267 0.0173 0.0835 0.0079 0.0125 0.1721 0.1017 0.0170 0.0977 0.3636 
 12288_AF_23 0.3881 0.0849 0.0249 0.0689 0.0112 0.0144 0.0145 0.0037 0.2897 0.0997 
    12601AB1 0.0019 0.0604 0.0050 0.0055 0.0030 0.0022 0.0018 0.3441 0.1473 0.4288 
   12636_A_2 0.0697 0.0575 0.0741 0.0287 0.0044 0.0021 0.0247 0.1424 0.2900 0.3064 
  15119_AC_5 0.0080 0.0793 0.4655 0.0046 0.0268 0.0011 0.0112 0.1371 0.2639 0.0025 
     1512C16 0.1939 0.1121 0.0740 0.1178 0.0163 0.0170 0.1954 0.2007 0.0043 0.0686 
   15144_A_3 0.1359 0.0508 0.5745 0.0047 0.0073 0.1769 0.0028 0.0378 0.0052 0.0041 
     1563C14 0.1222 0.2056 0.0087 0.1098 0.0156 0.1492 0.0175 0.3574 0.0103 0.0037 
     2182EF7 0.0227 0.0031 0.3039 0.0959 0.0698 0.0283 0.2298 0.0535 0.0097 0.1832 
     3681AD1 0.0057 0.1930 0.2300 0.2551 0.0579 0.0442 0.0691 0.0082 0.0120 0.1248 
     5008AB6 0.0143 0.1476 0.2091 0.0305 0.2040 0.0978 0.0181 0.0500 0.0035 0.2251 
    8204_A_4 0.1425 0.0056 0.2662 0.0682 0.0628 0.0513 0.1092 0.0245 0.0146 0.2551 
       AGRIA 0.0043 0.0028 0.0031 0.4972 0.0035 0.4168 0.0324 0.0222 0.0068 0.0110 
       AILSA 0.0728 0.0125 0.0083 0.0036 0.0054 0.1354 0.0567 0.0895 0.4076 0.2083 
      ALMERA 0.0070 0.0176 0.0429 0.1582 0.2166 0.2603 0.1935 0.0139 0.0871 0.0029 
       ALPHA 0.1219 0.2731 0.0040 0.0597 0.2520 0.0161 0.0580 0.1468 0.0265 0.0420 
      ALWARA 0.1476 0.2354 0.1770 0.0061 0.2328 0.1286 0.0192 0.0063 0.0272 0.0197 
      AMADRA 0.0728 0.0815 0.0095 0.1170 0.1754 0.1869 0.0113 0.1203 0.1443 0.0811 
       AMOUR 0.0765 0.0557 0.4030 0.0103 0.0069 0.0132 0.0166 0.0158 0.2994 0.1025 
        ANNA 0.0080 0.0033 0.7084 0.0172 0.0448 0.0020 0.0436 0.1494 0.0067 0.0166 
   ANNABELLE 0.0046 0.0033 0.0499 0.0666 0.3940 0.3329 0.0806 0.0418 0.0109 0.0154 
        ANYA 0.1621 0.0849 0.0310 0.0188 0.0861 0.2869 0.0449 0.1799 0.0048 0.1006 
       ARGOS 0.1820 0.0186 0.4206 0.0614 0.0175 0.0399 0.0394 0.0050 0.2131 0.0025 
     ARIELLE 0.0486 0.0951 0.0783 0.0838 0.1989 0.2859 0.1000 0.0770 0.0299 0.0026 
      ARKULA 0.1630 0.1340 0.0152 0.1275 0.3539 0.0398 0.0352 0.0982 0.0086 0.0246 
      ARMADA 0.1087 0.0789 0.0239 0.0198 0.3856 0.0580 0.0663 0.0983 0.1527 0.0078 
   AVALANCHE 0.0250 0.0786 0.0623 0.1562 0.0985 0.0108 0.1264 0.0069 0.4188 0.0166 
     BAILLIE 0.0501 0.1240 0.0890 0.0211 0.0707 0.0343 0.0895 0.0042 0.4275 0.0895 
    BALMORAL 0.0192 0.0936 0.3995 0.1248 0.1034 0.0040 0.2089 0.0122 0.0190 0.0155 
     BAMBINO 0.1307 0.0098 0.1959 0.0442 0.0609 0.0472 0.0132 0.0127 0.4027 0.0827 
       BARNA 0.2816 0.0917 0.2872 0.0030 0.1536 0.0728 0.0154 0.0347 0.0460 0.0141 
 BELLE_DE_FO 0.0231 0.1037 0.0443 0.0077 0.0179 0.0057 0.0167 0.7755 0.0031 0.0021 
       BENOL 0.0018 0.0029 0.0147 0.1430 0.0055 0.0341 0.0061 0.1164 0.3497 0.3257 
       BF_15 0.0101 0.0757 0.0469 0.0516 0.0859 0.0752 0.0041 0.6447 0.0030 0.0029 
      BINTJE 0.1150 0.1004 0.0369 0.1750 0.0824 0.0486 0.1038 0.2793 0.0506 0.0081 
 BIONICA_EX_ 0.0087 0.0258 0.1271 0.2190 0.1766 0.0428 0.0510 0.0972 0.0142 0.2376 
 BLUE_DANUBE 0.0036 0.2192 0.0866 0.2610 0.2273 0.0053 0.1203 0.0484 0.0214 0.0069 
      BONNIE 0.1878 0.0052 0.1422 0.0532 0.2134 0.0787 0.0332 0.0313 0.1409 0.1140 
      BOUNTY 0.1854 0.0065 0.1879 0.1641 0.0066 0.0333 0.0053 0.0122 0.3289 0.0698 
 BRITISH_QUE 0.0056 0.0123 0.0533 0.1982 0.0323 0.0040 0.2933 0.3615 0.0382 0.0013 
     BRODICK 0.0150 0.0119 0.0319 0.0089 0.0913 0.0384 0.0269 0.0054 0.2130 0.5572 
      BRODIE 0.2462 0.0401 0.4069 0.0196 0.0036 0.0047 0.1065 0.1053 0.0116 0.0556 
      BUCHAN 0.2734 0.0343 0.3506 0.0040 0.0030 0.0690 0.0730 0.0669 0.0572 0.0687 
      BURREN 0.0879 0.0810 0.4205 0.0711 0.0211 0.1318 0.0192 0.0963 0.0298 0.0414 
     CABARET 0.1166 0.0065 0.0246 0.0642 0.0061 0.0039 0.0150 0.2300 0.4397 0.0932 
      CAESAR 0.1472 0.0705 0.0252 0.2422 0.1428 0.2485 0.0472 0.0020 0.0053 0.0692 
        CARA 0.1653 0.0141 0.6364 0.0179 0.0224 0.0070 0.0054 0.0540 0.0543 0.0233 
 CARLINGFORD 0.2194 0.0063 0.1014 0.0083 0.1493 0.0798 0.2530 0.0281 0.0623 0.0921 
  CASABLANCA 0.0039 0.0023 0.2838 0.1366 0.1421 0.0069 0.1080 0.0020 0.2569 0.0575 
      CELINE 0.2417 0.0154 0.0576 0.2604 0.2929 0.0072 0.0059 0.0493 0.0194 0.0501 
  CHALLENGER 0.0905 0.0037 0.0029 0.2653 0.0865 0.1966 0.0945 0.1059 0.1114 0.0427 
   CHARLOTTE 0.1280 0.0120 0.0098 0.0037 0.0781 0.4292 0.0037 0.1342 0.0083 0.1931 
     CHICAGO 0.0055 0.0512 0.0197 0.0525 0.1318 0.1762 0.0054 0.0250 0.4352 0.0975 
   CHIEFTAIN 0.3028 0.0175 0.0096 0.0949 0.0025 0.1690 0.2178 0.0958 0.0041 0.0861 
      CHOPIN 0.0508 0.0275 0.0339 0.1287 0.3317 0.1436 0.1957 0.0170 0.0189 0.0520 
      CLARET 0.1814 0.0703 0.5299 0.0038 0.0361 0.0472 0.0171 0.0328 0.0716 0.0098 
      CORINE 0.0043 0.1749 0.1329 0.2842 0.0117 0.0047 0.1286 0.0123 0.0884 0.1580 
      COSMOS 0.0308 0.1461 0.0062 0.0954 0.3299 0.0365 0.1770 0.0179 0.1213 0.0389 
     COURAGE 0.2050 0.1671 0.0116 0.1152 0.2539 0.0145 0.0924 0.0504 0.0206 0.0693 
     COURLAN 0.1251 0.1587 0.0824 0.0532 0.0033 0.2275 0.2092 0.0266 0.0247 0.0893 
 CRAIGS_ROYA 0.3067 0.0399 0.2641 0.0182 0.0027 0.0067 0.1185 0.0763 0.1412 0.0258 
 CRAIGS_SNOW 0.1349 0.0613 0.0468 0.0906 0.0051 0.0371 0.2016 0.2642 0.1537 0.0048 
     CRAMOND 0.0473 0.0044 0.0402 0.0862 0.1452 0.0048 0.0564 0.0046 0.2838 0.3270 
 CRISPS_FOR_ 0.2498 0.0893 0.0088 0.1217 0.1781 0.1817 0.0515 0.0482 0.0439 0.0272 
    CROMWELL 0.0161 0.0763 0.0452 0.0284 0.0081 0.0386 0.0029 0.1609 0.6141 0.0095 
       D22/1 0.1161 0.0233 0.0414 0.0731 0.0061 0.0030 0.0613 0.1359 0.5378 0.0020 
       D23/3 0.1118 0.0531 0.0099 0.0592 0.0032 0.0489 0.1033 0.2451 0.3578 0.0078 
      D47-11 0.0034 0.0921 0.0078 0.0109 0.0157 0.0039 0.0105 0.1517 0.6849 0.0192 
       D49/1 0.0144 0.0033 0.0019 0.0043 0.0857 0.0207 0.0061 0.1162 0.7145 0.0330 
       DAISY 0.0405 0.0962 0.0046 0.0796 0.0618 0.0739 0.0082 0.1417 0.3749 0.1186 
 DARK_RED_NO 0.0434 0.0948 0.1318 0.0070 0.0251 0.1768 0.3711 0.0860 0.0305 0.0335 
     DARWINA 0.0661 0.1687 0.0043 0.2010 0.1602 0.1205 0.1264 0.0493 0.0997 0.0038 
     DESIREE 0.2760 0.2554 0.0557 0.0029 0.1641 0.1304 0.0273 0.0823 0.0023 0.0035 
       DITTA 0.0110 0.0537 0.0215 0.1696 0.1249 0.3347 0.1405 0.1222 0.0187 0.0032 
 DR._MCINTOS 0.2153 0.0068 0.0430 0.0063 0.1743 0.0046 0.3841 0.0509 0.0417 0.0729 
       DRAGA 0.0102 0.1113 0.0736 0.1823 0.0752 0.0640 0.2835 0.0028 0.0798 0.1174 
 DUKE_OF_YOR 0.0025 0.0123 0.0093 0.1150 0.1890 0.0041 0.3137 0.3478 0.0038 0.0025 
 DUNBAR_STAN 0.1572 0.0056 0.0589 0.0533 0.0060 0.0122 0.2813 0.2822 0.1399 0.0034 
     DUNDROD 0.0665 0.1004 0.0491 0.0060 0.0034 0.1159 0.0611 0.1006 0.4185 0.0784 
     ECLIPSE 0.1467 0.0133 0.0021 0.0019 0.0604 0.0895 0.2320 0.4016 0.0128 0.0397 
        EDEN 0.0119 0.0137 0.0049 0.0044 0.0142 0.0031 0.0081 0.1580 0.5423 0.2395 
 EDZELL_BLUE 0.1049 0.1813 0.0515 0.1664 0.0417 0.0244 0.0708 0.2563 0.0118 0.0908 
   ELISABETH 0.2300 0.0054 0.0042 0.0104 0.3170 0.2482 0.0308 0.0076 0.0742 0.0721 
     EMPEROR 0.0953 0.0940 0.0058 0.1379 0.0052 0.2026 0.2461 0.0060 0.1007 0.1064 
         EOS 0.2349 0.0165 0.0071 0.0207 0.1516 0.1826 0.0996 0.0234 0.1709 0.0927 
     EPICURE 0.1951 0.0581 0.0038 0.0046 0.1440 0.0103 0.1980 0.3357 0.0036 0.0468 
  ERNTESTOLZ 0.0079 0.0638 0.0877 0.1833 0.0845 0.1824 0.1506 0.2047 0.0140 0.0211 
      ESCORT 0.1448 0.0971 0.0139 0.1240 0.2341 0.1950 0.0081 0.0049 0.0520 0.1261 
   ESMERALDA 0.1974 0.1149 0.0105 0.0514 0.2663 0.0673 0.0070 0.1161 0.0663 0.1028 
      ESTIMA 0.1206 0.0393 0.0050 0.0454 0.3135 0.1048 0.1480 0.0736 0.1048 0.0450 
 EVE_BALFOUR 0.0226 0.0914 0.3368 0.0062 0.0334 0.0042 0.0684 0.1683 0.0383 0.2304 
   EXCALIBUR 0.0858 0.0033 0.3548 0.0879 0.0096 0.0208 0.0023 0.0025 0.3030 0.1299 
     EXQUISA 0.0417 0.1077 0.1095 0.0079 0.2853 0.2946 0.0051 0.1361 0.0042 0.0080 
    FESTIVAL 0.1451 0.0089 0.0097 0.1925 0.2797 0.2146 0.0157 0.0062 0.0791 0.0485 
      FIANNA 0.0470 0.0410 0.1639 0.1691 0.2287 0.0722 0.1983 0.0057 0.0309 0.0432 
   FIFTYFOLD 0.1341 0.1305 0.0240 0.0189 0.0084 0.0456 0.0795 0.4757 0.0414 0.0420 
     FONTANE 0.0611 0.0155 0.0030 0.4362 0.0037 0.2874 0.0659 0.0093 0.1096 0.0083 
   FORTYFOLD 0.0030 0.1742 0.0070 0.2116 0.0117 0.0039 0.1221 0.4544 0.0025 0.0094 
 FRONTIER_RU 0.1068 0.1194 0.0051 0.0104 0.0064 0.1550 0.3683 0.1240 0.0503 0.0543 
     G.81071 0.1428 0.0051 0.1361 0.0361 0.1782 0.0308 0.1430 0.0817 0.0629 0.1834 
     G.88661 0.1848 0.0030 0.0134 0.0237 0.1980 0.0668 0.2573 0.0049 0.1540 0.0942 
    G.886611 0.2852 0.0011 0.0126 0.0050 0.1579 0.1033 0.2053 0.0031 0.1061 0.1203 
  G.8867Y%12 0.2246 0.0017 0.1055 0.0066 0.1991 0.1295 0.2722 0.0048 0.0263 0.0297 
     G.88839 0.0109 0.0193 0.0091 0.0032 0.5138 0.3748 0.0087 0.0114 0.0048 0.0440 
     G.88842 0.0068 0.0164 0.1349 0.0094 0.4299 0.1986 0.1295 0.0094 0.0156 0.0496 
   GALACTICA 0.0018 0.1754 0.3729 0.1161 0.1289 0.0078 0.0962 0.0902 0.0088 0.0018 
      GEMSON 0.2050 0.0204 0.2093 0.0835 0.0063 0.0424 0.1884 0.1433 0.0755 0.0259 
  GL.76B/102 0.0027 0.1685 0.0044 0.0049 0.0824 0.1825 0.1380 0.2361 0.1609 0.0196 
   GL.76B/94 0.0014 0.2226 0.1337 0.0462 0.1378 0.0145 0.0186 0.4147 0.0037 0.0068 
  GL.77M/106 0.1069 0.0601 0.1904 0.0055 0.0070 0.1046 0.0106 0.1510 0.0641 0.2999 
   GL.78/166 0.0022 0.1806 0.0244 0.0637 0.0293 0.0285 0.1128 0.4668 0.0882 0.0036 
    GL.78/53 0.0257 0.0772 0.0112 0.0059 0.0035 0.1434 0.0053 0.4410 0.1405 0.1465 
    GL.78/97 0.0065 0.1480 0.0241 0.0397 0.0172 0.1055 0.0264 0.4629 0.0856 0.0841 
    GL.79/42 0.1327 0.0953 0.0028 0.0142 0.0285 0.1121 0.0015 0.4596 0.0798 0.0734 
    GL.79/45 0.0967 0.0498 0.0480 0.0040 0.1199 0.0736 0.0030 0.4964 0.0415 0.0671 
 GL.81_NT_25 0.0023 0.0165 0.0389 0.1320 0.0032 0.0087 0.0035 0.2755 0.5154 0.0041 
   GLADIATOR 0.2146 0.2083 0.0478 0.1259 0.0171 0.1726 0.1320 0.0027 0.0362 0.0429 
      GLAMIS 0.1631 0.0169 0.0100 0.0201 0.1098 0.1285 0.1062 0.0155 0.3908 0.0391 
 GOLDEN_MILL 0.0183 0.0077 0.1058 0.0470 0.0687 0.0127 0.0063 0.0477 0.2200 0.4657 
 GOLDEN_NUGG 0.3746 0.0043 0.0164 0.3744 0.1685 0.0060 0.0023 0.0072 0.0050 0.0414 
 GOLDEN_WOND 0.1127 0.1639 0.0102 0.0445 0.0424 0.0264 0.0451 0.4905 0.0133 0.0510 
     GRANOLA 0.0363 0.0782 0.0263 0.0066 0.1540 0.3849 0.0117 0.0810 0.0206 0.2003 
    H1H3_101 0.0012 0.0223 0.0074 0.0043 0.0026 0.0039 0.0089 0.2618 0.6834 0.0042 
      H1H3_3 0.1401 0.0090 0.0102 0.1567 0.0120 0.0072 0.0691 0.1344 0.3209 0.1405 
 HARBOROUGH_ 0.0046 0.0020 0.0046 0.0586 0.0162 0.0062 0.0130 0.0024 0.3720 0.5204 
   HARLEQUIN 0.1649 0.0791 0.0244 0.0416 0.0034 0.3860 0.0059 0.1369 0.0258 0.1320 
      HERMES 0.0052 0.2340 0.1834 0.0990 0.0264 0.2737 0.0591 0.0505 0.0649 0.0038 
 HIGHLAND_BU 0.0025 0.0094 0.0039 0.0779 0.0944 0.0020 0.0038 0.7270 0.0041 0.0750 
  HOME_GUARD 0.2168 0.0018 0.0908 0.1430 0.0085 0.0356 0.1392 0.2427 0.0806 0.0410 
     HORIZON 0.0926 0.0622 0.0256 0.3005 0.2079 0.0531 0.0050 0.1756 0.0741 0.0033 
   INNOVATOR 0.0030 0.0776 0.0656 0.2473 0.0869 0.0026 0.3786 0.1267 0.0045 0.0073 
 INTERNATION 0.0021 0.0434 0.0089 0.1316 0.0037 0.0054 0.0115 0.7867 0.0043 0.0025 
 ISLE_OF_JUR 0.0107 0.0053 0.1712 0.0110 0.1205 0.0732 0.0563 0.1122 0.3961 0.0434 
    JULIETTE 0.0199 0.0034 0.0353 0.2003 0.0347 0.5796 0.0040 0.0641 0.0040 0.0546 
     KARLENA 0.0023 0.2869 0.1847 0.1710 0.0050 0.0083 0.2134 0.0852 0.0269 0.0164 
 KERR'S_PINK 0.1241 0.0277 0.0615 0.0653 0.0044 0.0088 0.2149 0.4200 0.0491 0.0241 
     KESTREL 0.3266 0.0146 0.2935 0.0044 0.0055 0.0377 0.0084 0.0065 0.2799 0.0229 
       KIFLI 0.0145 0.2459 0.0056 0.0042 0.0838 0.3444 0.0125 0.0704 0.0296 0.1891 
 KING_EDWARD 0.0972 0.0119 0.0024 0.0093 0.0241 0.0459 0.0507 0.6977 0.0424 0.0184 
    KINGSTON 0.0218 0.0056 0.0897 0.1427 0.0343 0.0195 0.0026 0.1466 0.3164 0.2209 
 KUFRI_CHAND 0.1065 0.0161 0.0461 0.1699 0.0176 0.1067 0.2802 0.1615 0.0899 0.0055 
 KUFRI_JYOTI 0.0319 0.0973 0.2717 0.1463 0.0791 0.0494 0.0678 0.0790 0.0030 0.1746 
      KURODA 0.0045 0.1753 0.0956 0.2352 0.1677 0.1263 0.1556 0.0030 0.0317 0.0052 
 LADY_BALFOU 0.1269 0.0379 0.3324 0.0356 0.0381 0.0058 0.1012 0.1229 0.1312 0.0681 
 LADY_CHRIST 0.0809 0.1664 0.0057 0.2386 0.1946 0.0128 0.0168 0.2022 0.0201 0.0617 
 LADY_CLAIRE 0.0009 0.0642 0.0058 0.5036 0.1673 0.1296 0.0048 0.1175 0.0043 0.0019 
     LADY_JO 0.0034 0.1613 0.0033 0.3801 0.2016 0.0016 0.0370 0.1972 0.0118 0.0027 
 LADY_ROSETT 0.2522 0.1925 0.0041 0.1545 0.1919 0.0062 0.0232 0.0611 0.0669 0.0474 
    LIBERTAS 0.0054 0.3312 0.0157 0.3081 0.1725 0.0014 0.0025 0.1555 0.0037 0.0039 
       LINDA 0.0114 0.0485 0.0938 0.0119 0.1001 0.5046 0.0061 0.2081 0.0047 0.0109 
      LINTON 0.0677 0.1770 0.0880 0.1222 0.0035 0.2339 0.1446 0.0075 0.1498 0.0059 
 LINZER_DELI 0.1416 0.2471 0.0026 0.0161 0.1241 0.2379 0.0156 0.0997 0.0028 0.1125 
   LIONHEART 0.0776 0.0184 0.0617 0.3274 0.2283 0.0882 0.1232 0.0234 0.0163 0.0355 
   MADELEINE 0.1178 0.0406 0.0177 0.1151 0.2883 0.2625 0.0043 0.0628 0.0265 0.0645 
   MADINGLEY 0.0148 0.3307 0.1127 0.0068 0.0068 0.2535 0.1127 0.0027 0.1011 0.0582 
    MAJESTIC 0.1434 0.0026 0.1017 0.0775 0.1010 0.0304 0.3847 0.0818 0.0086 0.0682 
     MARABEL 0.0299 0.0222 0.0321 0.1042 0.3840 0.2730 0.1052 0.0069 0.0174 0.0250 
     MARFONA 0.0817 0.1162 0.0128 0.2887 0.2152 0.0076 0.0937 0.0925 0.0867 0.0049 
     MARILYN 0.0424 0.0622 0.1269 0.0953 0.1812 0.3042 0.0358 0.0750 0.0069 0.0703 
 MARIS_ANCHO 0.0713 0.0667 0.0151 0.0399 0.2817 0.0897 0.1710 0.1532 0.0600 0.0515 
  MARIS_BARD 0.0101 0.0031 0.0788 0.2107 0.1745 0.0012 0.1731 0.1081 0.2300 0.0105 
  MARIS_PEER 0.1469 0.0083 0.1609 0.0824 0.0035 0.0778 0.2254 0.1447 0.1362 0.0138 
 MARIS_PIPER 0.0052 0.0067 0.0050 0.0438 0.0074 0.0298 0.0030 0.0969 0.7705 0.0318 
     MARKIES 0.0731 0.1435 0.0130 0.3053 0.1244 0.2539 0.0064 0.0688 0.0059 0.0057 
      MAXINE 0.2783 0.0163 0.0223 0.0502 0.0094 0.0470 0.1836 0.0127 0.3675 0.0126 
      MEGARA 0.0428 0.0581 0.0189 0.3549 0.1396 0.3009 0.0044 0.0482 0.0181 0.0141 
      MELODY 0.0115 0.1727 0.1208 0.1445 0.1737 0.1446 0.0226 0.0955 0.0551 0.0591 
       MIDAS 0.0166 0.1000 0.0065 0.0425 0.0692 0.2102 0.0024 0.0653 0.4662 0.0211 
       MILVA 0.0098 0.0567 0.0446 0.0862 0.2674 0.2660 0.0375 0.1523 0.0073 0.0722 
        MIMI 0.2549 0.0162 0.0147 0.2065 0.1631 0.0075 0.0025 0.0527 0.1825 0.0994 
        MIRA 0.0057 0.0539 0.0481 0.2659 0.3960 0.0050 0.0288 0.1780 0.0132 0.0053 
       MOIRA 0.0122 0.0784 0.1667 0.0236 0.2245 0.1726 0.1218 0.1035 0.0475 0.0492 
    MONTROSE 0.0029 0.0620 0.0073 0.0043 0.0038 0.0049 0.0023 0.1648 0.3075 0.4402 
       MORAG 0.2058 0.0064 0.1557 0.1006 0.0379 0.0039 0.0833 0.1638 0.0252 0.2174 
      MORENE 0.0063 0.1439 0.0525 0.3000 0.2995 0.0056 0.0672 0.1185 0.0029 0.0037 
      MOZART 0.1161 0.0129 0.0087 0.1458 0.2434 0.2766 0.0195 0.0018 0.0051 0.1701 
 MYATT'S_ASH 0.0016 0.0790 0.0232 0.1595 0.0175 0.0246 0.0343 0.6555 0.0029 0.0019 
      NADINE 0.3078 0.0410 0.0136 0.0374 0.0512 0.1030 0.0103 0.0041 0.3199 0.1117 
       NAVAN 0.1188 0.0027 0.0188 0.0067 0.0927 0.0117 0.0423 0.0303 0.6278 0.0481 
 NDTX_4271_5 0.3328 0.0236 0.0028 0.0044 0.0048 0.1986 0.1963 0.0170 0.0867 0.1332 
      NICOLA 0.0039 0.0910 0.0084 0.0536 0.1865 0.4453 0.0524 0.1533 0.0033 0.0024 
     NOVELLA 0.1416 0.0302 0.1040 0.1480 0.3115 0.1346 0.0525 0.0247 0.0267 0.0261 
     OLYMPUS 0.1515 0.0759 0.0241 0.0202 0.0051 0.0513 0.1074 0.0865 0.1229 0.3551 
       OPERA 0.1232 0.0411 0.0856 0.2988 0.1060 0.1876 0.0375 0.0083 0.0269 0.0851 
   ORCHESTRA 0.0992 0.0135 0.0213 0.1720 0.1953 0.3043 0.0052 0.0713 0.0836 0.0344 
      ORIANA 0.0057 0.1372 0.1525 0.0782 0.3116 0.0932 0.1875 0.0264 0.0045 0.0032 
     OTHELLO 0.2532 0.0554 0.4608 0.0091 0.0023 0.0420 0.0702 0.0085 0.0811 0.0173 
     PALADIN 0.0038 0.0512 0.0040 0.0824 0.0049 0.0033 0.0233 0.1416 0.5935 0.0919 
       PANDA 0.0955 0.1487 0.0465 0.0261 0.1072 0.4506 0.0049 0.0082 0.0507 0.0616 
   PARAMOUNT 0.2489 0.1490 0.2778 0.0163 0.1876 0.0155 0.0141 0.0254 0.0034 0.0619 
    PATRONES 0.0430 0.1086 0.0417 0.1832 0.1252 0.1424 0.1447 0.1524 0.0523 0.0064 
 PENTLAND_AC 0.2582 0.0475 0.0833 0.1439 0.0915 0.0516 0.0784 0.1294 0.1055 0.0109 
 PENTLAND_BE 0.0350 0.0660 0.1536 0.0115 0.1249 0.0023 0.1989 0.3716 0.0327 0.0037 
 PENTLAND_CR 0.0091 0.0045 0.1479 0.2719 0.1103 0.0084 0.1125 0.0739 0.0064 0.2553 
 PENTLAND_DE 0.1259 0.0713 0.1084 0.0048 0.0714 0.0045 0.1921 0.1942 0.0052 0.2221 
 PENTLAND_IV 0.2800 0.0039 0.0977 0.0055 0.0133 0.1149 0.2566 0.0847 0.0123 0.1312 
 PENTLAND_JA 0.0138 0.0725 0.0862 0.1743 0.0612 0.0119 0.3585 0.0550 0.0160 0.1507 
 PENTLAND_MA 0.0042 0.1503 0.2319 0.1059 0.2104 0.0440 0.1358 0.0327 0.0064 0.0783 
 PENTLAND_SQ 0.0497 0.0044 0.1228 0.1567 0.0531 0.0327 0.1510 0.1619 0.0046 0.2630 
   PEPO_1978 0.0022 0.0840 0.0483 0.0063 0.2759 0.3043 0.0758 0.0788 0.0981 0.0263 
     PICASSO 0.0276 0.0277 0.5094 0.0452 0.1546 0.0561 0.0476 0.0020 0.1258 0.0041 
   PIMPERNEL 0.0310 0.2516 0.0431 0.1771 0.2064 0.0694 0.0023 0.0990 0.0082 0.1117 
     PIONEER 0.0071 0.0035 0.0174 0.0616 0.0410 0.5651 0.0211 0.1760 0.0049 0.1023 
       PIXIE 0.3228 0.0307 0.1653 0.0896 0.0101 0.0487 0.0049 0.0033 0.1933 0.1314 
    PREMIERE 0.0032 0.0089 0.0165 0.2438 0.3576 0.0024 0.0719 0.2203 0.0706 0.0046 
   PRODUCENT 0.1022 0.1457 0.0027 0.2850 0.1185 0.1144 0.0168 0.0237 0.1390 0.0520 
     PROVOST 0.0296 0.1320 0.1523 0.0526 0.0954 0.0307 0.2548 0.0861 0.0065 0.1599 
  R.P.LUSTRE 0.1455 0.0072 0.0158 0.0028 0.1269 0.1328 0.1162 0.2212 0.1134 0.1182 
 RANGER_RUSS 0.0043 0.2001 0.0861 0.0652 0.0058 0.0127 0.4474 0.1741 0.0025 0.0019 
       RATTE 0.1090 0.1878 0.0018 0.0045 0.0030 0.0515 0.0110 0.3659 0.0090 0.2566 
      RECORD 0.0112 0.2921 0.0072 0.2573 0.2576 0.0026 0.0028 0.1617 0.0046 0.0030 
   REMBRANDT 0.0279 0.0227 0.0049 0.5181 0.0046 0.1961 0.0727 0.0974 0.0218 0.0338 
    RIO_ROJO 0.2135 0.1937 0.0244 0.0142 0.0267 0.0945 0.2694 0.0190 0.0163 0.1282 
      ROBIJN 0.0036 0.3267 0.0204 0.1153 0.3156 0.0105 0.0220 0.1727 0.0040 0.0092 
      ROCKET 0.1413 0.0574 0.0083 0.0041 0.0703 0.0028 0.0616 0.1119 0.4250 0.1173 
   RODE_STAR 0.0777 0.3341 0.0028 0.0088 0.2036 0.0754 0.0010 0.2506 0.0075 0.0385 
      ROMANO 0.1993 0.2074 0.1301 0.0098 0.3215 0.0120 0.0044 0.0039 0.0070 0.1046 
       ROMEO 0.2374 0.0915 0.1927 0.0039 0.0130 0.1426 0.0143 0.1663 0.0042 0.1344 
     ROOSTER 0.0319 0.0438 0.1763 0.1268 0.1171 0.0262 0.1136 0.0857 0.0046 0.2742 
       ROYAL 0.0188 0.1811 0.0485 0.0314 0.0444 0.2809 0.0058 0.0398 0.3230 0.0262 
 ROYAL_KIDNE 0.0533 0.0073 0.0237 0.1523 0.0129 0.0019 0.3512 0.3920 0.0029 0.0025 
     RUBESSE 0.1980 0.0203 0.0502 0.1942 0.0939 0.2226 0.0793 0.0713 0.0045 0.0657 
 RUSSET_BURB 0.1391 0.1303 0.0118 0.0296 0.0683 0.0234 0.4315 0.1200 0.0089 0.0371 
 RUSSET_NORK 0.1678 0.0715 0.0035 0.0020 0.0041 0.1646 0.4789 0.0690 0.0109 0.0278 
      SAFARI 0.1653 0.0383 0.0879 0.2526 0.3027 0.0386 0.0193 0.0067 0.0058 0.0828 
     SANTANA 0.0836 0.1899 0.0162 0.2522 0.0952 0.0743 0.1454 0.0268 0.0978 0.0186 
       SANTE 0.2230 0.0369 0.0060 0.3092 0.2281 0.0297 0.0029 0.0539 0.0257 0.0847 
     SAPHIRE 0.0745 0.0788 0.0174 0.3636 0.1053 0.0761 0.1882 0.0026 0.0142 0.0793 
  SARPO_MIRA 0.2239 0.3148 0.0072 0.0086 0.0772 0.2308 0.0051 0.0805 0.0374 0.0145 
 SARPO_SHONA 0.1949 0.2997 0.0129 0.0349 0.1635 0.2053 0.0047 0.0167 0.0197 0.0476 
       SASSY 0.1033 0.2072 0.0099 0.1589 0.1091 0.0727 0.0876 0.1467 0.0543 0.0502 
     SATURNA 0.0045 0.2801 0.0040 0.0804 0.2287 0.1794 0.0041 0.1632 0.0453 0.0102 
        SAVA 0.1769 0.0281 0.0066 0.1198 0.1347 0.3196 0.0865 0.0310 0.0912 0.0057 
       SAXON 0.0289 0.0021 0.0832 0.0247 0.1146 0.0172 0.0081 0.1040 0.4383 0.1789 
 SCARBOROUGH 0.0128 0.0021 0.0036 0.0034 0.0473 0.0052 0.0075 0.0196 0.4606 0.4380 
 SEFTON_WOND 0.1258 0.0044 0.0366 0.0967 0.0073 0.0025 0.1803 0.4162 0.0724 0.0580 
    SERAFINA 0.1179 0.1616 0.0235 0.0059 0.2268 0.2537 0.0110 0.0736 0.0030 0.1229 
     SETANTA 0.0470 0.0690 0.1275 0.0386 0.1147 0.0113 0.0655 0.0101 0.0245 0.4918 
 SHARPE'S_EX 0.0963 0.0902 0.0093 0.0823 0.0061 0.0803 0.0219 0.5428 0.0673 0.0033 
     SHELAGH 0.0639 0.1215 0.2186 0.1253 0.0124 0.0453 0.0091 0.2073 0.1018 0.0949 
    SHELFORD 0.0202 0.3389 0.1749 0.0290 0.0066 0.2243 0.0828 0.0889 0.0301 0.0044 
     SHEPODY 0.0035 0.1365 0.1442 0.1951 0.0323 0.0017 0.3412 0.1364 0.0057 0.0033 
      SLANEY 0.2107 0.0029 0.3350 0.0378 0.0084 0.1182 0.0200 0.0083 0.1972 0.0617 
        SPEY 0.2306 0.0046 0.3631 0.1301 0.0073 0.0350 0.0042 0.0021 0.1584 0.0646 
      SPUNTA 0.1447 0.1326 0.0994 0.0077 0.0422 0.2214 0.0222 0.1717 0.0281 0.1299 
     STAMINA 0.1673 0.0312 0.1159 0.0566 0.0058 0.0054 0.0320 0.0018 0.5740 0.0100 
    STEMSTER 0.0794 0.1833 0.0330 0.0217 0.1546 0.0809 0.0212 0.0930 0.3121 0.0208 
 STORMONT_EN 0.1412 0.1705 0.0540 0.0781 0.2007 0.0055 0.0624 0.1158 0.1638 0.0081 
    STIRLING 0.0707 0.0041 0.2948 0.1062 0.0559 0.0416 0.1589 0.0093 0.0240 0.2345 
     SYLVANA 0.1062 0.0591 0.0731 0.0276 0.2434 0.1373 0.1828 0.0508 0.1078 0.0119 
         TAY 0.0611 0.0071 0.2083 0.0074 0.0636 0.0162 0.0308 0.0047 0.1590 0.4418 
      TIMATE 0.0451 0.1250 0.0038 0.0915 0.2229 0.2946 0.0529 0.0233 0.0924 0.0484 
      TOLUCA 0.0127 0.0462 0.2044 0.0178 0.2911 0.2813 0.0950 0.0333 0.0053 0.0129 
    TORRIDON 0.0054 0.1038 0.2557 0.1800 0.1524 0.0847 0.0547 0.0502 0.0118 0.1014 
 ULSTER_SCEP 0.1777 0.0017 0.0219 0.1144 0.1338 0.0029 0.2036 0.0553 0.2597 0.0290 
 UMATILLA_RU 0.0182 0.0340 0.0322 0.0341 0.1449 0.0198 0.0267 0.3242 0.2685 0.0974 
 VALES_EMERA 0.1597 0.0086 0.0280 0.0056 0.0758 0.2890 0.0399 0.1017 0.1248 0.1670 
 VALES_EVERE 0.1439 0.0028 0.3011 0.0878 0.0077 0.0065 0.0137 0.1226 0.0548 0.2591 
 VALES_RUSSE 0.0123 0.1790 0.0090 0.0228 0.0060 0.0853 0.3989 0.1638 0.0092 0.1136 
 VALES_SOVER 0.0098 0.0218 0.5809 0.0025 0.0424 0.0070 0.0068 0.0022 0.2752 0.0515 
       VALOR 0.2314 0.0048 0.3239 0.1238 0.0056 0.0035 0.0029 0.0019 0.2054 0.0968 
    VAN_GOGH 0.0519 0.0735 0.0061 0.2239 0.2947 0.1001 0.0117 0.1165 0.0701 0.0516 
     VANTAGE 0.0296 0.3249 0.0061 0.1849 0.1010 0.0022 0.1398 0.1851 0.0237 0.0027 
       VERDI 0.0032 0.1590 0.0579 0.0093 0.2430 0.2099 0.0380 0.1302 0.0952 0.0544 
    VICTORIA 0.0516 0.0036 0.0199 0.4313 0.0509 0.2289 0.1517 0.0442 0.0060 0.0120 
     VIVALDI 0.0026 0.0442 0.1559 0.0329 0.4470 0.0664 0.2223 0.0188 0.0049 0.0050 
       WILJA 0.0027 0.1599 0.0452 0.3107 0.2626 0.0016 0.0740 0.1136 0.0283 0.0014 
     WINSTON 0.4038 0.0182 0.0552 0.0091 0.0540 0.0323 0.0151 0.0028 0.3379 0.0716 
      XD2-21 0.2494 0.0736 0.1026 0.0289 0.1156 0.0044 0.1500 0.1652 0.0467 0.0636 
  YUKON_GOLD 0.1222 0.0480 0.0066 0.0639 0.0208 0.1803 0.2662 0.0030 0.0666 0.2222 
       ZORBA 0.0043 0.0158 0.1321 0.3013 0.1766 0.0435 0.1832 0.1271 0.0072 0.0089 
