  00C133-020 0.0733 0.1824 0.7443 
 01C_071-002 0.2408 0.4366 0.3226 
 02M_012-001 0.2837 0.0938 0.6225 
 03M_016-002 0.5423 0.0596 0.3981 
 03M_034-002 0.2762 0.0866 0.6372 
 04C_055-004 0.1936 0.2900 0.5164 
 04C_126-005 0.1465 0.3227 0.5308 
 04M_034-013 0.3837 0.1294 0.4869 
 05M_002-001 0.2450 0.5398 0.2152 
 05M_004-003 0.0646 0.5694 0.3660 
 05M_012-004 0.1420 0.4547 0.4033 
 06C_127-002 0.1225 0.3653 0.5122 
 12288_AF_23 0.0706 0.3054 0.6241 
    12601AB1 0.5331 0.0111 0.4558 
   12636_A_2 0.2989 0.0503 0.6508 
  15119_AC_5 0.2755 0.1462 0.5783 
     1512C16 0.3466 0.4380 0.2154 
   15144_A_3 0.0370 0.5701 0.3928 
     1563C14 0.5307 0.4122 0.0571 
     2182EF7 0.1259 0.4734 0.4007 
     3681AD1 0.1317 0.6003 0.2680 
     5008AB6 0.1537 0.5963 0.2500 
    8204_A_4 0.0575 0.4619 0.4806 
       AGRIA 0.1843 0.7247 0.0910 
       AILSA 0.2544 0.1123 0.6333 
      ALMERA 0.1617 0.6904 0.1479 
       ALPHA 0.3390 0.5472 0.1138 
      ALWARA 0.1052 0.6873 0.2075 
      AMADRA 0.2582 0.4897 0.2521 
       AMOUR 0.0794 0.2334 0.6871 
        ANNA 0.1344 0.3768 0.4888 
   ANNABELLE 0.1441 0.8031 0.0528 
        ANYA 0.2690 0.5727 0.1583 
       ARGOS 0.0222 0.4079 0.5699 
     ARIELLE 0.2114 0.6921 0.0965 
      ARKULA 0.2147 0.6769 0.1085 
      ARMADA 0.2338 0.5672 0.1990 
   AVALANCHE 0.1669 0.3041 0.5290 
     BAILLIE 0.1158 0.2879 0.5963 
    BALMORAL 0.0693 0.5459 0.3848 
     BAMBINO 0.0980 0.2292 0.6728 
       BARNA 0.0771 0.5411 0.3818 
 BELLE_DE_FO 0.9180 0.0721 0.0100 
       BENOL 0.2987 0.0723 0.6290 
       BF_15 0.7632 0.2287 0.0081 
      BINTJE 0.4452 0.4007 0.1541 
 BIONICA_EX_ 0.2163 0.4986 0.2852 
 BLUE_DANUBE 0.2487 0.6279 0.1234 
      BONNIE 0.0979 0.4642 0.4380 
      BOUNTY 0.0827 0.2674 0.6500 
 BRITISH_QUE 0.5476 0.3278 0.1246 
     BRODICK 0.0870 0.2138 0.6992 
      BRODIE 0.1502 0.3764 0.4734 
      BUCHAN 0.1072 0.3814 0.5114 
      BURREN 0.1231 0.5067 0.3703 
     CABARET 0.3894 0.0205 0.5901 
      CAESAR 0.0192 0.7907 0.1902 
        CARA 0.0428 0.3978 0.5593 
 CARLINGFORD 0.1230 0.4969 0.3801 
  CASABLANCA 0.0232 0.4015 0.5753 
      CELINE 0.1478 0.5992 0.2530 
  CHALLENGER 0.2657 0.4958 0.2385 
   CHARLOTTE 0.2053 0.5608 0.2340 
     CHICAGO 0.1957 0.2867 0.5176 
   CHIEFTAIN 0.2363 0.4910 0.2727 
      CHOPIN 0.1611 0.6918 0.1470 
      CLARET 0.0400 0.4641 0.4960 
      CORINE 0.1898 0.4307 0.3795 
      COSMOS 0.2044 0.6040 0.1915 
     COURAGE 0.1974 0.6041 0.1985 
     COURLAN 0.1901 0.5167 0.2931 
 CRAIGS_ROYA 0.1480 0.3011 0.5509 
 CRAIGS_SNOW 0.4477 0.2620 0.2903 
     CRAMOND 0.0933 0.2595 0.6471 
 CRISPS_FOR_ 0.1654 0.6111 0.2236 
    CROMWELL 0.3558 0.0282 0.6160 
       D22/1 0.3285 0.0506 0.6209 
       D23/3 0.4395 0.1238 0.4367 
      D47-11 0.3803 0.0087 0.6110 
       D49/1 0.3200 0.0123 0.6678 
       DAISY 0.3367 0.1966 0.4666 
 DARK_RED_NO 0.2567 0.5069 0.2364 
     DARWINA 0.2607 0.5873 0.1520 
     DESIREE 0.2100 0.6915 0.0985 
       DITTA 0.2629 0.6753 0.0618 
 DR._MCINTOS 0.1811 0.4736 0.3453 
       DRAGA 0.0974 0.5655 0.3371 
 DUKE_OF_YOR 0.5253 0.4448 0.0299 
 DUNBAR_STAN 0.4505 0.2089 0.3406 
     DUNDROD 0.2937 0.1490 0.5573 
     ECLIPSE 0.5595 0.2772 0.1633 
        EDEN 0.3277 0.0080 0.6643 
 EDZELL_BLUE 0.4293 0.4025 0.1683 
   ELISABETH 0.0771 0.6632 0.2598 
     EMPEROR 0.1605 0.4994 0.3401 
         EOS 0.1264 0.4824 0.3911 
     EPICURE 0.4912 0.3884 0.1204 
  ERNTESTOLZ 0.3570 0.5231 0.1199 
      ESCORT 0.0730 0.6647 0.2623 
   ESMERALDA 0.2388 0.5127 0.2485 
      ESTIMA 0.2354 0.5555 0.2091 
 EVE_BALFOUR 0.2693 0.2691 0.4616 
   EXCALIBUR 0.0096 0.2275 0.7629 
     EXQUISA 0.2373 0.7276 0.0351 
    FESTIVAL 0.0742 0.6933 0.2325 
      FIANNA 0.0940 0.6581 0.2479 
   FIFTYFOLD 0.6323 0.2111 0.1565 
     FONTANE 0.1724 0.5892 0.2384 
   FORTYFOLD 0.6666 0.3200 0.0134 
 FRONTIER_RU 0.3282 0.4296 0.2422 
     G.81071 0.1657 0.4382 0.3961 
     G.88661 0.0789 0.4839 0.4372 
    G.886611 0.0364 0.4802 0.4833 
  G.8867Y%12 0.0370 0.5956 0.3675 
     G.88839 0.0954 0.8832 0.0214 
     G.88842 0.0789 0.7701 0.1511 
   GALACTICA 0.2274 0.5467 0.2259 
      GEMSON 0.2299 0.3733 0.3968 
  GL.76B/102 0.4803 0.3609 0.1588 
   GL.76B/94 0.5972 0.3830 0.0198 
  GL.77M/106 0.2356 0.2775 0.4869 
   GL.78/166 0.7109 0.2328 0.0563 
    GL.78/53 0.6245 0.0977 0.2778 
    GL.78/97 0.6498 0.2055 0.1446 
    GL.79/42 0.6162 0.1914 0.1924 
    GL.79/45 0.6299 0.2077 0.1623 
 GL.81_NT_25 0.4909 0.0153 0.4938 
   GLADIATOR 0.0680 0.6394 0.2926 
      GLAMIS 0.1670 0.3050 0.5280 
 GOLDEN_MILL 0.1793 0.1611 0.6597 
 GOLDEN_NUGG 0.0607 0.6285 0.3107 
 GOLDEN_WOND 0.6608 0.2384 0.1008 
     GRANOLA 0.1742 0.6176 0.2081 
    H1H3_101 0.4626 0.0039 0.5334 
      H1H3_3 0.2934 0.1497 0.5568 
 HARBOROUGH_ 0.0980 0.0820 0.8200 
   HARLEQUIN 0.2406 0.5112 0.2482 
      HERMES 0.2153 0.6212 0.1635 
 HIGHLAND_BU 0.8873 0.0904 0.0223 
  HOME_GUARD 0.3365 0.2715 0.3921 
     HORIZON 0.3419 0.5303 0.1278 
   INNOVATOR 0.3378 0.5147 0.1475 
 INTERNATION 0.9538 0.0360 0.0102 
 ISLE_OF_JUR 0.2214 0.2178 0.5608 
    JULIETTE 0.1397 0.7708 0.0895 
     KARLENA 0.2890 0.4774 0.2337 
 KERR'S_PINK 0.5888 0.1849 0.2263 
     KESTREL 0.0261 0.2638 0.7101 
       KIFLI 0.2599 0.5706 0.1696 
 KING_EDWARD 0.8409 0.0593 0.0997 
    KINGSTON 0.2745 0.1395 0.5860 
 KUFRI_CHAND 0.3128 0.4375 0.2497 
 KUFRI_JYOTI 0.1833 0.5396 0.2771 
      KURODA 0.1296 0.7260 0.1444 
 LADY_BALFOU 0.1944 0.3281 0.4775 
 LADY_CHRIST 0.3895 0.4998 0.1106 
 LADY_CLAIRE 0.3331 0.6531 0.0139 
     LADY_JO 0.4476 0.5105 0.0419 
 LADY_ROSETT 0.2306 0.5381 0.2313 
    LIBERTAS 0.4179 0.5346 0.0475 
       LINDA 0.2926 0.6713 0.0361 
      LINTON 0.1660 0.5279 0.3061 
 LINZER_DELI 0.2778 0.6437 0.0785 
   LIONHEART 0.1612 0.6539 0.1848 
   MADELEINE 0.1660 0.6802 0.1538 
   MADINGLEY 0.1426 0.5959 0.2615 
    MAJESTIC 0.2122 0.4940 0.2938 
     MARABEL 0.0964 0.8192 0.0844 
     MARFONA 0.2896 0.5442 0.1662 
     MARILYN 0.1630 0.6986 0.1384 
 MARIS_ANCHO 0.3030 0.5312 0.1658 
  MARIS_BARD 0.2819 0.2754 0.4427 
  MARIS_PEER 0.2691 0.3255 0.4054 
 MARIS_PIPER 0.2691 0.0080 0.7229 
     MARKIES 0.2363 0.7154 0.0483 
      MAXINE 0.1499 0.2583 0.5918 
      MEGARA 0.1759 0.7128 0.1113 
      MELODY 0.2517 0.5697 0.1787 
       MIDAS 0.2644 0.2606 0.4750 
       MILVA 0.2696 0.6656 0.0648 
        MIMI 0.1826 0.3715 0.4459 
        MIRA 0.3345 0.6173 0.0482 
       MOIRA 0.2229 0.5713 0.2058 
    MONTROSE 0.3488 0.0160 0.6352 
       MORAG 0.2702 0.2894 0.4404 
      MORENE 0.2740 0.6928 0.0332 
      MOZART 0.0120 0.7826 0.2054 
 MYATT'S_ASH 0.8105 0.1820 0.0074 
      NADINE 0.0716 0.3302 0.5981 
       NAVAN 0.1737 0.0585 0.7678 
 NDTX_4271_5 0.1497 0.4275 0.4228 
      NICOLA 0.2794 0.7120 0.0086 
     NOVELLA 0.1075 0.6875 0.2050 
     OLYMPUS 0.2144 0.2609 0.5247 
       OPERA 0.0981 0.6326 0.2693 
   ORCHESTRA 0.1744 0.6365 0.1892 
      ORIANA 0.1861 0.7447 0.0692 
     OTHELLO 0.0295 0.3958 0.5747 
     PALADIN 0.3517 0.0129 0.6354 
       PANDA 0.1117 0.7210 0.1673 
   PARAMOUNT 0.0784 0.6137 0.3080 
    PATRONES 0.3283 0.5352 0.1366 
 PENTLAND_AC 0.2537 0.4126 0.3337 
 PENTLAND_BE 0.5285 0.2863 0.1852 
 PENTLAND_CR 0.1802 0.4674 0.3524 
 PENTLAND_DE 0.3221 0.3480 0.3299 
 PENTLAND_IV 0.1749 0.4157 0.4094 
 PENTLAND_JA 0.2210 0.4859 0.2931 
 PENTLAND_MA 0.1561 0.6417 0.2022 
 PENTLAND_SQ 0.2632 0.4041 0.3327 
   PEPO_1978 0.2286 0.6398 0.1316 
     PICASSO 0.0104 0.5600 0.4296 
   PIMPERNEL 0.2784 0.5988 0.1229 
     PIONEER 0.2617 0.6594 0.0789 
       PIXIE 0.0244 0.3624 0.6132 
    PREMIERE 0.3825 0.4986 0.1188 
   PRODUCENT 0.2308 0.5300 0.2392 
     PROVOST 0.2328 0.5054 0.2617 
  R.P.LUSTRE 0.3468 0.3192 0.3340 
 RANGER_RUSS 0.3976 0.5174 0.0850 
       RATTE 0.5682 0.2059 0.2259 
      RECORD 0.3881 0.5914 0.0205 
   REMBRANDT 0.2800 0.5600 0.1600 
    RIO_ROJO 0.1820 0.5280 0.2900 
      ROBIJN 0.3969 0.5924 0.0107 
      ROCKET 0.2986 0.0880 0.6134 
   RODE_STAR 0.4800 0.4923 0.0277 
      ROMANO 0.0565 0.6924 0.2512 
       ROMEO 0.2274 0.4522 0.3204 
     ROOSTER 0.1897 0.4695 0.3409 
       ROYAL 0.2340 0.4027 0.3633 
 ROYAL_KIDNE 0.5791 0.3020 0.1189 
     RUBESSE 0.1684 0.6285 0.2031 
 RUSSET_BURB 0.3199 0.4770 0.2030 
 RUSSET_NORK 0.2751 0.4515 0.2734 
      SAFARI 0.0565 0.7195 0.2240 
     SANTANA 0.2178 0.5555 0.2267 
       SANTE 0.1842 0.5720 0.2438 
     SAPHIRE 0.0940 0.6608 0.2453 
  SARPO_MIRA 0.2437 0.6151 0.1412 
 SARPO_SHONA 0.1750 0.6889 0.1361 
       SASSY 0.3461 0.4881 0.1659 
     SATURNA 0.3883 0.5885 0.0232 
        SAVA 0.1596 0.6387 0.2017 
       SAXON 0.2281 0.1146 0.6573 
 SCARBOROUGH 0.1766 0.0215 0.8019 
 SEFTON_WOND 0.5745 0.1233 0.3022 
    SERAFINA 0.1972 0.7009 0.1019 
     SETANTA 0.1044 0.3632 0.5324 
 SHARPE'S_EX 0.6962 0.1833 0.1205 
     SHELAGH 0.3230 0.3494 0.3277 
    SHELFORD 0.2784 0.5964 0.1252 
     SHEPODY 0.3305 0.4587 0.2108 
      SLANEY 0.0271 0.3704 0.6025 
        SPEY 0.0095 0.3844 0.6061 
      SPUNTA 0.2620 0.4670 0.2710 
     STAMINA 0.0253 0.1582 0.8165 
    STEMSTER 0.2889 0.3578 0.3533 
 STORMONT_EN 0.2908 0.4257 0.2835 
    STIRLING 0.0260 0.4857 0.4883 
     SYLVANA 0.1809 0.5773 0.2419 
         TAY 0.0437 0.2715 0.6848 
      TIMATE 0.1705 0.6747 0.1548 
      TOLUCA 0.1249 0.7831 0.0920 
    TORRIDON 0.1825 0.5762 0.2413 
 ULSTER_SCEP 0.2196 0.2687 0.5117 
 UMATILLA_RU 0.4887 0.1732 0.3381 
 VALES_EMERA 0.1843 0.4336 0.3820 
 VALES_EVERE 0.1644 0.2709 0.5647 
 VALES_RUSSE 0.4034 0.4215 0.1752 
 VALES_SOVER 0.0092 0.2986 0.6922 
       VALOR 0.0074 0.3043 0.6883 
    VAN_GOGH 0.2651 0.5994 0.1355 
     VANTAGE 0.4508 0.4765 0.0727 
       VERDI 0.3022 0.5597 0.1382 
    VICTORIA 0.1866 0.6715 0.1419 
     VIVALDI 0.1427 0.7898 0.0675 
       WILJA 0.3288 0.5698 0.1014 
     WINSTON 0.0308 0.2925 0.6767 
      XD2-21 0.2811 0.3907 0.3282 
  YUKON_GOLD 0.0798 0.5197 0.4005 
       ZORBA 0.2529 0.5978 0.1493 
