  00C133-020 0.0990 0.0137 0.5130 0.3574 0.0169 
 01C_071-002 0.0821 0.3002 0.2038 0.2590 0.1549 
 02M_012-001 0.1104 0.0962 0.6126 0.0401 0.1408 
 03M_016-002 0.0390 0.0400 0.3772 0.1025 0.4413 
 03M_034-002 0.0333 0.0462 0.5309 0.2058 0.1838 
 04C_055-004 0.3058 0.1191 0.4812 0.0296 0.0642 
 04C_126-005 0.1083 0.1192 0.3114 0.3670 0.0941 
 04M_034-013 0.1263 0.0935 0.4752 0.0395 0.2655 
 05M_002-001 0.2196 0.3652 0.1401 0.1348 0.1403 
 05M_004-003 0.1441 0.3652 0.1971 0.2838 0.0097 
 05M_012-004 0.1500 0.2152 0.1933 0.3519 0.0896 
 06C_127-002 0.4607 0.0086 0.3255 0.1671 0.0381 
 12288_AF_23 0.2475 0.0352 0.4360 0.2677 0.0136 
    12601AB1 0.0499 0.0108 0.4746 0.0254 0.4393 
   12636_A_2 0.0506 0.0094 0.4983 0.2266 0.2151 
  15119_AC_5 0.0028 0.0302 0.2455 0.5299 0.1915 
     1512C16 0.2235 0.0999 0.0150 0.3391 0.3225 
   15144_A_3 0.2779 0.0792 0.0353 0.5713 0.0363 
     1563C14 0.2228 0.2702 0.0264 0.0355 0.4451 
     2182EF7 0.2206 0.0642 0.0902 0.4985 0.1265 
     3681AD1 0.1064 0.3812 0.0978 0.3671 0.0475 
     5008AB6 0.2828 0.2702 0.0601 0.2935 0.0933 
    8204_A_4 0.3220 0.0233 0.1836 0.4265 0.0446 
       AGRIA 0.3508 0.5130 0.0797 0.0097 0.0469 
       AILSA 0.2750 0.0079 0.5684 0.0216 0.1271 
      ALMERA 0.2505 0.4559 0.0538 0.1794 0.0605 
       ALPHA 0.1605 0.4230 0.0636 0.1242 0.2286 
      ALWARA 0.2811 0.3606 0.0509 0.2735 0.0339 
      AMADRA 0.2773 0.3295 0.2240 0.0248 0.1444 
       AMOUR 0.0781 0.0266 0.4180 0.4413 0.0360 
        ANNA 0.0054 0.0159 0.0229 0.7937 0.1620 
   ANNABELLE 0.4354 0.4670 0.0123 0.0525 0.0327 
        ANYA 0.5001 0.1666 0.0500 0.0625 0.2209 
       ARGOS 0.0507 0.1218 0.2435 0.5727 0.0114 
     ARIELLE 0.3229 0.4114 0.0288 0.1218 0.1151 
      ARKULA 0.2103 0.4482 0.0161 0.1974 0.1280 
      ARMADA 0.1929 0.3889 0.1156 0.1686 0.1339 
   AVALANCHE 0.0112 0.2820 0.4445 0.2154 0.0469 
     BAILLIE 0.1063 0.1793 0.4937 0.2034 0.0174 
    BALMORAL 0.0180 0.2384 0.0296 0.6209 0.0931 
     BAMBINO 0.1236 0.0847 0.5035 0.2705 0.0177 
       BARNA 0.3226 0.0998 0.1076 0.4161 0.0539 
 BELLE_DE_FO 0.0063 0.0672 0.0039 0.0612 0.8613 
       BENOL 0.0777 0.0993 0.6119 0.0486 0.1625 
       BF_15 0.0533 0.2170 0.0058 0.0272 0.6966 
      BINTJE 0.1258 0.2555 0.0768 0.1738 0.3681 
 BIONICA_EX_ 0.1860 0.2763 0.1376 0.2619 0.1381 
 BLUE_DANUBE 0.0073 0.5656 0.0157 0.2614 0.1500 
      BONNIE 0.2619 0.1753 0.2540 0.2748 0.0340 
      BOUNTY 0.1091 0.0948 0.4603 0.3169 0.0190 
 BRITISH_QUE 0.0055 0.2123 0.0085 0.2787 0.4950 
     BRODICK 0.3101 0.0095 0.5531 0.1189 0.0084 
      BRODIE 0.1565 0.0074 0.0860 0.6028 0.1473 
      BUCHAN 0.2804 0.0041 0.1402 0.4871 0.0882 
      BURREN 0.1962 0.1618 0.0979 0.4436 0.1005 
     CABARET 0.0187 0.0164 0.5258 0.1429 0.2962 
      CAESAR 0.4073 0.3854 0.0469 0.1561 0.0042 
        CARA 0.0872 0.0176 0.1548 0.6924 0.0480 
 CARLINGFORD 0.3466 0.0325 0.1120 0.4027 0.1061 
  CASABLANCA 0.0102 0.2362 0.3176 0.4310 0.0051 
      CELINE 0.1096 0.4191 0.1173 0.2902 0.0637 
  CHALLENGER 0.2677 0.3286 0.2085 0.0418 0.1534 
   CHARLOTTE 0.6658 0.0733 0.1442 0.0074 0.1092 
     CHICAGO 0.1540 0.2728 0.5252 0.0113 0.0367 
   CHIEFTAIN 0.4702 0.0107 0.0265 0.2769 0.2157 
      CHOPIN 0.2790 0.4027 0.0312 0.2093 0.0778 
      CLARET 0.1991 0.0249 0.1230 0.6116 0.0415 
      CORINE 0.0101 0.3279 0.1902 0.3564 0.1154 
      COSMOS 0.1207 0.4707 0.1232 0.1812 0.1042 
     COURAGE 0.2309 0.3542 0.0794 0.2191 0.1163 
     COURLAN 0.3507 0.1382 0.1043 0.2604 0.1465 
 CRAIGS_ROYA 0.1673 0.0061 0.2179 0.4794 0.1293 
 CRAIGS_SNOW 0.1181 0.0858 0.1575 0.2472 0.3915 
     CRAMOND 0.1536 0.1042 0.4982 0.2297 0.0143 
 CRISPS_FOR_ 0.3708 0.3045 0.1130 0.1296 0.0821 
    CROMWELL 0.0093 0.1171 0.6654 0.0174 0.1907 
       D22/1 0.0054 0.0654 0.5177 0.2118 0.1996 
       D23/3 0.0823 0.0750 0.3878 0.1169 0.3380 
      D47-11 0.0035 0.0638 0.6998 0.0137 0.2192 
       D49/1 0.0205 0.0592 0.7715 0.0040 0.1448 
       DAISY 0.1178 0.1981 0.4865 0.0125 0.1852 
 DARK_RED_NO 0.3367 0.0714 0.0307 0.3182 0.2431 
     DARWINA 0.1598 0.4571 0.1015 0.1384 0.1432 
     DESIREE 0.3754 0.2502 0.0045 0.2216 0.1482 
       DITTA 0.3301 0.4148 0.0238 0.0653 0.1660 
 DR._MCINTOS 0.2445 0.0332 0.0501 0.4825 0.1897 
       DRAGA 0.1625 0.3064 0.1617 0.3338 0.0356 
 DUKE_OF_YOR 0.0113 0.2919 0.0037 0.2243 0.4687 
 DUNBAR_STAN 0.0987 0.0141 0.1560 0.3018 0.4293 
     DUNDROD 0.1915 0.0295 0.4960 0.0978 0.1851 
     ECLIPSE 0.3564 0.0091 0.0658 0.0491 0.5197 
        EDEN 0.0253 0.0127 0.7099 0.0359 0.2162 
 EDZELL_BLUE 0.1423 0.2397 0.0765 0.1907 0.3508 
   ELISABETH 0.5503 0.2468 0.1637 0.0275 0.0117 
     EMPEROR 0.3648 0.1770 0.1950 0.1705 0.0927 
         EOS 0.4351 0.1346 0.2815 0.1081 0.0406 
     EPICURE 0.2871 0.0604 0.0113 0.1862 0.4549 
  ERNTESTOLZ 0.1932 0.3249 0.0330 0.1665 0.2824 
      ESCORT 0.3559 0.3875 0.1759 0.0737 0.0070 
   ESMERALDA 0.2643 0.3153 0.1669 0.1145 0.1390 
      ESTIMA 0.2734 0.3466 0.1482 0.0984 0.1334 
 EVE_BALFOUR 0.0959 0.0240 0.2032 0.4376 0.2393 
   EXCALIBUR 0.1038 0.0197 0.4954 0.3774 0.0037 
     EXQUISA 0.4317 0.3718 0.0085 0.0512 0.1368 
    FESTIVAL 0.3712 0.4012 0.1484 0.0697 0.0095 
      FIANNA 0.1825 0.3590 0.0482 0.3768 0.0335 
   FIFTYFOLD 0.1655 0.0788 0.0904 0.0932 0.5720 
     FONTANE 0.2611 0.4332 0.2047 0.0443 0.0567 
   FORTYFOLD 0.0055 0.3099 0.0052 0.1050 0.5745 
 FRONTIER_RU 0.3477 0.0778 0.0923 0.1927 0.2894 
     G.81071 0.2440 0.1048 0.1786 0.3415 0.1310 
     G.88661 0.3608 0.0864 0.2288 0.2928 0.0312 
    G.886611 0.4918 0.0078 0.2181 0.2712 0.0111 
  G.8867Y%12 0.4690 0.0310 0.0666 0.4087 0.0247 
     G.88839 0.5208 0.4580 0.0072 0.0070 0.0070 
     G.88842 0.3366 0.3881 0.0122 0.2434 0.0197 
   GALACTICA 0.0053 0.3798 0.0075 0.4430 0.1644 
      GEMSON 0.1908 0.0280 0.1241 0.4380 0.2190 
  GL.76B/102 0.2020 0.2612 0.1687 0.0150 0.3531 
   GL.76B/94 0.0092 0.3602 0.0051 0.1191 0.5063 
  GL.77M/106 0.2989 0.0097 0.2853 0.2309 0.1752 
   GL.78/166 0.0070 0.2783 0.0536 0.0681 0.5930 
    GL.78/53 0.2012 0.0325 0.2525 0.0065 0.5073 
    GL.78/97 0.1070 0.1843 0.1555 0.0142 0.5390 
    GL.79/42 0.2201 0.0933 0.1874 0.0029 0.4963 
    GL.79/45 0.1998 0.1108 0.1455 0.0184 0.5255 
 GL.81_NT_25 0.0031 0.1147 0.5400 0.0202 0.3219 
   GLADIATOR 0.3817 0.2540 0.1183 0.2315 0.0145 
      GLAMIS 0.2384 0.1319 0.4387 0.1367 0.0542 
 GOLDEN_MILL 0.1936 0.0195 0.5280 0.1720 0.0868 
 GOLDEN_NUGG 0.1686 0.3754 0.1326 0.3080 0.0153 
 GOLDEN_WOND 0.1574 0.1490 0.0548 0.0479 0.5909 
     GRANOLA 0.5684 0.2125 0.1388 0.0088 0.0714 
    H1H3_101 0.0027 0.0098 0.6774 0.0050 0.3051 
      H1H3_3 0.0720 0.0712 0.4540 0.1924 0.2104 
 HARBOROUGH_ 0.1672 0.0118 0.7242 0.0876 0.0092 
   HARLEQUIN 0.5409 0.1244 0.1624 0.0200 0.1522 
      HERMES 0.2207 0.3985 0.0701 0.1853 0.1254 
 HIGHLAND_BU 0.0053 0.1713 0.0209 0.0181 0.7844 
  HOME_GUARD 0.1863 0.0195 0.1878 0.2999 0.3065 
     HORIZON 0.0764 0.4800 0.1084 0.1159 0.2193 
   INNOVATOR 0.0064 0.3001 0.0052 0.3874 0.3009 
 INTERNATION 0.0038 0.1162 0.0058 0.0144 0.8598 
 ISLE_OF_JUR 0.1358 0.0890 0.4522 0.1972 0.1258 
    JULIETTE 0.5876 0.3487 0.0321 0.0066 0.0251 
     KARLENA 0.0094 0.3432 0.0346 0.3669 0.2459 
 KERR'S_PINK 0.0969 0.0205 0.0932 0.2353 0.5541 
     KESTREL 0.2271 0.0056 0.3799 0.3806 0.0069 
       KIFLI 0.4841 0.2398 0.1379 0.0053 0.1329 
 KING_EDWARD 0.1382 0.0119 0.0720 0.0061 0.7718 
    KINGSTON 0.0932 0.1099 0.5223 0.1184 0.1562 
 KUFRI_CHAND 0.1943 0.1615 0.0823 0.2923 0.2695 
 KUFRI_JYOTI 0.2174 0.2009 0.0532 0.3818 0.1467 
      KURODA 0.1459 0.5286 0.0325 0.2589 0.0342 
 LADY_BALFOU 0.1106 0.0435 0.2025 0.4685 0.1749 
 LADY_CHRIST 0.0814 0.4591 0.1026 0.0828 0.2741 
 LADY_CLAIRE 0.0069 0.7622 0.0113 0.0393 0.1803 
     LADY_JO 0.0026 0.6130 0.0187 0.0873 0.2784 
 LADY_ROSETT 0.2032 0.3604 0.1562 0.1468 0.1335 
    LIBERTAS 0.0030 0.5797 0.0089 0.1448 0.2636 
       LINDA 0.5388 0.2614 0.0067 0.0050 0.1880 
      LINTON 0.2449 0.2874 0.1809 0.2044 0.0823 
 LINZER_DELI 0.4430 0.3168 0.0362 0.0215 0.1826 
   LIONHEART 0.1660 0.4562 0.0657 0.2384 0.0736 
   MADELEINE 0.4141 0.4021 0.0972 0.0348 0.0518 
   MADINGLEY 0.3261 0.3124 0.1584 0.1608 0.0423 
    MAJESTIC 0.2624 0.0484 0.0247 0.4476 0.2168 
     MARABEL 0.3579 0.4987 0.0141 0.1170 0.0124 
     MARFONA 0.0363 0.4834 0.1145 0.1864 0.1794 
     MARILYN 0.3944 0.3493 0.0292 0.1429 0.0842 
 MARIS_ANCHO 0.2475 0.2978 0.0739 0.1542 0.2266 
  MARIS_BARD 0.0039 0.2181 0.2374 0.3488 0.1918 
  MARIS_PEER 0.1963 0.0159 0.1603 0.3802 0.2473 
 MARIS_PIPER 0.0060 0.0510 0.8254 0.0059 0.1118 
     MARKIES 0.3044 0.5136 0.0302 0.0394 0.1125 
      MAXINE 0.2077 0.0211 0.4099 0.2744 0.0868 
      MEGARA 0.3087 0.5334 0.0913 0.0276 0.0391 
      MELODY 0.1673 0.4299 0.1101 0.1518 0.1409 
       MIDAS 0.1573 0.2457 0.5058 0.0049 0.0864 
       MILVA 0.3571 0.4003 0.0257 0.0494 0.1675 
        MIMI 0.0976 0.2889 0.3572 0.1839 0.0725 
        MIRA 0.0073 0.5981 0.0103 0.1727 0.2117 
       MOIRA 0.2572 0.2918 0.0585 0.2407 0.1517 
    MONTROSE 0.1130 0.0075 0.6140 0.0308 0.2347 
       MORAG 0.1504 0.0128 0.1783 0.4169 0.2415 
      MORENE 0.0114 0.5852 0.0042 0.2236 0.1755 
      MOZART 0.5073 0.3421 0.0853 0.0624 0.0029 
 MYATT'S_ASH 0.0048 0.2487 0.0048 0.0149 0.7268 
      NADINE 0.3299 0.0533 0.4570 0.1499 0.0098 
       NAVAN 0.0865 0.0228 0.6907 0.1440 0.0560 
 NDTX_4271_5 0.5618 0.0054 0.2172 0.1246 0.0910 
      NICOLA 0.4145 0.4205 0.0034 0.0052 0.1563 
     NOVELLA 0.2635 0.3830 0.0476 0.2699 0.0359 
     OLYMPUS 0.3200 0.0081 0.3394 0.1840 0.1485 
       OPERA 0.2769 0.3769 0.1467 0.1823 0.0172 
   ORCHESTRA 0.3606 0.4011 0.1517 0.0264 0.0602 
      ORIANA 0.1515 0.4464 0.0043 0.2896 0.1081 
     OTHELLO 0.2168 0.0062 0.1632 0.5918 0.0220 
     PALADIN 0.0059 0.0647 0.6823 0.0285 0.2186 
       PANDA 0.5404 0.3212 0.1101 0.0143 0.0139 
   PARAMOUNT 0.2394 0.1953 0.0281 0.4827 0.0546 
    PATRONES 0.1652 0.3708 0.0631 0.1672 0.2336 
 PENTLAND_AC 0.2131 0.1541 0.1596 0.2755 0.1977 
 PENTLAND_BE 0.0081 0.1410 0.0141 0.3347 0.5021 
 PENTLAND_CR 0.1211 0.2434 0.1495 0.3586 0.1274 
 PENTLAND_DE 0.2141 0.0167 0.0659 0.3948 0.3085 
 PENTLAND_IV 0.3934 0.0050 0.0856 0.3570 0.1590 
 PENTLAND_JA 0.1459 0.1948 0.0710 0.3841 0.2042 
 PENTLAND_MA 0.1041 0.3456 0.0096 0.4194 0.1213 
 PENTLAND_SQ 0.2209 0.0925 0.1176 0.3375 0.2315 
   PEPO_1978 0.3421 0.4036 0.1077 0.0317 0.1149 
     PICASSO 0.0459 0.2560 0.1467 0.5474 0.0040 
   PIMPERNEL 0.1612 0.4994 0.0883 0.0960 0.1550 
     PIONEER 0.6183 0.2119 0.0206 0.0054 0.1438 
       PIXIE 0.2839 0.0258 0.3735 0.3099 0.0069 
    PREMIERE 0.0059 0.4955 0.0488 0.1728 0.2769 
   PRODUCENT 0.1822 0.4558 0.2342 0.0373 0.0906 
     PROVOST 0.2064 0.1644 0.0420 0.3806 0.2066 
  R.P.LUSTRE 0.3792 0.0243 0.2073 0.1083 0.2809 
 RANGER_RUSS 0.0378 0.1988 0.0028 0.3821 0.3785 
       RATTE 0.2735 0.0432 0.1924 0.0097 0.4811 
      RECORD 0.0069 0.6261 0.0106 0.1081 0.2483 
   REMBRANDT 0.1537 0.4619 0.1283 0.0980 0.1582 
    RIO_ROJO 0.3662 0.0914 0.0714 0.3086 0.1624 
      ROBIJN 0.0229 0.5991 0.0058 0.0915 0.2807 
      ROCKET 0.0882 0.0209 0.5281 0.1630 0.1998 
   RODE_STAR 0.1845 0.4400 0.0437 0.0043 0.3275 
      ROMANO 0.2763 0.3364 0.0520 0.3211 0.0142 
       ROMEO 0.4112 0.0197 0.0687 0.2947 0.2058 
     ROOSTER 0.2264 0.1539 0.1093 0.3555 0.1549 
       ROYAL 0.2655 0.2873 0.3615 0.0109 0.0748 
 ROYAL_KIDNE 0.0122 0.0840 0.0034 0.3318 0.5687 
     RUBESSE 0.4042 0.2418 0.0407 0.2001 0.1131 
 RUSSET_BURB 0.2197 0.1266 0.0142 0.3418 0.2977 
 RUSSET_NORK 0.4364 0.0068 0.0348 0.2566 0.2655 
      SAFARI 0.2031 0.4304 0.0354 0.3192 0.0120 
     SANTANA 0.1247 0.4185 0.1444 0.1865 0.1259 
       SANTE 0.1849 0.4446 0.1947 0.1078 0.0681 
     SAPHIRE 0.1763 0.4258 0.0959 0.2722 0.0298 
  SARPO_MIRA 0.3990 0.3286 0.0862 0.0411 0.1450 
 SARPO_SHONA 0.3847 0.4101 0.0827 0.0600 0.0625 
       SASSY 0.1882 0.3315 0.1027 0.1287 0.2488 
     SATURNA 0.1860 0.5305 0.0472 0.0054 0.2309 
        SAVA 0.4358 0.3062 0.1224 0.0684 0.0672 
       SAXON 0.1308 0.0390 0.5730 0.1386 0.1187 
 SCARBOROUGH 0.1669 0.0054 0.7586 0.0298 0.0392 
 SEFTON_WOND 0.0561 0.0158 0.1585 0.2381 0.5315 
    SERAFINA 0.4915 0.3005 0.0169 0.0698 0.1213 
     SETANTA 0.3156 0.0373 0.3131 0.2834 0.0506 
 SHARPE'S_EX 0.1101 0.1405 0.1045 0.0347 0.6102 
     SHELAGH 0.1198 0.1636 0.1884 0.2761 0.2521 
    SHELFORD 0.2270 0.3549 0.0291 0.1932 0.1958 
     SHEPODY 0.0043 0.2348 0.0061 0.4579 0.2970 
      SLANEY 0.2495 0.0129 0.3006 0.4271 0.0099 
        SPEY 0.1745 0.0264 0.2992 0.4955 0.0044 
      SPUNTA 0.4056 0.1197 0.1319 0.1320 0.2108 
     STAMINA 0.0158 0.0547 0.6245 0.3008 0.0042 
    STEMSTER 0.1516 0.2748 0.3277 0.0857 0.1602 
 STORMONT_EN 0.0835 0.3003 0.1850 0.2386 0.1926 
    STIRLING 0.2526 0.0659 0.1771 0.4874 0.0170 
     SYLVANA 0.2657 0.2834 0.0972 0.2366 0.1172 
         TAY 0.2730 0.0067 0.4346 0.2770 0.0088 
      TIMATE 0.3927 0.4269 0.1354 0.0090 0.0360 
      TOLUCA 0.3704 0.3705 0.0064 0.2033 0.0495 
    TORRIDON 0.1294 0.3458 0.0734 0.3446 0.1067 
 ULSTER_SCEP 0.0918 0.0699 0.3034 0.3598 0.1751 
 UMATILLA_RU 0.0331 0.1985 0.3404 0.0683 0.3596 
 VALES_EMERA 0.5179 0.0409 0.2629 0.0735 0.1047 
 VALES_EVERE 0.1520 0.0088 0.2842 0.4244 0.1307 
 VALES_RUSSE 0.2331 0.1280 0.0310 0.2431 0.3647 
 VALES_SOVER 0.0239 0.0306 0.3523 0.5887 0.0046 
       VALOR 0.0908 0.0385 0.3868 0.4810 0.0030 
    VAN_GOGH 0.1708 0.5118 0.1135 0.0673 0.1366 
     VANTAGE 0.0065 0.4450 0.0115 0.1922 0.3449 
       VERDI 0.2223 0.4241 0.1179 0.0568 0.1789 
    VICTORIA 0.2509 0.4275 0.0359 0.1749 0.1109 
     VIVALDI 0.1773 0.4551 0.0040 0.2933 0.0702 
       WILJA 0.0024 0.5708 0.0079 0.2309 0.1879 
     WINSTON 0.2994 0.0078 0.4460 0.2410 0.0057 
      XD2-21 0.1962 0.0697 0.1033 0.3726 0.2581 
  YUKON_GOLD 0.4620 0.1015 0.2379 0.1752 0.0234 
       ZORBA 0.0181 0.4375 0.0107 0.3310 0.2027 
