  00C133-020 0.0104 0.1006 0.5094 0.0170 0.3626 
 01C_071-002 0.2941 0.0870 0.2062 0.1529 0.2598 
 02M_012-001 0.0926 0.1102 0.6152 0.1410 0.0409 
 03M_016-002 0.0460 0.0426 0.3751 0.4370 0.0993 
 03M_034-002 0.0436 0.0375 0.5256 0.1818 0.2115 
 04C_055-004 0.1182 0.3066 0.4835 0.0629 0.0287 
 04C_126-005 0.1115 0.1197 0.3089 0.0918 0.3680 
 04M_034-013 0.0875 0.1279 0.4753 0.2631 0.0462 
 05M_002-001 0.3646 0.2136 0.1449 0.1356 0.1412 
 05M_004-003 0.3595 0.1408 0.2008 0.0093 0.2897 
 05M_012-004 0.2074 0.1556 0.1904 0.0910 0.3557 
 06C_127-002 0.0079 0.4644 0.3196 0.0394 0.1687 
 12288_AF_23 0.0302 0.2552 0.4348 0.0176 0.2622 
    12601AB1 0.0089 0.0588 0.4716 0.4363 0.0243 
   12636_A_2 0.0084 0.0512 0.4931 0.2157 0.2316 
  15119_AC_5 0.0258 0.0026 0.2392 0.1947 0.5376 
     1512C16 0.0971 0.2277 0.0190 0.3199 0.3362 
   15144_A_3 0.0849 0.2749 0.0327 0.0344 0.5732 
     1563C14 0.2677 0.2203 0.0284 0.4389 0.0447 
     2182EF7 0.0540 0.2289 0.0844 0.1307 0.5019 
     3681AD1 0.3672 0.1067 0.0987 0.0512 0.3762 
     5008AB6 0.2633 0.2873 0.0571 0.0932 0.2991 
    8204_A_4 0.0222 0.3273 0.1742 0.0511 0.4251 
       AGRIA 0.5212 0.3427 0.0896 0.0369 0.0097 
       AILSA 0.0089 0.2764 0.5595 0.1262 0.0290 
      ALMERA 0.4513 0.2438 0.0673 0.0577 0.1799 
       ALPHA 0.4169 0.1572 0.0614 0.2285 0.1359 
      ALWARA 0.3568 0.2805 0.0524 0.0299 0.2804 
      AMADRA 0.3302 0.2736 0.2265 0.1400 0.0297 
       AMOUR 0.0219 0.0830 0.4135 0.0400 0.4416 
        ANNA 0.0164 0.0079 0.0198 0.1631 0.7929 
   ANNABELLE 0.4690 0.4262 0.0173 0.0261 0.0615 
        ANYA 0.1729 0.4965 0.0473 0.2174 0.0659 
       ARGOS 0.1156 0.0560 0.2408 0.0118 0.5758 
     ARIELLE 0.4142 0.3168 0.0269 0.1103 0.1319 
      ARKULA 0.4372 0.2110 0.0138 0.1280 0.2100 
      ARMADA 0.3787 0.1930 0.1152 0.1322 0.1809 
   AVALANCHE 0.2696 0.0125 0.4476 0.0454 0.2247 
     BAILLIE 0.1730 0.1075 0.4904 0.0178 0.2113 
    BALMORAL 0.2311 0.0228 0.0282 0.0914 0.6265 
     BAMBINO 0.0719 0.1282 0.5030 0.0171 0.2798 
       BARNA 0.1016 0.3251 0.1077 0.0483 0.4172 
 BELLE_DE_FO 0.0734 0.0059 0.0039 0.8548 0.0619 
       BENOL 0.0933 0.0853 0.6118 0.1608 0.0488 
       BF_15 0.2254 0.0473 0.0053 0.6909 0.0312 
      BINTJE 0.2559 0.1204 0.0766 0.3658 0.1814 
 BIONICA_EX_ 0.2694 0.1887 0.1347 0.1369 0.2704 
 BLUE_DANUBE 0.5499 0.0074 0.0192 0.1477 0.2758 
      BONNIE 0.1697 0.2655 0.2528 0.0295 0.2824 
      BOUNTY 0.0906 0.1098 0.4599 0.0186 0.3211 
 BRITISH_QUE 0.2070 0.0053 0.0082 0.4927 0.2868 
     BRODICK 0.0087 0.3183 0.5486 0.0090 0.1154 
      BRODIE 0.0060 0.1628 0.0791 0.1486 0.6034 
      BUCHAN 0.0047 0.2855 0.1360 0.0898 0.4840 
      BURREN 0.1574 0.2002 0.0967 0.1010 0.4448 
     CABARET 0.0133 0.0198 0.5283 0.2914 0.1472 
      CAESAR 0.3822 0.4033 0.0439 0.0046 0.1659 
        CARA 0.0164 0.0964 0.1439 0.0487 0.6946 
 CARLINGFORD 0.0313 0.3539 0.1076 0.1107 0.3965 
  CASABLANCA 0.2230 0.0117 0.3205 0.0045 0.4403 
      CELINE 0.4043 0.1175 0.1128 0.0642 0.3012 
  CHALLENGER 0.3284 0.2646 0.2132 0.1496 0.0441 
   CHARLOTTE 0.0854 0.6613 0.1380 0.1075 0.0078 
     CHICAGO 0.2694 0.1500 0.5295 0.0366 0.0146 
   CHIEFTAIN 0.0095 0.4764 0.0320 0.2133 0.2688 
      CHOPIN 0.3987 0.2795 0.0298 0.0771 0.2149 
      CLARET 0.0272 0.1984 0.1174 0.0441 0.6130 
      CORINE 0.3170 0.0128 0.1925 0.1171 0.3607 
      COSMOS 0.4613 0.1190 0.1278 0.0996 0.1923 
     COURAGE 0.3469 0.2322 0.0798 0.1160 0.2251 
     COURLAN 0.1443 0.3499 0.1066 0.1437 0.2555 
 CRAIGS_ROYA 0.0056 0.1767 0.2100 0.1311 0.4765 
 CRAIGS_SNOW 0.0849 0.1213 0.1549 0.3890 0.2500 
     CRAMOND 0.0926 0.1628 0.4957 0.0160 0.2329 
 CRISPS_FOR_ 0.3041 0.3688 0.1136 0.0769 0.1366 
    CROMWELL 0.1137 0.0107 0.6706 0.1880 0.0169 
       D22/1 0.0548 0.0058 0.5239 0.2001 0.2154 
       D23/3 0.0716 0.0810 0.3921 0.3389 0.1163 
      D47-11 0.0594 0.0041 0.7050 0.2166 0.0149 
       D49/1 0.0557 0.0216 0.7742 0.1449 0.0036 
       DAISY 0.1944 0.1206 0.4872 0.1813 0.0165 
 DARK_RED_NO 0.0760 0.3412 0.0304 0.2392 0.3132 
     DARWINA 0.4507 0.1550 0.1079 0.1375 0.1489 
     DESIREE 0.2561 0.3728 0.0047 0.1434 0.2230 
       DITTA 0.4171 0.3215 0.0190 0.1591 0.0832 
 DR._MCINTOS 0.0303 0.2528 0.0429 0.1909 0.4830 
       DRAGA 0.3003 0.1645 0.1619 0.0362 0.3371 
 DUKE_OF_YOR 0.2878 0.0122 0.0038 0.4650 0.2312 
 DUNBAR_STAN 0.0138 0.1035 0.1513 0.4255 0.3059 
     DUNDROD 0.0262 0.1954 0.4981 0.1837 0.0965 
     ECLIPSE 0.0076 0.3655 0.0543 0.5161 0.0565 
        EDEN 0.0117 0.0334 0.7094 0.2113 0.0342 
 EDZELL_BLUE 0.2360 0.1422 0.0751 0.3490 0.1976 
   ELISABETH 0.2446 0.5553 0.1614 0.0106 0.0280 
     EMPEROR 0.1757 0.3667 0.1997 0.0899 0.1681 
         EOS 0.1346 0.4387 0.2795 0.0401 0.1071 
     EPICURE 0.0588 0.2926 0.0116 0.4535 0.1834 
  ERNTESTOLZ 0.3249 0.1908 0.0368 0.2781 0.1694 
      ESCORT 0.3838 0.3503 0.1742 0.0082 0.0835 
   ESMERALDA 0.3077 0.2660 0.1651 0.1375 0.1236 
      ESTIMA 0.3386 0.2690 0.1523 0.1329 0.1070 
 EVE_BALFOUR 0.0201 0.1017 0.1961 0.2419 0.4402 
   EXCALIBUR 0.0201 0.1030 0.4899 0.0034 0.3835 
     EXQUISA 0.3783 0.4259 0.0111 0.1313 0.0534 
    FESTIVAL 0.3989 0.3676 0.1474 0.0073 0.0787 
      FIANNA 0.3492 0.1828 0.0470 0.0366 0.3844 
   FIFTYFOLD 0.0707 0.1670 0.0893 0.5701 0.1029 
     FONTANE 0.4323 0.2551 0.2093 0.0490 0.0542 
   FORTYFOLD 0.3104 0.0054 0.0048 0.5708 0.1086 
 FRONTIER_RU 0.0864 0.3478 0.0911 0.2886 0.1862 
     G.81071 0.1042 0.2464 0.1753 0.1310 0.3430 
     G.88661 0.0799 0.3705 0.2291 0.0296 0.2909 
    G.886611 0.0076 0.5004 0.2119 0.0117 0.2685 
  G.8867Y%12 0.0291 0.4744 0.0644 0.0259 0.4063 
     G.88839 0.4610 0.5140 0.0090 0.0083 0.0077 
     G.88842 0.3782 0.3388 0.0156 0.0209 0.2465 
   GALACTICA 0.3733 0.0055 0.0096 0.1599 0.4517 
      GEMSON 0.0217 0.1950 0.1254 0.2181 0.4397 
  GL.76B/102 0.2631 0.1990 0.1729 0.3482 0.0168 
   GL.76B/94 0.3543 0.0128 0.0053 0.5005 0.1271 
  GL.77M/106 0.0098 0.3036 0.2882 0.1708 0.2276 
   GL.78/166 0.2769 0.0070 0.0598 0.5876 0.0688 
    GL.78/53 0.0306 0.2064 0.2496 0.5063 0.0070 
    GL.78/97 0.1873 0.1076 0.1554 0.5328 0.0169 
    GL.79/42 0.0928 0.2261 0.1838 0.4944 0.0029 
    GL.79/45 0.1081 0.2041 0.1463 0.5236 0.0180 
 GL.81_NT_25 0.1134 0.0029 0.5440 0.3201 0.0196 
   GLADIATOR 0.2528 0.3784 0.1247 0.0153 0.2289 
      GLAMIS 0.1285 0.2411 0.4393 0.0504 0.1407 
 GOLDEN_MILL 0.0175 0.2007 0.5219 0.0870 0.1730 
 GOLDEN_NUGG 0.3659 0.1728 0.1334 0.0141 0.3138 
 GOLDEN_WOND 0.1510 0.1566 0.0491 0.5853 0.0580 
     GRANOLA 0.2239 0.5655 0.1356 0.0650 0.0099 
    H1H3_101 0.0088 0.0023 0.6805 0.3032 0.0053 
      H1H3_3 0.0656 0.0761 0.4512 0.2075 0.1994 
 HARBOROUGH_ 0.0112 0.1740 0.7203 0.0088 0.0856 
   HARLEQUIN 0.1363 0.5351 0.1640 0.1480 0.0165 
      HERMES 0.3989 0.2149 0.0740 0.1186 0.1937 
 HIGHLAND_BU 0.1667 0.0058 0.0213 0.7814 0.0248 
  HOME_GUARD 0.0190 0.1903 0.1795 0.3051 0.3061 
     HORIZON 0.4650 0.0732 0.1086 0.2168 0.1363 
   INNOVATOR 0.2901 0.0079 0.0065 0.3000 0.3954 
 INTERNATION 0.1210 0.0042 0.0067 0.8544 0.0138 
 ISLE_OF_JUR 0.0888 0.1359 0.4521 0.1250 0.1981 
    JULIETTE 0.3635 0.5754 0.0316 0.0225 0.0071 
     KARLENA 0.3375 0.0104 0.0421 0.2401 0.3699 
 KERR'S_PINK 0.0170 0.1046 0.0884 0.5517 0.2382 
     KESTREL 0.0048 0.2340 0.3751 0.0066 0.3795 
       KIFLI 0.2514 0.4806 0.1371 0.1260 0.0049 
 KING_EDWARD 0.0131 0.1447 0.0680 0.7683 0.0059 
    KINGSTON 0.1040 0.0982 0.5200 0.1541 0.1236 
 KUFRI_CHAND 0.1552 0.1943 0.0881 0.2691 0.2933 
 KUFRI_JYOTI 0.1959 0.2266 0.0458 0.1451 0.3866 
      KURODA 0.5210 0.1383 0.0397 0.0318 0.2693 
 LADY_BALFOU 0.0448 0.1159 0.1949 0.1751 0.4694 
 LADY_CHRIST 0.4471 0.0824 0.1022 0.2697 0.0986 
 LADY_CLAIRE 0.7491 0.0051 0.0116 0.1743 0.0600 
     LADY_JO 0.5964 0.0027 0.0223 0.2726 0.1060 
 LADY_ROSETT 0.3521 0.2045 0.1577 0.1327 0.1530 
    LIBERTAS 0.5662 0.0028 0.0073 0.2624 0.1613 
       LINDA 0.2749 0.5286 0.0068 0.1838 0.0059 
      LINTON 0.2856 0.2405 0.1857 0.0821 0.2061 
 LINZER_DELI 0.3282 0.4375 0.0374 0.1776 0.0193 
   LIONHEART 0.4463 0.1634 0.0714 0.0728 0.2461 
   MADELEINE 0.3997 0.4127 0.1007 0.0482 0.0387 
   MADINGLEY 0.3129 0.3212 0.1632 0.0446 0.1581 
    MAJESTIC 0.0467 0.2677 0.0209 0.2167 0.4480 
     MARABEL 0.4950 0.3532 0.0170 0.0126 0.1223 
     MARFONA 0.4718 0.0370 0.1159 0.1764 0.1990 
     MARILYN 0.3523 0.3884 0.0293 0.0798 0.1501 
 MARIS_ANCHO 0.2941 0.2457 0.0787 0.2216 0.1599 
  MARIS_BARD 0.2042 0.0036 0.2328 0.1970 0.3624 
  MARIS_PEER 0.0144 0.2016 0.1586 0.2458 0.3796 
 MARIS_PIPER 0.0507 0.0060 0.8302 0.1076 0.0056 
     MARKIES 0.5146 0.2997 0.0345 0.1092 0.0419 
      MAXINE 0.0211 0.2176 0.4104 0.0810 0.2700 
      MEGARA 0.5305 0.2996 0.0949 0.0395 0.0355 
      MELODY 0.4210 0.1649 0.1130 0.1404 0.1608 
       MIDAS 0.2480 0.1527 0.5119 0.0820 0.0055 
       MILVA 0.4029 0.3556 0.0210 0.1669 0.0535 
        MIMI 0.2744 0.1085 0.3558 0.0728 0.1884 
        MIRA 0.5856 0.0070 0.0122 0.2073 0.1879 
       MOIRA 0.2892 0.2609 0.0576 0.1514 0.2408 
    MONTROSE 0.0076 0.1212 0.6090 0.2295 0.0326 
       MORAG 0.0110 0.1602 0.1703 0.2417 0.4168 
      MORENE 0.5711 0.0125 0.0039 0.1722 0.2403 
      MOZART 0.3374 0.5033 0.0795 0.0029 0.0769 
 MYATT'S_ASH 0.2490 0.0048 0.0047 0.7211 0.0204 
      NADINE 0.0527 0.3353 0.4552 0.0084 0.1484 
       NAVAN 0.0198 0.0951 0.6903 0.0514 0.1434 
 NDTX_4271_5 0.0052 0.5716 0.2182 0.0905 0.1145 
      NICOLA 0.4328 0.4050 0.0042 0.1534 0.0046 
     NOVELLA 0.3735 0.2634 0.0441 0.0379 0.2811 
     OLYMPUS 0.0083 0.3295 0.3352 0.1459 0.1810 
       OPERA 0.3709 0.2728 0.1480 0.0186 0.1897 
   ORCHESTRA 0.4023 0.3584 0.1573 0.0527 0.0293 
      ORIANA 0.4420 0.1498 0.0045 0.1077 0.2959 
     OTHELLO 0.0058 0.2219 0.1590 0.0229 0.5904 
     PALADIN 0.0637 0.0072 0.6854 0.2177 0.0260 
       PANDA 0.3266 0.5309 0.1120 0.0143 0.0162 
   PARAMOUNT 0.1916 0.2398 0.0241 0.0557 0.4888 
    PATRONES 0.3675 0.1565 0.0702 0.2301 0.1757 
 PENTLAND_AC 0.1461 0.2206 0.1535 0.1991 0.2807 
 PENTLAND_BE 0.1347 0.0094 0.0135 0.5008 0.3416 
 PENTLAND_CR 0.2355 0.1278 0.1460 0.1272 0.3635 
 PENTLAND_DE 0.0147 0.2224 0.0574 0.3081 0.3973 
 PENTLAND_IV 0.0045 0.4035 0.0815 0.1593 0.3512 
 PENTLAND_JA 0.1861 0.1498 0.0727 0.2046 0.3869 
 PENTLAND_MA 0.3345 0.1189 0.0103 0.1168 0.4195 
 PENTLAND_SQ 0.0937 0.2249 0.1118 0.2319 0.3378 
   PEPO_1978 0.4067 0.3392 0.1157 0.1066 0.0318 
     PICASSO 0.2431 0.0513 0.1462 0.0040 0.5554 
   PIMPERNEL 0.4897 0.1554 0.0921 0.1549 0.1079 
     PIONEER 0.2291 0.6066 0.0153 0.1427 0.0063 
       PIXIE 0.0254 0.2877 0.3712 0.0061 0.3096 
    PREMIERE 0.4807 0.0058 0.0527 0.2711 0.1897 
   PRODUCENT 0.4448 0.1776 0.2370 0.0915 0.0491 
     PROVOST 0.1609 0.2172 0.0304 0.2085 0.3830 
  R.P.LUSTRE 0.0217 0.3838 0.2028 0.2805 0.1112 
 RANGER_RUSS 0.2032 0.0381 0.0027 0.3752 0.3808 
       RATTE 0.0462 0.2774 0.1904 0.4775 0.0085 
      RECORD 0.6113 0.0065 0.0107 0.2452 0.1263 
   REMBRANDT 0.4563 0.1476 0.1353 0.1560 0.1048 
    RIO_ROJO 0.0921 0.3734 0.0712 0.1627 0.3006 
      ROBIJN 0.5907 0.0186 0.0058 0.2758 0.1091 
      ROCKET 0.0172 0.0942 0.5255 0.2011 0.1620 
   RODE_STAR 0.4405 0.1846 0.0460 0.3236 0.0053 
      ROMANO 0.3278 0.2810 0.0508 0.0122 0.3281 
       ROMEO 0.0212 0.4140 0.0640 0.2058 0.2951 
     ROOSTER 0.1490 0.2323 0.1045 0.1543 0.3599 
       ROYAL 0.2901 0.2614 0.3667 0.0701 0.0117 
 ROYAL_KIDNE 0.0831 0.0159 0.0037 0.5635 0.3338 
     RUBESSE 0.2448 0.4098 0.0397 0.1058 0.1999 
 RUSSET_BURB 0.1261 0.2223 0.0119 0.2965 0.3432 
 RUSSET_NORK 0.0083 0.4431 0.0336 0.2651 0.2500 
      SAFARI 0.4151 0.2032 0.0412 0.0114 0.3291 
     SANTANA 0.4080 0.1271 0.1471 0.1216 0.1962 
       SANTE 0.4304 0.1859 0.1926 0.0668 0.1242 
     SAPHIRE 0.4162 0.1745 0.1006 0.0273 0.2814 
  SARPO_MIRA 0.3343 0.3979 0.0846 0.1418 0.0414 
 SARPO_SHONA 0.4126 0.3790 0.0871 0.0582 0.0631 
       SASSY 0.3256 0.1907 0.1014 0.2452 0.1372 
     SATURNA 0.5337 0.1811 0.0557 0.2238 0.0056 
        SAVA 0.3098 0.4313 0.1298 0.0615 0.0676 
       SAXON 0.0356 0.1364 0.5681 0.1150 0.1449 
 SCARBOROUGH 0.0052 0.1742 0.7561 0.0367 0.0278 
 SEFTON_WOND 0.0149 0.0622 0.1525 0.5293 0.2411 
    SERAFINA 0.3083 0.4903 0.0147 0.1153 0.0714 
     SETANTA 0.0377 0.3211 0.3101 0.0496 0.2815 
 SHARPE'S_EX 0.1416 0.1092 0.1042 0.6057 0.0394 
     SHELAGH 0.1590 0.1241 0.1846 0.2534 0.2789 
    SHELFORD 0.3578 0.2226 0.0299 0.1906 0.1990 
     SHEPODY 0.2287 0.0044 0.0063 0.2949 0.4657 
      SLANEY 0.0117 0.2545 0.2961 0.0095 0.4282 
        SPEY 0.0247 0.1810 0.2911 0.0045 0.4987 
      SPUNTA 0.1236 0.4051 0.1343 0.2065 0.1306 
     STAMINA 0.0475 0.0180 0.6246 0.0041 0.3057 
    STEMSTER 0.2719 0.1486 0.3284 0.1556 0.0954 
 STORMONT_EN 0.2933 0.0820 0.1843 0.1943 0.2460 
    STIRLING 0.0572 0.2661 0.1694 0.0171 0.4901 
     SYLVANA 0.2826 0.2620 0.0990 0.1162 0.2401 
         TAY 0.0073 0.2798 0.4270 0.0083 0.2776 
      TIMATE 0.4289 0.3868 0.1389 0.0369 0.0085 
      TOLUCA 0.3727 0.3663 0.0058 0.0487 0.2066 
    TORRIDON 0.3373 0.1315 0.0783 0.1036 0.3492 
 ULSTER_SCEP 0.0576 0.1040 0.2999 0.1736 0.3649 
 UMATILLA_RU 0.1911 0.0388 0.3434 0.3584 0.0684 
 VALES_EMERA 0.0486 0.5199 0.2626 0.1021 0.0668 
 VALES_EVERE 0.0088 0.1597 0.2767 0.1316 0.4232 
 VALES_RUSSE 0.1296 0.2373 0.0351 0.3609 0.2371 
 VALES_SOVER 0.0254 0.0225 0.3508 0.0042 0.5971 
       VALOR 0.0292 0.0975 0.3827 0.0036 0.4869 
    VAN_GOGH 0.5069 0.1639 0.1181 0.1325 0.0786 
     VANTAGE 0.4401 0.0069 0.0122 0.3423 0.1985 
       VERDI 0.4267 0.2158 0.1244 0.1719 0.0611 
    VICTORIA 0.4253 0.2474 0.0454 0.1037 0.1781 
     VIVALDI 0.4495 0.1738 0.0039 0.0687 0.3040 
       WILJA 0.5528 0.0022 0.0098 0.1863 0.2488 
     WINSTON 0.0087 0.3056 0.4399 0.0048 0.2410 
      XD2-21 0.0675 0.2010 0.0989 0.2575 0.3750 
  YUKON_GOLD 0.0979 0.4687 0.2370 0.0242 0.1723 
       ZORBA 0.4283 0.0202 0.0124 0.2008 0.3384 
