  00C133-020 0.3555 0.0262 0.5898 0.0286 
 01C_071-002 0.2979 0.1996 0.2291 0.2734 
 02M_012-001 0.0279 0.1978 0.6349 0.1395 
 03M_016-002 0.1265 0.4889 0.3686 0.0160 
 03M_034-002 0.1915 0.2114 0.5677 0.0294 
 04C_055-004 0.0486 0.1078 0.5186 0.3250 
 04C_126-005 0.3840 0.1039 0.3792 0.1329 
 04M_034-013 0.0683 0.3219 0.4869 0.1229 
 05M_002-001 0.1981 0.1949 0.1711 0.4359 
 05M_004-003 0.3356 0.0299 0.2459 0.3886 
 05M_012-004 0.4239 0.1193 0.2467 0.2100 
 06C_127-002 0.2137 0.0676 0.4331 0.2856 
 12288_AF_23 0.3095 0.0305 0.5056 0.1545 
    12601AB1 0.0183 0.4791 0.4909 0.0117 
   12636_A_2 0.2173 0.2289 0.5426 0.0112 
  15119_AC_5 0.5054 0.1979 0.2922 0.0045 
     1512C16 0.4338 0.3338 0.0786 0.1538 
   15144_A_3 0.6047 0.0271 0.1506 0.2176 
     1563C14 0.1103 0.5111 0.0411 0.3376 
     2182EF7 0.5856 0.1204 0.1869 0.1071 
     3681AD1 0.4588 0.1114 0.1163 0.3136 
     5008AB6 0.3451 0.1166 0.1343 0.4041 
    8204_A_4 0.4834 0.0441 0.2969 0.1756 
       AGRIA 0.0359 0.1257 0.1102 0.7282 
       AILSA 0.0476 0.1671 0.6322 0.1531 
      ALMERA 0.2618 0.1201 0.0804 0.5377 
       ALPHA 0.2244 0.3075 0.0595 0.4086 
      ALWARA 0.3500 0.0666 0.1009 0.4824 
      AMADRA 0.0725 0.2062 0.2466 0.4747 
       AMOUR 0.4341 0.0460 0.4937 0.0262 
        ANNA 0.7826 0.1065 0.1060 0.0049 
   ANNABELLE 0.1384 0.0850 0.0375 0.7391 
        ANYA 0.1306 0.2362 0.1268 0.5064 
       ARGOS 0.5985 0.0161 0.3183 0.0671 
     ARIELLE 0.2108 0.1698 0.0545 0.5650 
      ARKULA 0.3035 0.1895 0.0274 0.4796 
      ARMADA 0.2558 0.1895 0.1323 0.4225 
   AVALANCHE 0.2737 0.1168 0.4447 0.1648 
     BAILLIE 0.2277 0.0507 0.5234 0.1981 
    BALMORAL 0.6932 0.0904 0.1074 0.1089 
     BAMBINO 0.2887 0.0382 0.5598 0.1133 
       BARNA 0.4727 0.0567 0.2091 0.2615 
 BELLE_DE_FO 0.0929 0.8963 0.0040 0.0068 
       BENOL 0.0399 0.2117 0.6291 0.1192 
       BF_15 0.0872 0.7582 0.0058 0.1489 
      BINTJE 0.2578 0.4255 0.0926 0.2241 
 BIONICA_EX_ 0.3279 0.1771 0.1849 0.3101 
 BLUE_DANUBE 0.3452 0.2254 0.0375 0.3919 
      BONNIE 0.3247 0.0541 0.3217 0.2995 
      BOUNTY 0.3284 0.0370 0.5157 0.1189 
 BRITISH_QUE 0.4137 0.5577 0.0097 0.0189 
     BRODICK 0.1210 0.0178 0.6516 0.2096 
      BRODIE 0.6630 0.1236 0.2020 0.0114 
      BUCHAN 0.5608 0.0927 0.2901 0.0563 
      BURREN 0.4818 0.1068 0.1838 0.2277 
     CABARET 0.1216 0.3233 0.5461 0.0091 
      CAESAR 0.2430 0.0107 0.1069 0.6394 
        CARA 0.7008 0.0298 0.2566 0.0129 
 CARLINGFORD 0.4895 0.1064 0.2101 0.1940 
  CASABLANCA 0.4885 0.0114 0.3634 0.1367 
      CELINE 0.3670 0.1208 0.1294 0.3827 
  CHALLENGER 0.1133 0.2167 0.2236 0.4464 
   CHARLOTTE 0.0170 0.1317 0.2436 0.6077 
     CHICAGO 0.0173 0.1010 0.5342 0.3475 
   CHIEFTAIN 0.3900 0.2244 0.1426 0.2430 
      CHOPIN 0.3011 0.1237 0.0634 0.5118 
      CLARET 0.6562 0.0338 0.2376 0.0725 
      CORINE 0.4109 0.1690 0.2340 0.1861 
      COSMOS 0.2916 0.1718 0.1134 0.4232 
     COURAGE 0.3163 0.1681 0.1112 0.4044 
     COURLAN 0.3281 0.1650 0.1817 0.3252 
 CRAIGS_ROYA 0.5374 0.1274 0.3227 0.0124 
 CRAIGS_SNOW 0.3243 0.4290 0.1906 0.0561 
     CRAMOND 0.2509 0.0317 0.5538 0.1636 
 CRISPS_FOR_ 0.2052 0.1270 0.1635 0.5044 
    CROMWELL 0.0170 0.2651 0.6581 0.0598 
       D22/1 0.2132 0.2505 0.5256 0.0107 
       D23/3 0.1560 0.3978 0.4000 0.0462 
      D47-11 0.0153 0.3123 0.6627 0.0097 
       D49/1 0.0047 0.2105 0.7460 0.0387 
       DAISY 0.0278 0.2570 0.4834 0.2317 
 DARK_RED_NO 0.4234 0.2482 0.1071 0.2213 
     DARWINA 0.2310 0.2186 0.1046 0.4458 
     DESIREE 0.3362 0.1827 0.0157 0.4653 
       DITTA 0.1656 0.2274 0.0363 0.5707 
 DR._MCINTOS 0.5971 0.1787 0.1440 0.0802 
       DRAGA 0.4356 0.0744 0.1931 0.2970 
 DUKE_OF_YOR 0.3426 0.5198 0.0048 0.1328 
 DUNBAR_STAN 0.3657 0.4272 0.1950 0.0120 
     DUNDROD 0.1095 0.2264 0.5348 0.1293 
     ECLIPSE 0.1356 0.5470 0.1444 0.1730 
        EDEN 0.0163 0.2550 0.7169 0.0118 
 EDZELL_BLUE 0.2708 0.4075 0.0993 0.2224 
   ELISABETH 0.1087 0.0300 0.2358 0.6255 
     EMPEROR 0.2436 0.1244 0.2610 0.3709 
         EOS 0.1865 0.0769 0.3357 0.4009 
     EPICURE 0.2842 0.4777 0.0565 0.1816 
  ERNTESTOLZ 0.2451 0.3377 0.0534 0.3637 
      ESCORT 0.1475 0.0250 0.2199 0.6076 
   ESMERALDA 0.1829 0.1944 0.1979 0.4249 
      ESTIMA 0.1871 0.1983 0.1637 0.4509 
 EVE_BALFOUR 0.4633 0.2370 0.2751 0.0246 
   EXCALIBUR 0.3364 0.0046 0.5930 0.0659 
     EXQUISA 0.1272 0.1920 0.0251 0.6557 
    FESTIVAL 0.1312 0.0266 0.1988 0.6433 
      FIANNA 0.4784 0.0710 0.0867 0.3639 
   FIFTYFOLD 0.1439 0.6163 0.1343 0.1055 
     FONTANE 0.1123 0.1245 0.2173 0.5458 
   FORTYFOLD 0.2143 0.6621 0.0051 0.1185 
 FRONTIER_RU 0.2765 0.3047 0.1642 0.2546 
     G.81071 0.4160 0.1373 0.2455 0.2012 
     G.88661 0.3956 0.0472 0.2961 0.2611 
    G.886611 0.3831 0.0170 0.3362 0.2637 
  G.8867Y%12 0.5213 0.0247 0.1810 0.2729 
     G.88839 0.0322 0.0396 0.0271 0.9011 
     G.88842 0.3350 0.0486 0.0464 0.5700 
   GALACTICA 0.5353 0.2366 0.0308 0.1972 
      GEMSON 0.5157 0.2197 0.2107 0.0540 
  GL.76B/102 0.0495 0.4314 0.1715 0.3476 
   GL.76B/94 0.1845 0.5820 0.0082 0.2253 
  GL.77M/106 0.2571 0.1897 0.3902 0.1630 
   GL.78/166 0.1280 0.6938 0.0484 0.1297 
    GL.78/53 0.0118 0.5689 0.2872 0.1321 
    GL.78/97 0.0297 0.6159 0.1595 0.1949 
    GL.79/42 0.0067 0.5686 0.2071 0.2176 
    GL.79/45 0.0376 0.5973 0.1705 0.1946 
 GL.81_NT_25 0.0376 0.4302 0.5208 0.0114 
   GLADIATOR 0.3173 0.0348 0.1911 0.4569 
      GLAMIS 0.1793 0.1011 0.4765 0.2431 
 GOLDEN_MILL 0.1689 0.1022 0.6010 0.1279 
 GOLDEN_NUGG 0.3865 0.0371 0.1746 0.4018 
 GOLDEN_WOND 0.1101 0.6456 0.0839 0.1605 
     GRANOLA 0.0230 0.1193 0.2135 0.6442 
    H1H3_101 0.0052 0.3707 0.6207 0.0034 
      H1H3_3 0.2263 0.2439 0.4816 0.0482 
 HARBOROUGH_ 0.0647 0.0211 0.7931 0.1212 
   HARLEQUIN 0.0469 0.1881 0.2398 0.5252 
      HERMES 0.2534 0.1776 0.0952 0.4738 
 HIGHLAND_BU 0.0687 0.8773 0.0240 0.0300 
  HOME_GUARD 0.3606 0.3202 0.2656 0.0536 
     HORIZON 0.1933 0.3052 0.0951 0.4064 
   INNOVATOR 0.5330 0.3571 0.0095 0.1005 
 INTERNATION 0.0371 0.9443 0.0070 0.0116 
 ISLE_OF_JUR 0.2058 0.1599 0.4988 0.1354 
    JULIETTE 0.0187 0.0664 0.1051 0.8097 
     KARLENA 0.4535 0.2897 0.0707 0.1862 
 KERR'S_PINK 0.2786 0.5676 0.1384 0.0154 
     KESTREL 0.4284 0.0114 0.5213 0.0389 
       KIFLI 0.0101 0.1754 0.1962 0.6183 
 KING_EDWARD 0.0115 0.8217 0.1220 0.0448 
    KINGSTON 0.1122 0.2061 0.5517 0.1300 
 KUFRI_CHAND 0.3860 0.2990 0.1334 0.1815 
 KUFRI_JYOTI 0.4595 0.1700 0.1251 0.2454 
      KURODA 0.3574 0.1018 0.0420 0.4987 
 LADY_BALFOU 0.5107 0.1765 0.2751 0.0376 
 LADY_CHRIST 0.1692 0.3590 0.0807 0.3911 
 LADY_CLAIRE 0.1005 0.2851 0.0135 0.6009 
     LADY_JO 0.2125 0.4181 0.0223 0.3471 
 LADY_ROSETT 0.2378 0.1990 0.1720 0.3912 
    LIBERTAS 0.2760 0.3942 0.0120 0.3178 
       LINDA 0.0238 0.2486 0.0428 0.6848 
      LINTON 0.2646 0.1320 0.2175 0.3860 
 LINZER_DELI 0.0743 0.2358 0.0781 0.6119 
   LIONHEART 0.3349 0.1385 0.0825 0.4441 
   MADELEINE 0.0934 0.1131 0.1399 0.6536 
   MADINGLEY 0.2135 0.0898 0.2047 0.4919 
    MAJESTIC 0.5560 0.2044 0.1115 0.1281 
     MARABEL 0.1953 0.0408 0.0455 0.7184 
     MARFONA 0.3259 0.2688 0.0748 0.3305 
     MARILYN 0.2157 0.1254 0.0842 0.5747 
 MARIS_ANCHO 0.2341 0.2716 0.1118 0.3825 
  MARIS_BARD 0.4468 0.2616 0.2645 0.0271 
  MARIS_PEER 0.4675 0.2573 0.2361 0.0392 
 MARIS_PIPER 0.0066 0.1845 0.7937 0.0152 
     MARKIES 0.1171 0.1868 0.0438 0.6522 
      MAXINE 0.3237 0.1087 0.4741 0.0935 
      MEGARA 0.0983 0.1196 0.1032 0.6790 
      MELODY 0.2174 0.2081 0.1279 0.4466 
       MIDAS 0.0075 0.1593 0.5065 0.3266 
       MILVA 0.1115 0.2287 0.0497 0.6101 
        MIMI 0.2108 0.1302 0.3757 0.2833 
        MIRA 0.2397 0.2919 0.0170 0.4514 
       MOIRA 0.3132 0.1865 0.1098 0.3906 
    MONTROSE 0.0259 0.2777 0.6623 0.0341 
       MORAG 0.4699 0.2458 0.2602 0.0241 
      MORENE 0.3236 0.2434 0.0066 0.4263 
      MOZART 0.1399 0.0055 0.1513 0.7033 
 MYATT'S_ASH 0.0808 0.8147 0.0062 0.0983 
      NADINE 0.1767 0.0178 0.5296 0.2759 
       NAVAN 0.1459 0.0864 0.7254 0.0424 
 NDTX_4271_5 0.2449 0.1214 0.3363 0.2974 
      NICOLA 0.0209 0.2383 0.0089 0.7318 
     NOVELLA 0.3453 0.0738 0.0969 0.4840 
     OLYMPUS 0.2494 0.1736 0.4372 0.1397 
       OPERA 0.2525 0.0542 0.1889 0.5045 
   ORCHESTRA 0.0732 0.1167 0.1861 0.6240 
      ORIANA 0.3939 0.1457 0.0081 0.4523 
     OTHELLO 0.6561 0.0211 0.3016 0.0212 
     PALADIN 0.0350 0.2901 0.6629 0.0120 
       PANDA 0.0401 0.0432 0.1761 0.7406 
   PARAMOUNT 0.5608 0.0720 0.1039 0.2633 
    PATRONES 0.2599 0.2990 0.0742 0.3669 
 PENTLAND_AC 0.3443 0.2265 0.2174 0.2117 
 PENTLAND_BE 0.4188 0.5361 0.0293 0.0158 
 PENTLAND_CR 0.4331 0.1568 0.1971 0.2130 
 PENTLAND_DE 0.4720 0.3034 0.1645 0.0601 
 PENTLAND_IV 0.4599 0.1584 0.2383 0.1434 
 PENTLAND_JA 0.4936 0.2242 0.1215 0.1607 
 PENTLAND_MA 0.5041 0.1458 0.0369 0.3132 
 PENTLAND_SQ 0.4045 0.2413 0.1941 0.1601 
   PEPO_1978 0.0679 0.1671 0.1398 0.6252 
     PICASSO 0.6099 0.0078 0.1913 0.1910 
   PIMPERNEL 0.1722 0.2442 0.0857 0.4978 
     PIONEER 0.0181 0.1972 0.0935 0.6913 
       PIXIE 0.3318 0.0078 0.4664 0.1940 
    PREMIERE 0.2805 0.3621 0.0463 0.3111 
   PRODUCENT 0.1024 0.1744 0.2297 0.4936 
     PROVOST 0.4668 0.2231 0.1050 0.2052 
  R.P.LUSTRE 0.1711 0.3062 0.2914 0.2314 
 RANGER_RUSS 0.5289 0.4076 0.0040 0.0595 
       RATTE 0.0193 0.5319 0.2351 0.2137 
      RECORD 0.2170 0.3575 0.0079 0.4176 
   REMBRANDT 0.1786 0.2413 0.1277 0.4524 
    RIO_ROJO 0.4096 0.1682 0.1635 0.2587 
      ROBIJN 0.1447 0.3594 0.0075 0.4884 
      ROCKET 0.1843 0.2389 0.5527 0.0241 
   RODE_STAR 0.0123 0.4220 0.0474 0.5182 
      ROMANO 0.4036 0.0286 0.1134 0.4544 
       ROMEO 0.3516 0.2044 0.1899 0.2541 
     ROOSTER 0.4217 0.1670 0.1826 0.2286 
       ROYAL 0.0171 0.1476 0.3820 0.4533 
 ROYAL_KIDNE 0.4168 0.5703 0.0048 0.0081 
     RUBESSE 0.2877 0.1371 0.1124 0.4628 
 RUSSET_BURB 0.4555 0.3117 0.0610 0.1718 
 RUSSET_NORK 0.3764 0.2646 0.1611 0.1979 
      SAFARI 0.4214 0.0373 0.0821 0.4592 
     SANTANA 0.2729 0.1894 0.1455 0.3922 
       SANTE 0.1780 0.1435 0.2003 0.4783 
     SAPHIRE 0.3771 0.0695 0.1233 0.4301 
  SARPO_MIRA 0.0937 0.2038 0.1238 0.5787 
 SARPO_SHONA 0.1216 0.1200 0.1187 0.6398 
       SASSY 0.2228 0.3144 0.1123 0.3506 
     SATURNA 0.0153 0.3330 0.0443 0.6074 
        SAVA 0.1309 0.1113 0.1768 0.5810 
       SAXON 0.1401 0.1525 0.6141 0.0933 
 SCARBOROUGH 0.0237 0.0806 0.8230 0.0728 
 SEFTON_WOND 0.2697 0.5393 0.1834 0.0075 
    SERAFINA 0.1573 0.1545 0.0595 0.6287 
     SETANTA 0.3065 0.0559 0.4130 0.2245 
 SHARPE'S_EX 0.0892 0.6771 0.1136 0.1201 
     SHELAGH 0.3384 0.3018 0.2212 0.1386 
    SHELFORD 0.2652 0.2471 0.0516 0.4361 
     SHEPODY 0.6036 0.3601 0.0100 0.0263 
      SLANEY 0.4691 0.0139 0.4113 0.1057 
        SPEY 0.5166 0.0051 0.3925 0.0857 
      SPUNTA 0.1782 0.2296 0.2112 0.3811 
     STAMINA 0.2950 0.0082 0.6709 0.0259 
    STEMSTER 0.1338 0.2202 0.3384 0.3076 
 STORMONT_EN 0.3305 0.2613 0.1895 0.2187 
    STIRLING 0.5688 0.0190 0.2713 0.1409 
     SYLVANA 0.3181 0.1527 0.1427 0.3864 
         TAY 0.3018 0.0143 0.5484 0.1355 
      TIMATE 0.0282 0.1048 0.1729 0.6942 
      TOLUCA 0.2943 0.0846 0.0206 0.6005 
    TORRIDON 0.4176 0.1619 0.1060 0.3145 
 ULSTER_SCEP 0.4221 0.1877 0.3502 0.0400 
 UMATILLA_RU 0.0868 0.4328 0.3398 0.1407 
 VALES_EMERA 0.1138 0.1239 0.3492 0.4130 
 VALES_EVERE 0.4552 0.1326 0.3868 0.0254 
 VALES_RUSSE 0.3351 0.3884 0.0865 0.1900 
 VALES_SOVER 0.5680 0.0046 0.4161 0.0112 
       VALOR 0.4820 0.0040 0.4707 0.0433 
    VAN_GOGH 0.1380 0.2177 0.1149 0.5294 
     VANTAGE 0.3025 0.4369 0.0174 0.2431 
       VERDI 0.1017 0.2406 0.1344 0.5232 
    VICTORIA 0.2689 0.1571 0.0698 0.5042 
     VIVALDI 0.4125 0.1031 0.0078 0.4767 
       WILJA 0.3940 0.3095 0.0136 0.2829 
     WINSTON 0.2898 0.0094 0.5462 0.1546 
      XD2-21 0.4586 0.2656 0.1692 0.1066 
  YUKON_GOLD 0.2674 0.0472 0.3082 0.3772 
       ZORBA 0.4147 0.2472 0.0238 0.3142 
