  00C133-020 0.0147 0.5125 0.3577 0.1018 0.0134 
 01C_071-002 0.2996 0.2037 0.2609 0.0820 0.1538 
 02M_012-001 0.1008 0.6169 0.0361 0.1078 0.1384 
 03M_016-002 0.0439 0.3769 0.0989 0.0439 0.4364 
 03M_034-002 0.0429 0.5305 0.2099 0.0379 0.1788 
 04C_055-004 0.1227 0.4851 0.0292 0.3034 0.0597 
 04C_126-005 0.1120 0.3091 0.3713 0.1132 0.0944 
 04M_034-013 0.0943 0.4760 0.0427 0.1254 0.2615 
 05M_002-001 0.3655 0.1417 0.1396 0.2165 0.1367 
 05M_004-003 0.3596 0.1992 0.2869 0.1450 0.0092 
 05M_012-004 0.2136 0.1931 0.3560 0.1483 0.0891 
 06C_127-002 0.0072 0.3211 0.1677 0.4618 0.0422 
 12288_AF_23 0.0298 0.4351 0.2674 0.2539 0.0137 
    12601AB1 0.0108 0.4768 0.0273 0.0500 0.4350 
   12636_A_2 0.0086 0.4911 0.2352 0.0492 0.2158 
  15119_AC_5 0.0286 0.2440 0.5328 0.0024 0.1921 
     1512C16 0.0999 0.0167 0.3360 0.2252 0.3222 
   15144_A_3 0.0820 0.0291 0.5723 0.2802 0.0363 
     1563C14 0.2702 0.0296 0.0356 0.2210 0.4436 
     2182EF7 0.0603 0.0838 0.5001 0.2262 0.1296 
     3681AD1 0.3723 0.0964 0.3716 0.1037 0.0560 
     5008AB6 0.2665 0.0573 0.2972 0.2843 0.0947 
    8204_A_4 0.0223 0.1783 0.4254 0.3289 0.0451 
       AGRIA 0.5182 0.0826 0.0114 0.3445 0.0433 
       AILSA 0.0082 0.5677 0.0255 0.2751 0.1236 
      ALMERA 0.4483 0.0632 0.1795 0.2468 0.0623 
       ALPHA 0.4173 0.0634 0.1274 0.1610 0.2309 
      ALWARA 0.3571 0.0438 0.2792 0.2826 0.0373 
      AMADRA 0.3311 0.2294 0.0256 0.2725 0.1413 
       AMOUR 0.0238 0.4158 0.4419 0.0831 0.0354 
        ANNA 0.0179 0.0207 0.7906 0.0070 0.1639 
   ANNABELLE 0.4679 0.0175 0.0553 0.4299 0.0294 
        ANYA 0.1717 0.0457 0.0657 0.4955 0.2214 
       ARGOS 0.1170 0.2378 0.5761 0.0575 0.0116 
     ARIELLE 0.4109 0.0256 0.1283 0.3180 0.1173 
      ARKULA 0.4431 0.0177 0.1991 0.2111 0.1290 
      ARMADA 0.3860 0.1142 0.1753 0.1898 0.1346 
   AVALANCHE 0.2731 0.4466 0.2236 0.0129 0.0439 
     BAILLIE 0.1747 0.4871 0.2130 0.1089 0.0163 
    BALMORAL 0.2369 0.0242 0.6221 0.0205 0.0963 
     BAMBINO 0.0803 0.5037 0.2743 0.1253 0.0164 
       BARNA 0.1024 0.1080 0.4143 0.3243 0.0510 
 BELLE_DE_FO 0.0683 0.0035 0.0601 0.0059 0.8622 
       BENOL 0.0985 0.6108 0.0489 0.0834 0.1585 
       BF_15 0.2178 0.0056 0.0306 0.0489 0.6971 
      BINTJE 0.2527 0.0766 0.1759 0.1256 0.3692 
 BIONICA_EX_ 0.2750 0.1361 0.2682 0.1816 0.1391 
 BLUE_DANUBE 0.5573 0.0163 0.2682 0.0078 0.1504 
      BONNIE 0.1724 0.2509 0.2782 0.2639 0.0346 
      BOUNTY 0.0928 0.4593 0.3193 0.1107 0.0179 
 BRITISH_QUE 0.2086 0.0076 0.2813 0.0049 0.4976 
     BRODICK 0.0095 0.5486 0.1219 0.3092 0.0108 
      BRODIE 0.0067 0.0815 0.6016 0.1595 0.1507 
      BUCHAN 0.0039 0.1352 0.4841 0.2841 0.0928 
      BURREN 0.1569 0.0973 0.4434 0.2000 0.1024 
     CABARET 0.0150 0.5307 0.1439 0.0156 0.2948 
      CAESAR 0.3843 0.0476 0.1578 0.4061 0.0041 
        CARA 0.0182 0.1444 0.6972 0.0916 0.0486 
 CARLINGFORD 0.0301 0.1102 0.3993 0.3519 0.1085 
  CASABLANCA 0.2305 0.3175 0.4382 0.0092 0.0046 
      CELINE 0.4091 0.1135 0.2962 0.1128 0.0684 
  CHALLENGER 0.3287 0.2096 0.0461 0.2628 0.1528 
   CHARLOTTE 0.0832 0.1414 0.0074 0.6597 0.1082 
     CHICAGO 0.2723 0.5306 0.0122 0.1542 0.0308 
   CHIEFTAIN 0.0107 0.0321 0.2716 0.4707 0.2149 
      CHOPIN 0.4010 0.0375 0.2056 0.2787 0.0771 
      CLARET 0.0277 0.1158 0.6141 0.1975 0.0450 
      CORINE 0.3238 0.1922 0.3587 0.0104 0.1149 
      COSMOS 0.4647 0.1213 0.1907 0.1208 0.1026 
     COURAGE 0.3496 0.0765 0.2241 0.2280 0.1218 
     COURLAN 0.1434 0.1012 0.2562 0.3513 0.1479 
 CRAIGS_ROYA 0.0056 0.2076 0.4774 0.1746 0.1347 
 CRAIGS_SNOW 0.0815 0.1571 0.2481 0.1205 0.3927 
     CRAMOND 0.1028 0.4968 0.2338 0.1528 0.0137 
 CRISPS_FOR_ 0.3053 0.1157 0.1296 0.3671 0.0824 
    CROMWELL 0.1150 0.6681 0.0178 0.0121 0.1869 
       D22/1 0.0605 0.5200 0.2147 0.0048 0.1999 
       D23/3 0.0712 0.3906 0.1160 0.0837 0.3385 
      D47-11 0.0702 0.7020 0.0126 0.0038 0.2115 
       D49/1 0.0637 0.7753 0.0036 0.0180 0.1394 
       DAISY 0.1971 0.4887 0.0136 0.1177 0.1830 
 DARK_RED_NO 0.0733 0.0313 0.3109 0.3416 0.2428 
     DARWINA 0.4530 0.1035 0.1453 0.1578 0.1404 
     DESIREE 0.2513 0.0044 0.2219 0.3749 0.1474 
       DITTA 0.4135 0.0194 0.0775 0.3241 0.1656 
 DR._MCINTOS 0.0254 0.0518 0.4777 0.2538 0.1912 
       DRAGA 0.3032 0.1560 0.3331 0.1630 0.0448 
 DUKE_OF_YOR 0.2872 0.0037 0.2252 0.0138 0.4701 
 DUNBAR_STAN 0.0138 0.1548 0.3002 0.1025 0.4287 
     DUNDROD 0.0299 0.4975 0.0948 0.1954 0.1823 
     ECLIPSE 0.0091 0.0630 0.0472 0.3605 0.5202 
        EDEN 0.0117 0.7103 0.0366 0.0345 0.2070 
 EDZELL_BLUE 0.2365 0.0790 0.1948 0.1392 0.3505 
   ELISABETH 0.2450 0.1634 0.0313 0.5495 0.0107 
     EMPEROR 0.1794 0.2007 0.1646 0.3614 0.0939 
         EOS 0.1387 0.2814 0.1094 0.4322 0.0383 
     EPICURE 0.0631 0.0136 0.1817 0.2848 0.4569 
  ERNTESTOLZ 0.3234 0.0343 0.1685 0.1905 0.2833 
      ESCORT 0.3897 0.1770 0.0749 0.3508 0.0076 
   ESMERALDA 0.3130 0.1717 0.1088 0.2658 0.1407 
      ESTIMA 0.3447 0.1525 0.1011 0.2725 0.1292 
 EVE_BALFOUR 0.0206 0.2007 0.4390 0.0980 0.2418 
   EXCALIBUR 0.0240 0.4861 0.3822 0.1041 0.0037 
     EXQUISA 0.3775 0.0104 0.0490 0.4260 0.1371 
    FESTIVAL 0.4032 0.1526 0.0652 0.3702 0.0088 
      FIANNA 0.3499 0.0542 0.3769 0.1819 0.0373 
   FIFTYFOLD 0.0718 0.0901 0.1002 0.1626 0.5753 
     FONTANE 0.4336 0.2043 0.0513 0.2574 0.0534 
   FORTYFOLD 0.3072 0.0046 0.1060 0.0053 0.5769 
 FRONTIER_RU 0.0824 0.0940 0.1866 0.3481 0.2890 
     G.81071 0.1083 0.1769 0.3440 0.2434 0.1274 
     G.88661 0.0836 0.2312 0.2900 0.3607 0.0344 
    G.886611 0.0077 0.2210 0.2660 0.4928 0.0125 
  G.8867Y%12 0.0318 0.0670 0.4037 0.4705 0.0269 
     G.88839 0.4636 0.0065 0.0067 0.5151 0.0081 
     G.88842 0.3833 0.0121 0.2417 0.3384 0.0245 
   GALACTICA 0.3733 0.0098 0.4477 0.0046 0.1645 
      GEMSON 0.0229 0.1227 0.4402 0.1947 0.2195 
  GL.76B/102 0.2625 0.1748 0.0135 0.1986 0.3507 
   GL.76B/94 0.3558 0.0070 0.1204 0.0120 0.5049 
  GL.77M/106 0.0089 0.2880 0.2290 0.3027 0.1714 
   GL.78/166 0.2765 0.0592 0.0651 0.0076 0.5916 
    GL.78/53 0.0331 0.2542 0.0069 0.1995 0.5062 
    GL.78/97 0.1873 0.1583 0.0137 0.1023 0.5383 
    GL.79/42 0.0914 0.1896 0.0031 0.2198 0.4961 
    GL.79/45 0.1066 0.1465 0.0221 0.1984 0.5264 
 GL.81_NT_25 0.1136 0.5433 0.0233 0.0029 0.3168 
   GLADIATOR 0.2542 0.1178 0.2314 0.3804 0.0161 
      GLAMIS 0.1279 0.4357 0.1413 0.2375 0.0577 
 GOLDEN_MILL 0.0198 0.5228 0.1784 0.1926 0.0864 
 GOLDEN_NUGG 0.3732 0.1278 0.3149 0.1689 0.0152 
 GOLDEN_WOND 0.1496 0.0594 0.0481 0.1539 0.5891 
     GRANOLA 0.2192 0.1371 0.0090 0.5675 0.0671 
    H1H3_101 0.0096 0.6798 0.0058 0.0028 0.3020 
      H1H3_3 0.0733 0.4526 0.1946 0.0719 0.2076 
 HARBOROUGH_ 0.0119 0.7212 0.0916 0.1668 0.0084 
   HARLEQUIN 0.1311 0.1628 0.0209 0.5337 0.1515 
      HERMES 0.4006 0.0690 0.1890 0.2158 0.1256 
 HIGHLAND_BU 0.1665 0.0243 0.0186 0.0049 0.7858 
  HOME_GUARD 0.0199 0.1852 0.3025 0.1877 0.3047 
     HORIZON 0.4698 0.1064 0.1293 0.0743 0.2201 
   INNOVATOR 0.2971 0.0054 0.3892 0.0060 0.3023 
 INTERNATION 0.1133 0.0065 0.0147 0.0037 0.8617 
 ISLE_OF_JUR 0.0895 0.4533 0.1933 0.1399 0.1242 
    JULIETTE 0.3558 0.0309 0.0058 0.5817 0.0258 
     KARLENA 0.3366 0.0353 0.3709 0.0109 0.2463 
 KERR'S_PINK 0.0171 0.0939 0.2325 0.1013 0.5551 
     KESTREL 0.0049 0.3806 0.3765 0.2311 0.0068 
       KIFLI 0.2465 0.1395 0.0050 0.4794 0.1295 
 KING_EDWARD 0.0113 0.0713 0.0054 0.1378 0.7742 
    KINGSTON 0.1130 0.5220 0.1239 0.0910 0.1501 
 KUFRI_CHAND 0.1581 0.0912 0.2874 0.1931 0.2703 
 KUFRI_JYOTI 0.1995 0.0459 0.3849 0.2225 0.1471 
      KURODA 0.5216 0.0368 0.2598 0.1453 0.0365 
 LADY_BALFOU 0.0411 0.1953 0.4688 0.1180 0.1768 
 LADY_CHRIST 0.4518 0.1047 0.0880 0.0813 0.2742 
 LADY_CLAIRE 0.7536 0.0141 0.0496 0.0058 0.1768 
     LADY_JO 0.6027 0.0199 0.0978 0.0027 0.2769 
 LADY_ROSETT 0.3557 0.1538 0.1504 0.2051 0.1350 
    LIBERTAS 0.5693 0.0092 0.1544 0.0024 0.2646 
       LINDA 0.2699 0.0089 0.0054 0.5325 0.1833 
      LINTON 0.2896 0.1846 0.2026 0.2422 0.0810 
 LINZER_DELI 0.3231 0.0375 0.0208 0.4376 0.1810 
   LIONHEART 0.4502 0.0684 0.2414 0.1647 0.0754 
   MADELEINE 0.4000 0.0996 0.0365 0.4130 0.0508 
   MADINGLEY 0.3101 0.1625 0.1569 0.3278 0.0427 
    MAJESTIC 0.0476 0.0204 0.4482 0.2657 0.2182 
     MARABEL 0.4974 0.0159 0.1190 0.3570 0.0107 
     MARFONA 0.4770 0.1187 0.1940 0.0328 0.1774 
     MARILYN 0.3471 0.0286 0.1488 0.3921 0.0834 
 MARIS_ANCHO 0.2964 0.0799 0.1512 0.2462 0.2263 
  MARIS_BARD 0.2109 0.2364 0.3576 0.0036 0.1916 
  MARIS_PEER 0.0183 0.1569 0.3798 0.1984 0.2467 
 MARIS_PIPER 0.0533 0.8286 0.0067 0.0060 0.1054 
     MARKIES 0.5107 0.0318 0.0447 0.3001 0.1127 
      MAXINE 0.0199 0.4113 0.2713 0.2139 0.0836 
      MEGARA 0.5308 0.0882 0.0364 0.3035 0.0412 
      MELODY 0.4215 0.1132 0.1551 0.1701 0.1401 
       MIDAS 0.2507 0.5125 0.0052 0.1515 0.0801 
       MILVA 0.4033 0.0237 0.0512 0.3550 0.1668 
        MIMI 0.2800 0.3569 0.1861 0.1041 0.0729 
        MIRA 0.5898 0.0107 0.1790 0.0076 0.2128 
       MOIRA 0.2887 0.0586 0.2425 0.2592 0.1510 
    MONTROSE 0.0078 0.6175 0.0281 0.1164 0.2301 
       MORAG 0.0115 0.1760 0.4154 0.1541 0.2430 
      MORENE 0.5763 0.0040 0.2345 0.0136 0.1715 
      MOZART 0.3435 0.0838 0.0660 0.5036 0.0030 
 MYATT'S_ASH 0.2457 0.0045 0.0163 0.0051 0.7283 
      NADINE 0.0504 0.4578 0.1495 0.3332 0.0090 
       NAVAN 0.0242 0.6913 0.1431 0.0876 0.0538 
 NDTX_4271_5 0.0066 0.2179 0.1213 0.5635 0.0908 
      NICOLA 0.4239 0.0043 0.0044 0.4079 0.1595 
     NOVELLA 0.3784 0.0508 0.2699 0.2628 0.0381 
     OLYMPUS 0.0070 0.3393 0.1837 0.3207 0.1493 
       OPERA 0.3730 0.1478 0.1862 0.2772 0.0159 
   ORCHESTRA 0.4059 0.1575 0.0254 0.3590 0.0521 
      ORIANA 0.4440 0.0041 0.2876 0.1558 0.1086 
     OTHELLO 0.0058 0.1577 0.5913 0.2205 0.0247 
     PALADIN 0.0666 0.6825 0.0295 0.0064 0.2150 
       PANDA 0.3221 0.1107 0.0145 0.5393 0.0134 
   PARAMOUNT 0.1925 0.0220 0.4868 0.2400 0.0587 
    PATRONES 0.3683 0.0682 0.1704 0.1606 0.2324 
 PENTLAND_AC 0.1447 0.1559 0.2768 0.2213 0.2013 
 PENTLAND_BE 0.1361 0.0136 0.3358 0.0095 0.5051 
 PENTLAND_CR 0.2374 0.1489 0.3625 0.1223 0.1289 
 PENTLAND_DE 0.0169 0.0579 0.3942 0.2199 0.3111 
 PENTLAND_IV 0.0052 0.0846 0.3527 0.3983 0.1592 
 PENTLAND_JA 0.1905 0.0713 0.3804 0.1508 0.2071 
 PENTLAND_MA 0.3382 0.0106 0.4170 0.1126 0.1215 
 PENTLAND_SQ 0.0975 0.1140 0.3373 0.2188 0.2323 
   PEPO_1978 0.4039 0.1153 0.0305 0.3415 0.1088 
     PICASSO 0.2488 0.1404 0.5536 0.0532 0.0041 
   PIMPERNEL 0.4950 0.0893 0.0995 0.1595 0.1568 
     PIONEER 0.2164 0.0217 0.0063 0.6079 0.1478 
       PIXIE 0.0259 0.3739 0.3112 0.2832 0.0058 
    PREMIERE 0.4878 0.0563 0.1770 0.0057 0.2732 
   PRODUCENT 0.4473 0.2369 0.0484 0.1761 0.0913 
     PROVOST 0.1604 0.0424 0.3787 0.2100 0.2086 
  R.P.LUSTRE 0.0205 0.2077 0.1108 0.3804 0.2807 
 RANGER_RUSS 0.2026 0.0027 0.3748 0.0423 0.3775 
       RATTE 0.0431 0.1956 0.0073 0.2726 0.4814 
      RECORD 0.6183 0.0096 0.1159 0.0080 0.2482 
   REMBRANDT 0.4570 0.1339 0.1005 0.1496 0.1590 
    RIO_ROJO 0.0889 0.0733 0.3061 0.3712 0.1605 
      ROBIJN 0.5924 0.0063 0.0960 0.0240 0.2813 
      ROCKET 0.0218 0.5273 0.1640 0.0882 0.1987 
   RODE_STAR 0.4375 0.0439 0.0048 0.1844 0.3294 
      ROMANO 0.3299 0.0511 0.3238 0.2815 0.0137 
       ROMEO 0.0228 0.0674 0.2921 0.4102 0.2075 
     ROOSTER 0.1547 0.1029 0.3596 0.2279 0.1550 
       ROYAL 0.2883 0.3673 0.0106 0.2627 0.0712 
 ROYAL_KIDNE 0.0803 0.0036 0.3302 0.0156 0.5703 
     RUBESSE 0.2421 0.0403 0.1988 0.4056 0.1132 
 RUSSET_BURB 0.1265 0.0146 0.3361 0.2214 0.3013 
 RUSSET_NORK 0.0078 0.0357 0.2471 0.4413 0.2682 
      SAFARI 0.4199 0.0352 0.3245 0.2071 0.0134 
     SANTANA 0.4134 0.1470 0.1903 0.1237 0.1256 
       SANTE 0.4362 0.1927 0.1187 0.1817 0.0707 
     SAPHIRE 0.4204 0.1022 0.2740 0.1756 0.0278 
  SARPO_MIRA 0.3305 0.0882 0.0391 0.3971 0.1451 
 SARPO_SHONA 0.4096 0.0850 0.0610 0.3797 0.0647 
       SASSY 0.3297 0.0998 0.1341 0.1869 0.2494 
     SATURNA 0.5304 0.0510 0.0056 0.1857 0.2272 
        SAVA 0.3091 0.1306 0.0593 0.4346 0.0664 
       SAXON 0.0433 0.5723 0.1447 0.1275 0.1122 
 SCARBOROUGH 0.0050 0.7597 0.0284 0.1711 0.0357 
 SEFTON_WOND 0.0119 0.1583 0.2379 0.0588 0.5330 
    SERAFINA 0.3016 0.0144 0.0765 0.4889 0.1185 
     SETANTA 0.0364 0.3123 0.2850 0.3172 0.0492 
 SHARPE'S_EX 0.1396 0.1073 0.0357 0.1080 0.6095 
     SHELAGH 0.1618 0.1885 0.2747 0.1210 0.2540 
    SHELFORD 0.3491 0.0325 0.1950 0.2276 0.1958 
     SHEPODY 0.2336 0.0064 0.4582 0.0040 0.2978 
      SLANEY 0.0145 0.2973 0.4304 0.2504 0.0074 
        SPEY 0.0294 0.2921 0.4981 0.1768 0.0036 
      SPUNTA 0.1217 0.1342 0.1312 0.4052 0.2076 
     STAMINA 0.0566 0.6193 0.3029 0.0166 0.0047 
    STEMSTER 0.2713 0.3274 0.0911 0.1527 0.1575 
 STORMONT_EN 0.2985 0.1838 0.2427 0.0805 0.1945 
    STIRLING 0.0599 0.1738 0.4837 0.2660 0.0166 
     SYLVANA 0.2822 0.0995 0.2344 0.2671 0.1169 
         TAY 0.0075 0.4318 0.2788 0.2736 0.0082 
      TIMATE 0.4242 0.1401 0.0093 0.3862 0.0402 
      TOLUCA 0.3705 0.0071 0.2035 0.3733 0.0455 
    TORRIDON 0.3420 0.0771 0.3446 0.1287 0.1076 
 ULSTER_SCEP 0.0704 0.3028 0.3622 0.0926 0.1720 
 UMATILLA_RU 0.1935 0.3394 0.0712 0.0382 0.3577 
 VALES_EMERA 0.0452 0.2644 0.0702 0.5189 0.1013 
 VALES_EVERE 0.0093 0.2787 0.4274 0.1531 0.1316 
 VALES_RUSSE 0.1285 0.0322 0.2349 0.2402 0.3642 
 VALES_SOVER 0.0335 0.3481 0.5930 0.0215 0.0040 
       VALOR 0.0319 0.3835 0.4845 0.0960 0.0041 
    VAN_GOGH 0.5078 0.1153 0.0739 0.1695 0.1336 
     VANTAGE 0.4413 0.0118 0.1967 0.0056 0.3446 
       VERDI 0.4229 0.1249 0.0556 0.2193 0.1773 
    VICTORIA 0.4276 0.0376 0.1766 0.2500 0.1082 
     VIVALDI 0.4468 0.0043 0.2957 0.1805 0.0727 
       WILJA 0.5574 0.0088 0.2419 0.0022 0.1896 
     WINSTON 0.0079 0.4383 0.2448 0.3035 0.0054 
      XD2-21 0.0658 0.0998 0.3727 0.1995 0.2623 
  YUKON_GOLD 0.0965 0.2376 0.1737 0.4620 0.0303 
       ZORBA 0.4332 0.0124 0.3313 0.0191 0.2039 
