  00C133-020 0.5155 0.0145 0.0940 0.0170 0.3590 
 01C_071-002 0.2048 0.2986 0.0836 0.1561 0.2570 
 02M_012-001 0.6156 0.1010 0.0991 0.1497 0.0347 
 03M_016-002 0.3716 0.0409 0.0411 0.4442 0.1022 
 03M_034-002 0.5308 0.0472 0.0237 0.1900 0.2083 
 04C_055-004 0.4802 0.1172 0.3017 0.0700 0.0309 
 04C_126-005 0.3163 0.1172 0.1140 0.0889 0.3636 
 04M_034-013 0.4747 0.0871 0.1248 0.2703 0.0432 
 05M_002-001 0.1405 0.3645 0.2167 0.1396 0.1387 
 05M_004-003 0.2039 0.3649 0.1395 0.0103 0.2814 
 05M_012-004 0.1978 0.2175 0.1443 0.0866 0.3539 
 06C_127-002 0.3248 0.0086 0.4580 0.0369 0.1718 
 12288_AF_23 0.4364 0.0328 0.2457 0.0152 0.2698 
    12601AB1 0.4716 0.0115 0.0504 0.4420 0.0245 
   12636_A_2 0.4940 0.0097 0.0423 0.2186 0.2353 
  15119_AC_5 0.2456 0.0289 0.0025 0.1940 0.5291 
     1512C16 0.0193 0.0945 0.2240 0.3213 0.3408 
   15144_A_3 0.0395 0.0789 0.2789 0.0273 0.5753 
     1563C14 0.0209 0.2634 0.2226 0.4451 0.0481 
     2182EF7 0.0971 0.0606 0.2192 0.1256 0.4976 
     3681AD1 0.1011 0.3768 0.1048 0.0519 0.3654 
     5008AB6 0.0660 0.2685 0.2822 0.0876 0.2956 
    8204_A_4 0.1881 0.0269 0.3209 0.0410 0.4231 
       AGRIA 0.0815 0.5146 0.3462 0.0482 0.0096 
       AILSA 0.5623 0.0074 0.2730 0.1299 0.0273 
      ALMERA 0.0586 0.4542 0.2476 0.0630 0.1767 
       ALPHA 0.0597 0.4225 0.1585 0.2309 0.1284 
      ALWARA 0.0505 0.3566 0.2827 0.0303 0.2800 
      AMADRA 0.2241 0.3298 0.2749 0.1469 0.0244 
       AMOUR 0.4198 0.0237 0.0755 0.0439 0.4372 
        ANNA 0.0260 0.0161 0.0065 0.1629 0.7885 
   ANNABELLE 0.0179 0.4661 0.4297 0.0285 0.0578 
        ANYA 0.0468 0.1658 0.4978 0.2213 0.0683 
       ARGOS 0.2441 0.1232 0.0469 0.0129 0.5729 
     ARIELLE 0.0248 0.4106 0.3226 0.1189 0.1230 
      ARKULA 0.0151 0.4430 0.2091 0.1327 0.2001 
      ARMADA 0.1142 0.3831 0.1911 0.1373 0.1743 
   AVALANCHE 0.4445 0.2784 0.0124 0.0487 0.2160 
     BAILLIE 0.4935 0.1743 0.1095 0.0166 0.2061 
    BALMORAL 0.0284 0.2421 0.0192 0.0879 0.6224 
     BAMBINO 0.5079 0.0771 0.1269 0.0172 0.2709 
       BARNA 0.1138 0.1039 0.3170 0.0497 0.4155 
 BELLE_DE_FO 0.0042 0.0554 0.0066 0.8657 0.0682 
       BENOL 0.6125 0.0952 0.0801 0.1649 0.0473 
       BF_15 0.0049 0.2077 0.0546 0.6991 0.0336 
      BINTJE 0.0748 0.2538 0.1220 0.3724 0.1769 
 BIONICA_EX_ 0.1411 0.2784 0.1815 0.1394 0.2596 
 BLUE_DANUBE 0.0180 0.5621 0.0080 0.1526 0.2594 
      BONNIE 0.2588 0.1737 0.2606 0.0295 0.2773 
      BOUNTY 0.4641 0.0932 0.1048 0.0210 0.3168 
 BRITISH_QUE 0.0071 0.2056 0.0051 0.4985 0.2837 
     BRODICK 0.5559 0.0101 0.3071 0.0099 0.1170 
      BRODIE 0.0884 0.0070 0.1561 0.1461 0.6024 
      BUCHAN 0.1431 0.0046 0.2806 0.0843 0.4873 
      BURREN 0.0999 0.1600 0.1982 0.1012 0.4406 
     CABARET 0.5274 0.0134 0.0177 0.2998 0.1417 
      CAESAR 0.0497 0.3870 0.4020 0.0037 0.1577 
        CARA 0.1578 0.0186 0.0857 0.0435 0.6944 
 CARLINGFORD 0.1154 0.0271 0.3468 0.1067 0.4040 
  CASABLANCA 0.3245 0.2363 0.0091 0.0048 0.4253 
      CELINE 0.1155 0.4165 0.1098 0.0668 0.2913 
  CHALLENGER 0.2114 0.3291 0.2636 0.1548 0.0411 
   CHARLOTTE 0.1414 0.0726 0.6679 0.1088 0.0094 
     CHICAGO 0.5260 0.2722 0.1489 0.0402 0.0127 
   CHIEFTAIN 0.0319 0.0105 0.4675 0.2115 0.2786 
      CHOPIN 0.0296 0.4027 0.2775 0.0790 0.2112 
      CLARET 0.1243 0.0244 0.1926 0.0466 0.6120 
      CORINE 0.1947 0.3308 0.0089 0.1146 0.3509 
      COSMOS 0.1223 0.4661 0.1220 0.1029 0.1867 
     COURAGE 0.0765 0.3526 0.2272 0.1184 0.2254 
     COURLAN 0.1062 0.1365 0.3501 0.1455 0.2617 
 CRAIGS_ROYA 0.2167 0.0046 0.1675 0.1300 0.4812 
 CRAIGS_SNOW 0.1544 0.0797 0.1174 0.3975 0.2510 
     CRAMOND 0.5008 0.1057 0.1520 0.0139 0.2275 
 CRISPS_FOR_ 0.1135 0.3059 0.3669 0.0766 0.1371 
    CROMWELL 0.6645 0.1136 0.0096 0.1969 0.0153 
       D22/1 0.5157 0.0628 0.0048 0.2057 0.2110 
       D23/3 0.3874 0.0673 0.0887 0.3430 0.1136 
      D47-11 0.6962 0.0631 0.0037 0.2264 0.0106 
       D49/1 0.7681 0.0558 0.0191 0.1536 0.0034 
       DAISY 0.4845 0.1971 0.1176 0.1889 0.0120 
 DARK_RED_NO 0.0292 0.0773 0.3357 0.2401 0.3177 
     DARWINA 0.1063 0.4552 0.1569 0.1414 0.1402 
     DESIREE 0.0049 0.2485 0.3732 0.1450 0.2284 
       DITTA 0.0210 0.4100 0.3282 0.1658 0.0749 
 DR._MCINTOS 0.0571 0.0297 0.2438 0.1874 0.4820 
       DRAGA 0.1607 0.3045 0.1617 0.0403 0.3328 
 DUKE_OF_YOR 0.0037 0.2890 0.0131 0.4693 0.2248 
 DUNBAR_STAN 0.1531 0.0137 0.0970 0.4296 0.3065 
     DUNDROD 0.4952 0.0291 0.1918 0.1887 0.0952 
     ECLIPSE 0.0568 0.0096 0.3577 0.5178 0.0581 
        EDEN 0.7061 0.0115 0.0296 0.2209 0.0319 
 EDZELL_BLUE 0.0776 0.2343 0.1433 0.3520 0.1928 
   ELISABETH 0.1645 0.2463 0.5486 0.0103 0.0303 
     EMPEROR 0.1969 0.1785 0.3611 0.0956 0.1680 
         EOS 0.2802 0.1396 0.4268 0.0415 0.1119 
     EPICURE 0.0108 0.0546 0.2840 0.4570 0.1936 
  ERNTESTOLZ 0.0337 0.3224 0.1956 0.2816 0.1667 
      ESCORT 0.1753 0.3872 0.3497 0.0085 0.0792 
   ESMERALDA 0.1681 0.3126 0.2632 0.1366 0.1195 
      ESTIMA 0.1496 0.3428 0.2726 0.1363 0.0987 
 EVE_BALFOUR 0.2061 0.0219 0.0931 0.2419 0.4371 
   EXCALIBUR 0.5015 0.0219 0.1030 0.0033 0.3703 
     EXQUISA 0.0083 0.3706 0.4284 0.1346 0.0581 
    FESTIVAL 0.1497 0.4068 0.3661 0.0081 0.0692 
      FIANNA 0.0537 0.3560 0.1793 0.0346 0.3764 
   FIFTYFOLD 0.0902 0.0670 0.1657 0.5769 0.1001 
     FONTANE 0.2053 0.4367 0.2594 0.0518 0.0468 
   FORTYFOLD 0.0045 0.3083 0.0053 0.5783 0.1035 
 FRONTIER_RU 0.0920 0.0793 0.3472 0.2870 0.1945 
     G.81071 0.1798 0.1089 0.2389 0.1285 0.3439 
     G.88661 0.2266 0.0893 0.3535 0.0351 0.2956 
    G.886611 0.2220 0.0080 0.4859 0.0109 0.2731 
  G.8867Y%12 0.0686 0.0341 0.4647 0.0231 0.4095 
     G.88839 0.0069 0.4595 0.5189 0.0077 0.0070 
     G.88842 0.0138 0.3868 0.3403 0.0168 0.2423 
   GALACTICA 0.0101 0.3765 0.0058 0.1642 0.4434 
      GEMSON 0.1284 0.0198 0.1918 0.2188 0.4412 
  GL.76B/102 0.1679 0.2584 0.2041 0.3568 0.0128 
   GL.76B/94 0.0063 0.3536 0.0111 0.5061 0.1229 
  GL.77M/106 0.2880 0.0114 0.2978 0.1744 0.2284 
   GL.78/166 0.0530 0.2744 0.0075 0.5992 0.0660 
    GL.78/53 0.2493 0.0266 0.2049 0.5128 0.0064 
    GL.78/97 0.1525 0.1825 0.1072 0.5430 0.0149 
    GL.79/42 0.1834 0.0880 0.2241 0.5008 0.0036 
    GL.79/45 0.1405 0.1066 0.2014 0.5313 0.0201 
 GL.81_NT_25 0.5383 0.1062 0.0034 0.3316 0.0206 
   GLADIATOR 0.1216 0.2542 0.3730 0.0158 0.2355 
      GLAMIS 0.4375 0.1283 0.2330 0.0602 0.1411 
 GOLDEN_MILL 0.5259 0.0236 0.1887 0.0905 0.1713 
 GOLDEN_NUGG 0.1382 0.3777 0.1614 0.0157 0.3070 
 GOLDEN_WOND 0.0563 0.1470 0.1557 0.5912 0.0498 
     GRANOLA 0.1376 0.2155 0.5714 0.0653 0.0102 
    H1H3_101 0.6719 0.0075 0.0024 0.3127 0.0055 
      H1H3_3 0.4540 0.0744 0.0684 0.2119 0.1913 
 HARBOROUGH_ 0.7286 0.0139 0.1666 0.0098 0.0811 
   HARLEQUIN 0.1634 0.1248 0.5405 0.1517 0.0195 
      HERMES 0.0688 0.3957 0.2216 0.1265 0.1875 
 HIGHLAND_BU 0.0196 0.1666 0.0050 0.7904 0.0184 
  HOME_GUARD 0.1850 0.0186 0.1868 0.3060 0.3037 
     HORIZON 0.1080 0.4771 0.0676 0.2212 0.1261 
   INNOVATOR 0.0056 0.2977 0.0066 0.3011 0.3889 
 INTERNATION 0.0067 0.1093 0.0041 0.8656 0.0143 
 ISLE_OF_JUR 0.4525 0.0888 0.1368 0.1283 0.1936 
    JULIETTE 0.0304 0.3519 0.5877 0.0229 0.0071 
     KARLENA 0.0386 0.3385 0.0106 0.2451 0.3671 
 KERR'S_PINK 0.0902 0.0185 0.1001 0.5544 0.2367 
     KESTREL 0.3838 0.0054 0.2252 0.0062 0.3793 
       KIFLI 0.1350 0.2361 0.4910 0.1322 0.0057 
 KING_EDWARD 0.0651 0.0120 0.1411 0.7759 0.0060 
    KINGSTON 0.5220 0.1127 0.0875 0.1582 0.1196 
 KUFRI_CHAND 0.0890 0.1559 0.1912 0.2713 0.2926 
 KUFRI_JYOTI 0.0527 0.2002 0.2164 0.1451 0.3857 
      KURODA 0.0362 0.5275 0.1438 0.0352 0.2573 
 LADY_BALFOU 0.2030 0.0416 0.1126 0.1748 0.4680 
 LADY_CHRIST 0.1038 0.4561 0.0785 0.2755 0.0861 
 LADY_CLAIRE 0.0134 0.7610 0.0060 0.1819 0.0378 
     LADY_JO 0.0207 0.6112 0.0028 0.2814 0.0839 
 LADY_ROSETT 0.1548 0.3574 0.2013 0.1376 0.1490 
    LIBERTAS 0.0075 0.5764 0.0028 0.2649 0.1484 
       LINDA 0.0066 0.2611 0.5423 0.1847 0.0053 
      LINTON 0.1845 0.2881 0.2424 0.0813 0.2037 
 LINZER_DELI 0.0378 0.3199 0.4431 0.1795 0.0196 
   LIONHEART 0.0726 0.4558 0.1631 0.0720 0.2364 
   MADELEINE 0.0997 0.4009 0.4124 0.0533 0.0338 
   MADINGLEY 0.1610 0.3122 0.3259 0.0417 0.1592 
    MAJESTIC 0.0267 0.0512 0.2602 0.2136 0.4483 
     MARABEL 0.0126 0.5012 0.3577 0.0110 0.1174 
     MARFONA 0.1158 0.4838 0.0312 0.1813 0.1879 
     MARILYN 0.0289 0.3504 0.3918 0.0813 0.1476 
 MARIS_ANCHO 0.0762 0.2931 0.2454 0.2264 0.1589 
  MARIS_BARD 0.2414 0.2148 0.0031 0.1931 0.3477 
  MARIS_PEER 0.1574 0.0160 0.1965 0.2484 0.3817 
 MARIS_PIPER 0.8244 0.0441 0.0056 0.1198 0.0061 
     MARKIES 0.0343 0.5168 0.2982 0.1117 0.0390 
      MAXINE 0.4099 0.0170 0.2068 0.0933 0.2731 
      MEGARA 0.0892 0.5360 0.3043 0.0405 0.0301 
      MELODY 0.1113 0.4241 0.1633 0.1450 0.1563 
       MIDAS 0.5061 0.2465 0.1503 0.0917 0.0053 
       MILVA 0.0231 0.4023 0.3545 0.1689 0.0512 
        MIMI 0.3588 0.2866 0.1028 0.0719 0.1800 
        MIRA 0.0124 0.5947 0.0075 0.2130 0.1724 
       MOIRA 0.0528 0.2907 0.2586 0.1526 0.2453 
    MONTROSE 0.6129 0.0090 0.1133 0.2373 0.0275 
       MORAG 0.1795 0.0113 0.1454 0.2439 0.4199 
      MORENE 0.0043 0.5779 0.0129 0.1763 0.2286 
      MOZART 0.0879 0.3435 0.5021 0.0031 0.0634 
 MYATT'S_ASH 0.0042 0.2404 0.0052 0.7318 0.0185 
      NADINE 0.4591 0.0554 0.3270 0.0092 0.1492 
       NAVAN 0.6924 0.0230 0.0860 0.0560 0.1426 
 NDTX_4271_5 0.2169 0.0057 0.5578 0.0903 0.1293 
      NICOLA 0.0038 0.4195 0.4148 0.1576 0.0043 
     NOVELLA 0.0536 0.3790 0.2616 0.0352 0.2706 
     OLYMPUS 0.3384 0.0072 0.3195 0.1497 0.1851 
       OPERA 0.1506 0.3747 0.2742 0.0176 0.1829 
   ORCHESTRA 0.1598 0.4038 0.3589 0.0557 0.0218 
      ORIANA 0.0046 0.4458 0.1507 0.1088 0.2901 
     OTHELLO 0.1672 0.0060 0.2120 0.0221 0.5927 
     PALADIN 0.6800 0.0617 0.0064 0.2268 0.0251 
       PANDA 0.1105 0.3192 0.5408 0.0136 0.0160 
   PARAMOUNT 0.0293 0.1944 0.2357 0.0545 0.4861 
    PATRONES 0.0612 0.3713 0.1634 0.2332 0.1710 
 PENTLAND_AC 0.1599 0.1458 0.2141 0.2016 0.2785 
 PENTLAND_BE 0.0126 0.1305 0.0083 0.5085 0.3401 
 PENTLAND_CR 0.1539 0.2442 0.1183 0.1277 0.3558 
 PENTLAND_DE 0.0634 0.0137 0.2158 0.3089 0.3981 
 PENTLAND_IV 0.0845 0.0049 0.3901 0.1594 0.3610 
 PENTLAND_JA 0.0732 0.1924 0.1439 0.2053 0.3853 
 PENTLAND_MA 0.0090 0.3431 0.1108 0.1192 0.4179 
 PENTLAND_SQ 0.1215 0.0882 0.2204 0.2326 0.3372 
   PEPO_1978 0.1125 0.4044 0.3469 0.1087 0.0275 
     PICASSO 0.1525 0.2534 0.0449 0.0043 0.5448 
   PIMPERNEL 0.0878 0.4943 0.1606 0.1590 0.0982 
     PIONEER 0.0158 0.2186 0.6175 0.1422 0.0059 
       PIXIE 0.3768 0.0301 0.2763 0.0059 0.3108 
    PREMIERE 0.0558 0.4908 0.0057 0.2761 0.1716 
   PRODUCENT 0.2353 0.4536 0.1809 0.0964 0.0337 
     PROVOST 0.0409 0.1617 0.2076 0.2065 0.3833 
  R.P.LUSTRE 0.2067 0.0164 0.3774 0.2828 0.1167 
 RANGER_RUSS 0.0030 0.1962 0.0379 0.3788 0.3841 
       RATTE 0.1898 0.0444 0.2736 0.4842 0.0079 
      RECORD 0.0099 0.6196 0.0073 0.2493 0.1139 
   REMBRANDT 0.1334 0.4602 0.1496 0.1622 0.0947 
    RIO_ROJO 0.0688 0.0947 0.3647 0.1596 0.3123 
      ROBIJN 0.0061 0.5948 0.0243 0.2809 0.0939 
      ROCKET 0.5255 0.0209 0.0836 0.2054 0.1646 
   RODE_STAR 0.0470 0.4326 0.1880 0.3275 0.0049 
      ROMANO 0.0470 0.3357 0.2783 0.0128 0.3263 
       ROMEO 0.0741 0.0176 0.4102 0.2034 0.2948 
     ROOSTER 0.1121 0.1525 0.2228 0.1545 0.3581 
       ROYAL 0.3612 0.2881 0.2635 0.0778 0.0094 
 ROYAL_KIDNE 0.0040 0.0804 0.0144 0.5670 0.3341 
     RUBESSE 0.0458 0.2417 0.4034 0.1063 0.2028 
 RUSSET_BURB 0.0126 0.1263 0.2186 0.2961 0.3464 
 RUSSET_NORK 0.0332 0.0082 0.4376 0.2618 0.2591 
      SAFARI 0.0411 0.4264 0.2021 0.0102 0.3201 
     SANTANA 0.1429 0.4169 0.1244 0.1264 0.1894 
       SANTE 0.1947 0.4425 0.1813 0.0705 0.1110 
     SAPHIRE 0.1027 0.4285 0.1716 0.0253 0.2718 
  SARPO_MIRA 0.0887 0.3251 0.4016 0.1475 0.0370 
 SARPO_SHONA 0.0859 0.4082 0.3849 0.0607 0.0603 
       SASSY 0.0964 0.3277 0.1884 0.2522 0.1352 
     SATURNA 0.0461 0.5266 0.1899 0.2314 0.0061 
        SAVA 0.1299 0.3030 0.4331 0.0674 0.0665 
       SAXON 0.5720 0.0382 0.1273 0.1185 0.1439 
 SCARBOROUGH 0.7584 0.0048 0.1644 0.0475 0.0249 
 SEFTON_WOND 0.1578 0.0140 0.0552 0.5333 0.2397 
    SERAFINA 0.0147 0.3005 0.4905 0.1172 0.0772 
     SETANTA 0.3162 0.0388 0.3125 0.0502 0.2823 
 SHARPE'S_EX 0.1035 0.1361 0.1111 0.6132 0.0362 
     SHELAGH 0.1879 0.1602 0.1197 0.2551 0.2771 
    SHELFORD 0.0284 0.3502 0.2330 0.1945 0.1938 
     SHEPODY 0.0059 0.2324 0.0038 0.2969 0.4610 
      SLANEY 0.3040 0.0140 0.2431 0.0094 0.4296 
        SPEY 0.3015 0.0300 0.1690 0.0044 0.4951 
      SPUNTA 0.1314 0.1184 0.4044 0.2078 0.1380 
     STAMINA 0.6254 0.0549 0.0155 0.0046 0.2996 
    STEMSTER 0.3266 0.2675 0.1529 0.1611 0.0919 
 STORMONT_EN 0.1827 0.2970 0.0810 0.1949 0.2444 
    STIRLING 0.1796 0.0714 0.2514 0.0147 0.4829 
     SYLVANA 0.0955 0.2806 0.2640 0.1194 0.2406 
         TAY 0.4381 0.0090 0.2663 0.0084 0.2782 
      TIMATE 0.1361 0.4253 0.3904 0.0404 0.0077 
      TOLUCA 0.0078 0.3692 0.3701 0.0466 0.2064 
    TORRIDON 0.0752 0.3428 0.1319 0.1062 0.3438 
 ULSTER_SCEP 0.3045 0.0638 0.0929 0.1771 0.3617 
 UMATILLA_RU 0.3371 0.1929 0.0396 0.3648 0.0656 
 VALES_EMERA 0.2628 0.0424 0.5182 0.1037 0.0729 
 VALES_EVERE 0.2890 0.0091 0.1483 0.1307 0.4229 
 VALES_RUSSE 0.0333 0.1237 0.2382 0.3625 0.2424 
 VALES_SOVER 0.3554 0.0270 0.0254 0.0038 0.5884 
       VALOR 0.3927 0.0356 0.0906 0.0033 0.4778 
    VAN_GOGH 0.1169 0.5122 0.1655 0.1379 0.0675 
     VANTAGE 0.0105 0.4434 0.0062 0.3467 0.1933 
       VERDI 0.1247 0.4205 0.2219 0.1772 0.0557 
    VICTORIA 0.0375 0.4310 0.2478 0.1086 0.1751 
     VIVALDI 0.0046 0.4524 0.1783 0.0676 0.2971 
       WILJA 0.0083 0.5628 0.0023 0.1913 0.2352 
     WINSTON 0.4444 0.0077 0.2991 0.0055 0.2433 
      XD2-21 0.1024 0.0671 0.1949 0.2578 0.3778 
  YUKON_GOLD 0.2406 0.0991 0.4613 0.0228 0.1763 
       ZORBA 0.0132 0.4363 0.0169 0.2032 0.3304 
