  00C133-020 0.3582 0.0285 0.5903 0.0229 
 01C_071-002 0.2949 0.2738 0.2342 0.1971 
 02M_012-001 0.0307 0.1351 0.6333 0.2009 
 03M_016-002 0.1278 0.0144 0.3662 0.4916 
 03M_034-002 0.1956 0.0272 0.5632 0.2141 
 04C_055-004 0.0539 0.3195 0.5169 0.1096 
 04C_126-005 0.3897 0.1257 0.3775 0.1071 
 04M_034-013 0.0698 0.1211 0.4875 0.3215 
 05M_002-001 0.1999 0.4296 0.1759 0.1947 
 05M_004-003 0.3428 0.3826 0.2465 0.0281 
 05M_012-004 0.4278 0.2055 0.2476 0.1191 
 06C_127-002 0.2233 0.2761 0.4365 0.0641 
 12288_AF_23 0.3124 0.1559 0.5040 0.0277 
    12601AB1 0.0178 0.0118 0.4911 0.4794 
   12636_A_2 0.2134 0.0111 0.5442 0.2313 
  15119_AC_5 0.5017 0.0049 0.2897 0.2037 
     1512C16 0.4283 0.1523 0.0822 0.3372 
   15144_A_3 0.6045 0.2162 0.1529 0.0264 
     1563C14 0.1089 0.3353 0.0416 0.5141 
     2182EF7 0.5887 0.1001 0.1897 0.1215 
     3681AD1 0.4620 0.3065 0.1196 0.1120 
     5008AB6 0.3508 0.3926 0.1362 0.1204 
    8204_A_4 0.4893 0.1721 0.2991 0.0394 
       AGRIA 0.0480 0.7152 0.1097 0.1271 
       AILSA 0.0508 0.1460 0.6321 0.1711 
      ALMERA 0.2644 0.5325 0.0865 0.1165 
       ALPHA 0.2242 0.4089 0.0570 0.3099 
      ALWARA 0.3483 0.4828 0.1067 0.0622 
      AMADRA 0.0693 0.4769 0.2488 0.2049 
       AMOUR 0.4312 0.0261 0.4946 0.0481 
        ANNA 0.7805 0.0052 0.1104 0.1039 
   ANNABELLE 0.1397 0.7287 0.0454 0.0863 
        ANYA 0.1339 0.5004 0.1297 0.2359 
       ARGOS 0.5967 0.0689 0.3191 0.0153 
     ARIELLE 0.2152 0.5601 0.0511 0.1736 
      ARKULA 0.3019 0.4739 0.0313 0.1928 
      ARMADA 0.2589 0.4139 0.1357 0.1916 
   AVALANCHE 0.2675 0.1719 0.4465 0.1141 
     BAILLIE 0.2309 0.1963 0.5258 0.0469 
    BALMORAL 0.6976 0.1058 0.1061 0.0905 
     BAMBINO 0.2905 0.1104 0.5608 0.0383 
       BARNA 0.4737 0.2577 0.2121 0.0565 
 BELLE_DE_FO 0.0895 0.0062 0.0046 0.8997 
       BENOL 0.0381 0.1151 0.6322 0.2146 
       BF_15 0.0811 0.1545 0.0058 0.7587 
      BINTJE 0.2622 0.2190 0.0899 0.4289 
 BIONICA_EX_ 0.3322 0.3039 0.1851 0.1788 
 BLUE_DANUBE 0.3486 0.3881 0.0377 0.2256 
      BONNIE 0.3334 0.2898 0.3231 0.0537 
      BOUNTY 0.3297 0.1124 0.5182 0.0396 
 BRITISH_QUE 0.4095 0.0212 0.0113 0.5581 
     BRODICK 0.1285 0.2021 0.6498 0.0195 
      BRODIE 0.6649 0.0106 0.2015 0.1230 
      BUCHAN 0.5652 0.0477 0.2913 0.0958 
      BURREN 0.4837 0.2226 0.1871 0.1066 
     CABARET 0.1206 0.0082 0.5436 0.3276 
      CAESAR 0.2464 0.6336 0.1103 0.0096 
        CARA 0.7015 0.0116 0.2550 0.0319 
 CARLINGFORD 0.4933 0.1849 0.2101 0.1117 
  CASABLANCA 0.4940 0.1276 0.3671 0.0114 
      CELINE 0.3753 0.3746 0.1325 0.1176 
  CHALLENGER 0.1168 0.4433 0.2248 0.2152 
   CHARLOTTE 0.0186 0.6046 0.2483 0.1285 
     CHICAGO 0.0162 0.3460 0.5386 0.0992 
   CHIEFTAIN 0.3966 0.2348 0.1461 0.2226 
      CHOPIN 0.3018 0.5062 0.0697 0.1223 
      CLARET 0.6581 0.0690 0.2372 0.0357 
      CORINE 0.4068 0.1888 0.2340 0.1704 
      COSMOS 0.2978 0.4133 0.1159 0.1729 
     COURAGE 0.3202 0.3974 0.1111 0.1713 
     COURLAN 0.3292 0.3245 0.1845 0.1618 
 CRAIGS_ROYA 0.5370 0.0133 0.3209 0.1288 
 CRAIGS_SNOW 0.3260 0.0538 0.1908 0.4294 
     CRAMOND 0.2583 0.1567 0.5541 0.0309 
 CRISPS_FOR_ 0.2120 0.4983 0.1620 0.1277 
    CROMWELL 0.0145 0.0666 0.6538 0.2651 
       D22/1 0.2120 0.0108 0.5237 0.2534 
       D23/3 0.1560 0.0419 0.4016 0.4004 
      D47-11 0.0141 0.0110 0.6615 0.3134 
       D49/1 0.0044 0.0427 0.7412 0.2116 
       DAISY 0.0265 0.2306 0.4853 0.2576 
 DARK_RED_NO 0.4197 0.2245 0.1076 0.2482 
     DARWINA 0.2353 0.4426 0.1041 0.2181 
     DESIREE 0.3355 0.4646 0.0175 0.1823 
       DITTA 0.1723 0.5638 0.0378 0.2262 
 DR._MCINTOS 0.6024 0.0741 0.1444 0.1791 
       DRAGA 0.4355 0.2991 0.1953 0.0701 
 DUKE_OF_YOR 0.3424 0.1330 0.0046 0.5200 
 DUNBAR_STAN 0.3628 0.0127 0.1938 0.4307 
     DUNDROD 0.1177 0.1207 0.5338 0.2278 
     ECLIPSE 0.1395 0.1700 0.1427 0.5478 
        EDEN 0.0172 0.0115 0.7148 0.2565 
 EDZELL_BLUE 0.2695 0.2191 0.1008 0.4105 
   ELISABETH 0.1189 0.6120 0.2379 0.0312 
     EMPEROR 0.2449 0.3663 0.2643 0.1246 
         EOS 0.1889 0.3964 0.3358 0.0788 
     EPICURE 0.2852 0.1749 0.0597 0.4802 
  ERNTESTOLZ 0.2505 0.3586 0.0551 0.3358 
      ESCORT 0.1544 0.5952 0.2235 0.0269 
   ESMERALDA 0.1831 0.4227 0.2001 0.1941 
      ESTIMA 0.1919 0.4441 0.1681 0.1959 
 EVE_BALFOUR 0.4639 0.0198 0.2728 0.2434 
   EXCALIBUR 0.3429 0.0587 0.5931 0.0054 
     EXQUISA 0.1287 0.6534 0.0221 0.1958 
    FESTIVAL 0.1375 0.6305 0.1999 0.0322 
      FIANNA 0.4795 0.3578 0.0898 0.0729 
   FIFTYFOLD 0.1425 0.1060 0.1335 0.6179 
     FONTANE 0.1133 0.5423 0.2224 0.1220 
   FORTYFOLD 0.2079 0.1273 0.0054 0.6594 
 FRONTIER_RU 0.2756 0.2502 0.1670 0.3073 
     G.81071 0.4239 0.1916 0.2465 0.1380 
     G.88661 0.4026 0.2468 0.2953 0.0552 
    G.886611 0.3893 0.2541 0.3395 0.0170 
  G.8867Y%12 0.5237 0.2651 0.1823 0.0289 
     G.88839 0.0367 0.8938 0.0267 0.0428 
     G.88842 0.3382 0.5648 0.0498 0.0473 
   GALACTICA 0.5358 0.1970 0.0336 0.2336 
      GEMSON 0.5197 0.0425 0.2128 0.2250 
  GL.76B/102 0.0457 0.3462 0.1770 0.4311 
   GL.76B/94 0.1834 0.2293 0.0087 0.5786 
  GL.77M/106 0.2602 0.1583 0.3918 0.1898 
   GL.78/166 0.1291 0.1319 0.0454 0.6936 
    GL.78/53 0.0117 0.1280 0.2877 0.5726 
    GL.78/97 0.0376 0.1904 0.1557 0.6163 
    GL.79/42 0.0068 0.2141 0.2091 0.5699 
    GL.79/45 0.0452 0.1865 0.1723 0.5961 
 GL.81_NT_25 0.0353 0.0141 0.5201 0.4305 
   GLADIATOR 0.3231 0.4504 0.1911 0.0354 
      GLAMIS 0.1784 0.2417 0.4792 0.1007 
 GOLDEN_MILL 0.1706 0.1214 0.5994 0.1086 
 GOLDEN_NUGG 0.3887 0.3994 0.1747 0.0372 
 GOLDEN_WOND 0.1081 0.1627 0.0818 0.6474 
     GRANOLA 0.0255 0.6392 0.2206 0.1147 
    H1H3_101 0.0048 0.0040 0.6170 0.3742 
      H1H3_3 0.2264 0.0487 0.4794 0.2456 
 HARBOROUGH_ 0.0709 0.1134 0.7918 0.0238 
   HARLEQUIN 0.0505 0.5197 0.2429 0.1869 
      HERMES 0.2487 0.4734 0.1023 0.1756 
 HIGHLAND_BU 0.0714 0.0256 0.0214 0.8817 
  HOME_GUARD 0.3577 0.0548 0.2651 0.3224 
     HORIZON 0.1941 0.4037 0.0965 0.3058 
   INNOVATOR 0.5335 0.1046 0.0095 0.3524 
 INTERNATION 0.0364 0.0116 0.0068 0.9453 
 ISLE_OF_JUR 0.2111 0.1287 0.4998 0.1604 
    JULIETTE 0.0211 0.8019 0.1117 0.0653 
     KARLENA 0.4522 0.1832 0.0745 0.2900 
 KERR'S_PINK 0.2777 0.0155 0.1363 0.5705 
     KESTREL 0.4257 0.0413 0.5215 0.0116 
       KIFLI 0.0098 0.6125 0.2015 0.1762 
 KING_EDWARD 0.0116 0.0464 0.1191 0.8229 
    KINGSTON 0.1135 0.1254 0.5508 0.2103 
 KUFRI_CHAND 0.3862 0.1763 0.1361 0.3013 
 KUFRI_JYOTI 0.4626 0.2398 0.1268 0.1707 
      KURODA 0.3606 0.4933 0.0453 0.1008 
 LADY_BALFOU 0.5120 0.0336 0.2724 0.1820 
 LADY_CHRIST 0.1760 0.3842 0.0774 0.3624 
 LADY_CLAIRE 0.1079 0.5973 0.0129 0.2819 
     LADY_JO 0.2164 0.3462 0.0209 0.4166 
 LADY_ROSETT 0.2408 0.3894 0.1714 0.1984 
    LIBERTAS 0.2785 0.3165 0.0106 0.3944 
       LINDA 0.0213 0.6792 0.0517 0.2478 
      LINTON 0.2657 0.3812 0.2246 0.1285 
 LINZER_DELI 0.0728 0.6108 0.0832 0.2332 
   LIONHEART 0.3439 0.4373 0.0808 0.1380 
   MADELEINE 0.0993 0.6447 0.1444 0.1116 
   MADINGLEY 0.2141 0.4883 0.2093 0.0883 
    MAJESTIC 0.5607 0.1206 0.1099 0.2088 
     MARABEL 0.2021 0.7077 0.0534 0.0368 
     MARFONA 0.3274 0.3307 0.0713 0.2705 
     MARILYN 0.2202 0.5719 0.0845 0.1234 
 MARIS_ANCHO 0.2363 0.3805 0.1089 0.2743 
  MARIS_BARD 0.4481 0.0238 0.2629 0.2652 
  MARIS_PEER 0.4661 0.0404 0.2368 0.2568 
 MARIS_PIPER 0.0060 0.0164 0.7926 0.1849 
     MARKIES 0.1229 0.6439 0.0491 0.1841 
      MAXINE 0.3287 0.0856 0.4762 0.1095 
      MEGARA 0.1024 0.6729 0.1046 0.1200 
      MELODY 0.2198 0.4426 0.1286 0.2090 
       MIDAS 0.0072 0.3243 0.5056 0.1629 
       MILVA 0.1176 0.6026 0.0504 0.2295 
        MIMI 0.2152 0.2778 0.3774 0.1296 
        MIRA 0.2410 0.4500 0.0159 0.2930 
       MOIRA 0.3193 0.3841 0.1076 0.1890 
    MONTROSE 0.0240 0.0343 0.6624 0.2792 
       MORAG 0.4731 0.0249 0.2579 0.2441 
      MORENE 0.3260 0.4244 0.0062 0.2434 
      MOZART 0.1433 0.6968 0.1542 0.0056 
 MYATT'S_ASH 0.0774 0.1039 0.0050 0.8138 
      NADINE 0.1781 0.2727 0.5305 0.0187 
       NAVAN 0.1475 0.0347 0.7230 0.0948 
 NDTX_4271_5 0.2472 0.2944 0.3381 0.1203 
      NICOLA 0.0268 0.7287 0.0091 0.2355 
     NOVELLA 0.3538 0.4752 0.0989 0.0720 
     OLYMPUS 0.2585 0.1272 0.4375 0.1768 
       OPERA 0.2552 0.4978 0.1909 0.0562 
   ORCHESTRA 0.0742 0.6191 0.1907 0.1160 
      ORIANA 0.3953 0.4459 0.0077 0.1511 
     OTHELLO 0.6519 0.0261 0.3003 0.0217 
     PALADIN 0.0322 0.0127 0.6633 0.2918 
       PANDA 0.0380 0.7387 0.1801 0.0433 
   PARAMOUNT 0.5655 0.2569 0.1078 0.0698 
    PATRONES 0.2604 0.3650 0.0749 0.2998 
 PENTLAND_AC 0.3461 0.2081 0.2195 0.2262 
 PENTLAND_BE 0.4191 0.0172 0.0251 0.5385 
 PENTLAND_CR 0.4407 0.2076 0.1952 0.1565 
 PENTLAND_DE 0.4761 0.0479 0.1668 0.3092 
 PENTLAND_IV 0.4659 0.1364 0.2384 0.1593 
 PENTLAND_JA 0.4971 0.1513 0.1237 0.2279 
 PENTLAND_MA 0.5148 0.3034 0.0340 0.1477 
 PENTLAND_SQ 0.4123 0.1524 0.1930 0.2422 
   PEPO_1978 0.0723 0.6185 0.1412 0.1680 
     PICASSO 0.6124 0.1866 0.1933 0.0077 
   PIMPERNEL 0.1742 0.4942 0.0893 0.2423 
     PIONEER 0.0211 0.6843 0.0998 0.1948 
       PIXIE 0.3367 0.1892 0.4643 0.0098 
    PREMIERE 0.2808 0.3086 0.0451 0.3655 
   PRODUCENT 0.1041 0.4919 0.2314 0.1726 
     PROVOST 0.4708 0.1995 0.1053 0.2245 
  R.P.LUSTRE 0.1669 0.2299 0.2940 0.3092 
 RANGER_RUSS 0.5271 0.0606 0.0034 0.4088 
       RATTE 0.0247 0.2076 0.2343 0.5334 
      RECORD 0.2228 0.4130 0.0070 0.3572 
   REMBRANDT 0.1842 0.4472 0.1277 0.2409 
    RIO_ROJO 0.4132 0.2576 0.1636 0.1656 
      ROBIJN 0.1447 0.4873 0.0075 0.3606 
      ROCKET 0.1829 0.0246 0.5513 0.2412 
   RODE_STAR 0.0107 0.5160 0.0511 0.4222 
      ROMANO 0.4070 0.4486 0.1137 0.0307 
       ROMEO 0.3500 0.2536 0.1928 0.2036 
     ROOSTER 0.4298 0.2181 0.1814 0.1707 
       ROYAL 0.0175 0.4530 0.3847 0.1449 
 ROYAL_KIDNE 0.4159 0.0080 0.0050 0.5712 
     RUBESSE 0.2881 0.4577 0.1187 0.1355 
 RUSSET_BURB 0.4540 0.1727 0.0623 0.3110 
 RUSSET_NORK 0.3774 0.1971 0.1618 0.2636 
      SAFARI 0.4301 0.4480 0.0860 0.0359 
     SANTANA 0.2727 0.3925 0.1479 0.1869 
       SANTE 0.1863 0.4729 0.1996 0.1412 
     SAPHIRE 0.3788 0.4255 0.1223 0.0734 
  SARPO_MIRA 0.0976 0.5743 0.1286 0.1996 
 SARPO_SHONA 0.1255 0.6328 0.1240 0.1176 
       SASSY 0.2242 0.3453 0.1154 0.3150 
     SATURNA 0.0161 0.6067 0.0487 0.3285 
        SAVA 0.1351 0.5746 0.1808 0.1096 
       SAXON 0.1479 0.0863 0.6097 0.1560 
 SCARBOROUGH 0.0296 0.0591 0.8210 0.0903 
 SEFTON_WOND 0.2690 0.0086 0.1817 0.5408 
    SERAFINA 0.1607 0.6190 0.0653 0.1550 
     SETANTA 0.3131 0.2160 0.4130 0.0580 
 SHARPE'S_EX 0.0864 0.1160 0.1160 0.6816 
     SHELAGH 0.3387 0.1372 0.2220 0.3021 
    SHELFORD 0.2584 0.4362 0.0608 0.2445 
     SHEPODY 0.6033 0.0247 0.0105 0.3615 
      SLANEY 0.4682 0.1074 0.4107 0.0136 
        SPEY 0.5169 0.0834 0.3944 0.0053 
      SPUNTA 0.1814 0.3758 0.2126 0.2302 
     STAMINA 0.2930 0.0258 0.6724 0.0087 
    STEMSTER 0.1250 0.3103 0.3414 0.2233 
 STORMONT_EN 0.3277 0.2218 0.1885 0.2620 
    STIRLING 0.5771 0.1281 0.2716 0.0232 
     SYLVANA 0.3220 0.3858 0.1434 0.1488 
         TAY 0.3072 0.1302 0.5492 0.0134 
      TIMATE 0.0269 0.6888 0.1759 0.1084 
      TOLUCA 0.2972 0.5959 0.0217 0.0852 
    TORRIDON 0.4248 0.3090 0.1048 0.1614 
 ULSTER_SCEP 0.4235 0.0352 0.3503 0.1911 
 UMATILLA_RU 0.0955 0.1338 0.3346 0.4361 
 VALES_EMERA 0.1225 0.4057 0.3515 0.1203 
 VALES_EVERE 0.4628 0.0219 0.3849 0.1304 
 VALES_RUSSE 0.3320 0.1937 0.0879 0.3864 
 VALES_SOVER 0.5660 0.0124 0.4169 0.0047 
       VALOR 0.4821 0.0404 0.4732 0.0044 
    VAN_GOGH 0.1428 0.5254 0.1130 0.2187 
     VANTAGE 0.2980 0.2464 0.0158 0.4398 
       VERDI 0.1060 0.5180 0.1382 0.2379 
    VICTORIA 0.2776 0.4974 0.0663 0.1587 
     VIVALDI 0.4134 0.4747 0.0079 0.1041 
       WILJA 0.3925 0.2833 0.0117 0.3125 
     WINSTON 0.2886 0.1539 0.5472 0.0103 
      XD2-21 0.4631 0.0991 0.1692 0.2685 
  YUKON_GOLD 0.2709 0.3766 0.3102 0.0422 
       ZORBA 0.4220 0.3072 0.0246 0.2462 
