  00C133-020 0.0178 0.0854 0.3560 0.0346 0.0174 0.4888 
 01C_071-002 0.0471 0.1039 0.2455 0.1774 0.2480 0.1782 
 02M_012-001 0.0046 0.0998 0.0855 0.2112 0.0580 0.5409 
 03M_016-002 0.2204 0.0216 0.0155 0.3902 0.0135 0.3388 
 03M_034-002 0.0172 0.0169 0.2069 0.2316 0.0416 0.4858 
 04C_055-004 0.0489 0.2769 0.0180 0.1037 0.0924 0.4600 
 04C_126-005 0.0204 0.1071 0.3766 0.1181 0.0982 0.2796 
 04M_034-013 0.1437 0.0808 0.0096 0.2586 0.0628 0.4446 
 05M_002-001 0.1624 0.1993 0.0580 0.1192 0.3225 0.1386 
 05M_004-003 0.0969 0.1270 0.2062 0.0094 0.3539 0.2065 
 05M_012-004 0.2040 0.1098 0.2294 0.0380 0.2101 0.2087 
 06C_127-002 0.0854 0.4179 0.1478 0.0275 0.0068 0.3146 
 12288_AF_23 0.1164 0.2010 0.1942 0.0114 0.0418 0.4352 
    12601AB1 0.0037 0.0397 0.0950 0.4861 0.0048 0.3707 
   12636_A_2 0.0768 0.0328 0.2105 0.2143 0.0076 0.4580 
  15119_AC_5 0.0257 0.0023 0.5348 0.2170 0.0210 0.1992 
     1512C16 0.3188 0.1969 0.1871 0.2198 0.0560 0.0214 
   15144_A_3 0.0064 0.2888 0.6214 0.0422 0.0288 0.0123 
     1563C14 0.0808 0.2326 0.0321 0.4485 0.1904 0.0155 
     2182EF7 0.2714 0.1823 0.3574 0.0333 0.0463 0.1094 
     3681AD1 0.0785 0.0976 0.3159 0.0597 0.3521 0.0962 
     5008AB6 0.0106 0.2922 0.3269 0.1167 0.2198 0.0337 
    8204_A_4 0.1271 0.2810 0.3602 0.0177 0.0212 0.1930 
       AGRIA 0.1090 0.3123 0.0034 0.0359 0.4632 0.0762 
       AILSA 0.0568 0.2471 0.0133 0.1342 0.0058 0.5429 
      ALMERA 0.2210 0.2346 0.0263 0.0236 0.4163 0.0782 
       ALPHA 0.1127 0.1500 0.0589 0.2326 0.3805 0.0652 
      ALWARA 0.0228 0.2960 0.2943 0.0542 0.3005 0.0321 
      AMADRA 0.0269 0.2631 0.0211 0.1765 0.2974 0.2151 
       AMOUR 0.0338 0.0675 0.4300 0.0482 0.0235 0.3970 
        ANNA 0.0775 0.0054 0.7502 0.1316 0.0158 0.0196 
   ANNABELLE 0.0804 0.4191 0.0221 0.0405 0.4192 0.0187 
        ANYA 0.0826 0.4915 0.0658 0.2098 0.1116 0.0387 
       ARGOS 0.0965 0.0435 0.4986 0.0084 0.1173 0.2359 
     ARIELLE 0.1423 0.3128 0.0542 0.0975 0.3638 0.0294 
      ARKULA 0.1041 0.2020 0.1354 0.1275 0.4124 0.0186 
      ARMADA 0.1284 0.1713 0.0888 0.1356 0.3599 0.1160 
   AVALANCHE 0.1768 0.0071 0.0762 0.0264 0.2710 0.4425 
     BAILLIE 0.0966 0.0957 0.1340 0.0294 0.1666 0.4777 
    BALMORAL 0.2568 0.0127 0.4541 0.0215 0.2207 0.0342 
     BAMBINO 0.0369 0.1079 0.2409 0.0404 0.0864 0.4875 
       BARNA 0.0607 0.3050 0.4026 0.0490 0.0825 0.1002 
 BELLE_DE_FO 0.0857 0.0075 0.0621 0.8291 0.0129 0.0026 
       BENOL 0.0087 0.0697 0.0482 0.2248 0.0841 0.5646 
       BF_15 0.0438 0.0625 0.0538 0.6990 0.1372 0.0036 
      BINTJE 0.2011 0.1105 0.0910 0.3264 0.2017 0.0693 
 BIONICA_EX_ 0.0849 0.1730 0.2092 0.1445 0.2510 0.1374 
 BLUE_DANUBE 0.1453 0.0083 0.1655 0.1549 0.5133 0.0126 
      BONNIE 0.0991 0.2288 0.2180 0.0281 0.1721 0.2540 
      BOUNTY 0.0378 0.0957 0.2858 0.0318 0.1034 0.4456 
 BRITISH_QUE 0.4375 0.0040 0.0410 0.3692 0.1387 0.0095 
     BRODICK 0.0194 0.2818 0.1177 0.0227 0.0126 0.5458 
      BRODIE 0.2000 0.1261 0.5115 0.0701 0.0050 0.0874 
      BUCHAN 0.1246 0.2526 0.4388 0.0393 0.0031 0.1416 
      BURREN 0.0154 0.1998 0.4607 0.1118 0.1327 0.0797 
     CABARET 0.0833 0.0095 0.1039 0.3009 0.0112 0.4912 
      CAESAR 0.0946 0.3677 0.0794 0.0027 0.3781 0.0776 
        CARA 0.0191 0.0917 0.7076 0.0385 0.0155 0.1275 
 CARLINGFORD 0.3200 0.2927 0.2048 0.0180 0.0227 0.1417 
  CASABLANCA 0.1341 0.0050 0.2794 0.0035 0.2466 0.3315 
      CELINE 0.0293 0.1141 0.2770 0.0920 0.3918 0.0958 
  CHALLENGER 0.1868 0.2174 0.0050 0.1039 0.2900 0.1970 
   CHARLOTTE 0.0068 0.6514 0.0163 0.1413 0.0467 0.1375 
     CHICAGO 0.0065 0.1474 0.0149 0.1016 0.2428 0.4868 
   CHIEFTAIN 0.3758 0.3989 0.0848 0.0751 0.0070 0.0584 
      CHOPIN 0.2384 0.2432 0.0575 0.0260 0.3811 0.0539 
      CLARET 0.0506 0.1907 0.6104 0.0342 0.0163 0.0978 
      CORINE 0.1690 0.0097 0.2404 0.0937 0.3014 0.1858 
      COSMOS 0.2279 0.0839 0.0279 0.0548 0.4550 0.1505 
     COURAGE 0.1616 0.2088 0.1429 0.0977 0.3124 0.0765 
     COURLAN 0.2613 0.3187 0.1187 0.0597 0.1154 0.1262 
 CRAIGS_ROYA 0.2274 0.1314 0.3574 0.0503 0.0047 0.2287 
 CRAIGS_SNOW 0.3380 0.0905 0.0720 0.2951 0.0403 0.1641 
     CRAMOND 0.0855 0.1200 0.1576 0.0219 0.1194 0.4956 
 CRISPS_FOR_ 0.1520 0.3330 0.0460 0.0574 0.2838 0.1278 
    CROMWELL 0.0059 0.0111 0.0420 0.2747 0.0737 0.5926 
       D22/1 0.1535 0.0036 0.0953 0.1965 0.0520 0.4990 
       D23/3 0.1867 0.0662 0.0264 0.3148 0.0380 0.3679 
      D47-11 0.0110 0.0031 0.0132 0.2879 0.0421 0.6427 
       D49/1 0.0095 0.0126 0.0027 0.2118 0.0428 0.7206 
       DAISY 0.0185 0.1149 0.0102 0.2375 0.1665 0.4524 
 DARK_RED_NO 0.4019 0.2913 0.1076 0.1020 0.0293 0.0679 
     DARWINA 0.1929 0.1391 0.0186 0.1204 0.4148 0.1141 
     DESIREE 0.0699 0.3788 0.2301 0.1351 0.1831 0.0030 
       DITTA 0.1877 0.3027 0.0104 0.1326 0.3468 0.0197 
 DR._MCINTOS 0.5150 0.1768 0.1511 0.0221 0.0240 0.1110 
       DRAGA 0.3318 0.0984 0.0855 0.0078 0.2918 0.1848 
 DUKE_OF_YOR 0.4177 0.0056 0.0088 0.3416 0.2230 0.0032 
 DUNBAR_STAN 0.4582 0.0397 0.0666 0.2515 0.0077 0.1763 
     DUNDROD 0.0829 0.1748 0.0734 0.1920 0.0154 0.4615 
     ECLIPSE 0.2960 0.2782 0.0034 0.3824 0.0036 0.0364 
        EDEN 0.0217 0.0228 0.0277 0.2590 0.0084 0.6604 
 EDZELL_BLUE 0.1382 0.1456 0.1527 0.3253 0.1799 0.0584 
   ELISABETH 0.0663 0.4981 0.0151 0.0110 0.2294 0.1800 
     EMPEROR 0.3148 0.2860 0.0080 0.0122 0.1542 0.2248 
         EOS 0.1546 0.3715 0.0221 0.0184 0.1361 0.2973 
     EPICURE 0.3305 0.2438 0.0342 0.3577 0.0216 0.0122 
  ERNTESTOLZ 0.2143 0.1851 0.0490 0.2387 0.2751 0.0378 
      ESCORT 0.0118 0.3401 0.0726 0.0166 0.3727 0.1862 
   ESMERALDA 0.0313 0.2492 0.1061 0.1629 0.2899 0.1605 
      ESTIMA 0.2271 0.2273 0.0085 0.0718 0.3101 0.1552 
 EVE_BALFOUR 0.0816 0.0950 0.4250 0.2180 0.0123 0.1681 
   EXCALIBUR 0.0045 0.0896 0.3913 0.0048 0.0379 0.4719 
     EXQUISA 0.0055 0.4334 0.1090 0.1671 0.2796 0.0053 
    FESTIVAL 0.0523 0.3437 0.0322 0.0100 0.3948 0.1670 
      FIANNA 0.2386 0.1478 0.2124 0.0087 0.3296 0.0629 
   FIFTYFOLD 0.1451 0.1694 0.0629 0.5471 0.0198 0.0557 
     FONTANE 0.1612 0.2114 0.0051 0.0214 0.3950 0.2058 
   FORTYFOLD 0.1969 0.0059 0.0232 0.5420 0.2291 0.0030 
 FRONTIER_RU 0.4332 0.2779 0.0059 0.1332 0.0349 0.1148 
     G.81071 0.2181 0.2073 0.2157 0.0674 0.0978 0.1937 
     G.88661 0.3348 0.2458 0.0362 0.0044 0.1023 0.2763 
    G.886611 0.2743 0.3763 0.0632 0.0036 0.0106 0.2721 
  G.8867Y%12 0.3444 0.3581 0.1441 0.0041 0.0312 0.1181 
     G.88839 0.0051 0.5615 0.0068 0.0250 0.3938 0.0079 
     G.88842 0.1320 0.3290 0.1442 0.0125 0.3627 0.0196 
   GALACTICA 0.1125 0.0054 0.3870 0.1554 0.3330 0.0067 
      GEMSON 0.2812 0.1532 0.2840 0.1283 0.0155 0.1378 
  GL.76B/102 0.1115 0.1933 0.0066 0.3584 0.1868 0.1434 
   GL.76B/94 0.0189 0.0225 0.1507 0.5377 0.2674 0.0028 
  GL.77M/106 0.0122 0.2857 0.2648 0.1803 0.0070 0.2500 
   GL.78/166 0.1146 0.0086 0.0535 0.6133 0.1891 0.0209 
    GL.78/53 0.0080 0.2069 0.0174 0.5524 0.0089 0.2063 
    GL.78/97 0.0244 0.1448 0.0320 0.5844 0.1072 0.1072 
    GL.79/42 0.0043 0.2494 0.0080 0.5544 0.0344 0.1495 
    GL.79/45 0.0051 0.2197 0.1107 0.5839 0.0245 0.0561 
 GL.81_NT_25 0.0080 0.0028 0.0342 0.3939 0.0788 0.4823 
   GLADIATOR 0.1701 0.3300 0.1259 0.0073 0.2297 0.1371 
      GLAMIS 0.1618 0.2019 0.0369 0.0427 0.1204 0.4363 
 GOLDEN_MILL 0.0101 0.1659 0.1970 0.1246 0.0195 0.4830 
 GOLDEN_NUGG 0.0144 0.1631 0.3162 0.0226 0.3674 0.1164 
 GOLDEN_WOND 0.1437 0.1502 0.0304 0.5591 0.0799 0.0367 
     GRANOLA 0.0073 0.5595 0.0186 0.1110 0.1722 0.1313 
    H1H3_101 0.0090 0.0021 0.0048 0.3689 0.0061 0.6091 
      H1H3_3 0.1739 0.0407 0.0886 0.1790 0.0703 0.4474 
 HARBOROUGH_ 0.0325 0.1370 0.0548 0.0228 0.0304 0.7225 
   HARLEQUIN 0.0133 0.5363 0.0490 0.1770 0.0785 0.1460 
      HERMES 0.0766 0.2374 0.1583 0.1326 0.3379 0.0572 
 HIGHLAND_BU 0.0584 0.0066 0.0251 0.8078 0.0922 0.0099 
  HOME_GUARD 0.2844 0.1429 0.1458 0.2016 0.0172 0.2082 
     HORIZON 0.0373 0.0828 0.1192 0.2527 0.4277 0.0804 
   INNOVATOR 0.4783 0.0043 0.1044 0.1354 0.2708 0.0067 
 INTERNATION 0.0902 0.0041 0.0098 0.8553 0.0367 0.0039 
 ISLE_OF_JUR 0.0529 0.1160 0.1651 0.1518 0.0814 0.4328 
    JULIETTE 0.0072 0.5978 0.0085 0.0587 0.2964 0.0314 
     KARLENA 0.2629 0.0081 0.2342 0.1827 0.2864 0.0258 
 KERR'S_PINK 0.3345 0.0696 0.0702 0.4262 0.0083 0.0912 
     KESTREL 0.0324 0.1987 0.3732 0.0076 0.0056 0.3825 
       KIFLI 0.0071 0.5050 0.0082 0.1852 0.1769 0.1177 
 KING_EDWARD 0.1141 0.1269 0.0033 0.7159 0.0047 0.0351 
    KINGSTON 0.0056 0.0717 0.1461 0.2123 0.0934 0.4709 
 KUFRI_CHAND 0.3941 0.1468 0.0659 0.1543 0.1242 0.1146 
 KUFRI_JYOTI 0.0742 0.2072 0.3710 0.1334 0.1736 0.0406 
      KURODA 0.1928 0.1327 0.1289 0.0145 0.4845 0.0466 
 LADY_BALFOU 0.1523 0.0927 0.3970 0.1403 0.0282 0.1895 
 LADY_CHRIST 0.0708 0.0893 0.0606 0.2891 0.4077 0.0826 
 LADY_CLAIRE 0.0417 0.0062 0.0187 0.2255 0.6994 0.0085 
     LADY_JO 0.1245 0.0022 0.0207 0.2911 0.5493 0.0122 
 LADY_ROSETT 0.1417 0.1685 0.0851 0.1300 0.3223 0.1523 
    LIBERTAS 0.0094 0.0026 0.1666 0.3085 0.5089 0.0039 
       LINDA 0.0073 0.5608 0.0103 0.2182 0.1967 0.0066 
      LINTON 0.1855 0.2301 0.0936 0.0388 0.2589 0.1931 
 LINZER_DELI 0.0523 0.4492 0.0114 0.2006 0.2526 0.0338 
   LIONHEART 0.2097 0.1259 0.1097 0.0254 0.4423 0.0870 
   MADELEINE 0.0145 0.3998 0.0435 0.0813 0.3619 0.0990 
   MADINGLEY 0.0814 0.3302 0.1334 0.0466 0.2564 0.1520 
    MAJESTIC 0.5197 0.1971 0.1559 0.0336 0.0359 0.0578 
     MARABEL 0.1053 0.3485 0.0317 0.0116 0.4742 0.0287 
     MARFONA 0.1847 0.0173 0.0655 0.1486 0.4569 0.1270 
     MARILYN 0.0524 0.3882 0.1352 0.0938 0.3055 0.0250 
 MARIS_ANCHO 0.2325 0.2187 0.0330 0.1733 0.2575 0.0850 
  MARIS_BARD 0.2847 0.0022 0.1431 0.1139 0.2063 0.2498 
  MARIS_PEER 0.3364 0.1541 0.1884 0.1360 0.0094 0.1757 
 MARIS_PIPER 0.0063 0.0047 0.0050 0.1827 0.0370 0.7643 
     MARKIES 0.0396 0.2982 0.0434 0.1358 0.4577 0.0254 
      MAXINE 0.2842 0.1513 0.0983 0.0186 0.0212 0.4265 
      MEGARA 0.0155 0.2974 0.0302 0.0896 0.4846 0.0827 
      MELODY 0.0233 0.1764 0.1618 0.1705 0.3797 0.0882 
       MIDAS 0.0042 0.1624 0.0056 0.1616 0.2037 0.4625 
       MILVA 0.0324 0.3520 0.0453 0.2014 0.3495 0.0194 
        MIMI 0.0072 0.0927 0.2041 0.1260 0.2588 0.3112 
        MIRA 0.0861 0.0093 0.1207 0.2327 0.5439 0.0073 
       MOIRA 0.1313 0.2516 0.1743 0.1301 0.2540 0.0586 
    MONTROSE 0.0038 0.0978 0.0727 0.2846 0.0050 0.5361 
       MORAG 0.1802 0.1315 0.3321 0.1802 0.0092 0.1667 
      MORENE 0.1367 0.0118 0.1426 0.1663 0.5393 0.0033 
      MOZART 0.0444 0.4643 0.0249 0.0024 0.3431 0.1209 
 MYATT'S_ASH 0.1025 0.0058 0.0094 0.7216 0.1577 0.0030 
      NADINE 0.0744 0.2871 0.1073 0.0102 0.0601 0.4609 
       NAVAN 0.0912 0.0531 0.0692 0.0809 0.0284 0.6773 
 NDTX_4271_5 0.2594 0.4733 0.0123 0.0099 0.0041 0.2410 
      NICOLA 0.0280 0.4367 0.0051 0.1759 0.3511 0.0032 
     NOVELLA 0.1019 0.2523 0.2041 0.0312 0.3552 0.0552 
     OLYMPUS 0.1421 0.2805 0.1286 0.1108 0.0065 0.3315 
       OPERA 0.1045 0.2511 0.1231 0.0140 0.3537 0.1535 
   ORCHESTRA 0.0178 0.3555 0.0261 0.0885 0.3616 0.1504 
      ORIANA 0.1986 0.1563 0.1781 0.0682 0.3953 0.0035 
     OTHELLO 0.1217 0.1823 0.5223 0.0077 0.0041 0.1620 
     PALADIN 0.0613 0.0047 0.0087 0.2457 0.0450 0.6346 
       PANDA 0.0089 0.5564 0.0257 0.0286 0.2666 0.1139 
   PARAMOUNT 0.0450 0.2364 0.4800 0.0560 0.1652 0.0173 
    PATRONES 0.2201 0.1484 0.0364 0.1896 0.3271 0.0784 
 PENTLAND_AC 0.1904 0.1954 0.1904 0.1439 0.1218 0.1581 
 PENTLAND_BE 0.3006 0.0068 0.1923 0.4131 0.0765 0.0106 
 PENTLAND_CR 0.1780 0.0974 0.2413 0.0918 0.2357 0.1558 
 PENTLAND_DE 0.2657 0.1860 0.2591 0.2143 0.0095 0.0653 
 PENTLAND_IV 0.3271 0.3360 0.1788 0.0325 0.0036 0.1220 
 PENTLAND_JA 0.4333 0.0927 0.1194 0.0652 0.1766 0.1127 
 PENTLAND_MA 0.1289 0.1289 0.3322 0.0987 0.3016 0.0098 
 PENTLAND_SQ 0.2275 0.1933 0.2084 0.1667 0.0784 0.1257 
   PEPO_1978 0.0375 0.3483 0.0189 0.1454 0.3449 0.1049 
     PICASSO 0.0453 0.0357 0.4921 0.0035 0.2663 0.1571 
   PIMPERNEL 0.0053 0.1695 0.1522 0.2141 0.4197 0.0392 
     PIONEER 0.0158 0.6171 0.0063 0.1700 0.1630 0.0278 
       PIXIE 0.0268 0.2480 0.2873 0.0058 0.0500 0.3822 
    PREMIERE 0.1725 0.0051 0.0634 0.2505 0.4620 0.0465 
   PRODUCENT 0.0660 0.1600 0.0129 0.1122 0.4205 0.2284 
     PROVOST 0.2844 0.1812 0.2123 0.1257 0.1401 0.0563 
  R.P.LUSTRE 0.1878 0.3351 0.0278 0.2286 0.0109 0.2098 
 RANGER_RUSS 0.5377 0.0208 0.0893 0.2019 0.1474 0.0029 
       RATTE 0.0465 0.2739 0.0132 0.4973 0.0121 0.1571 
      RECORD 0.0121 0.0071 0.1198 0.2985 0.5570 0.0055 
   REMBRANDT 0.1801 0.1244 0.0120 0.1300 0.4193 0.1342 
    RIO_ROJO 0.3242 0.3173 0.1452 0.0505 0.0612 0.1016 
      ROBIJN 0.0263 0.0436 0.0868 0.3207 0.5188 0.0039 
      ROCKET 0.1262 0.0584 0.0931 0.2000 0.0158 0.5064 
   RODE_STAR 0.0020 0.2245 0.0244 0.4138 0.3261 0.0093 
      ROMANO 0.0140 0.2811 0.3402 0.0131 0.3117 0.0398 
       ROMEO 0.0619 0.3915 0.3074 0.1860 0.0070 0.0463 
     ROOSTER 0.1540 0.2017 0.2905 0.1208 0.1302 0.1028 
       ROYAL 0.0062 0.2746 0.0221 0.1373 0.2341 0.3258 
 ROYAL_KIDNE 0.5332 0.0048 0.0456 0.3757 0.0366 0.0041 
     RUBESSE 0.1727 0.3746 0.1179 0.0643 0.2137 0.0568 
 RUSSET_BURB 0.5461 0.1626 0.0380 0.1139 0.0949 0.0445 
 RUSSET_NORK 0.5573 0.3268 0.0056 0.0325 0.0042 0.0736 
      SAFARI 0.0596 0.1934 0.2571 0.0141 0.4192 0.0566 
     SANTANA 0.2070 0.0999 0.0510 0.0867 0.3941 0.1613 
       SANTE 0.0120 0.1663 0.1222 0.1056 0.4183 0.1756 
     SAPHIRE 0.2684 0.1097 0.0667 0.0050 0.4165 0.1337 
  SARPO_MIRA 0.0095 0.4080 0.0995 0.1806 0.2544 0.0479 
 SARPO_SHONA 0.0088 0.3891 0.1147 0.1059 0.3304 0.0511 
       SASSY 0.1510 0.1797 0.0758 0.2318 0.2776 0.0840 
     SATURNA 0.0066 0.2213 0.0091 0.2979 0.4463 0.0188 
        SAVA 0.1454 0.4008 0.0131 0.0338 0.2686 0.1383 
       SAXON 0.0246 0.1021 0.1275 0.1600 0.0392 0.5466 
 SCARBOROUGH 0.0107 0.1424 0.0244 0.0871 0.0050 0.7304 
 SEFTON_WOND 0.3251 0.0228 0.0766 0.4097 0.0069 0.1588 
    SERAFINA 0.0148 0.4860 0.1078 0.1408 0.2403 0.0103 
     SETANTA 0.0757 0.2800 0.2576 0.0462 0.0332 0.3073 
 SHARPE'S_EX 0.1238 0.1121 0.0157 0.5969 0.0681 0.0834 
     SHELAGH 0.0223 0.1202 0.2958 0.2769 0.1264 0.1584 
    SHELFORD 0.1004 0.2480 0.1651 0.1881 0.2823 0.0160 
     SHEPODY 0.4303 0.0029 0.1942 0.1548 0.2101 0.0078 
      SLANEY 0.0602 0.2260 0.3932 0.0082 0.0138 0.2985 
        SPEY 0.0240 0.1623 0.4745 0.0035 0.0412 0.2945 
      SPUNTA 0.0374 0.3941 0.1486 0.2066 0.0857 0.1276 
     STAMINA 0.0864 0.0113 0.2033 0.0041 0.0707 0.6243 
    STEMSTER 0.0292 0.1600 0.1010 0.2021 0.2208 0.2869 
 STORMONT_EN 0.1366 0.0625 0.1623 0.1864 0.2732 0.1789 
    STIRLING 0.1696 0.1942 0.3567 0.0070 0.0753 0.1972 
     SYLVANA 0.2360 0.2367 0.0912 0.0548 0.2641 0.1172 
         TAY 0.0207 0.2525 0.2738 0.0113 0.0093 0.4325 
      TIMATE 0.0468 0.3677 0.0052 0.0500 0.3891 0.1411 
      TOLUCA 0.0846 0.3717 0.1690 0.0402 0.3279 0.0066 
    TORRIDON 0.0650 0.1327 0.3106 0.1106 0.3149 0.0660 
 ULSTER_SCEP 0.3467 0.0399 0.1395 0.0681 0.0742 0.3316 
 UMATILLA_RU 0.0382 0.0456 0.0675 0.4032 0.1526 0.2929 
 VALES_EMERA 0.0528 0.4887 0.0567 0.1070 0.0322 0.2626 
 VALES_EVERE 0.0627 0.1379 0.3982 0.1228 0.0092 0.2692 
 VALES_RUSSE 0.4437 0.1869 0.0167 0.2186 0.0740 0.0601 
 VALES_SOVER 0.0098 0.0208 0.5861 0.0046 0.0444 0.3343 
       VALOR 0.0088 0.0696 0.4605 0.0035 0.0703 0.3873 
    VAN_GOGH 0.0567 0.1575 0.0303 0.1664 0.4757 0.1134 
     VANTAGE 0.2308 0.0059 0.0691 0.2966 0.3865 0.0111 
       VERDI 0.0214 0.2394 0.0642 0.2272 0.3554 0.0923 
    VICTORIA 0.2734 0.2044 0.0267 0.0296 0.4035 0.0624 
     VIVALDI 0.2443 0.1500 0.1477 0.0199 0.4337 0.0043 
       WILJA 0.1411 0.0019 0.1328 0.1858 0.5302 0.0082 
     WINSTON 0.0735 0.2666 0.1891 0.0050 0.0091 0.4567 
      XD2-21 0.2729 0.1588 0.2403 0.1665 0.0523 0.1092 
  YUKON_GOLD 0.2981 0.3537 0.0101 0.0043 0.0787 0.2550 
       ZORBA 0.2478 0.0133 0.1780 0.1497 0.3997 0.0115 
