  00C133-020 0.0756 0.1833 0.7411 
 01C_071-002 0.2407 0.4384 0.3210 
 02M_012-001 0.2865 0.0925 0.6210 
 03M_016-002 0.5405 0.0618 0.3977 
 03M_034-002 0.2790 0.0860 0.6351 
 04C_055-004 0.1919 0.2929 0.5153 
 04C_126-005 0.1496 0.3244 0.5260 
 04M_034-013 0.3825 0.1322 0.4853 
 05M_002-001 0.2432 0.5427 0.2140 
 05M_004-003 0.0621 0.5737 0.3642 
 05M_012-004 0.1355 0.4616 0.4028 
 06C_127-002 0.1232 0.3686 0.5083 
 12288_AF_23 0.0708 0.3054 0.6238 
    12601AB1 0.5336 0.0111 0.4553 
   12636_A_2 0.2957 0.0584 0.6459 
  15119_AC_5 0.2748 0.1489 0.5763 
     1512C16 0.3436 0.4437 0.2127 
   15144_A_3 0.0329 0.5771 0.3900 
     1563C14 0.5294 0.4126 0.0580 
     2182EF7 0.1240 0.4775 0.3985 
     3681AD1 0.1280 0.6042 0.2678 
     5008AB6 0.1514 0.5984 0.2502 
    8204_A_4 0.0578 0.4645 0.4777 
       AGRIA 0.1807 0.7276 0.0917 
       AILSA 0.2554 0.1129 0.6317 
      ALMERA 0.1598 0.6937 0.1465 
       ALPHA 0.3376 0.5492 0.1132 
      ALWARA 0.1018 0.6914 0.2068 
      AMADRA 0.2577 0.4908 0.2515 
       AMOUR 0.0838 0.2305 0.6858 
        ANNA 0.1373 0.3759 0.4868 
   ANNABELLE 0.1363 0.8071 0.0566 
        ANYA 0.2668 0.5744 0.1588 
       ARGOS 0.0228 0.4103 0.5669 
     ARIELLE 0.2045 0.6951 0.1004 
      ARKULA 0.2119 0.6809 0.1072 
      ARMADA 0.2311 0.5715 0.1974 
   AVALANCHE 0.1657 0.3074 0.5269 
     BAILLIE 0.1165 0.2920 0.5915 
    BALMORAL 0.0714 0.5481 0.3805 
     BAMBINO 0.0960 0.2338 0.6702 
       BARNA 0.0769 0.5418 0.3813 
 BELLE_DE_FO 0.9154 0.0753 0.0093 
       BENOL 0.2980 0.0778 0.6242 
       BF_15 0.7607 0.2308 0.0084 
      BINTJE 0.4435 0.4059 0.1506 
 BIONICA_EX_ 0.2137 0.5034 0.2829 
 BLUE_DANUBE 0.2472 0.6281 0.1247 
      BONNIE 0.0990 0.4671 0.4339 
      BOUNTY 0.0837 0.2697 0.6466 
 BRITISH_QUE 0.5427 0.3306 0.1267 
     BRODICK 0.0854 0.2180 0.6966 
      BRODIE 0.1480 0.3802 0.4717 
      BUCHAN 0.1061 0.3836 0.5102 
      BURREN 0.1211 0.5091 0.3698 
     CABARET 0.3918 0.0175 0.5907 
      CAESAR 0.0210 0.7885 0.1905 
        CARA 0.0438 0.3992 0.5570 
 CARLINGFORD 0.1246 0.4977 0.3777 
  CASABLANCA 0.0228 0.4048 0.5725 
      CELINE 0.1454 0.6045 0.2501 
  CHALLENGER 0.2639 0.4984 0.2377 
   CHARLOTTE 0.2012 0.5649 0.2339 
     CHICAGO 0.1980 0.2880 0.5140 
   CHIEFTAIN 0.2343 0.4910 0.2747 
      CHOPIN 0.1568 0.6947 0.1486 
      CLARET 0.0398 0.4662 0.4940 
      CORINE 0.1881 0.4337 0.3782 
      COSMOS 0.2029 0.6089 0.1882 
     COURAGE 0.1929 0.6085 0.1986 
     COURLAN 0.1885 0.5214 0.2901 
 CRAIGS_ROYA 0.1483 0.3019 0.5499 
 CRAIGS_SNOW 0.4477 0.2669 0.2853 
     CRAMOND 0.0920 0.2655 0.6425 
 CRISPS_FOR_ 0.1634 0.6154 0.2211 
    CROMWELL 0.3574 0.0278 0.6148 
       D22/1 0.3308 0.0509 0.6183 
       D23/3 0.4392 0.1223 0.4385 
      D47-11 0.3807 0.0087 0.6106 
       D49/1 0.3235 0.0130 0.6635 
       DAISY 0.3366 0.1969 0.4665 
 DARK_RED_NO 0.2552 0.5079 0.2368 
     DARWINA 0.2581 0.5879 0.1540 
     DESIREE 0.2048 0.6977 0.0974 
       DITTA 0.2619 0.6792 0.0589 
 DR._MCINTOS 0.1787 0.4760 0.3453 
       DRAGA 0.0997 0.5664 0.3339 
 DUKE_OF_YOR 0.5218 0.4478 0.0304 
 DUNBAR_STAN 0.4494 0.2130 0.3375 
     DUNDROD 0.2935 0.1530 0.5535 
     ECLIPSE 0.5591 0.2757 0.1652 
        EDEN 0.3282 0.0079 0.6639 
 EDZELL_BLUE 0.4282 0.4050 0.1669 
   ELISABETH 0.0752 0.6636 0.2612 
     EMPEROR 0.1602 0.4990 0.3408 
         EOS 0.1266 0.4858 0.3875 
     EPICURE 0.4883 0.3923 0.1193 
  ERNTESTOLZ 0.3532 0.5287 0.1180 
      ESCORT 0.0751 0.6635 0.2614 
   ESMERALDA 0.2367 0.5162 0.2471 
      ESTIMA 0.2328 0.5625 0.2046 
 EVE_BALFOUR 0.2661 0.2732 0.4606 
   EXCALIBUR 0.0099 0.2294 0.7607 
     EXQUISA 0.2341 0.7299 0.0360 
    FESTIVAL 0.0719 0.6970 0.2311 
      FIANNA 0.0927 0.6615 0.2458 
   FIFTYFOLD 0.6327 0.2126 0.1547 
     FONTANE 0.1708 0.5921 0.2372 
   FORTYFOLD 0.6642 0.3196 0.0162 
 FRONTIER_RU 0.3258 0.4312 0.2430 
     G.81071 0.1640 0.4419 0.3941 
     G.88661 0.0815 0.4824 0.4361 
    G.886611 0.0355 0.4846 0.4798 
  G.8867Y%12 0.0386 0.5932 0.3683 
     G.88839 0.0916 0.8870 0.0213 
     G.88842 0.0776 0.7728 0.1496 
   GALACTICA 0.2239 0.5524 0.2238 
      GEMSON 0.2289 0.3744 0.3968 
  GL.76B/102 0.4773 0.3656 0.1571 
   GL.76B/94 0.5934 0.3866 0.0200 
  GL.77M/106 0.2335 0.2820 0.4845 
   GL.78/166 0.7087 0.2356 0.0557 
    GL.78/53 0.6220 0.1040 0.2740 
    GL.78/97 0.6487 0.2099 0.1414 
    GL.79/42 0.6145 0.1905 0.1950 
    GL.79/45 0.6305 0.2084 0.1611 
 GL.81_NT_25 0.4927 0.0140 0.4933 
   GLADIATOR 0.0698 0.6419 0.2883 
      GLAMIS 0.1672 0.3087 0.5241 
 GOLDEN_MILL 0.1815 0.1597 0.6588 
 GOLDEN_NUGG 0.0627 0.6295 0.3079 
 GOLDEN_WOND 0.6600 0.2425 0.0974 
     GRANOLA 0.1749 0.6193 0.2058 
    H1H3_101 0.4629 0.0040 0.5332 
      H1H3_3 0.2939 0.1523 0.5538 
 HARBOROUGH_ 0.1007 0.0830 0.8163 
   HARLEQUIN 0.2392 0.5146 0.2462 
      HERMES 0.2158 0.6237 0.1605 
 HIGHLAND_BU 0.8848 0.0898 0.0254 
  HOME_GUARD 0.3353 0.2765 0.3882 
     HORIZON 0.3399 0.5333 0.1269 
   INNOVATOR 0.3341 0.5219 0.1440 
 INTERNATION 0.9542 0.0366 0.0093 
 ISLE_OF_JUR 0.2163 0.2252 0.5585 
    JULIETTE 0.1344 0.7774 0.0882 
     KARLENA 0.2861 0.4808 0.2331 
 KERR'S_PINK 0.5879 0.1863 0.2258 
     KESTREL 0.0260 0.2644 0.7096 
       KIFLI 0.2569 0.5723 0.1708 
 KING_EDWARD 0.8399 0.0593 0.1008 
    KINGSTON 0.2760 0.1438 0.5803 
 KUFRI_CHAND 0.3119 0.4389 0.2491 
 KUFRI_JYOTI 0.1792 0.5449 0.2759 
      KURODA 0.1257 0.7303 0.1440 
 LADY_BALFOU 0.1943 0.3276 0.4781 
 LADY_CHRIST 0.3846 0.5006 0.1148 
 LADY_CLAIRE 0.3314 0.6570 0.0116 
     LADY_JO 0.4456 0.5149 0.0395 
 LADY_ROSETT 0.2328 0.5361 0.2311 
    LIBERTAS 0.4178 0.5396 0.0426 
       LINDA 0.2901 0.6737 0.0363 
      LINTON 0.1653 0.5317 0.3030 
 LINZER_DELI 0.2714 0.6460 0.0826 
   LIONHEART 0.1581 0.6561 0.1858 
   MADELEINE 0.1634 0.6816 0.1550 
   MADINGLEY 0.1389 0.6016 0.2595 
    MAJESTIC 0.2082 0.4984 0.2934 
     MARABEL 0.0909 0.8269 0.0822 
     MARFONA 0.2865 0.5473 0.1662 
     MARILYN 0.1630 0.7034 0.1336 
 MARIS_ANCHO 0.2979 0.5336 0.1685 
  MARIS_BARD 0.2806 0.2793 0.4401 
  MARIS_PEER 0.2676 0.3274 0.4050 
 MARIS_PIPER 0.2722 0.0072 0.7207 
     MARKIES 0.2308 0.7184 0.0508 
      MAXINE 0.1506 0.2615 0.5879 
      MEGARA 0.1708 0.7174 0.1117 
      MELODY 0.2463 0.5735 0.1802 
       MIDAS 0.2656 0.2607 0.4736 
       MILVA 0.2676 0.6657 0.0667 
        MIMI 0.1852 0.3739 0.4409 
        MIRA 0.3300 0.6239 0.0460 
       MOIRA 0.2193 0.5782 0.2025 
    MONTROSE 0.3513 0.0167 0.6321 
       MORAG 0.2669 0.2944 0.4386 
      MORENE 0.2717 0.6974 0.0310 
      MOZART 0.0116 0.7850 0.2034 
 MYATT'S_ASH 0.8083 0.1841 0.0075 
      NADINE 0.0744 0.3295 0.5961 
       NAVAN 0.1711 0.0635 0.7654 
 NDTX_4271_5 0.1487 0.4294 0.4219 
      NICOLA 0.2743 0.7178 0.0079 
     NOVELLA 0.1006 0.6922 0.2071 
     OLYMPUS 0.2128 0.2643 0.5230 
       OPERA 0.0963 0.6375 0.2662 
   ORCHESTRA 0.1715 0.6416 0.1869 
      ORIANA 0.1834 0.7466 0.0700 
     OTHELLO 0.0300 0.3972 0.5728 
     PALADIN 0.3560 0.0113 0.6327 
       PANDA 0.1074 0.7241 0.1686 
   PARAMOUNT 0.0760 0.6173 0.3066 
    PATRONES 0.3256 0.5374 0.1370 
 PENTLAND_AC 0.2508 0.4180 0.3312 
 PENTLAND_BE 0.5270 0.2893 0.1837 
 PENTLAND_CR 0.1772 0.4734 0.3494 
 PENTLAND_DE 0.3194 0.3529 0.3277 
 PENTLAND_IV 0.1734 0.4194 0.4072 
 PENTLAND_JA 0.2210 0.4859 0.2931 
 PENTLAND_MA 0.1506 0.6472 0.2022 
 PENTLAND_SQ 0.2599 0.4074 0.3327 
   PEPO_1978 0.2265 0.6414 0.1321 
     PICASSO 0.0107 0.5610 0.4283 
   PIMPERNEL 0.2756 0.6038 0.1206 
     PIONEER 0.2583 0.6688 0.0730 
       PIXIE 0.0234 0.3638 0.6128 
    PREMIERE 0.3825 0.5033 0.1142 
   PRODUCENT 0.2291 0.5323 0.2386 
     PROVOST 0.2300 0.5087 0.2613 
  R.P.LUSTRE 0.3437 0.3222 0.3341 
 RANGER_RUSS 0.3948 0.5225 0.0828 
       RATTE 0.5665 0.2091 0.2244 
      RECORD 0.3851 0.5972 0.0177 
   REMBRANDT 0.2793 0.5629 0.1577 
    RIO_ROJO 0.1797 0.5292 0.2911 
      ROBIJN 0.3947 0.5965 0.0088 
      ROCKET 0.3005 0.0859 0.6135 
   RODE_STAR 0.4769 0.4971 0.0260 
      ROMANO 0.0524 0.6977 0.2499 
       ROMEO 0.2264 0.4543 0.3192 
     ROOSTER 0.1885 0.4749 0.3366 
       ROYAL 0.2333 0.4064 0.3603 
 ROYAL_KIDNE 0.5746 0.3063 0.1192 
     RUBESSE 0.1634 0.6346 0.2020 
 RUSSET_BURB 0.3151 0.4814 0.2035 
 RUSSET_NORK 0.2767 0.4517 0.2716 
      SAFARI 0.0560 0.7252 0.2188 
     SANTANA 0.2146 0.5583 0.2271 
       SANTE 0.1820 0.5773 0.2407 
     SAPHIRE 0.0925 0.6634 0.2441 
  SARPO_MIRA 0.2392 0.6179 0.1430 
 SARPO_SHONA 0.1736 0.6914 0.1349 
       SASSY 0.3452 0.4917 0.1631 
     SATURNA 0.3848 0.5908 0.0244 
        SAVA 0.1570 0.6413 0.2017 
       SAXON 0.2309 0.1152 0.6539 
 SCARBOROUGH 0.1772 0.0217 0.8011 
 SEFTON_WOND 0.5720 0.1284 0.2995 
    SERAFINA 0.1916 0.7095 0.0989 
     SETANTA 0.1053 0.3648 0.5298 
 SHARPE'S_EX 0.6937 0.1879 0.1185 
     SHELAGH 0.3212 0.3524 0.3264 
    SHELFORD 0.2764 0.6010 0.1226 
     SHEPODY 0.3298 0.4623 0.2079 
      SLANEY 0.0258 0.3728 0.6014 
        SPEY 0.0094 0.3855 0.6052 
      SPUNTA 0.2600 0.4700 0.2700 
     STAMINA 0.0266 0.1613 0.8121 
    STEMSTER 0.2891 0.3588 0.3521 
 STORMONT_EN 0.2888 0.4284 0.2828 
    STIRLING 0.0262 0.4861 0.4877 
     SYLVANA 0.1779 0.5803 0.2418 
         TAY 0.0438 0.2749 0.6814 
      TIMATE 0.1662 0.6788 0.1550 
      TOLUCA 0.1206 0.7873 0.0921 
    TORRIDON 0.1789 0.5799 0.2412 
 ULSTER_SCEP 0.2195 0.2704 0.5101 
 UMATILLA_RU 0.4842 0.1775 0.3382 
 VALES_EMERA 0.1806 0.4392 0.3802 
 VALES_EVERE 0.1624 0.2758 0.5618 
 VALES_RUSSE 0.4005 0.4218 0.1777 
 VALES_SOVER 0.0094 0.3024 0.6882 
       VALOR 0.0085 0.3023 0.6892 
    VAN_GOGH 0.2651 0.6042 0.1307 
     VANTAGE 0.4489 0.4809 0.0702 
       VERDI 0.2979 0.5634 0.1387 
    VICTORIA 0.1874 0.6756 0.1371 
     VIVALDI 0.1389 0.7947 0.0663 
       WILJA 0.3253 0.5750 0.0997 
     WINSTON 0.0303 0.2934 0.6763 
      XD2-21 0.2793 0.3948 0.3259 
  YUKON_GOLD 0.0797 0.5222 0.3981 
       ZORBA 0.2502 0.6013 0.1485 
