  00C133-020 0.1828 0.0762 0.7410 
 01C_071-002 0.4413 0.2399 0.3188 
 02M_012-001 0.0974 0.2854 0.6172 
 03M_016-002 0.0646 0.5421 0.3933 
 03M_034-002 0.0828 0.2827 0.6345 
 04C_055-004 0.2957 0.1913 0.5130 
 04C_126-005 0.3298 0.1448 0.5254 
 04M_034-013 0.1336 0.3847 0.4817 
 05M_002-001 0.5437 0.2420 0.2142 
 05M_004-003 0.5760 0.0616 0.3623 
 05M_012-004 0.4621 0.1381 0.3998 
 06C_127-002 0.3702 0.1217 0.5081 
 12288_AF_23 0.3042 0.0754 0.6204 
    12601AB1 0.0120 0.5337 0.4543 
   12636_A_2 0.0554 0.2989 0.6457 
  15119_AC_5 0.1496 0.2741 0.5763 
     1512C16 0.4453 0.3413 0.2134 
   15144_A_3 0.5778 0.0331 0.3891 
     1563C14 0.4216 0.5282 0.0502 
     2182EF7 0.4800 0.1227 0.3973 
     3681AD1 0.6065 0.1250 0.2685 
     5008AB6 0.6035 0.1477 0.2488 
    8204_A_4 0.4672 0.0551 0.4777 
       AGRIA 0.7316 0.1789 0.0895 
       AILSA 0.1171 0.2535 0.6295 
      ALMERA 0.6972 0.1585 0.1442 
       ALPHA 0.5504 0.3363 0.1133 
      ALWARA 0.6951 0.0996 0.2053 
      AMADRA 0.4936 0.2564 0.2499 
       AMOUR 0.2333 0.0823 0.6844 
        ANNA 0.3768 0.1360 0.4872 
   ANNABELLE 0.8094 0.1365 0.0541 
        ANYA 0.5777 0.2685 0.1538 
       ARGOS 0.4121 0.0204 0.5675 
     ARIELLE 0.6971 0.2071 0.0959 
      ARKULA 0.6826 0.2143 0.1032 
      ARMADA 0.5723 0.2288 0.1990 
   AVALANCHE 0.3075 0.1649 0.5276 
     BAILLIE 0.2886 0.1205 0.5909 
    BALMORAL 0.5502 0.0666 0.3832 
     BAMBINO 0.2328 0.0967 0.6704 
       BARNA 0.5443 0.0746 0.3811 
 BELLE_DE_FO 0.0753 0.9141 0.0106 
       BENOL 0.0789 0.2990 0.6221 
       BF_15 0.2323 0.7594 0.0083 
      BINTJE 0.4065 0.4416 0.1519 
 BIONICA_EX_ 0.5045 0.2114 0.2841 
 BLUE_DANUBE 0.6312 0.2445 0.1243 
      BONNIE 0.4705 0.0974 0.4322 
      BOUNTY 0.2715 0.0824 0.6461 
 BRITISH_QUE 0.3336 0.5434 0.1230 
     BRODICK 0.2121 0.0909 0.6970 
      BRODIE 0.3815 0.1449 0.4736 
      BUCHAN 0.3852 0.1072 0.5076 
      BURREN 0.5065 0.1235 0.3700 
     CABARET 0.0204 0.3925 0.5870 
      CAESAR 0.7942 0.0173 0.1886 
        CARA 0.4010 0.0413 0.5578 
 CARLINGFORD 0.5051 0.1204 0.3745 
  CASABLANCA 0.4074 0.0212 0.5715 
      CELINE 0.6066 0.1432 0.2502 
  CHALLENGER 0.5008 0.2624 0.2367 
   CHARLOTTE 0.5661 0.2027 0.2311 
     CHICAGO 0.2892 0.1989 0.5119 
   CHIEFTAIN 0.4972 0.2333 0.2694 
      CHOPIN 0.6991 0.1554 0.1455 
      CLARET 0.4665 0.0392 0.4944 
      CORINE 0.4373 0.1877 0.3750 
      COSMOS 0.6086 0.2010 0.1903 
     COURAGE 0.6132 0.1917 0.1951 
     COURLAN 0.5217 0.1896 0.2887 
 CRAIGS_ROYA 0.3046 0.1467 0.5487 
 CRAIGS_SNOW 0.2668 0.4479 0.2854 
     CRAMOND 0.2661 0.0914 0.6425 
 CRISPS_FOR_ 0.6203 0.1629 0.2168 
    CROMWELL 0.0253 0.3613 0.6134 
       D22/1 0.0534 0.3286 0.6180 
       D23/3 0.1280 0.4383 0.4337 
      D47-11 0.0085 0.3818 0.6097 
       D49/1 0.0131 0.3239 0.6630 
       DAISY 0.2007 0.3363 0.4630 
 DARK_RED_NO 0.5100 0.2565 0.2335 
     DARWINA 0.5895 0.2560 0.1545 
     DESIREE 0.6989 0.2044 0.0967 
       DITTA 0.6809 0.2615 0.0577 
 DR._MCINTOS 0.4786 0.1782 0.3432 
       DRAGA 0.5693 0.0989 0.3319 
 DUKE_OF_YOR 0.4499 0.5189 0.0312 
 DUNBAR_STAN 0.2137 0.4505 0.3358 
     DUNDROD 0.1546 0.2920 0.5534 
     ECLIPSE 0.2785 0.5578 0.1637 
        EDEN 0.0086 0.3298 0.6615 
 EDZELL_BLUE 0.4080 0.4260 0.1660 
   ELISABETH 0.6696 0.0750 0.2554 
     EMPEROR 0.5044 0.1593 0.3363 
         EOS 0.4893 0.1242 0.3865 
     EPICURE 0.3921 0.4881 0.1198 
  ERNTESTOLZ 0.5280 0.3547 0.1173 
      ESCORT 0.6678 0.0725 0.2597 
   ESMERALDA 0.5183 0.2366 0.2451 
      ESTIMA 0.5604 0.2355 0.2041 
 EVE_BALFOUR 0.2755 0.2658 0.4587 
   EXCALIBUR 0.2317 0.0096 0.7587 
     EXQUISA 0.7307 0.2338 0.0355 
    FESTIVAL 0.6964 0.0738 0.2298 
      FIANNA 0.6676 0.0863 0.2460 
   FIFTYFOLD 0.2116 0.6328 0.1556 
     FONTANE 0.5937 0.1714 0.2349 
   FORTYFOLD 0.3243 0.6639 0.0118 
 FRONTIER_RU 0.4366 0.3251 0.2383 
     G.81071 0.4458 0.1618 0.3923 
     G.88661 0.4872 0.0784 0.4344 
    G.886611 0.4861 0.0357 0.4782 
  G.8867Y%12 0.5998 0.0344 0.3658 
     G.88839 0.8922 0.0858 0.0220 
     G.88842 0.7742 0.0762 0.1496 
   GALACTICA 0.5542 0.2267 0.2190 
      GEMSON 0.3733 0.2314 0.3954 
  GL.76B/102 0.3665 0.4754 0.1581 
   GL.76B/94 0.3888 0.5921 0.0191 
  GL.77M/106 0.2877 0.2309 0.4814 
   GL.78/166 0.2387 0.7084 0.0529 
    GL.78/53 0.1001 0.6251 0.2748 
    GL.78/97 0.2120 0.6472 0.1409 
    GL.79/42 0.1949 0.6130 0.1921 
    GL.79/45 0.2103 0.6294 0.1603 
 GL.81_NT_25 0.0140 0.4931 0.4930 
   GLADIATOR 0.6448 0.0643 0.2909 
      GLAMIS 0.3096 0.1682 0.5221 
 GOLDEN_MILL 0.1600 0.1782 0.6618 
 GOLDEN_NUGG 0.6370 0.0603 0.3028 
 GOLDEN_WOND 0.2462 0.6593 0.0945 
     GRANOLA 0.6225 0.1728 0.2047 
    H1H3_101 0.0039 0.4621 0.5339 
      H1H3_3 0.1496 0.2954 0.5550 
 HARBOROUGH_ 0.0835 0.1013 0.8153 
   HARLEQUIN 0.5176 0.2389 0.2435 
      HERMES 0.6271 0.2133 0.1596 
 HIGHLAND_BU 0.0976 0.8851 0.0173 
  HOME_GUARD 0.2762 0.3343 0.3894 
     HORIZON 0.5326 0.3407 0.1268 
   INNOVATOR 0.5249 0.3319 0.1432 
 INTERNATION 0.0317 0.9580 0.0103 
 ISLE_OF_JUR 0.2216 0.2188 0.5596 
    JULIETTE 0.7811 0.1347 0.0842 
     KARLENA 0.4843 0.2841 0.2316 
 KERR'S_PINK 0.1918 0.5859 0.2223 
     KESTREL 0.2645 0.0268 0.7087 
       KIFLI 0.5785 0.2561 0.1654 
 KING_EDWARD 0.0583 0.8405 0.1012 
    KINGSTON 0.1432 0.2753 0.5814 
 KUFRI_CHAND 0.4420 0.3112 0.2468 
 KUFRI_JYOTI 0.5440 0.1796 0.2764 
      KURODA 0.7333 0.1247 0.1420 
 LADY_BALFOU 0.3293 0.1971 0.4735 
 LADY_CHRIST 0.5058 0.3853 0.1089 
 LADY_CLAIRE 0.6594 0.3291 0.0115 
     LADY_JO 0.5159 0.4440 0.0401 
 LADY_ROSETT 0.5418 0.2287 0.2295 
    LIBERTAS 0.5425 0.4145 0.0430 
       LINDA 0.6779 0.2879 0.0343 
      LINTON 0.5342 0.1667 0.2991 
 LINZER_DELI 0.6484 0.2716 0.0800 
   LIONHEART 0.6592 0.1582 0.1826 
   MADELEINE 0.6867 0.1631 0.1502 
   MADINGLEY 0.6054 0.1376 0.2570 
    MAJESTIC 0.4997 0.2097 0.2906 
     MARABEL 0.8265 0.0925 0.0809 
     MARFONA 0.5499 0.2847 0.1654 
     MARILYN 0.7032 0.1613 0.1355 
 MARIS_ANCHO 0.5355 0.3006 0.1639 
  MARIS_BARD 0.2773 0.2811 0.4416 
  MARIS_PEER 0.3296 0.2675 0.4028 
 MARIS_PIPER 0.0067 0.2727 0.7206 
     MARKIES 0.7179 0.2289 0.0532 
      MAXINE 0.2634 0.1502 0.5865 
      MEGARA 0.7190 0.1743 0.1067 
      MELODY 0.5788 0.2466 0.1746 
       MIDAS 0.2618 0.2645 0.4737 
       MILVA 0.6726 0.2650 0.0624 
        MIMI 0.3764 0.1808 0.4428 
        MIRA 0.6254 0.3286 0.0460 
       MOIRA 0.5810 0.2176 0.2013 
    MONTROSE 0.0178 0.3515 0.6306 
       MORAG 0.2940 0.2717 0.4343 
      MORENE 0.7002 0.2712 0.0286 
      MOZART 0.7860 0.0125 0.2015 
 MYATT'S_ASH 0.1856 0.8073 0.0072 
      NADINE 0.3320 0.0745 0.5934 
       NAVAN 0.0584 0.1759 0.7658 
 NDTX_4271_5 0.4306 0.1496 0.4198 
      NICOLA 0.7179 0.2742 0.0079 
     NOVELLA 0.6938 0.1003 0.2058 
     OLYMPUS 0.2655 0.2135 0.5209 
       OPERA 0.6394 0.0957 0.2649 
   ORCHESTRA 0.6430 0.1711 0.1859 
      ORIANA 0.7501 0.1804 0.0696 
     OTHELLO 0.4003 0.0282 0.5715 
     PALADIN 0.0118 0.3547 0.6335 
       PANDA 0.7272 0.1072 0.1655 
   PARAMOUNT 0.6198 0.0729 0.3073 
    PATRONES 0.5421 0.3231 0.1348 
 PENTLAND_AC 0.4192 0.2501 0.3307 
 PENTLAND_BE 0.2895 0.5258 0.1847 
 PENTLAND_CR 0.4738 0.1797 0.3465 
 PENTLAND_DE 0.3553 0.3198 0.3249 
 PENTLAND_IV 0.4204 0.1733 0.4063 
 PENTLAND_JA 0.4864 0.2204 0.2932 
 PENTLAND_MA 0.6507 0.1498 0.1995 
 PENTLAND_SQ 0.4107 0.2588 0.3305 
   PEPO_1978 0.6451 0.2255 0.1294 
     PICASSO 0.5620 0.0107 0.4273 
   PIMPERNEL 0.6045 0.2785 0.1171 
     PIONEER 0.6722 0.2590 0.0688 
       PIXIE 0.3681 0.0205 0.6114 
    PREMIERE 0.5036 0.3794 0.1170 
   PRODUCENT 0.5350 0.2294 0.2356 
     PROVOST 0.5121 0.2272 0.2607 
  R.P.LUSTRE 0.3237 0.3442 0.3321 
 RANGER_RUSS 0.5233 0.3935 0.0832 
       RATTE 0.2129 0.5660 0.2211 
      RECORD 0.5987 0.3841 0.0172 
   REMBRANDT 0.5630 0.2771 0.1599 
    RIO_ROJO 0.5303 0.1797 0.2900 
      ROBIJN 0.5977 0.3928 0.0095 
      ROCKET 0.0911 0.2991 0.6098 
   RODE_STAR 0.4973 0.4756 0.0270 
      ROMANO 0.6999 0.0515 0.2486 
       ROMEO 0.4619 0.2226 0.3155 
     ROOSTER 0.4767 0.1874 0.3358 
       ROYAL 0.4080 0.2331 0.3589 
 ROYAL_KIDNE 0.3082 0.5746 0.1173 
     RUBESSE 0.6362 0.1607 0.2031 
 RUSSET_BURB 0.4832 0.3145 0.2024 
 RUSSET_NORK 0.4553 0.2763 0.2684 
      SAFARI 0.7273 0.0533 0.2194 
     SANTANA 0.5603 0.2141 0.2256 
       SANTE 0.5792 0.1805 0.2403 
     SAPHIRE 0.6635 0.0886 0.2478 
  SARPO_MIRA 0.6225 0.2402 0.1373 
 SARPO_SHONA 0.7002 0.1708 0.1290 
       SASSY 0.4944 0.3426 0.1630 
     SATURNA 0.5921 0.3867 0.0212 
        SAVA 0.6456 0.1537 0.2007 
       SAXON 0.1167 0.2304 0.6529 
 SCARBOROUGH 0.0200 0.1797 0.8003 
 SEFTON_WOND 0.1276 0.5725 0.2998 
    SERAFINA 0.7136 0.1933 0.0931 
     SETANTA 0.3668 0.1035 0.5298 
 SHARPE'S_EX 0.1881 0.6949 0.1170 
     SHELAGH 0.3558 0.3182 0.3260 
    SHELFORD 0.6007 0.2774 0.1218 
     SHEPODY 0.4617 0.3286 0.2097 
      SLANEY 0.3738 0.0262 0.6000 
        SPEY 0.3861 0.0095 0.6044 
      SPUNTA 0.4699 0.2624 0.2677 
     STAMINA 0.1586 0.0286 0.8128 
    STEMSTER 0.3616 0.2872 0.3512 
 STORMONT_EN 0.4329 0.2869 0.2801 
    STIRLING 0.4895 0.0254 0.4850 
     SYLVANA 0.5851 0.1790 0.2359 
         TAY 0.2744 0.0443 0.6813 
      TIMATE 0.6795 0.1678 0.1527 
      TOLUCA 0.7909 0.1172 0.0919 
    TORRIDON 0.5815 0.1816 0.2369 
 ULSTER_SCEP 0.2710 0.2177 0.5113 
 UMATILLA_RU 0.1747 0.4882 0.3370 
 VALES_EMERA 0.4412 0.1801 0.3787 
 VALES_EVERE 0.2698 0.1681 0.5621 
 VALES_RUSSE 0.4263 0.3995 0.1741 
 VALES_SOVER 0.3016 0.0099 0.6885 
       VALOR 0.3046 0.0086 0.6868 
    VAN_GOGH 0.6045 0.2652 0.1303 
     VANTAGE 0.4863 0.4493 0.0644 
       VERDI 0.5650 0.3014 0.1336 
    VICTORIA 0.6751 0.1844 0.1406 
     VIVALDI 0.7982 0.1377 0.0642 
       WILJA 0.5797 0.3268 0.0936 
     WINSTON 0.2953 0.0292 0.6755 
      XD2-21 0.3954 0.2797 0.3248 
  YUKON_GOLD 0.5259 0.0775 0.3966 
       ZORBA 0.6060 0.2492 0.1448 
