  00C133-020 0.5017 0.0139 0.3666 0.0167 0.1011 
 01C_071-002 0.2049 0.2992 0.2599 0.1538 0.0823 
 02M_012-001 0.6137 0.0992 0.0418 0.1392 0.1061 
 03M_016-002 0.3747 0.0437 0.1008 0.4376 0.0433 
 03M_034-002 0.5218 0.0496 0.2152 0.1828 0.0307 
 04C_055-004 0.4822 0.1188 0.0301 0.0683 0.3005 
 04C_126-005 0.3023 0.1145 0.3732 0.0954 0.1147 
 04M_034-013 0.4740 0.0923 0.0488 0.2637 0.1212 
 05M_002-001 0.1396 0.3664 0.1425 0.1390 0.2124 
 05M_004-003 0.1948 0.3592 0.2914 0.0080 0.1467 
 05M_012-004 0.1853 0.2128 0.3566 0.0934 0.1520 
 06C_127-002 0.3217 0.0083 0.1682 0.0408 0.4611 
 12288_AF_23 0.4270 0.0349 0.2730 0.0151 0.2500 
    12601AB1 0.4740 0.0112 0.0230 0.4367 0.0551 
   12636_A_2 0.4875 0.0096 0.2390 0.2144 0.0495 
  15119_AC_5 0.2323 0.0269 0.5399 0.1981 0.0028 
     1512C16 0.0143 0.0933 0.3384 0.3251 0.2289 
   15144_A_3 0.0273 0.0852 0.5722 0.0354 0.2799 
     1563C14 0.0285 0.2700 0.0391 0.4429 0.2194 
     2182EF7 0.0845 0.0566 0.4968 0.1318 0.2304 
     3681AD1 0.0946 0.3696 0.3759 0.0517 0.1082 
     5008AB6 0.0506 0.2705 0.2997 0.0956 0.2836 
    8204_A_4 0.1750 0.0202 0.4245 0.0499 0.3305 
       AGRIA 0.0895 0.5175 0.0086 0.0404 0.3440 
       AILSA 0.5647 0.0081 0.0259 0.1274 0.2739 
      ALMERA 0.0604 0.4516 0.1835 0.0591 0.2454 
       ALPHA 0.0634 0.4197 0.1312 0.2273 0.1584 
      ALWARA 0.0426 0.3595 0.2799 0.0373 0.2808 
      AMADRA 0.2259 0.3322 0.0316 0.1409 0.2693 
       AMOUR 0.4092 0.0207 0.4470 0.0394 0.0837 
        ANNA 0.0159 0.0137 0.7962 0.1681 0.0062 
   ANNABELLE 0.0171 0.4661 0.0576 0.0307 0.4285 
        ANYA 0.0485 0.1773 0.0573 0.2230 0.4940 
       ARGOS 0.2304 0.1198 0.5823 0.0127 0.0548 
     ARIELLE 0.0251 0.4098 0.1285 0.1183 0.3184 
      ARKULA 0.0158 0.4410 0.2041 0.1302 0.2089 
      ARMADA 0.1125 0.3827 0.1784 0.1326 0.1938 
   AVALANCHE 0.4403 0.2714 0.2297 0.0437 0.0149 
     BAILLIE 0.4850 0.1737 0.2121 0.0202 0.1091 
    BALMORAL 0.0228 0.2357 0.6270 0.0924 0.0221 
     BAMBINO 0.4978 0.0763 0.2819 0.0175 0.1265 
       BARNA 0.1049 0.1006 0.4144 0.0551 0.3250 
 BELLE_DE_FO 0.0038 0.0725 0.0589 0.8588 0.0060 
       BENOL 0.6058 0.0981 0.0614 0.1599 0.0748 
       BF_15 0.0059 0.2206 0.0310 0.6936 0.0489 
      BINTJE 0.0736 0.2560 0.1811 0.3664 0.1229 
 BIONICA_EX_ 0.1355 0.2737 0.2685 0.1358 0.1866 
 BLUE_DANUBE 0.0194 0.5557 0.2718 0.1460 0.0070 
      BONNIE 0.2531 0.1736 0.2794 0.0344 0.2595 
      BOUNTY 0.4488 0.0920 0.3276 0.0236 0.1081 
 BRITISH_QUE 0.0088 0.2089 0.2832 0.4938 0.0053 
     BRODICK 0.5488 0.0112 0.1169 0.0120 0.3111 
      BRODIE 0.0752 0.0064 0.6016 0.1523 0.1644 
      BUCHAN 0.1342 0.0041 0.4832 0.0910 0.2875 
      BURREN 0.0881 0.1593 0.4454 0.1043 0.2029 
     CABARET 0.5224 0.0145 0.1519 0.2944 0.0168 
      CAESAR 0.0462 0.3827 0.1607 0.0046 0.4057 
        CARA 0.1395 0.0170 0.6966 0.0515 0.0954 
 CARLINGFORD 0.1092 0.0308 0.3967 0.1091 0.3541 
  CASABLANCA 0.3104 0.2288 0.4449 0.0051 0.0107 
      CELINE 0.1054 0.4073 0.3020 0.0688 0.1166 
  CHALLENGER 0.2090 0.3270 0.0484 0.1536 0.2619 
   CHARLOTTE 0.1438 0.0873 0.0075 0.1076 0.6538 
     CHICAGO 0.5263 0.2730 0.0179 0.0299 0.1529 
   CHIEFTAIN 0.0312 0.0109 0.2696 0.2195 0.4688 
      CHOPIN 0.0318 0.3988 0.2108 0.0792 0.2795 
      CLARET 0.1116 0.0261 0.6134 0.0471 0.2017 
      CORINE 0.1841 0.3239 0.3650 0.1163 0.0107 
      COSMOS 0.1222 0.4638 0.1919 0.1002 0.1220 
     COURAGE 0.0746 0.3514 0.2278 0.1168 0.2294 
     COURLAN 0.1017 0.1402 0.2585 0.1486 0.3510 
 CRAIGS_ROYA 0.2071 0.0057 0.4796 0.1343 0.1733 
 CRAIGS_SNOW 0.1561 0.0864 0.2484 0.3897 0.1194 
     CRAMOND 0.4898 0.1002 0.2386 0.0137 0.1576 
 CRISPS_FOR_ 0.1097 0.3039 0.1372 0.0837 0.3655 
    CROMWELL 0.6616 0.1174 0.0240 0.1870 0.0100 
       D22/1 0.5124 0.0614 0.2203 0.2007 0.0052 
       D23/3 0.3855 0.0709 0.1241 0.3396 0.0798 
      D47-11 0.6972 0.0692 0.0148 0.2153 0.0035 
       D49/1 0.7720 0.0638 0.0039 0.1434 0.0168 
       DAISY 0.4848 0.2002 0.0172 0.1811 0.1166 
 DARK_RED_NO 0.0346 0.0702 0.3086 0.2445 0.3421 
     DARWINA 0.1019 0.4525 0.1461 0.1418 0.1577 
     DESIREE 0.0049 0.2518 0.2206 0.1496 0.3731 
       DITTA 0.0198 0.4153 0.0778 0.1629 0.3242 
 DR._MCINTOS 0.0518 0.0264 0.4765 0.1915 0.2539 
       DRAGA 0.1551 0.3020 0.3367 0.0428 0.1633 
 DUKE_OF_YOR 0.0035 0.2898 0.2257 0.4674 0.0136 
 DUNBAR_STAN 0.1481 0.0146 0.2989 0.4299 0.1084 
     DUNDROD 0.4934 0.0268 0.0993 0.1883 0.1923 
     ECLIPSE 0.0605 0.0103 0.0477 0.5198 0.3618 
        EDEN 0.7045 0.0131 0.0411 0.2117 0.0295 
 EDZELL_BLUE 0.0766 0.2383 0.1964 0.3511 0.1377 
   ELISABETH 0.1625 0.2487 0.0324 0.0094 0.5470 
     EMPEROR 0.1962 0.1814 0.1672 0.0916 0.3636 
         EOS 0.2798 0.1395 0.1037 0.0445 0.4324 
     EPICURE 0.0113 0.0675 0.1804 0.4551 0.2857 
  ERNTESTOLZ 0.0343 0.3243 0.1704 0.2825 0.1886 
      ESCORT 0.1764 0.3862 0.0759 0.0081 0.3534 
   ESMERALDA 0.1658 0.3125 0.1194 0.1394 0.2630 
      ESTIMA 0.1536 0.3453 0.0993 0.1329 0.2689 
 EVE_BALFOUR 0.1947 0.0215 0.4395 0.2413 0.1030 
   EXCALIBUR 0.4821 0.0213 0.3882 0.0035 0.1048 
     EXQUISA 0.0097 0.3812 0.0509 0.1363 0.4219 
    FESTIVAL 0.1496 0.4006 0.0720 0.0093 0.3685 
      FIANNA 0.0514 0.3503 0.3804 0.0377 0.1801 
   FIFTYFOLD 0.0906 0.0780 0.0931 0.5737 0.1646 
     FONTANE 0.2077 0.4301 0.0528 0.0541 0.2553 
   FORTYFOLD 0.0055 0.3085 0.1071 0.5738 0.0051 
 FRONTIER_RU 0.0964 0.0844 0.1842 0.2904 0.3447 
     G.81071 0.1758 0.1042 0.3425 0.1301 0.2474 
     G.88661 0.2261 0.0845 0.2892 0.0355 0.3648 
    G.886611 0.2167 0.0096 0.2634 0.0120 0.4983 
  G.8867Y%12 0.0626 0.0330 0.4009 0.0311 0.4723 
     G.88839 0.0069 0.4654 0.0064 0.0077 0.5135 
     G.88842 0.0135 0.3845 0.2420 0.0190 0.3410 
   GALACTICA 0.0083 0.3716 0.4502 0.1643 0.0056 
      GEMSON 0.1185 0.0253 0.4395 0.2216 0.1951 
  GL.76B/102 0.1752 0.2650 0.0152 0.3503 0.1944 
   GL.76B/94 0.0068 0.3583 0.1249 0.5004 0.0095 
  GL.77M/106 0.2849 0.0120 0.2298 0.1744 0.2988 
   GL.78/166 0.0556 0.2781 0.0697 0.5903 0.0063 
    GL.78/53 0.2532 0.0372 0.0074 0.5068 0.1953 
    GL.78/97 0.1604 0.1905 0.0142 0.5345 0.1004 
    GL.79/42 0.1880 0.1003 0.0031 0.4938 0.2148 
    GL.79/45 0.1466 0.1155 0.0162 0.5245 0.1971 
 GL.81_NT_25 0.5383 0.1144 0.0265 0.3175 0.0033 
   GLADIATOR 0.1189 0.2571 0.2299 0.0150 0.3792 
      GLAMIS 0.4325 0.1333 0.1413 0.0571 0.2358 
 GOLDEN_MILL 0.5206 0.0215 0.1767 0.0874 0.1938 
 GOLDEN_NUGG 0.1217 0.3665 0.3223 0.0160 0.1735 
 GOLDEN_WOND 0.0598 0.1489 0.0497 0.5891 0.1526 
     GRANOLA 0.1387 0.2227 0.0081 0.0690 0.5615 
    H1H3_101 0.6781 0.0087 0.0056 0.3051 0.0025 
      H1H3_3 0.4459 0.0704 0.2022 0.2069 0.0746 
 HARBOROUGH_ 0.7179 0.0105 0.0919 0.0095 0.1702 
   HARLEQUIN 0.1635 0.1334 0.0192 0.1532 0.5307 
      HERMES 0.0722 0.3974 0.1884 0.1258 0.2162 
 HIGHLAND_BU 0.0234 0.1690 0.0201 0.7822 0.0054 
  HOME_GUARD 0.1796 0.0189 0.3011 0.3083 0.1921 
     HORIZON 0.1074 0.4693 0.1352 0.2171 0.0710 
   INNOVATOR 0.0056 0.2931 0.3915 0.3022 0.0077 
 INTERNATION 0.0070 0.1196 0.0127 0.8567 0.0040 
 ISLE_OF_JUR 0.4482 0.0920 0.2016 0.1239 0.1343 
    JULIETTE 0.0328 0.3622 0.0064 0.0224 0.5763 
     KARLENA 0.0309 0.3355 0.3745 0.2482 0.0108 
 KERR'S_PINK 0.0876 0.0194 0.2336 0.5550 0.1044 
     KESTREL 0.3718 0.0049 0.3810 0.0075 0.2347 
       KIFLI 0.1400 0.2490 0.0050 0.1346 0.4715 
 KING_EDWARD 0.0726 0.0139 0.0050 0.7702 0.1383 
    KINGSTON 0.5155 0.1111 0.1272 0.1551 0.0911 
 KUFRI_CHAND 0.0846 0.1580 0.2913 0.2702 0.1960 
 KUFRI_JYOTI 0.0459 0.1976 0.3866 0.1478 0.2221 
      KURODA 0.0316 0.5219 0.2663 0.0370 0.1432 
 LADY_BALFOU 0.1926 0.0373 0.4707 0.1796 0.1198 
 LADY_CHRIST 0.1013 0.4537 0.0922 0.2727 0.0800 
 LADY_CLAIRE 0.0136 0.7533 0.0535 0.1735 0.0061 
     LADY_JO 0.0191 0.5999 0.1043 0.2742 0.0026 
 LADY_ROSETT 0.1512 0.3541 0.1530 0.1367 0.2050 
    LIBERTAS 0.0078 0.5690 0.1601 0.2603 0.0028 
       LINDA 0.0070 0.2734 0.0048 0.1871 0.5277 
      LINTON 0.1822 0.2877 0.2033 0.0857 0.2412 
 LINZER_DELI 0.0407 0.3272 0.0192 0.1783 0.4347 
   LIONHEART 0.0658 0.4482 0.2475 0.0717 0.1669 
   MADELEINE 0.1057 0.4022 0.0319 0.0472 0.4129 
   MADINGLEY 0.1586 0.3119 0.1596 0.0484 0.3216 
    MAJESTIC 0.0214 0.0446 0.4441 0.2214 0.2685 
     MARABEL 0.0168 0.4968 0.1192 0.0113 0.3559 
     MARFONA 0.1084 0.4731 0.2012 0.1784 0.0389 
     MARILYN 0.0297 0.3506 0.1446 0.0860 0.3890 
 MARIS_ANCHO 0.0774 0.2944 0.1549 0.2252 0.2482 
  MARIS_BARD 0.2314 0.2076 0.3642 0.1934 0.0034 
  MARIS_PEER 0.1580 0.0166 0.3761 0.2471 0.2022 
 MARIS_PIPER 0.8255 0.0552 0.0072 0.1073 0.0047 
     MARKIES 0.0319 0.5159 0.0437 0.1121 0.2964 
      MAXINE 0.4061 0.0211 0.2735 0.0859 0.2136 
      MEGARA 0.0888 0.5289 0.0359 0.0464 0.2999 
      MELODY 0.1139 0.4244 0.1558 0.1396 0.1663 
       MIDAS 0.5080 0.2509 0.0061 0.0857 0.1493 
       MILVA 0.0209 0.4029 0.0557 0.1684 0.3520 
        MIMI 0.3521 0.2790 0.1923 0.0709 0.1058 
        MIRA 0.0105 0.5913 0.1847 0.2065 0.0070 
       MOIRA 0.0554 0.2890 0.2445 0.1528 0.2583 
    MONTROSE 0.6142 0.0105 0.0297 0.2309 0.1147 
       MORAG 0.1684 0.0136 0.4180 0.2440 0.1559 
      MORENE 0.0040 0.5738 0.2382 0.1710 0.0130 
      MOZART 0.0850 0.3418 0.0650 0.0028 0.5054 
 MYATT'S_ASH 0.0042 0.2469 0.0196 0.7245 0.0048 
      NADINE 0.4496 0.0536 0.1571 0.0095 0.3302 
       NAVAN 0.6848 0.0245 0.1502 0.0514 0.0891 
 NDTX_4271_5 0.2183 0.0062 0.1179 0.0935 0.5640 
      NICOLA 0.0038 0.4281 0.0052 0.1576 0.4053 
     NOVELLA 0.0423 0.3793 0.2781 0.0356 0.2646 
     OLYMPUS 0.3368 0.0082 0.1800 0.1519 0.3230 
       OPERA 0.1445 0.3717 0.1884 0.0190 0.2765 
   ORCHESTRA 0.1608 0.4051 0.0238 0.0537 0.3566 
      ORIANA 0.0039 0.4421 0.2921 0.1029 0.1591 
     OTHELLO 0.1539 0.0056 0.5895 0.0268 0.2241 
     PALADIN 0.6782 0.0688 0.0293 0.2168 0.0068 
       PANDA 0.1132 0.3269 0.0140 0.0142 0.5317 
   PARAMOUNT 0.0228 0.1936 0.4864 0.0560 0.2412 
    PATRONES 0.0657 0.3705 0.1701 0.2319 0.1618 
 PENTLAND_AC 0.1454 0.1497 0.2829 0.2010 0.2209 
 PENTLAND_BE 0.0151 0.1359 0.3365 0.5024 0.0101 
 PENTLAND_CR 0.1457 0.2407 0.3648 0.1254 0.1234 
 PENTLAND_DE 0.0617 0.0156 0.3893 0.3121 0.2212 
 PENTLAND_IV 0.0825 0.0040 0.3501 0.1619 0.4015 
 PENTLAND_JA 0.0708 0.1881 0.3824 0.2067 0.1520 
 PENTLAND_MA 0.0081 0.3382 0.4214 0.1203 0.1119 
 PENTLAND_SQ 0.1151 0.0943 0.3369 0.2329 0.2208 
   PEPO_1978 0.1156 0.4099 0.0273 0.1097 0.3376 
     PICASSO 0.1395 0.2444 0.5592 0.0036 0.0533 
   PIMPERNEL 0.0879 0.4907 0.1052 0.1546 0.1615 
     PIONEER 0.0188 0.2229 0.0055 0.1489 0.6038 
       PIXIE 0.3690 0.0281 0.3123 0.0061 0.2845 
    PREMIERE 0.0440 0.4868 0.1885 0.2748 0.0059 
   PRODUCENT 0.2393 0.4507 0.0439 0.0880 0.1781 
     PROVOST 0.0342 0.1610 0.3821 0.2105 0.2122 
  R.P.LUSTRE 0.2042 0.0252 0.1082 0.2828 0.3796 
 RANGER_RUSS 0.0030 0.2007 0.3765 0.3764 0.0434 
       RATTE 0.1922 0.0516 0.0088 0.4810 0.2663 
      RECORD 0.0104 0.6160 0.1213 0.2449 0.0073 
   REMBRANDT 0.1340 0.4558 0.1036 0.1582 0.1483 
    RIO_ROJO 0.0722 0.0945 0.3013 0.1630 0.3690 
      ROBIJN 0.0069 0.5949 0.1006 0.2760 0.0216 
      ROCKET 0.5217 0.0216 0.1677 0.1992 0.0898 
   RODE_STAR 0.0491 0.4411 0.0050 0.3243 0.1804 
      ROMANO 0.0441 0.3312 0.3303 0.0135 0.2808 
       ROMEO 0.0638 0.0186 0.2946 0.2101 0.4130 
     ROOSTER 0.0995 0.1551 0.3631 0.1552 0.2272 
       ROYAL 0.3633 0.2926 0.0136 0.0727 0.2578 
 ROYAL_KIDNE 0.0035 0.0820 0.3313 0.5680 0.0151 
     RUBESSE 0.0406 0.2435 0.2004 0.1100 0.4055 
 RUSSET_BURB 0.0136 0.1254 0.3382 0.2993 0.2235 
 RUSSET_NORK 0.0404 0.0082 0.2388 0.2714 0.4411 
      SAFARI 0.0374 0.4183 0.3289 0.0116 0.2039 
     SANTANA 0.1408 0.4141 0.1969 0.1224 0.1258 
       SANTE 0.1909 0.4328 0.1234 0.0669 0.1860 
     SAPHIRE 0.0998 0.4161 0.2759 0.0319 0.1763 
  SARPO_MIRA 0.0853 0.3365 0.0384 0.1463 0.3935 
 SARPO_SHONA 0.0844 0.4101 0.0651 0.0625 0.3778 
       SASSY 0.1025 0.3290 0.1323 0.2477 0.1885 
     SATURNA 0.0484 0.5363 0.0051 0.2266 0.1836 
        SAVA 0.1346 0.3106 0.0536 0.0651 0.4361 
       SAXON 0.5667 0.0398 0.1486 0.1157 0.1292 
 SCARBOROUGH 0.7547 0.0057 0.0323 0.0394 0.1679 
 SEFTON_WOND 0.1503 0.0114 0.2423 0.5332 0.0629 
    SERAFINA 0.0153 0.3062 0.0701 0.1227 0.4857 
     SETANTA 0.3085 0.0434 0.2826 0.0491 0.3164 
 SHARPE'S_EX 0.1074 0.1442 0.0304 0.6075 0.1105 
     SHELAGH 0.1855 0.1645 0.2803 0.2531 0.1167 
    SHELFORD 0.0262 0.3575 0.1961 0.1963 0.2239 
     SHEPODY 0.0058 0.2290 0.4632 0.2984 0.0035 
      SLANEY 0.2934 0.0126 0.4319 0.0092 0.2528 
        SPEY 0.2869 0.0329 0.5001 0.0043 0.1759 
      SPUNTA 0.1343 0.1267 0.1291 0.2081 0.4018 
     STAMINA 0.6128 0.0493 0.3151 0.0047 0.0182 
    STEMSTER 0.3250 0.2720 0.0984 0.1583 0.1463 
 STORMONT_EN 0.1787 0.2984 0.2500 0.1925 0.0803 
    STIRLING 0.1656 0.0589 0.4854 0.0179 0.2723 
     SYLVANA 0.0981 0.2791 0.2365 0.1187 0.2675 
         TAY 0.4280 0.0081 0.2772 0.0095 0.2771 
      TIMATE 0.1349 0.4273 0.0092 0.0431 0.3854 
      TOLUCA 0.0074 0.3739 0.2016 0.0493 0.3679 
    TORRIDON 0.0743 0.3395 0.3495 0.1040 0.1328 
 ULSTER_SCEP 0.2952 0.0623 0.3663 0.1710 0.1052 
 UMATILLA_RU 0.3381 0.1937 0.0755 0.3537 0.0391 
 VALES_EMERA 0.2611 0.0411 0.0741 0.1056 0.5181 
 VALES_EVERE 0.2749 0.0107 0.4261 0.1309 0.1574 
 VALES_RUSSE 0.0400 0.1290 0.2308 0.3634 0.2368 
 VALES_SOVER 0.3407 0.0310 0.5962 0.0038 0.0283 
       VALOR 0.3768 0.0305 0.4922 0.0034 0.0971 
    VAN_GOGH 0.1170 0.5072 0.0751 0.1323 0.1684 
     VANTAGE 0.0122 0.4423 0.1961 0.3437 0.0057 
       VERDI 0.1253 0.4241 0.0609 0.1770 0.2127 
    VICTORIA 0.0398 0.4255 0.1805 0.1059 0.2484 
     VIVALDI 0.0040 0.4457 0.2947 0.0722 0.1834 
       WILJA 0.0092 0.5563 0.2441 0.1880 0.0023 
     WINSTON 0.4339 0.0088 0.2476 0.0055 0.3043 
      XD2-21 0.0994 0.0696 0.3721 0.2602 0.1987 
  YUKON_GOLD 0.2396 0.1032 0.1673 0.0258 0.4642 
       ZORBA 0.0104 0.4314 0.3385 0.1997 0.0199 
