  00C133-020 0.0206 0.2765 0.0101 0.2549 0.4033 0.0247 0.0099 
 01C_071-002 0.1498 0.2585 0.1443 0.0214 0.1866 0.1965 0.0429 
 02M_012-001 0.1675 0.0578 0.0861 0.1736 0.4873 0.0234 0.0042 
 03M_016-002 0.3296 0.0170 0.0504 0.0096 0.3601 0.0052 0.2282 
 03M_034-002 0.1995 0.0655 0.0027 0.3043 0.3607 0.0594 0.0079 
 04C_055-004 0.0504 0.0321 0.2776 0.0881 0.4458 0.0428 0.0632 
 04C_126-005 0.1142 0.2906 0.0157 0.2424 0.2061 0.1203 0.0106 
 04M_034-013 0.2112 0.0067 0.0773 0.1139 0.4075 0.0413 0.1421 
 05M_002-001 0.1005 0.0554 0.1958 0.0590 0.1303 0.2962 0.1628 
 05M_004-003 0.0080 0.1646 0.0745 0.1761 0.1406 0.3520 0.0842 
 05M_012-004 0.0428 0.1271 0.0086 0.2828 0.0916 0.2619 0.1852 
 06C_127-002 0.0371 0.0734 0.2263 0.4128 0.1639 0.0076 0.0790 
 12288_AF_23 0.0067 0.1994 0.1290 0.1859 0.3547 0.0211 0.1033 
    12601AB1 0.4421 0.0044 0.0025 0.3327 0.2119 0.0042 0.0024 
   12636_A_2 0.1909 0.1110 0.0034 0.2872 0.3507 0.0069 0.0499 
  15119_AC_5 0.1817 0.5171 0.0019 0.0053 0.2576 0.0163 0.0201 
     1512C16 0.2234 0.1481 0.0905 0.1492 0.0054 0.0767 0.3066 
   15144_A_3 0.0413 0.6332 0.2452 0.0558 0.0117 0.0080 0.0049 
     1563C14 0.4313 0.0693 0.2307 0.0109 0.0176 0.1567 0.0835 
     2182EF7 0.0544 0.2377 0.0140 0.2956 0.0162 0.1243 0.2579 
     3681AD1 0.0735 0.2563 0.0250 0.1524 0.0393 0.3856 0.0679 
     5008AB6 0.1321 0.2007 0.1128 0.2672 0.0059 0.2735 0.0078 
    8204_A_4 0.0345 0.2357 0.0490 0.4003 0.0441 0.1164 0.1200 
       AGRIA 0.0315 0.0039 0.3247 0.0670 0.0443 0.4178 0.1108 
       AILSA 0.0953 0.0075 0.1700 0.2195 0.4537 0.0045 0.0494 
      ALMERA 0.0141 0.0372 0.2452 0.0127 0.0865 0.3818 0.2225 
       ALPHA 0.2253 0.0573 0.1211 0.0619 0.0397 0.3889 0.1058 
      ALWARA 0.0490 0.3170 0.2889 0.0277 0.0342 0.2537 0.0296 
      AMADRA 0.1586 0.0155 0.2259 0.1178 0.1700 0.2881 0.0241 
       AMOUR 0.0325 0.4034 0.0342 0.1580 0.3357 0.0146 0.0216 
        ANNA 0.1414 0.6396 0.0024 0.1569 0.0075 0.0154 0.0368 
   ANNABELLE 0.0347 0.0088 0.3441 0.0990 0.0083 0.4300 0.0751 
        ANYA 0.2075 0.0762 0.3888 0.1564 0.0107 0.0801 0.0803 
       ARGOS 0.0042 0.5129 0.0593 0.0266 0.2462 0.0673 0.0835 
     ARIELLE 0.0804 0.1084 0.3393 0.0064 0.0343 0.2875 0.1437 
      ARKULA 0.1284 0.0906 0.1204 0.1073 0.0083 0.4533 0.0916 
      ARMADA 0.1205 0.0683 0.1443 0.0482 0.1243 0.3771 0.1173 
   AVALANCHE 0.0092 0.1016 0.0211 0.0126 0.4509 0.2344 0.1702 
     BAILLIE 0.0091 0.1380 0.0975 0.0846 0.4597 0.1262 0.0848 
    BALMORAL 0.0182 0.4001 0.0063 0.0742 0.0274 0.2312 0.2427 
     BAMBINO 0.0186 0.2213 0.0763 0.1534 0.4408 0.0668 0.0228 
       BARNA 0.0544 0.4042 0.2229 0.1378 0.0610 0.0693 0.0505 
 BELLE_DE_FO 0.8090 0.0869 0.0065 0.0022 0.0027 0.0096 0.0832 
       BENOL 0.1800 0.0045 0.0070 0.3050 0.4278 0.0700 0.0056 
       BF_15 0.6868 0.0699 0.0769 0.0047 0.0032 0.1273 0.0311 
      BINTJE 0.3067 0.0962 0.0937 0.0289 0.0723 0.2039 0.1983 
 BIONICA_EX_ 0.1600 0.1017 0.0203 0.3032 0.0310 0.3171 0.0667 
 BLUE_DANUBE 0.1455 0.1526 0.0107 0.0056 0.0222 0.5178 0.1457 
      BONNIE 0.0262 0.1621 0.1222 0.2205 0.1766 0.2008 0.0916 
      BOUNTY 0.0175 0.2462 0.0354 0.1788 0.3870 0.1079 0.0273 
 BRITISH_QUE 0.3431 0.0471 0.0040 0.0021 0.0243 0.1366 0.4427 
     BRODICK 0.0274 0.0103 0.0642 0.5557 0.3013 0.0302 0.0108 
      BRODIE 0.0920 0.4705 0.0181 0.1989 0.0209 0.0060 0.1935 
      BUCHAN 0.0503 0.4069 0.1347 0.2097 0.0725 0.0028 0.1231 
      BURREN 0.1163 0.4414 0.1538 0.1199 0.0465 0.1060 0.0161 
     CABARET 0.2494 0.0581 0.0058 0.1312 0.4690 0.0098 0.0767 
      CAESAR 0.0028 0.0576 0.2687 0.1926 0.0114 0.3811 0.0858 
        CARA 0.0515 0.6624 0.0190 0.1667 0.0759 0.0146 0.0100 
 CARLINGFORD 0.0185 0.1573 0.1528 0.2384 0.0631 0.0458 0.3240 
  CASABLANCA 0.0026 0.2352 0.0031 0.1203 0.2808 0.2458 0.1122 
      CELINE 0.1006 0.1810 0.0136 0.1840 0.0393 0.4573 0.0242 
  CHALLENGER 0.0869 0.0038 0.1928 0.0919 0.1667 0.2778 0.1800 
   CHARLOTTE 0.1522 0.0108 0.5051 0.2847 0.0270 0.0146 0.0055 
     CHICAGO 0.0539 0.0129 0.1719 0.0903 0.4671 0.1977 0.0064 
   CHIEFTAIN 0.0813 0.0637 0.2603 0.2145 0.0092 0.0064 0.3647 
      CHOPIN 0.0267 0.0198 0.1719 0.1295 0.0174 0.4066 0.2282 
      CLARET 0.0298 0.5983 0.1369 0.0989 0.0842 0.0075 0.0443 
      CORINE 0.0880 0.1798 0.0048 0.1269 0.1543 0.2975 0.1487 
      COSMOS 0.0449 0.0159 0.0820 0.0485 0.1252 0.4594 0.2241 
     COURAGE 0.1046 0.1110 0.1302 0.1254 0.0351 0.3377 0.1562 
     COURLAN 0.0492 0.1462 0.3035 0.1189 0.0805 0.0438 0.2578 
 CRAIGS_ROYA 0.0540 0.3569 0.0584 0.1413 0.1717 0.0045 0.2132 
 CRAIGS_SNOW 0.2575 0.1005 0.1081 0.0105 0.1733 0.0169 0.3332 
     CRAMOND 0.0131 0.0318 0.0057 0.3775 0.3453 0.1650 0.0616 
 CRISPS_FOR_ 0.0552 0.0512 0.2759 0.1299 0.0716 0.2763 0.1399 
    CROMWELL 0.1996 0.0858 0.0603 0.0043 0.6328 0.0123 0.0050 
       D22/1 0.1412 0.1269 0.0056 0.0040 0.5490 0.0197 0.1535 
       D23/3 0.2656 0.0424 0.0828 0.0210 0.3816 0.0170 0.1895 
      D47-11 0.2202 0.0173 0.0065 0.0088 0.7016 0.0270 0.0187 
       D49/1 0.1377 0.0028 0.0595 0.0222 0.7495 0.0161 0.0122 
       DAISY 0.1979 0.0069 0.1078 0.1111 0.4204 0.1406 0.0153 
 DARK_RED_NO 0.0804 0.1207 0.2415 0.0937 0.0361 0.0194 0.4082 
     DARWINA 0.1015 0.0199 0.1523 0.0143 0.1191 0.3994 0.1936 
     DESIREE 0.1385 0.2764 0.3446 0.0142 0.0036 0.1533 0.0696 
       DITTA 0.1227 0.0174 0.3302 0.0084 0.0274 0.2959 0.1980 
 DR._MCINTOS 0.0213 0.0789 0.0334 0.2322 0.0373 0.0902 0.5067 
       DRAGA 0.0054 0.0685 0.0562 0.1289 0.1305 0.2903 0.3203 
 DUKE_OF_YOR 0.3350 0.0065 0.0048 0.0035 0.0031 0.2445 0.4026 
 DUNBAR_STAN 0.2159 0.0846 0.0518 0.0194 0.1665 0.0064 0.4553 
     DUNDROD 0.1345 0.0869 0.1715 0.0753 0.4483 0.0062 0.0773 
     ECLIPSE 0.3753 0.0026 0.1947 0.1130 0.0104 0.0035 0.3005 
        EDEN 0.1933 0.0058 0.0045 0.1981 0.5835 0.0053 0.0095 
 EDZELL_BLUE 0.3233 0.1362 0.0982 0.0989 0.0288 0.1785 0.1362 
   ELISABETH 0.0107 0.0077 0.3385 0.2470 0.0740 0.2569 0.0652 
     EMPEROR 0.0106 0.0054 0.2376 0.1746 0.1487 0.1147 0.3084 
         EOS 0.0143 0.0176 0.2718 0.2092 0.2036 0.1348 0.1487 
     EPICURE 0.3543 0.0160 0.1331 0.1316 0.0044 0.0394 0.3213 
  ERNTESTOLZ 0.2325 0.0605 0.1690 0.0513 0.0241 0.2551 0.2075 
      ESCORT 0.0143 0.0440 0.2461 0.2042 0.0994 0.3809 0.0112 
   ESMERALDA 0.1655 0.0782 0.1554 0.1833 0.0890 0.3070 0.0216 
      ESTIMA 0.0644 0.0074 0.1868 0.0794 0.1246 0.3143 0.2231 
 EVE_BALFOUR 0.2253 0.3424 0.0120 0.2404 0.0806 0.0205 0.0787 
   EXCALIBUR 0.0038 0.3085 0.0152 0.2763 0.3609 0.0315 0.0037 
     EXQUISA 0.1632 0.1286 0.3850 0.0362 0.0045 0.2769 0.0057 
    FESTIVAL 0.0076 0.0140 0.2445 0.1770 0.0922 0.4179 0.0467 
      FIANNA 0.0091 0.1786 0.0851 0.1099 0.0296 0.3580 0.2297 
   FIFTYFOLD 0.5263 0.0778 0.1453 0.0385 0.0562 0.0107 0.1452 
     FONTANE 0.0163 0.0054 0.2279 0.0572 0.1814 0.3514 0.1604 
   FORTYFOLD 0.5375 0.0187 0.0049 0.0057 0.0034 0.2365 0.1932 
 FRONTIER_RU 0.1119 0.0084 0.2562 0.0822 0.0820 0.0152 0.4441 
     G.81071 0.0817 0.1266 0.0509 0.3058 0.0852 0.1514 0.1984 
     G.88661 0.0038 0.0092 0.0870 0.2814 0.1465 0.1535 0.3186 
    G.886611 0.0040 0.0169 0.1715 0.3664 0.1313 0.0374 0.2725 
  G.8867Y%12 0.0047 0.0934 0.1736 0.2816 0.0199 0.0861 0.3408 
     G.88839 0.0224 0.0043 0.4483 0.1218 0.0040 0.3949 0.0043 
     G.88842 0.0114 0.0854 0.2136 0.1600 0.0075 0.4011 0.1210 
   GALACTICA 0.1518 0.3999 0.0100 0.0025 0.0130 0.3120 0.1108 
      GEMSON 0.1279 0.2556 0.0802 0.1452 0.0924 0.0146 0.2840 
  GL.76B/102 0.3206 0.0069 0.2373 0.0135 0.1656 0.1242 0.1320 
   GL.76B/94 0.5258 0.1502 0.0367 0.0042 0.0035 0.2634 0.0160 
  GL.77M/106 0.1902 0.1973 0.1412 0.3236 0.1288 0.0069 0.0120 
   GL.78/166 0.5767 0.0638 0.0326 0.0024 0.0620 0.1478 0.1147 
    GL.78/53 0.5251 0.0093 0.1589 0.1471 0.1481 0.0055 0.0060 
    GL.78/97 0.5627 0.0309 0.1398 0.0490 0.1032 0.0852 0.0292 
    GL.79/42 0.5346 0.0055 0.1878 0.1083 0.1180 0.0417 0.0041 
    GL.79/45 0.5698 0.0874 0.1476 0.1025 0.0471 0.0410 0.0046 
 GL.81_NT_25 0.3362 0.0531 0.0056 0.0039 0.5469 0.0458 0.0085 
   GLADIATOR 0.0056 0.1442 0.2785 0.1263 0.0773 0.1980 0.1701 
      GLAMIS 0.0153 0.0331 0.1828 0.0980 0.4166 0.0869 0.1672 
 GOLDEN_MILL 0.1112 0.0534 0.0107 0.4978 0.2824 0.0398 0.0047 
 GOLDEN_NUGG 0.0352 0.1886 0.0139 0.2811 0.0216 0.4513 0.0084 
 GOLDEN_WOND 0.5496 0.0243 0.1167 0.0660 0.0235 0.0812 0.1386 
     GRANOLA 0.1111 0.0097 0.4424 0.2506 0.0346 0.1460 0.0057 
    H1H3_101 0.2856 0.0055 0.0040 0.0023 0.6879 0.0033 0.0114 
      H1H3_3 0.1542 0.0299 0.0101 0.1966 0.3749 0.0729 0.1614 
 HARBOROUGH_ 0.0080 0.0031 0.0054 0.5017 0.4572 0.0180 0.0066 
   HARLEQUIN 0.1710 0.0800 0.4583 0.1813 0.0759 0.0192 0.0144 
      HERMES 0.0905 0.2351 0.3165 0.0032 0.0750 0.2190 0.0608 
 HIGHLAND_BU 0.7921 0.0036 0.0024 0.0727 0.0051 0.1084 0.0156 
  HOME_GUARD 0.2049 0.1122 0.0546 0.2012 0.1245 0.0240 0.2786 
     HORIZON 0.2351 0.0926 0.0624 0.0240 0.0997 0.4507 0.0355 
   INNOVATOR 0.1334 0.0702 0.0028 0.0155 0.0065 0.3033 0.4683 
 INTERNATION 0.8447 0.0089 0.0041 0.0036 0.0053 0.0461 0.0873 
 ISLE_OF_JUR 0.1181 0.1488 0.0817 0.1076 0.4121 0.0831 0.0487 
    JULIETTE 0.0586 0.0111 0.5358 0.1471 0.0088 0.2318 0.0067 
     KARLENA 0.1694 0.2517 0.0295 0.0036 0.0570 0.2358 0.2532 
 KERR'S_PINK 0.4142 0.0665 0.0470 0.0593 0.0699 0.0068 0.3363 
     KESTREL 0.0057 0.3765 0.1290 0.1634 0.3052 0.0040 0.0161 
       KIFLI 0.1828 0.0142 0.4918 0.1251 0.0783 0.0986 0.0093 
 KING_EDWARD 0.6964 0.0026 0.1131 0.0179 0.0391 0.0042 0.1268 
    KINGSTON 0.1849 0.0395 0.0087 0.2683 0.3735 0.1199 0.0052 
 KUFRI_CHAND 0.1372 0.0704 0.1250 0.0450 0.1146 0.1147 0.3931 
 KUFRI_JYOTI 0.1448 0.2536 0.0328 0.2644 0.0064 0.2408 0.0571 
      KURODA 0.0110 0.1371 0.1482 0.0119 0.0498 0.4572 0.1848 
 LADY_BALFOU 0.1402 0.3448 0.0137 0.1624 0.1437 0.0584 0.1369 
 LADY_CHRIST 0.2890 0.0304 0.0513 0.0858 0.0507 0.4293 0.0634 
 LADY_CLAIRE 0.2111 0.0180 0.0177 0.0025 0.0154 0.6884 0.0468 
     LADY_JO 0.2799 0.0101 0.0022 0.0024 0.0253 0.5689 0.1112 
 LADY_ROSETT 0.1293 0.0652 0.1086 0.1147 0.1092 0.3418 0.1311 
    LIBERTAS 0.3023 0.1528 0.0026 0.0025 0.0052 0.5277 0.0070 
       LINDA 0.2112 0.0520 0.5494 0.0466 0.0055 0.1255 0.0099 
      LINTON 0.0196 0.1653 0.2875 0.0094 0.1869 0.1509 0.1805 
 LINZER_DELI 0.1974 0.0127 0.3789 0.1391 0.0085 0.2154 0.0480 
   LIONHEART 0.0245 0.0695 0.0678 0.1258 0.0370 0.4743 0.2011 
   MADELEINE 0.0844 0.0254 0.3057 0.1789 0.0280 0.3686 0.0091 
   MADINGLEY 0.0277 0.2093 0.3748 0.0132 0.1475 0.1516 0.0759 
    MAJESTIC 0.0336 0.0973 0.0733 0.1945 0.0102 0.0784 0.5128 
     MARABEL 0.0093 0.0206 0.2889 0.0978 0.0084 0.4752 0.0999 
     MARFONA 0.1364 0.0647 0.0251 0.0231 0.1124 0.4620 0.1763 
     MARILYN 0.0926 0.1132 0.3149 0.1371 0.0090 0.2853 0.0480 
 MARIS_ANCHO 0.1640 0.0213 0.1634 0.0937 0.0566 0.2731 0.2278 
  MARIS_BARD 0.0953 0.0730 0.0015 0.0632 0.2436 0.2539 0.2695 
  MARIS_PEER 0.1196 0.1860 0.1090 0.0963 0.1496 0.0066 0.3329 
 MARIS_PIPER 0.1156 0.0084 0.0284 0.0155 0.8144 0.0122 0.0056 
     MARKIES 0.1249 0.0661 0.2927 0.0286 0.0200 0.4307 0.0369 
      MAXINE 0.0064 0.1153 0.1151 0.0930 0.3877 0.0101 0.2724 
      MEGARA 0.0840 0.0281 0.2658 0.0883 0.0490 0.4717 0.0130 
      MELODY 0.1624 0.1555 0.1638 0.0525 0.0784 0.3654 0.0219 
       MIDAS 0.1087 0.0074 0.2239 0.0174 0.4899 0.1492 0.0037 
       MILVA 0.1917 0.0267 0.2780 0.1237 0.0075 0.3463 0.0261 
        MIMI 0.1175 0.1277 0.0140 0.2090 0.2313 0.2947 0.0058 
        MIRA 0.2278 0.0779 0.0064 0.0098 0.0121 0.5900 0.0759 
       MOIRA 0.1242 0.1401 0.1869 0.1088 0.0385 0.2631 0.1383 
    MONTROSE 0.2450 0.0059 0.0049 0.3631 0.3735 0.0048 0.0027 
       MORAG 0.1904 0.2121 0.0069 0.3201 0.0686 0.0298 0.1722 
      MORENE 0.1686 0.1105 0.0071 0.0078 0.0029 0.5725 0.1306 
      MOZART 0.0026 0.0077 0.3005 0.2903 0.0079 0.3630 0.0281 
 MYATT'S_ASH 0.7079 0.0126 0.0087 0.0023 0.0036 0.1555 0.1092 
      NADINE 0.0060 0.1019 0.2065 0.2116 0.3741 0.0379 0.0620 
       NAVAN 0.0270 0.0551 0.0413 0.1096 0.6549 0.0218 0.0903 
 NDTX_4271_5 0.0083 0.0093 0.3175 0.2700 0.1303 0.0039 0.2608 
      NICOLA 0.1655 0.0095 0.4775 0.0051 0.0041 0.2815 0.0567 
     NOVELLA 0.0335 0.1579 0.1634 0.1407 0.0230 0.3809 0.1007 
     OLYMPUS 0.1239 0.0488 0.0965 0.3970 0.1870 0.0105 0.1363 
       OPERA 0.0134 0.1150 0.1999 0.1473 0.0864 0.3413 0.0967 
   ORCHESTRA 0.0741 0.0298 0.3256 0.1037 0.1155 0.3324 0.0187 
      ORIANA 0.0621 0.1820 0.1427 0.0072 0.0039 0.3945 0.2076 
     OTHELLO 0.0077 0.5213 0.1052 0.1481 0.1052 0.0034 0.1091 
     PALADIN 0.1933 0.0068 0.0041 0.0689 0.6362 0.0260 0.0647 
       PANDA 0.0220 0.0662 0.5358 0.0940 0.0798 0.1930 0.0091 
   PARAMOUNT 0.0656 0.4253 0.1248 0.1672 0.0049 0.1818 0.0304 
    PATRONES 0.1704 0.0595 0.1609 0.0137 0.0743 0.3058 0.2154 
 PENTLAND_AC 0.1328 0.1680 0.1257 0.1115 0.1308 0.1383 0.1929 
 PENTLAND_BE 0.3977 0.1814 0.0050 0.0069 0.0217 0.0863 0.3010 
 PENTLAND_CR 0.1072 0.0872 0.0033 0.3409 0.0177 0.3038 0.1399 
 PENTLAND_DE 0.2365 0.1641 0.0183 0.2919 0.0076 0.0283 0.2532 
 PENTLAND_IV 0.0563 0.1287 0.1642 0.2899 0.0236 0.0054 0.3319 
 PENTLAND_JA 0.0746 0.0474 0.0138 0.2049 0.0273 0.2128 0.4193 
 PENTLAND_MA 0.1040 0.2393 0.0392 0.1416 0.0073 0.3438 0.1247 
 PENTLAND_SQ 0.1919 0.0802 0.0152 0.3526 0.0121 0.1427 0.2052 
   PEPO_1978 0.1263 0.0238 0.3535 0.0492 0.1004 0.3025 0.0444 
     PICASSO 0.0033 0.5024 0.0543 0.0339 0.1366 0.2368 0.0327 
   PIMPERNEL 0.2145 0.1285 0.1284 0.0888 0.0202 0.4159 0.0037 
     PIONEER 0.1717 0.0056 0.5281 0.1760 0.0055 0.0972 0.0160 
       PIXIE 0.0069 0.2356 0.1265 0.3068 0.2528 0.0531 0.0183 
    PREMIERE 0.2374 0.0168 0.0039 0.0128 0.0663 0.5132 0.1496 
   PRODUCENT 0.0991 0.0076 0.1410 0.0974 0.1876 0.4090 0.0583 
     PROVOST 0.1315 0.1521 0.0599 0.1960 0.0119 0.1716 0.2770 
  R.P.LUSTRE 0.2165 0.0228 0.2354 0.1870 0.1433 0.0093 0.1858 
 RANGER_RUSS 0.1787 0.1185 0.0761 0.0022 0.0033 0.0790 0.5422 
       RATTE 0.4929 0.0082 0.1613 0.2196 0.0721 0.0107 0.0353 
      RECORD 0.2882 0.1085 0.0094 0.0038 0.0067 0.5734 0.0100 
   REMBRANDT 0.1247 0.0095 0.1125 0.0870 0.0871 0.4089 0.1704 
    RIO_ROJO 0.0491 0.1473 0.2252 0.1727 0.0326 0.0466 0.3264 
      ROBIJN 0.3072 0.0850 0.0647 0.0037 0.0048 0.5144 0.0202 
      ROCKET 0.1592 0.0541 0.0154 0.1680 0.4603 0.0196 0.1234 
   RODE_STAR 0.4015 0.0394 0.2346 0.0078 0.0146 0.3000 0.0020 
      ROMANO 0.0210 0.2914 0.1698 0.1625 0.0112 0.3341 0.0100 
       ROMEO 0.1963 0.2763 0.2488 0.2153 0.0076 0.0071 0.0486 
     ROOSTER 0.1410 0.1716 0.0265 0.3250 0.0107 0.1874 0.1378 
       ROYAL 0.0927 0.0662 0.3332 0.0121 0.3437 0.1465 0.0055 
 ROYAL_KIDNE 0.3690 0.0202 0.0027 0.0132 0.0033 0.0695 0.5221 
     RUBESSE 0.0697 0.1004 0.2742 0.1627 0.0116 0.2182 0.1632 
 RUSSET_BURB 0.1084 0.0385 0.1297 0.0795 0.0141 0.0824 0.5475 
 RUSSET_NORK 0.0231 0.0063 0.2713 0.1088 0.0214 0.0032 0.5659 
      SAFARI 0.0187 0.1521 0.0445 0.2328 0.0085 0.4964 0.0470 
     SANTANA 0.0786 0.0641 0.1165 0.0304 0.1410 0.3649 0.2047 
       SANTE 0.1216 0.0452 0.0493 0.2161 0.0876 0.4714 0.0088 
     SAPHIRE 0.0052 0.0229 0.0425 0.1759 0.0471 0.4482 0.2582 
  SARPO_MIRA 0.1647 0.1749 0.4257 0.0075 0.0634 0.1542 0.0096 
 SARPO_SHONA 0.0941 0.1652 0.3941 0.0280 0.0511 0.2594 0.0081 
       SASSY 0.2104 0.0750 0.1568 0.0504 0.0861 0.2698 0.1514 
     SATURNA 0.2721 0.0110 0.2614 0.0040 0.0479 0.3976 0.0060 
        SAVA 0.0251 0.0197 0.3737 0.0705 0.1194 0.2316 0.1601 
       SAXON 0.1273 0.0391 0.0139 0.2612 0.4722 0.0748 0.0115 
 SCARBOROUGH 0.0464 0.0025 0.0085 0.4082 0.5248 0.0043 0.0053 
 SEFTON_WOND 0.4020 0.0399 0.0061 0.1302 0.0974 0.0071 0.3173 
    SERAFINA 0.1386 0.0890 0.3745 0.1636 0.0038 0.2182 0.0124 
     SETANTA 0.0803 0.1154 0.0410 0.5041 0.0996 0.1122 0.0473 
 SHARPE'S_EX 0.5783 0.0333 0.1180 0.0110 0.0961 0.0403 0.1230 
     SHELAGH 0.2760 0.2502 0.0402 0.1337 0.1267 0.1529 0.0204 
    SHELFORD 0.1508 0.2484 0.3383 0.0022 0.0365 0.1429 0.0810 
     SHEPODY 0.1537 0.1791 0.0026 0.0062 0.0083 0.2294 0.4207 
      SLANEY 0.0072 0.3731 0.1340 0.2012 0.2308 0.0094 0.0442 
        SPEY 0.0033 0.4207 0.0671 0.2237 0.2139 0.0554 0.0159 
      SPUNTA 0.2056 0.1464 0.3097 0.1700 0.0652 0.0627 0.0404 
     STAMINA 0.0024 0.2252 0.0135 0.0444 0.6146 0.0305 0.0694 
    STEMSTER 0.1567 0.1275 0.1829 0.0153 0.3106 0.1771 0.0299 
 STORMONT_EN 0.1686 0.1635 0.0543 0.0348 0.1751 0.2733 0.1305 
    STIRLING 0.0100 0.2376 0.0132 0.3776 0.0512 0.1559 0.1544 
     SYLVANA 0.0366 0.0920 0.1992 0.0806 0.0958 0.2622 0.2336 
         TAY 0.0199 0.1628 0.0437 0.4907 0.2422 0.0274 0.0133 
      TIMATE 0.0382 0.0059 0.3712 0.0711 0.1140 0.3423 0.0575 
      TOLUCA 0.0336 0.1681 0.3194 0.0674 0.0054 0.3191 0.0870 
    TORRIDON 0.1147 0.2486 0.0523 0.1597 0.0192 0.3443 0.0612 
 ULSTER_SCEP 0.0360 0.0608 0.0057 0.1657 0.2802 0.1153 0.3363 
 UMATILLA_RU 0.3731 0.0469 0.0340 0.0719 0.2849 0.1490 0.0403 
 VALES_EMERA 0.0959 0.0370 0.3634 0.2733 0.1669 0.0152 0.0483 
 VALES_EVERE 0.1426 0.3016 0.0099 0.3465 0.1290 0.0155 0.0549 
 VALES_RUSSE 0.2029 0.0179 0.1588 0.0867 0.0204 0.0652 0.4481 
 VALES_SOVER 0.0034 0.5705 0.0126 0.0908 0.3006 0.0159 0.0062 
       VALOR 0.0030 0.3865 0.0069 0.2642 0.2664 0.0668 0.0061 
    VAN_GOGH 0.1599 0.0105 0.1109 0.1036 0.0789 0.4959 0.0404 
     VANTAGE 0.2756 0.0982 0.0085 0.0028 0.0188 0.3697 0.2264 
       VERDI 0.2022 0.0847 0.2737 0.0171 0.1051 0.2934 0.0238 
    VICTORIA 0.0295 0.0162 0.1636 0.0954 0.0291 0.4016 0.2645 
     VIVALDI 0.0169 0.1225 0.1109 0.0289 0.0033 0.4718 0.2457 
       WILJA 0.1746 0.1240 0.0023 0.0021 0.0218 0.5410 0.1341 
     WINSTON 0.0028 0.1819 0.1582 0.2115 0.3724 0.0077 0.0655 
      XD2-21 0.1690 0.1965 0.0468 0.1668 0.0593 0.0921 0.2695 
  YUKON_GOLD 0.0036 0.0071 0.2358 0.2733 0.1224 0.0698 0.2882 
       ZORBA 0.1464 0.1244 0.0096 0.0437 0.0110 0.4244 0.2405 
