  00C133-020 0.0124 0.0239 0.2536 0.0182 0.4043 0.0118 0.2758 
 01C_071-002 0.0401 0.1490 0.0278 0.2008 0.1840 0.1415 0.2568 
 02M_012-001 0.0031 0.1663 0.1680 0.0212 0.4861 0.0873 0.0679 
 03M_016-002 0.2223 0.3338 0.0088 0.0066 0.3627 0.0514 0.0143 
 03M_034-002 0.0065 0.1998 0.2973 0.0602 0.3656 0.0026 0.0680 
 04C_055-004 0.0558 0.0585 0.0829 0.0322 0.4455 0.2812 0.0438 
 04C_126-005 0.0140 0.1140 0.2425 0.1211 0.2058 0.0163 0.2863 
 04M_034-013 0.1398 0.2176 0.1117 0.0375 0.4081 0.0784 0.0069 
 05M_002-001 0.1581 0.1019 0.0660 0.3054 0.1269 0.1870 0.0547 
 05M_004-003 0.0835 0.0081 0.1785 0.3592 0.1390 0.0665 0.1652 
 05M_012-004 0.1864 0.0448 0.2800 0.2628 0.0913 0.0085 0.1262 
 06C_127-002 0.0846 0.0314 0.4117 0.0110 0.1608 0.2304 0.0700 
 12288_AF_23 0.1048 0.0060 0.1818 0.0155 0.3548 0.1337 0.2033 
    12601AB1 0.0025 0.4411 0.3298 0.0039 0.2159 0.0028 0.0040 
   12636_A_2 0.0506 0.1926 0.2836 0.0067 0.3503 0.0041 0.1120 
  15119_AC_5 0.0174 0.1859 0.0052 0.0158 0.2596 0.0020 0.5140 
     1512C16 0.3050 0.2283 0.1429 0.0751 0.0062 0.0942 0.1483 
   15144_A_3 0.0051 0.0441 0.0640 0.0083 0.0092 0.2419 0.6273 
     1563C14 0.0753 0.4337 0.0117 0.1633 0.0154 0.2299 0.0707 
     2182EF7 0.2610 0.0607 0.2966 0.1191 0.0229 0.0093 0.2304 
     3681AD1 0.0708 0.0711 0.1535 0.3861 0.0431 0.0200 0.2553 
     5008AB6 0.0092 0.1254 0.2666 0.2821 0.0056 0.1111 0.2001 
    8204_A_4 0.1306 0.0338 0.3984 0.1088 0.0463 0.0513 0.2308 
       AGRIA 0.1091 0.0291 0.0764 0.4274 0.0352 0.3194 0.0034 
       AILSA 0.0435 0.0925 0.2170 0.0039 0.4571 0.1785 0.0075 
      ALMERA 0.2246 0.0099 0.0128 0.3914 0.0887 0.2422 0.0304 
       ALPHA 0.1027 0.2274 0.0585 0.3903 0.0401 0.1248 0.0562 
      ALWARA 0.0252 0.0440 0.0240 0.2603 0.0370 0.2903 0.3193 
      AMADRA 0.0251 0.1603 0.1156 0.2934 0.1651 0.2243 0.0163 
       AMOUR 0.0241 0.0281 0.1564 0.0180 0.3374 0.0362 0.3999 
        ANNA 0.0390 0.1431 0.1599 0.0160 0.0087 0.0021 0.6312 
   ANNABELLE 0.0708 0.0256 0.1010 0.4410 0.0077 0.3454 0.0086 
        ANYA 0.0774 0.2086 0.1524 0.0901 0.0108 0.3867 0.0741 
       ARGOS 0.0869 0.0055 0.0293 0.0646 0.2442 0.0612 0.5083 
     ARIELLE 0.1403 0.0773 0.0072 0.2978 0.0308 0.3417 0.1048 
      ARKULA 0.0924 0.1299 0.1023 0.4579 0.0075 0.1167 0.0933 
      ARMADA 0.1167 0.1196 0.0421 0.3782 0.1255 0.1488 0.0691 
   AVALANCHE 0.1663 0.0092 0.0154 0.2356 0.4491 0.0222 0.1022 
     BAILLIE 0.0878 0.0087 0.0829 0.1323 0.4565 0.0919 0.1399 
    BALMORAL 0.2454 0.0204 0.0740 0.2303 0.0272 0.0062 0.3965 
     BAMBINO 0.0294 0.0177 0.1530 0.0690 0.4386 0.0753 0.2171 
       BARNA 0.0474 0.0559 0.1366 0.0762 0.0549 0.2228 0.4062 
 BELLE_DE_FO 0.0701 0.8172 0.0022 0.0079 0.0026 0.0082 0.0918 
       BENOL 0.0050 0.1801 0.3043 0.0714 0.4298 0.0055 0.0038 
       BF_15 0.0264 0.6889 0.0048 0.1334 0.0031 0.0767 0.0667 
      BINTJE 0.1939 0.3085 0.0250 0.2064 0.0708 0.0971 0.0984 
 BIONICA_EX_ 0.0611 0.1589 0.3004 0.3232 0.0332 0.0224 0.1009 
 BLUE_DANUBE 0.1437 0.1447 0.0046 0.5232 0.0249 0.0083 0.1505 
      BONNIE 0.0923 0.0276 0.2162 0.1997 0.1743 0.1273 0.1625 
      BOUNTY 0.0254 0.0177 0.1775 0.1133 0.3862 0.0363 0.2436 
 BRITISH_QUE 0.4384 0.3470 0.0023 0.1381 0.0262 0.0035 0.0445 
     BRODICK 0.0135 0.0253 0.5533 0.0347 0.3026 0.0633 0.0073 
      BRODIE 0.1964 0.0966 0.1971 0.0055 0.0180 0.0199 0.4666 
      BUCHAN 0.1237 0.0584 0.2070 0.0030 0.0651 0.1391 0.4037 
      BURREN 0.0157 0.1190 0.1198 0.1093 0.0443 0.1530 0.4388 
     CABARET 0.0701 0.2549 0.1310 0.0082 0.4700 0.0066 0.0593 
      CAESAR 0.0892 0.0025 0.1954 0.3865 0.0100 0.2652 0.0512 
        CARA 0.0128 0.0559 0.1640 0.0150 0.0803 0.0163 0.6558 
 CARLINGFORD 0.3196 0.0231 0.2328 0.0466 0.0678 0.1534 0.1568 
  CASABLANCA 0.1144 0.0025 0.1209 0.2448 0.2802 0.0031 0.2340 
      CELINE 0.0236 0.1006 0.1836 0.4617 0.0386 0.0121 0.1798 
  CHALLENGER 0.1776 0.0927 0.0939 0.2798 0.1602 0.1920 0.0039 
   CHARLOTTE 0.0059 0.1471 0.2835 0.0171 0.0300 0.5071 0.0093 
     CHICAGO 0.0058 0.0508 0.0856 0.2040 0.4643 0.1763 0.0133 
   CHIEFTAIN 0.3625 0.0855 0.2094 0.0053 0.0099 0.2670 0.0604 
      CHOPIN 0.2284 0.0213 0.1329 0.4124 0.0159 0.1697 0.0193 
      CLARET 0.0334 0.0363 0.1002 0.0079 0.0861 0.1384 0.5977 
      CORINE 0.1508 0.0861 0.1286 0.2975 0.1528 0.0039 0.1802 
      COSMOS 0.2241 0.0427 0.0451 0.4590 0.1253 0.0836 0.0203 
     COURAGE 0.1556 0.1061 0.1233 0.3377 0.0371 0.1278 0.1125 
     COURLAN 0.2592 0.0627 0.1252 0.0373 0.0647 0.3035 0.1474 
 CRAIGS_ROYA 0.2169 0.0567 0.1358 0.0036 0.1707 0.0612 0.3551 
 CRAIGS_SNOW 0.3327 0.2594 0.0089 0.0140 0.1754 0.1111 0.0985 
     CRAMOND 0.0633 0.0133 0.3764 0.1623 0.3448 0.0051 0.0348 
 CRISPS_FOR_ 0.1416 0.0462 0.1304 0.2770 0.0768 0.2801 0.0479 
    CROMWELL 0.0052 0.1993 0.0037 0.0143 0.6314 0.0580 0.0882 
       D22/1 0.1496 0.1435 0.0040 0.0218 0.5451 0.0069 0.1291 
       D23/3 0.1898 0.2700 0.0227 0.0164 0.3843 0.0860 0.0308 
      D47-11 0.0166 0.2222 0.0069 0.0260 0.7041 0.0064 0.0178 
       D49/1 0.0112 0.1368 0.0194 0.0164 0.7492 0.0643 0.0027 
       DAISY 0.0159 0.1983 0.1047 0.1421 0.4201 0.1111 0.0076 
 DARK_RED_NO 0.4115 0.0787 0.0887 0.0210 0.0364 0.2463 0.1174 
     DARWINA 0.1942 0.0981 0.0131 0.4033 0.1192 0.1552 0.0168 
     DESIREE 0.0591 0.1404 0.0146 0.1582 0.0033 0.3451 0.2794 
       DITTA 0.1919 0.1172 0.0103 0.3084 0.0249 0.3281 0.0192 
 DR._MCINTOS 0.5119 0.0297 0.2248 0.0847 0.0421 0.0336 0.0731 
       DRAGA 0.3240 0.0046 0.1284 0.2897 0.1301 0.0577 0.0655 
 DUKE_OF_YOR 0.4015 0.3376 0.0041 0.2445 0.0030 0.0047 0.0045 
 DUNBAR_STAN 0.4509 0.2223 0.0164 0.0060 0.1719 0.0526 0.0799 
     DUNDROD 0.0749 0.1338 0.0687 0.0060 0.4485 0.1785 0.0895 
     ECLIPSE 0.2974 0.3769 0.1041 0.0033 0.0130 0.2027 0.0026 
        EDEN 0.0104 0.1915 0.1951 0.0052 0.5858 0.0067 0.0054 
 EDZELL_BLUE 0.1321 0.3240 0.0975 0.1835 0.0289 0.1007 0.1333 
   ELISABETH 0.0594 0.0077 0.2433 0.2631 0.0777 0.3408 0.0080 
     EMPEROR 0.3075 0.0091 0.1728 0.1160 0.1474 0.2401 0.0071 
         EOS 0.1497 0.0145 0.2074 0.1339 0.2020 0.2753 0.0171 
     EPICURE 0.3198 0.3562 0.1249 0.0425 0.0058 0.1397 0.0110 
  ERNTESTOLZ 0.2054 0.2328 0.0522 0.2590 0.0264 0.1646 0.0595 
      ESCORT 0.0096 0.0142 0.2034 0.3868 0.0929 0.2442 0.0490 
   ESMERALDA 0.0215 0.1616 0.1788 0.3092 0.0918 0.1557 0.0815 
      ESTIMA 0.2227 0.0627 0.0726 0.3125 0.1302 0.1913 0.0081 
 EVE_BALFOUR 0.0822 0.2297 0.2429 0.0205 0.0716 0.0115 0.3417 
   EXCALIBUR 0.0035 0.0036 0.2763 0.0336 0.3605 0.0157 0.3068 
     EXQUISA 0.0061 0.1620 0.0333 0.2826 0.0045 0.3840 0.1277 
    FESTIVAL 0.0431 0.0073 0.1751 0.4233 0.0989 0.2415 0.0108 
      FIANNA 0.2311 0.0089 0.1118 0.3615 0.0315 0.0819 0.1733 
   FIFTYFOLD 0.1400 0.5298 0.0347 0.0134 0.0565 0.1505 0.0751 
     FONTANE 0.1592 0.0153 0.0611 0.3588 0.1775 0.2230 0.0051 
   FORTYFOLD 0.1882 0.5398 0.0059 0.2370 0.0036 0.0053 0.0202 
 FRONTIER_RU 0.4440 0.1172 0.0728 0.0153 0.0825 0.2595 0.0087 
     G.81071 0.2018 0.0806 0.2995 0.1525 0.0859 0.0525 0.1270 
     G.88661 0.3210 0.0048 0.2724 0.1503 0.1506 0.0913 0.0095 
    G.886611 0.2737 0.0036 0.3596 0.0327 0.1372 0.1784 0.0147 
  G.8867Y%12 0.3432 0.0039 0.2739 0.0862 0.0184 0.1767 0.0976 
     G.88839 0.0039 0.0160 0.1224 0.4024 0.0045 0.4454 0.0054 
     G.88842 0.1205 0.0114 0.1559 0.4066 0.0064 0.2128 0.0864 
   GALACTICA 0.1114 0.1501 0.0027 0.3181 0.0131 0.0097 0.3949 
      GEMSON 0.2805 0.1307 0.1444 0.0145 0.0930 0.0830 0.2538 
  GL.76B/102 0.1254 0.3186 0.0115 0.1326 0.1650 0.2406 0.0063 
   GL.76B/94 0.0175 0.5255 0.0051 0.2647 0.0037 0.0386 0.1449 
  GL.77M/106 0.0139 0.1907 0.3221 0.0074 0.1280 0.1440 0.1939 
   GL.78/166 0.1094 0.5797 0.0024 0.1486 0.0694 0.0284 0.0621 
    GL.78/53 0.0048 0.5248 0.1421 0.0054 0.1495 0.1656 0.0077 
    GL.78/97 0.0272 0.5657 0.0518 0.0905 0.1015 0.1389 0.0244 
    GL.79/42 0.0035 0.5380 0.1076 0.0344 0.1194 0.1904 0.0067 
    GL.79/45 0.0040 0.5727 0.1050 0.0359 0.0431 0.1562 0.0831 
 GL.81_NT_25 0.0085 0.3379 0.0038 0.0453 0.5454 0.0050 0.0540 
   GLADIATOR 0.1700 0.0056 0.1243 0.1998 0.0762 0.2810 0.1431 
      GLAMIS 0.1631 0.0146 0.0927 0.0887 0.4150 0.1841 0.0419 
 GOLDEN_MILL 0.0060 0.1116 0.4970 0.0399 0.2849 0.0106 0.0499 
 GOLDEN_NUGG 0.0089 0.0389 0.2814 0.4520 0.0214 0.0110 0.1864 
 GOLDEN_WOND 0.1317 0.5569 0.0590 0.0806 0.0217 0.1224 0.0277 
     GRANOLA 0.0055 0.1052 0.2530 0.1501 0.0315 0.4452 0.0095 
    H1H3_101 0.0090 0.2874 0.0022 0.0039 0.6875 0.0039 0.0062 
      H1H3_3 0.1639 0.1547 0.1928 0.0752 0.3750 0.0090 0.0294 
 HARBOROUGH_ 0.0074 0.0075 0.4993 0.0179 0.4607 0.0044 0.0028 
   HARLEQUIN 0.0156 0.1690 0.1817 0.0237 0.0731 0.4571 0.0799 
      HERMES 0.0622 0.0912 0.0034 0.2226 0.0697 0.3170 0.2340 
 HIGHLAND_BU 0.0109 0.7948 0.0764 0.1076 0.0048 0.0023 0.0031 
  HOME_GUARD 0.2765 0.2095 0.1970 0.0213 0.1260 0.0573 0.1125 
     HORIZON 0.0297 0.2360 0.0291 0.4565 0.0984 0.0598 0.0905 
   INNOVATOR 0.4720 0.1334 0.0178 0.2995 0.0074 0.0033 0.0666 
 INTERNATION 0.0763 0.8493 0.0037 0.0524 0.0054 0.0040 0.0089 
 ISLE_OF_JUR 0.0477 0.1155 0.1070 0.0850 0.4135 0.0885 0.1429 
    JULIETTE 0.0063 0.0517 0.1505 0.2429 0.0097 0.5306 0.0082 
     KARLENA 0.2512 0.1691 0.0037 0.2372 0.0588 0.0305 0.2495 
 KERR'S_PINK 0.3302 0.4186 0.0591 0.0057 0.0703 0.0471 0.0689 
     KESTREL 0.0203 0.0050 0.1555 0.0037 0.3017 0.1354 0.3783 
       KIFLI 0.0086 0.1836 0.1230 0.1053 0.0742 0.4940 0.0114 
 KING_EDWARD 0.1193 0.7032 0.0186 0.0035 0.0344 0.1183 0.0027 
    KINGSTON 0.0041 0.1869 0.2659 0.1205 0.3723 0.0078 0.0424 
 KUFRI_CHAND 0.3901 0.1394 0.0442 0.1158 0.1116 0.1278 0.0712 
 KUFRI_JYOTI 0.0507 0.1483 0.2672 0.2424 0.0055 0.0331 0.2529 
      KURODA 0.1859 0.0107 0.0114 0.4592 0.0546 0.1485 0.1297 
 LADY_BALFOU 0.1437 0.1390 0.1566 0.0565 0.1504 0.0142 0.3396 
 LADY_CHRIST 0.0624 0.2849 0.0846 0.4333 0.0536 0.0496 0.0317 
 LADY_CLAIRE 0.0391 0.2120 0.0032 0.7017 0.0122 0.0145 0.0172 
     LADY_JO 0.1088 0.2799 0.0029 0.5703 0.0259 0.0020 0.0102 
 LADY_ROSETT 0.1307 0.1284 0.1147 0.3427 0.1078 0.1083 0.0673 
    LIBERTAS 0.0068 0.3016 0.0024 0.5300 0.0051 0.0020 0.1520 
       LINDA 0.0089 0.2079 0.0495 0.1331 0.0047 0.5477 0.0482 
      LINTON 0.1788 0.0202 0.0085 0.1545 0.1835 0.2871 0.1673 
 LINZER_DELI 0.0449 0.1940 0.1382 0.2208 0.0079 0.3777 0.0165 
   LIONHEART 0.2012 0.0279 0.1247 0.4771 0.0378 0.0667 0.0646 
   MADELEINE 0.0106 0.0779 0.1735 0.3717 0.0314 0.3062 0.0287 
   MADINGLEY 0.0777 0.0300 0.0194 0.1523 0.1411 0.3722 0.2072 
    MAJESTIC 0.5157 0.0392 0.1900 0.0769 0.0106 0.0768 0.0907 
     MARABEL 0.0955 0.0066 0.0986 0.4796 0.0099 0.2865 0.0234 
     MARFONA 0.1753 0.1367 0.0222 0.4664 0.1149 0.0220 0.0624 
     MARILYN 0.0438 0.0901 0.1387 0.2916 0.0090 0.3140 0.1128 
 MARIS_ANCHO 0.2276 0.1615 0.0877 0.2784 0.0570 0.1666 0.0211 
  MARIS_BARD 0.2695 0.1008 0.0574 0.2536 0.2469 0.0015 0.0703 
  MARIS_PEER 0.3307 0.1237 0.0966 0.0069 0.1476 0.1105 0.1840 
 MARIS_PIPER 0.0065 0.1191 0.0148 0.0130 0.8107 0.0290 0.0069 
     MARKIES 0.0365 0.1229 0.0334 0.4407 0.0146 0.2881 0.0638 
      MAXINE 0.2687 0.0065 0.0906 0.0090 0.3856 0.1215 0.1181 
      MEGARA 0.0116 0.0814 0.0899 0.4781 0.0483 0.2605 0.0302 
      MELODY 0.0213 0.1627 0.0593 0.3684 0.0675 0.1648 0.1560 
       MIDAS 0.0043 0.1058 0.0157 0.1515 0.4891 0.2254 0.0082 
       MILVA 0.0283 0.1904 0.1246 0.3551 0.0065 0.2742 0.0209 
        MIMI 0.0058 0.1152 0.2066 0.2987 0.2312 0.0146 0.1280 
        MIRA 0.0784 0.2253 0.0097 0.5987 0.0121 0.0054 0.0705 
       MOIRA 0.1341 0.1249 0.1110 0.2678 0.0383 0.1882 0.1357 
    MONTROSE 0.0024 0.2483 0.3608 0.0035 0.3746 0.0046 0.0057 
       MORAG 0.1745 0.1934 0.3155 0.0320 0.0703 0.0072 0.2071 
      MORENE 0.1298 0.1678 0.0085 0.5763 0.0035 0.0073 0.1068 
      MOZART 0.0269 0.0023 0.2881 0.3707 0.0073 0.2983 0.0064 
 MYATT'S_ASH 0.1006 0.7128 0.0022 0.1594 0.0043 0.0087 0.0120 
      NADINE 0.0632 0.0063 0.2054 0.0346 0.3749 0.2108 0.1049 
       NAVAN 0.0815 0.0381 0.0988 0.0170 0.6560 0.0522 0.0564 
 NDTX_4271_5 0.2595 0.0111 0.2620 0.0035 0.1322 0.3233 0.0084 
      NICOLA 0.0492 0.1647 0.0051 0.2912 0.0039 0.4768 0.0091 
     NOVELLA 0.0973 0.0303 0.1406 0.3858 0.0246 0.1639 0.1577 
     OLYMPUS 0.1395 0.1261 0.3907 0.0075 0.1886 0.0996 0.0481 
       OPERA 0.0917 0.0122 0.1518 0.3476 0.0798 0.2003 0.1167 
   ORCHESTRA 0.0155 0.0753 0.1048 0.3384 0.1129 0.3253 0.0279 
      ORIANA 0.2089 0.0574 0.0079 0.3997 0.0035 0.1465 0.1760 
     OTHELLO 0.1119 0.0068 0.1472 0.0031 0.1045 0.1084 0.5182 
     PALADIN 0.0546 0.1966 0.0726 0.0297 0.6345 0.0050 0.0068 
       PANDA 0.0065 0.0219 0.0960 0.2015 0.0715 0.5317 0.0708 
   PARAMOUNT 0.0234 0.0681 0.1661 0.1865 0.0060 0.1242 0.4257 
    PATRONES 0.2142 0.1718 0.0117 0.3088 0.0765 0.1605 0.0565 
 PENTLAND_AC 0.1900 0.1374 0.1073 0.1390 0.1330 0.1279 0.1654 
 PENTLAND_BE 0.2984 0.4003 0.0058 0.0848 0.0242 0.0061 0.1804 
 PENTLAND_CR 0.1420 0.1054 0.3396 0.3051 0.0205 0.0031 0.0844 
 PENTLAND_DE 0.2540 0.2402 0.2870 0.0250 0.0086 0.0210 0.1642 
 PENTLAND_IV 0.3361 0.0539 0.2850 0.0045 0.0236 0.1693 0.1276 
 PENTLAND_JA 0.4253 0.0725 0.2008 0.2176 0.0317 0.0096 0.0424 
 PENTLAND_MA 0.1279 0.1033 0.1409 0.3524 0.0054 0.0331 0.2369 
 PENTLAND_SQ 0.2111 0.1940 0.3503 0.1431 0.0143 0.0113 0.0760 
   PEPO_1978 0.0382 0.1232 0.0548 0.3111 0.0995 0.3511 0.0221 
     PICASSO 0.0345 0.0029 0.0327 0.2388 0.1395 0.0553 0.4962 
   PIMPERNEL 0.0037 0.2127 0.0885 0.4227 0.0155 0.1244 0.1324 
     PIONEER 0.0119 0.1696 0.1799 0.1049 0.0054 0.5240 0.0044 
       PIXIE 0.0233 0.0055 0.3032 0.0526 0.2528 0.1241 0.2386 
    PREMIERE 0.1504 0.2378 0.0146 0.5146 0.0653 0.0031 0.0142 
   PRODUCENT 0.0614 0.0955 0.0955 0.4133 0.1875 0.1389 0.0078 
     PROVOST 0.2798 0.1360 0.1959 0.1724 0.0098 0.0578 0.1482 
  R.P.LUSTRE 0.1841 0.2191 0.1814 0.0127 0.1440 0.2375 0.0212 
 RANGER_RUSS 0.5402 0.1826 0.0021 0.0788 0.0025 0.0769 0.1168 
       RATTE 0.0265 0.4973 0.2196 0.0110 0.0719 0.1651 0.0087 
      RECORD 0.0085 0.2879 0.0040 0.5783 0.0071 0.0079 0.1063 
   REMBRANDT 0.1680 0.1243 0.0959 0.4181 0.0873 0.0991 0.0073 
    RIO_ROJO 0.3255 0.0483 0.1692 0.0426 0.0286 0.2329 0.1530 
      ROBIJN 0.0215 0.3049 0.0032 0.5219 0.0043 0.0619 0.0823 
      ROCKET 0.1231 0.1632 0.1624 0.0209 0.4615 0.0134 0.0555 
   RODE_STAR 0.0017 0.3982 0.0079 0.3058 0.0107 0.2310 0.0447 
      ROMANO 0.0091 0.0162 0.1624 0.3373 0.0108 0.1701 0.2940 
       ROMEO 0.0448 0.2002 0.2140 0.0074 0.0067 0.2489 0.2780 
     ROOSTER 0.1352 0.1412 0.3227 0.1908 0.0112 0.0287 0.1701 
       ROYAL 0.0053 0.0866 0.0120 0.1516 0.3434 0.3355 0.0655 
 ROYAL_KIDNE 0.5207 0.3759 0.0120 0.0654 0.0031 0.0032 0.0196 
     RUBESSE 0.1660 0.0693 0.1618 0.2186 0.0122 0.2749 0.0974 
 RUSSET_BURB 0.5477 0.1100 0.0741 0.0770 0.0149 0.1352 0.0410 
 RUSSET_NORK 0.5660 0.0242 0.1040 0.0030 0.0212 0.2755 0.0062 
      SAFARI 0.0547 0.0193 0.2308 0.4981 0.0077 0.0389 0.1505 
     SANTANA 0.2006 0.0795 0.0336 0.3679 0.1369 0.1141 0.0674 
       SANTE 0.0086 0.1177 0.2144 0.4748 0.0909 0.0473 0.0463 
     SAPHIRE 0.2617 0.0052 0.1788 0.4533 0.0408 0.0327 0.0274 
  SARPO_MIRA 0.0108 0.1650 0.0082 0.1593 0.0557 0.4245 0.1765 
 SARPO_SHONA 0.0077 0.0939 0.0280 0.2666 0.0417 0.3921 0.1701 
       SASSY 0.1459 0.2141 0.0504 0.2724 0.0782 0.1592 0.0797 
     SATURNA 0.0044 0.2701 0.0035 0.4039 0.0461 0.2598 0.0122 
        SAVA 0.1573 0.0287 0.0703 0.2418 0.1136 0.3713 0.0170 
       SAXON 0.0175 0.1248 0.2586 0.0737 0.4723 0.0138 0.0393 
 SCARBOROUGH 0.0050 0.0483 0.4046 0.0041 0.5269 0.0085 0.0026 
 SEFTON_WOND 0.3141 0.4087 0.1322 0.0084 0.0876 0.0054 0.0436 
    SERAFINA 0.0110 0.1332 0.1634 0.2247 0.0039 0.3744 0.0893 
     SETANTA 0.0494 0.0838 0.4997 0.1104 0.1010 0.0401 0.1156 
 SHARPE'S_EX 0.1142 0.5839 0.0124 0.0377 0.0984 0.1217 0.0316 
     SHELAGH 0.0184 0.2749 0.1340 0.1539 0.1308 0.0419 0.2460 
    SHELFORD 0.0792 0.1520 0.0023 0.1486 0.0319 0.3382 0.2479 
     SHEPODY 0.4209 0.1577 0.0063 0.2290 0.0095 0.0028 0.1738 
      SLANEY 0.0493 0.0089 0.1987 0.0104 0.2274 0.1350 0.3702 
        SPEY 0.0172 0.0032 0.2245 0.0496 0.2179 0.0652 0.4224 
      SPUNTA 0.0369 0.2065 0.1693 0.0603 0.0659 0.3117 0.1494 
     STAMINA 0.0727 0.0024 0.0417 0.0290 0.6136 0.0150 0.2256 
    STEMSTER 0.0247 0.1585 0.0124 0.1817 0.3096 0.1831 0.1299 
 STORMONT_EN 0.1275 0.1677 0.0273 0.2693 0.1797 0.0613 0.1672 
    STIRLING 0.1576 0.0104 0.3768 0.1555 0.0558 0.0129 0.2311 
     SYLVANA 0.2352 0.0391 0.0745 0.2599 0.0981 0.1991 0.0940 
         TAY 0.0190 0.0224 0.4879 0.0244 0.2443 0.0417 0.1602 
      TIMATE 0.0571 0.0352 0.0707 0.3485 0.1129 0.3704 0.0051 
      TOLUCA 0.0796 0.0317 0.0703 0.3287 0.0048 0.3163 0.1687 
    TORRIDON 0.0554 0.1201 0.1611 0.3499 0.0188 0.0485 0.2463 
 ULSTER_SCEP 0.3386 0.0356 0.1604 0.1150 0.2828 0.0073 0.0604 
 UMATILLA_RU 0.0391 0.3727 0.0705 0.1504 0.2851 0.0353 0.0469 
 VALES_EMERA 0.0480 0.1017 0.2714 0.0165 0.1635 0.3624 0.0365 
 VALES_EVERE 0.0562 0.1467 0.3452 0.0158 0.1299 0.0095 0.2966 
 VALES_RUSSE 0.4486 0.2075 0.0864 0.0500 0.0253 0.1639 0.0184 
 VALES_SOVER 0.0067 0.0034 0.0931 0.0173 0.2992 0.0137 0.5667 
       VALOR 0.0055 0.0029 0.2618 0.0694 0.2669 0.0062 0.3874 
    VAN_GOGH 0.0364 0.1604 0.0995 0.4994 0.0822 0.1107 0.0114 
     VANTAGE 0.2251 0.2753 0.0027 0.3673 0.0247 0.0108 0.0941 
       VERDI 0.0207 0.2027 0.0222 0.3022 0.0976 0.2748 0.0799 
    VICTORIA 0.2633 0.0244 0.1019 0.4099 0.0225 0.1586 0.0194 
     VIVALDI 0.2469 0.0176 0.0303 0.4770 0.0038 0.1080 0.1164 
       WILJA 0.1331 0.1724 0.0021 0.5468 0.0208 0.0020 0.1226 
     WINSTON 0.0641 0.0029 0.2046 0.0068 0.3724 0.1633 0.1860 
      XD2-21 0.2699 0.1714 0.1597 0.0850 0.0655 0.0523 0.1962 
  YUKON_GOLD 0.2938 0.0042 0.2675 0.0700 0.1201 0.2374 0.0070 
       ZORBA 0.2419 0.1460 0.0414 0.4317 0.0100 0.0103 0.1186 
