  00C133-020 0.0142 0.0066 0.0079 0.3649 0.2315 0.0101 0.0219 0.1649 0.1780 
 01C_071-002 0.0367 0.1148 0.1189 0.1590 0.2735 0.1385 0.1054 0.0025 0.0507 
 02M_012-001 0.0027 0.0782 0.1090 0.4552 0.0485 0.0179 0.0515 0.0199 0.2172 
 03M_016-002 0.1445 0.0497 0.3449 0.3885 0.0393 0.0061 0.0096 0.0070 0.0104 
 03M_034-002 0.0291 0.0014 0.0964 0.3834 0.0445 0.1560 0.0035 0.0095 0.2762 
 04C_055-004 0.0465 0.1790 0.0217 0.4344 0.0078 0.1160 0.0060 0.1573 0.0313 
 04C_126-005 0.0206 0.0079 0.0649 0.2030 0.2828 0.1177 0.0381 0.0573 0.2077 
 04M_034-013 0.1162 0.0305 0.1949 0.4140 0.0072 0.0756 0.0136 0.0417 0.1063 
 05M_002-001 0.1506 0.2265 0.0848 0.1136 0.0588 0.1176 0.1992 0.0113 0.0377 
 05M_004-003 0.1012 0.1679 0.0047 0.0598 0.1680 0.0111 0.3288 0.0236 0.1350 
 05M_012-004 0.1803 0.0096 0.0370 0.0367 0.0979 0.0481 0.2453 0.1327 0.2123 
 06C_127-002 0.1221 0.1568 0.0284 0.1142 0.0578 0.0272 0.0034 0.1317 0.3584 
 12288_AF_23 0.0097 0.0482 0.0054 0.2835 0.0505 0.0128 0.1025 0.3880 0.0994 
    12601AB1 0.0018 0.0022 0.3607 0.1912 0.0047 0.0097 0.0052 0.0019 0.4226 
   12636_A_2 0.0123 0.0025 0.1515 0.3197 0.0673 0.0062 0.0349 0.0992 0.3064 
  15119_AC_5 0.0092 0.0013 0.1481 0.2767 0.4973 0.0474 0.0086 0.0090 0.0024 
     1512C16 0.1842 0.0344 0.2642 0.0044 0.0911 0.0282 0.1349 0.1951 0.0636 
   15144_A_3 0.0025 0.1350 0.0319 0.0049 0.5791 0.1013 0.0033 0.1327 0.0094 
     1563C14 0.0069 0.1461 0.4043 0.0085 0.0160 0.1354 0.1561 0.1222 0.0044 
     2182EF7 0.3220 0.0238 0.0785 0.0164 0.2902 0.0275 0.0238 0.0156 0.2023 
     3681AD1 0.0874 0.0700 0.0355 0.0065 0.2626 0.0609 0.3340 0.0056 0.1376 
     5008AB6 0.0799 0.0598 0.0557 0.0071 0.2142 0.2942 0.0334 0.0134 0.2423 
    8204_A_4 0.1900 0.0288 0.0267 0.0203 0.2484 0.0629 0.0159 0.1260 0.2810 
       AGRIA 0.0786 0.4638 0.0234 0.0055 0.0044 0.0073 0.3758 0.0031 0.0382 
       AILSA 0.0418 0.1359 0.0902 0.4286 0.0117 0.0064 0.0035 0.0849 0.1971 
      ALMERA 0.2668 0.2480 0.0079 0.0784 0.0441 0.1943 0.1507 0.0066 0.0032 
       ALPHA 0.0727 0.0278 0.1802 0.0235 0.0077 0.2694 0.2532 0.1443 0.0211 
      ALWARA 0.0390 0.1134 0.0119 0.0363 0.2178 0.3659 0.0321 0.1680 0.0156 
      AMADRA 0.0399 0.1841 0.1135 0.1537 0.0102 0.1941 0.1436 0.0738 0.0871 
       AMOUR 0.0143 0.0220 0.0216 0.2919 0.4313 0.0064 0.0211 0.0797 0.1117 
        ANNA 0.0897 0.0018 0.1310 0.0059 0.6925 0.0155 0.0061 0.0057 0.0520 
   ANNABELLE 0.2250 0.2780 0.0080 0.0217 0.0155 0.4014 0.0156 0.0051 0.0298 
        ANYA 0.0633 0.2491 0.1897 0.0079 0.0218 0.1995 0.0062 0.1576 0.1049 
       ARGOS 0.0517 0.0403 0.0061 0.2074 0.4534 0.0255 0.0329 0.1787 0.0041 
     ARIELLE 0.1275 0.2698 0.0721 0.0373 0.0776 0.2488 0.0983 0.0662 0.0024 
      ARKULA 0.1153 0.0212 0.0676 0.0090 0.0130 0.3574 0.2156 0.1610 0.0400 
      ARMADA 0.1683 0.0305 0.0386 0.1724 0.0138 0.3672 0.0908 0.1109 0.0076 
   AVALANCHE 0.1446 0.0430 0.0091 0.4108 0.0892 0.0204 0.2315 0.0350 0.0164 
     BAILLIE 0.0873 0.0622 0.0047 0.4342 0.1172 0.0690 0.0859 0.0731 0.0663 
    BALMORAL 0.2453 0.0069 0.0490 0.0122 0.4304 0.0522 0.1603 0.0233 0.0205 
     BAMBINO 0.0356 0.0605 0.0084 0.4087 0.1947 0.0256 0.0402 0.1255 0.1008 
       BARNA 0.0154 0.0616 0.0342 0.0397 0.3072 0.2108 0.0071 0.2918 0.0321 
 BELLE_DE_FO 0.0041 0.0027 0.7937 0.0038 0.0444 0.0926 0.0193 0.0373 0.0020 
       BENOL 0.0346 0.0380 0.1080 0.4004 0.0112 0.0052 0.0569 0.0013 0.3444 
       BF_15 0.0042 0.0447 0.6354 0.0043 0.0446 0.1801 0.0711 0.0105 0.0050 
      BINTJE 0.1312 0.0395 0.2878 0.0710 0.0380 0.1324 0.1773 0.1127 0.0101 
 BIONICA_EX_ 0.1654 0.0247 0.0844 0.0198 0.1021 0.1545 0.1754 0.0059 0.2679 
 BLUE_DANUBE 0.1729 0.0111 0.0917 0.0195 0.1238 0.2284 0.3441 0.0036 0.0050 
      BONNIE 0.1137 0.0665 0.0112 0.1450 0.1229 0.1534 0.0670 0.1795 0.1409 
      BOUNTY 0.0120 0.0390 0.0082 0.3275 0.1831 0.0050 0.1398 0.1775 0.1079 
 BRITISH_QUE 0.3101 0.0045 0.3974 0.0413 0.0575 0.0151 0.1653 0.0075 0.0014 
     BRODICK 0.0678 0.0528 0.0072 0.2432 0.0198 0.0273 0.0111 0.0181 0.5528 
      BRODIE 0.0795 0.0057 0.1375 0.0062 0.4118 0.0047 0.0238 0.2561 0.0747 
      BUCHAN 0.0403 0.0810 0.1049 0.0298 0.3630 0.0059 0.0035 0.2803 0.0913 
      BURREN 0.0147 0.1369 0.1134 0.0204 0.4474 0.0768 0.0593 0.0787 0.0525 
     CABARET 0.0273 0.0040 0.2111 0.4829 0.0136 0.0116 0.0178 0.1247 0.1070 
      CAESAR 0.0850 0.2768 0.0022 0.0032 0.0273 0.0980 0.2756 0.1387 0.0931 
        CARA 0.0067 0.0064 0.0552 0.0344 0.6535 0.0176 0.0111 0.1572 0.0580 
 CARLINGFORD 0.3092 0.0659 0.0328 0.0606 0.0969 0.1085 0.0049 0.2237 0.0974 
  CASABLANCA 0.1896 0.0146 0.0020 0.2374 0.2846 0.0099 0.1727 0.0047 0.0844 
      CELINE 0.0616 0.0046 0.0121 0.0270 0.0568 0.2838 0.2334 0.2054 0.1153 
  CHALLENGER 0.1543 0.2132 0.0939 0.1123 0.0031 0.0695 0.2146 0.0783 0.0609 
   CHARLOTTE 0.0053 0.4197 0.1208 0.0093 0.0061 0.1192 0.0027 0.1082 0.2086 
     CHICAGO 0.0093 0.1929 0.0172 0.4413 0.0261 0.0917 0.1045 0.0074 0.1096 
   CHIEFTAIN 0.1880 0.2118 0.1523 0.0044 0.0156 0.0029 0.0419 0.3073 0.0757 
      CHOPIN 0.3141 0.1169 0.0100 0.0268 0.0218 0.2955 0.1086 0.0375 0.0688 
      CLARET 0.0131 0.0287 0.0380 0.0572 0.5502 0.1067 0.0031 0.1821 0.0208 
      CORINE 0.1267 0.0158 0.0785 0.0866 0.1939 0.0154 0.3197 0.0054 0.1580 
      COSMOS 0.2163 0.0487 0.0277 0.1099 0.0116 0.2524 0.2447 0.0583 0.0304 
     COURAGE 0.1210 0.0143 0.0496 0.0260 0.0148 0.2896 0.1938 0.2190 0.0719 
     COURLAN 0.1028 0.2798 0.1254 0.0133 0.1382 0.0034 0.1260 0.1479 0.0632 
 CRAIGS_ROYA 0.1011 0.0118 0.1106 0.1264 0.2911 0.0032 0.0226 0.3121 0.0210 
 CRAIGS_SNOW 0.1785 0.0588 0.3059 0.1493 0.0575 0.0056 0.0998 0.1406 0.0041 
     CRAMOND 0.1414 0.0054 0.0044 0.3023 0.0282 0.0465 0.0791 0.0481 0.3448 
 CRISPS_FOR_ 0.0828 0.1880 0.0472 0.0294 0.0079 0.1729 0.1802 0.2496 0.0422 
    CROMWELL 0.0022 0.0395 0.1506 0.6478 0.0750 0.0341 0.0251 0.0176 0.0079 
       D22/1 0.0525 0.0059 0.1215 0.5515 0.0523 0.0055 0.0793 0.1292 0.0023 
       D23/3 0.0880 0.0582 0.2609 0.3768 0.0102 0.0055 0.0663 0.1277 0.0064 
      D47-11 0.0142 0.0066 0.1534 0.7255 0.0118 0.0214 0.0414 0.0048 0.0208 
       D49/1 0.0129 0.0288 0.0774 0.7645 0.0022 0.0538 0.0056 0.0191 0.0357 
       DAISY 0.0083 0.0895 0.1427 0.3943 0.0054 0.0764 0.1147 0.0542 0.1145 
 DARK_RED_NO 0.3481 0.1913 0.1729 0.0237 0.1676 0.0249 0.0085 0.0494 0.0135 
     DARWINA 0.1494 0.1415 0.0787 0.0861 0.0089 0.1628 0.2951 0.0722 0.0052 
     DESIREE 0.0155 0.1097 0.1059 0.0030 0.0913 0.3565 0.0124 0.3021 0.0035 
       DITTA 0.1732 0.3233 0.1303 0.0167 0.0220 0.1641 0.1500 0.0166 0.0037 
 DR._MCINTOS 0.4622 0.0059 0.0859 0.0258 0.0329 0.0702 0.0101 0.2337 0.0732 
       DRAGA 0.2956 0.1111 0.0081 0.0638 0.1137 0.0226 0.2597 0.0189 0.1065 
 DUKE_OF_YOR 0.3693 0.0044 0.3567 0.0038 0.0076 0.1249 0.1289 0.0024 0.0021 
 DUNBAR_STAN 0.2633 0.0122 0.3157 0.1319 0.0423 0.0031 0.0414 0.1866 0.0036 
     DUNDROD 0.0227 0.1401 0.1357 0.4296 0.0870 0.0129 0.0103 0.0913 0.0704 
     ECLIPSE 0.2306 0.0765 0.4266 0.0162 0.0016 0.0676 0.0021 0.1513 0.0275 
        EDEN 0.0096 0.0033 0.1380 0.5878 0.0044 0.0101 0.0056 0.0145 0.2266 
 EDZELL_BLUE 0.0624 0.0339 0.2927 0.0166 0.0714 0.1301 0.1902 0.1107 0.0921 
   ELISABETH 0.1312 0.1835 0.0044 0.0646 0.0032 0.3109 0.0057 0.2056 0.0910 
     EMPEROR 0.2172 0.2674 0.0482 0.0824 0.0106 0.0038 0.1545 0.1157 0.1003 
         EOS 0.1498 0.1843 0.0134 0.1707 0.0065 0.1234 0.0307 0.2308 0.0903 
     EPICURE 0.2194 0.0071 0.3549 0.0062 0.0037 0.1736 0.0057 0.1943 0.0350 
  ERNTESTOLZ 0.1766 0.1913 0.2360 0.0141 0.0999 0.0870 0.1591 0.0066 0.0293 
      ESCORT 0.0405 0.1902 0.0048 0.0412 0.0131 0.2231 0.1939 0.1435 0.1496 
   ESMERALDA 0.0117 0.0561 0.1085 0.0648 0.0126 0.2628 0.1548 0.2035 0.1252 
      ESTIMA 0.2166 0.0975 0.0476 0.1094 0.0036 0.2526 0.1025 0.1313 0.0389 
 EVE_BALFOUR 0.0646 0.0041 0.1987 0.0573 0.3440 0.0550 0.0092 0.0416 0.2256 
   EXCALIBUR 0.0046 0.0312 0.0025 0.3003 0.3355 0.0055 0.0362 0.0836 0.2006 
     EXQUISA 0.0210 0.2495 0.1101 0.0083 0.1293 0.4249 0.0056 0.0385 0.0128 
    FESTIVAL 0.1148 0.1929 0.0034 0.0654 0.0066 0.2573 0.1632 0.1255 0.0710 
      FIANNA 0.2773 0.0728 0.0062 0.0238 0.1731 0.1730 0.1822 0.0354 0.0562 
   FIFTYFOLD 0.0249 0.0541 0.5242 0.0542 0.0458 0.0671 0.0605 0.1441 0.0251 
     FONTANE 0.0865 0.3352 0.0233 0.0877 0.0050 0.0033 0.3881 0.0541 0.0167 
   FORTYFOLD 0.1083 0.0059 0.5182 0.0030 0.0145 0.0788 0.2564 0.0034 0.0114 
 FRONTIER_RU 0.3184 0.1968 0.2148 0.0531 0.0102 0.0071 0.0450 0.1421 0.0124 
     G.81071 0.2173 0.0255 0.0795 0.0653 0.1173 0.1094 0.0323 0.1398 0.2137 
     G.88661 0.3597 0.0910 0.0077 0.1334 0.0131 0.0369 0.0606 0.1852 0.1124 
    G.886611 0.3212 0.1190 0.0039 0.0983 0.0050 0.0264 0.0043 0.2716 0.1503 
  G.8867Y%12 0.4124 0.1209 0.0052 0.0201 0.0767 0.0884 0.0056 0.2105 0.0602 
     G.88839 0.0790 0.3071 0.0045 0.0050 0.0076 0.5175 0.0042 0.0069 0.0680 
     G.88842 0.2430 0.1652 0.0047 0.0118 0.1245 0.3543 0.0175 0.0067 0.0722 
   GALACTICA 0.0958 0.0084 0.1245 0.0089 0.4061 0.1675 0.1841 0.0025 0.0021 
      GEMSON 0.1990 0.0533 0.1779 0.0738 0.2199 0.0093 0.0257 0.2083 0.0327 
  GL.76B/102 0.1091 0.2075 0.2962 0.1871 0.0097 0.1556 0.0173 0.0043 0.0132 
   GL.76B/94 0.0140 0.0105 0.4436 0.0040 0.1471 0.2400 0.1319 0.0014 0.0074 
  GL.77M/106 0.0062 0.1076 0.1750 0.0812 0.1808 0.0207 0.0061 0.1143 0.3082 
   GL.78/166 0.0846 0.0116 0.5082 0.1155 0.0350 0.1559 0.0839 0.0025 0.0027 
    GL.78/53 0.0032 0.1325 0.4799 0.1640 0.0142 0.0445 0.0049 0.0158 0.1408 
    GL.78/97 0.0184 0.0957 0.4881 0.1245 0.0253 0.1311 0.0379 0.0068 0.0723 
    GL.79/42 0.0015 0.0747 0.4513 0.1013 0.0026 0.1482 0.0203 0.1124 0.0877 
    GL.79/45 0.0035 0.0137 0.4546 0.0798 0.0236 0.2500 0.0046 0.0771 0.0932 
 GL.81_NT_25 0.0056 0.0092 0.2689 0.5550 0.0578 0.0064 0.0890 0.0025 0.0056 
   GLADIATOR 0.0987 0.2188 0.0100 0.0260 0.0952 0.0772 0.2057 0.2304 0.0381 
      GLAMIS 0.1235 0.1346 0.0101 0.4025 0.0119 0.0802 0.0270 0.1742 0.0360 
 GOLDEN_MILL 0.0201 0.0135 0.0553 0.2517 0.0897 0.0351 0.0204 0.0194 0.4947 
 GOLDEN_NUGG 0.0071 0.0056 0.0047 0.0056 0.0162 0.1657 0.3186 0.3335 0.1430 
 GOLDEN_WOND 0.0127 0.0266 0.5381 0.0120 0.0084 0.0888 0.1376 0.1330 0.0429 
     GRANOLA 0.0330 0.3717 0.0778 0.0288 0.0217 0.2154 0.0091 0.0321 0.2104 
    H1H3_101 0.0041 0.0055 0.2427 0.7263 0.0078 0.0036 0.0051 0.0015 0.0035 
      H1H3_3 0.1177 0.0075 0.1330 0.3397 0.0085 0.0083 0.0963 0.1317 0.1575 
 HARBOROUGH_ 0.0272 0.0128 0.0032 0.3941 0.0053 0.0018 0.0283 0.0065 0.5208 
   HARLEQUIN 0.0032 0.4023 0.1741 0.0183 0.0293 0.0250 0.0364 0.1633 0.1482 
      HERMES 0.0115 0.3019 0.1073 0.0352 0.2372 0.0984 0.1978 0.0074 0.0031 
 HIGHLAND_BU 0.0160 0.0018 0.7099 0.0098 0.0031 0.1223 0.0445 0.0021 0.0906 
  HOME_GUARD 0.1765 0.0429 0.2456 0.0715 0.0789 0.0033 0.0881 0.2128 0.0805 
     HORIZON 0.0243 0.0541 0.1599 0.0970 0.0317 0.2293 0.3127 0.0778 0.0132 
   INNOVATOR 0.4110 0.0035 0.1949 0.0040 0.0934 0.0239 0.2593 0.0038 0.0063 
 INTERNATION 0.0072 0.0065 0.8242 0.0051 0.0133 0.0150 0.1221 0.0023 0.0042 
 ISLE_OF_JUR 0.1314 0.0564 0.0590 0.4282 0.1493 0.1140 0.0063 0.0089 0.0465 
    JULIETTE 0.0099 0.5822 0.0476 0.0048 0.0262 0.1324 0.0799 0.0096 0.1074 
     KARLENA 0.1419 0.0483 0.1955 0.0192 0.2699 0.0246 0.2892 0.0040 0.0073 
 KERR'S_PINK 0.1900 0.0092 0.4739 0.0544 0.0631 0.0066 0.0433 0.1380 0.0215 
     KESTREL 0.0049 0.0564 0.0065 0.2489 0.3098 0.0046 0.0060 0.3292 0.0336 
       KIFLI 0.0080 0.3581 0.1368 0.0493 0.0100 0.2337 0.0076 0.0428 0.1538 
 KING_EDWARD 0.0332 0.0269 0.7020 0.0600 0.0023 0.0559 0.0065 0.0983 0.0149 
    KINGSTON 0.0088 0.0257 0.1246 0.3602 0.0695 0.0330 0.1025 0.0176 0.2580 
 KUFRI_CHAND 0.2774 0.1283 0.1928 0.0677 0.0592 0.0073 0.1517 0.1096 0.0060 
 KUFRI_JYOTI 0.1338 0.0238 0.1010 0.0047 0.2758 0.1594 0.0848 0.0154 0.2013 
      KURODA 0.1955 0.1605 0.0064 0.0207 0.1346 0.1603 0.3106 0.0055 0.0059 
 LADY_BALFOU 0.1293 0.0050 0.1320 0.1366 0.3343 0.0569 0.0161 0.1185 0.0713 
 LADY_CHRIST 0.0341 0.0172 0.2153 0.0284 0.0058 0.2388 0.3047 0.0709 0.0847 
 LADY_CLAIRE 0.0274 0.1415 0.1161 0.0076 0.0082 0.2106 0.4831 0.0011 0.0044 
     LADY_JO 0.0817 0.0023 0.2133 0.0158 0.0045 0.2015 0.4745 0.0034 0.0030 
 LADY_ROSETT 0.0214 0.0075 0.0880 0.0568 0.0053 0.2082 0.2859 0.2778 0.0492 
    LIBERTAS 0.0023 0.0014 0.1899 0.0043 0.0415 0.2677 0.4804 0.0090 0.0034 
       LINDA 0.0081 0.4794 0.2030 0.0037 0.0871 0.1905 0.0053 0.0052 0.0177 
      LINTON 0.0698 0.2925 0.0693 0.1149 0.1456 0.0062 0.2025 0.0942 0.0048 
 LINZER_DELI 0.0094 0.2395 0.1592 0.0046 0.0042 0.2475 0.0708 0.1637 0.1012 
   LIONHEART 0.2055 0.0913 0.0129 0.0164 0.0613 0.1746 0.3113 0.0507 0.0761 
   MADELEINE 0.0366 0.2392 0.0287 0.0324 0.0113 0.3161 0.1207 0.1078 0.1071 
   MADINGLEY 0.0199 0.3141 0.0488 0.0939 0.2033 0.0999 0.1359 0.0607 0.0236 
    MAJESTIC 0.4699 0.0375 0.1195 0.0099 0.0922 0.0335 0.0207 0.1491 0.0676 
     MARABEL 0.1821 0.2527 0.0041 0.0098 0.0367 0.3396 0.1169 0.0196 0.0383 
     MARFONA 0.1469 0.0120 0.1105 0.0700 0.0223 0.1605 0.3857 0.0839 0.0081 
     MARILYN 0.0912 0.2815 0.0607 0.0075 0.1299 0.2401 0.0637 0.0337 0.0916 
 MARIS_ANCHO 0.2355 0.0741 0.1409 0.0796 0.0089 0.2723 0.0612 0.0839 0.0436 
  MARIS_BARD 0.2738 0.0013 0.0872 0.2542 0.0694 0.0767 0.2039 0.0092 0.0242 
  MARIS_PEER 0.2318 0.0869 0.1770 0.1396 0.1679 0.0041 0.0222 0.1561 0.0145 
 MARIS_PIPER 0.0040 0.0452 0.0520 0.8143 0.0060 0.0041 0.0334 0.0077 0.0333 
     MARKIES 0.0097 0.2703 0.0831 0.0070 0.0192 0.1999 0.3257 0.0709 0.0143 
      MAXINE 0.1704 0.0737 0.0162 0.3675 0.0323 0.0060 0.0309 0.2886 0.0144 
      MEGARA 0.0175 0.3109 0.0340 0.0199 0.0292 0.1804 0.3278 0.0239 0.0564 
      MELODY 0.0317 0.1389 0.1115 0.0541 0.1404 0.2228 0.2170 0.0132 0.0703 
       MIDAS 0.0031 0.2287 0.0612 0.4713 0.0065 0.0750 0.1063 0.0230 0.0250 
       MILVA 0.1071 0.2282 0.1275 0.0096 0.0315 0.3192 0.0699 0.0056 0.1014 
        MIMI 0.0051 0.0059 0.0269 0.2025 0.0140 0.1652 0.1933 0.2254 0.1617 
        MIRA 0.1506 0.0034 0.1077 0.0324 0.0251 0.4101 0.2591 0.0037 0.0079 
       MOIRA 0.1844 0.1434 0.0984 0.0597 0.1635 0.2591 0.0196 0.0113 0.0606 
    MONTROSE 0.0027 0.0090 0.1860 0.3554 0.0089 0.0040 0.0068 0.0032 0.4241 
       MORAG 0.1545 0.0024 0.1565 0.0570 0.1138 0.0703 0.0124 0.1918 0.2413 
      MORENE 0.1367 0.0065 0.1037 0.0030 0.0645 0.2904 0.3820 0.0061 0.0070 
      MOZART 0.0999 0.2752 0.0018 0.0027 0.0062 0.1704 0.1534 0.0979 0.1925 
 MYATT'S_ASH 0.0500 0.0198 0.6754 0.0045 0.0183 0.0759 0.1520 0.0015 0.0025 
      NADINE 0.0114 0.1230 0.0039 0.3192 0.0184 0.0372 0.0554 0.3088 0.1227 
       NAVAN 0.0954 0.0096 0.0074 0.6572 0.0158 0.0413 0.0057 0.1216 0.0460 
 NDTX_4271_5 0.1661 0.2221 0.0587 0.0820 0.0034 0.0065 0.0056 0.3423 0.1134 
      NICOLA 0.0764 0.4188 0.1460 0.0049 0.0138 0.2980 0.0336 0.0048 0.0037 
     NOVELLA 0.1647 0.1123 0.0085 0.0218 0.0912 0.2806 0.1431 0.1295 0.0483 
     OLYMPUS 0.0961 0.0641 0.1241 0.1384 0.0268 0.0090 0.0232 0.1619 0.3564 
       OPERA 0.0634 0.2048 0.0093 0.0179 0.0897 0.0987 0.2899 0.1118 0.1146 
   ORCHESTRA 0.0186 0.2926 0.0355 0.0927 0.0145 0.2255 0.1592 0.0894 0.0718 
      ORIANA 0.2472 0.0554 0.0278 0.0056 0.1760 0.3622 0.1151 0.0072 0.0036 
     OTHELLO 0.0276 0.0741 0.0316 0.0493 0.4987 0.0026 0.0172 0.2697 0.0292 
     PALADIN 0.0251 0.0056 0.1471 0.6213 0.0063 0.0037 0.0884 0.0056 0.0969 
       PANDA 0.0055 0.4529 0.0155 0.0462 0.0658 0.2067 0.0411 0.1047 0.0616 
   PARAMOUNT 0.0181 0.0125 0.0298 0.0043 0.2977 0.2446 0.0663 0.2515 0.0753 
    PATRONES 0.1899 0.1477 0.1744 0.0475 0.0389 0.1190 0.2242 0.0515 0.0069 
 PENTLAND_AC 0.1246 0.0363 0.1322 0.1290 0.0752 0.1388 0.0925 0.2537 0.0177 
 PENTLAND_BE 0.2076 0.0020 0.3803 0.0516 0.1401 0.1365 0.0211 0.0576 0.0032 
 PENTLAND_CR 0.2250 0.0075 0.0771 0.0080 0.1215 0.0580 0.2027 0.0044 0.2958 
 PENTLAND_DE 0.1952 0.0030 0.2308 0.0055 0.1059 0.0955 0.0044 0.1482 0.2116 
 PENTLAND_IV 0.2839 0.0986 0.1147 0.0099 0.0699 0.0082 0.0027 0.2812 0.1309 
 PENTLAND_JA 0.3928 0.0216 0.1287 0.0137 0.0964 0.0190 0.1672 0.0261 0.1346 
 PENTLAND_MA 0.2115 0.0128 0.0607 0.0066 0.2542 0.2740 0.0906 0.0039 0.0856 
 PENTLAND_SQ 0.2391 0.0206 0.1878 0.0082 0.1043 0.0470 0.0622 0.0364 0.2945 
   PEPO_1978 0.1348 0.2714 0.0556 0.1253 0.0408 0.3381 0.0060 0.0025 0.0256 
     PICASSO 0.0772 0.0684 0.0025 0.0905 0.5393 0.0648 0.1177 0.0344 0.0052 
   PIMPERNEL 0.0030 0.0457 0.1050 0.0111 0.0573 0.3067 0.3026 0.0500 0.1187 
     PIONEER 0.0361 0.5712 0.1757 0.0039 0.0128 0.0650 0.0068 0.0044 0.1241 
       PIXIE 0.0039 0.0830 0.0041 0.1510 0.1597 0.0031 0.1082 0.3179 0.1692 
    PREMIERE 0.2155 0.0022 0.1585 0.0770 0.0073 0.2781 0.2519 0.0028 0.0067 
   PRODUCENT 0.0288 0.1495 0.0543 0.1303 0.0034 0.1116 0.3513 0.1060 0.0648 
     PROVOST 0.2643 0.0428 0.1515 0.0055 0.1761 0.0901 0.0835 0.0493 0.1369 
  R.P.LUSTRE 0.1421 0.1130 0.2117 0.1368 0.0104 0.1303 0.0025 0.1515 0.1016 
 RANGER_RUSS 0.3665 0.0447 0.2825 0.0028 0.1419 0.0098 0.1389 0.0117 0.0013 
       RATTE 0.0041 0.0823 0.4617 0.0269 0.0037 0.0399 0.0154 0.1341 0.2318 
      RECORD 0.0043 0.0026 0.1813 0.0047 0.0175 0.3202 0.4480 0.0178 0.0035 
   REMBRANDT 0.1111 0.2297 0.1154 0.0161 0.0059 0.0053 0.4350 0.0124 0.0691 
    RIO_ROJO 0.1952 0.1460 0.1151 0.0134 0.0971 0.0373 0.0786 0.2335 0.0839 
      ROBIJN 0.0350 0.0077 0.2039 0.0060 0.0540 0.4114 0.2708 0.0038 0.0074 
      ROCKET 0.0951 0.0028 0.1116 0.4635 0.0098 0.0601 0.0072 0.1453 0.1047 
   RODE_STAR 0.0011 0.0387 0.2749 0.0145 0.0042 0.4078 0.1283 0.0924 0.0381 
      ROMANO 0.0144 0.0060 0.0031 0.0107 0.1503 0.4018 0.0912 0.2113 0.1111 
       ROMEO 0.0139 0.1169 0.1817 0.0041 0.1799 0.1145 0.0045 0.2465 0.1381 
     ROOSTER 0.1788 0.0105 0.0994 0.0061 0.1594 0.1230 0.0979 0.0371 0.2878 
       ROYAL 0.0038 0.3096 0.0552 0.3140 0.0629 0.0905 0.1176 0.0276 0.0188 
 ROYAL_KIDNE 0.3656 0.0019 0.4361 0.0032 0.0139 0.0058 0.1087 0.0623 0.0025 
     RUBESSE 0.1165 0.2291 0.0631 0.0054 0.0378 0.1202 0.1562 0.1843 0.0873 
 RUSSET_BURB 0.3845 0.0522 0.2063 0.0064 0.0217 0.0336 0.1154 0.1699 0.0099 
 RUSSET_NORK 0.3994 0.2002 0.1690 0.0088 0.0065 0.0024 0.0031 0.2044 0.0063 
      SAFARI 0.1270 0.0172 0.0038 0.0052 0.0710 0.2677 0.2466 0.1322 0.1292 
     SANTANA 0.1431 0.1321 0.0863 0.0642 0.0507 0.0609 0.3568 0.0908 0.0151 
       SANTE 0.0076 0.0296 0.0427 0.0235 0.0078 0.1911 0.3478 0.1952 0.1547 
     SAPHIRE 0.2453 0.1219 0.0059 0.0059 0.0233 0.0184 0.4113 0.0649 0.1031 
  SARPO_MIRA 0.0025 0.2193 0.1148 0.0339 0.0197 0.2641 0.0869 0.2522 0.0065 
 SARPO_SHONA 0.0033 0.1938 0.0421 0.0292 0.0275 0.3372 0.1236 0.2208 0.0225 
       SASSY 0.0731 0.0729 0.1849 0.0637 0.0177 0.1917 0.2360 0.1160 0.0440 
     SATURNA 0.0043 0.1592 0.1799 0.0735 0.0057 0.3693 0.1932 0.0077 0.0072 
        SAVA 0.1139 0.3162 0.0319 0.0883 0.0068 0.1725 0.0840 0.1784 0.0080 
       SAXON 0.0796 0.0138 0.0493 0.4861 0.0464 0.0869 0.0069 0.0216 0.2094 
 SCARBOROUGH 0.0217 0.0058 0.0110 0.5035 0.0025 0.0068 0.0024 0.0175 0.4287 
 SEFTON_WOND 0.1771 0.0033 0.4463 0.0706 0.0305 0.0038 0.0641 0.1327 0.0715 
    SERAFINA 0.0233 0.2286 0.0879 0.0048 0.0459 0.3509 0.0107 0.1185 0.1295 
     SETANTA 0.0944 0.0159 0.0296 0.0405 0.1122 0.0891 0.0642 0.0641 0.4901 
 SHARPE'S_EX 0.0057 0.0911 0.5742 0.0520 0.0113 0.0228 0.1332 0.1052 0.0045 
     SHELAGH 0.0131 0.0458 0.2335 0.1014 0.2329 0.0573 0.1440 0.0616 0.1104 
    SHELFORD 0.0061 0.2572 0.1720 0.0116 0.2262 0.1050 0.1715 0.0482 0.0023 
     SHEPODY 0.3192 0.0028 0.2150 0.0044 0.1881 0.0073 0.2557 0.0043 0.0032 
      SLANEY 0.0319 0.1263 0.0077 0.1881 0.3381 0.0050 0.0105 0.2033 0.0890 
        SPEY 0.0117 0.0527 0.0025 0.1452 0.3795 0.0052 0.0739 0.2109 0.1184 
      SPUNTA 0.0167 0.2244 0.1975 0.0370 0.1186 0.1278 0.0121 0.1498 0.1161 
     STAMINA 0.0215 0.0093 0.0016 0.5551 0.1393 0.0030 0.0829 0.1771 0.0102 
    STEMSTER 0.0260 0.0642 0.0878 0.3472 0.0498 0.2545 0.0622 0.0937 0.0147 
 STORMONT_EN 0.0921 0.0050 0.1161 0.1675 0.0688 0.2216 0.1727 0.1493 0.0069 
    STIRLING 0.2477 0.0426 0.0084 0.0317 0.2871 0.0198 0.0459 0.0514 0.2655 
     SYLVANA 0.2260 0.1406 0.0527 0.1067 0.0844 0.2126 0.0546 0.1108 0.0116 
         TAY 0.0813 0.0175 0.0055 0.1784 0.1848 0.0215 0.0056 0.0574 0.4479 
      TIMATE 0.0684 0.3069 0.0179 0.0900 0.0053 0.2370 0.1659 0.0631 0.0453 
      TOLUCA 0.1804 0.2388 0.0147 0.0045 0.1869 0.3308 0.0091 0.0091 0.0256 
    TORRIDON 0.1065 0.0743 0.0660 0.0126 0.2648 0.1707 0.1764 0.0047 0.1239 
 ULSTER_SCEP 0.3312 0.0039 0.0519 0.2897 0.0194 0.0460 0.0464 0.1680 0.0434 
 UMATILLA_RU 0.0525 0.0110 0.2867 0.3182 0.0287 0.1675 0.0300 0.0120 0.0934 
 VALES_EMERA 0.0485 0.2770 0.0872 0.1287 0.0203 0.0958 0.0047 0.1562 0.1815 
 VALES_EVERE 0.0431 0.0093 0.1251 0.0715 0.2971 0.0049 0.0297 0.1328 0.2865 
 VALES_RUSSE 0.3358 0.1439 0.2861 0.0124 0.0476 0.0059 0.0862 0.0272 0.0550 
 VALES_SOVER 0.0106 0.0090 0.0020 0.2638 0.6135 0.0127 0.0058 0.0156 0.0671 
       VALOR 0.0040 0.0053 0.0018 0.1718 0.3220 0.0023 0.1213 0.2218 0.1497 
    VAN_GOGH 0.0798 0.0899 0.0785 0.0805 0.0052 0.2937 0.2590 0.0413 0.0722 
     VANTAGE 0.1122 0.0039 0.2489 0.0255 0.0181 0.1891 0.3322 0.0672 0.0029 
       VERDI 0.0379 0.1947 0.1312 0.1269 0.0801 0.3216 0.0539 0.0049 0.0489 
    VICTORIA 0.2194 0.2492 0.0522 0.0077 0.0234 0.0495 0.3243 0.0363 0.0379 
     VIVALDI 0.3475 0.0228 0.0093 0.0045 0.1437 0.3987 0.0651 0.0030 0.0054 
       WILJA 0.1351 0.0018 0.1154 0.0235 0.0654 0.2278 0.4256 0.0036 0.0017 
     WINSTON 0.0230 0.0305 0.0023 0.3420 0.0449 0.0532 0.0082 0.4043 0.0916 
      XD2-21 0.1646 0.0035 0.1799 0.0448 0.0920 0.1285 0.0481 0.2715 0.0672 
  YUKON_GOLD 0.2360 0.2405 0.0079 0.0487 0.0106 0.0052 0.1056 0.1409 0.2046 
       ZORBA 0.2691 0.0384 0.1270 0.0078 0.1303 0.1560 0.2466 0.0032 0.0216 
