  00C133-020 0.0038 0.0050 0.0812 0.1799 0.1998 0.3537 0.0127 0.0075 0.1563 
 01C_071-002 0.0731 0.1380 0.0197 0.0023 0.2779 0.1372 0.1173 0.1667 0.0678 
 02M_012-001 0.0046 0.0729 0.0026 0.0101 0.0650 0.3971 0.1276 0.0487 0.2713 
 03M_016-002 0.2083 0.0458 0.0061 0.0042 0.0222 0.3506 0.3175 0.0047 0.0405 
 03M_034-002 0.0038 0.0023 0.0790 0.0290 0.0638 0.3075 0.1699 0.0400 0.3046 
 04C_055-004 0.0151 0.2208 0.0387 0.1716 0.0129 0.4139 0.0665 0.0181 0.0425 
 04C_126-005 0.0047 0.0099 0.1660 0.0743 0.2523 0.1769 0.0908 0.0534 0.1718 
 04M_034-013 0.1187 0.0609 0.0214 0.0343 0.0077 0.3674 0.2049 0.0340 0.1506 
 05M_002-001 0.1067 0.2151 0.2428 0.0070 0.0364 0.1281 0.0891 0.1437 0.0312 
 05M_004-003 0.0387 0.1014 0.2715 0.0196 0.1452 0.1192 0.0049 0.1868 0.1127 
 05M_012-004 0.1326 0.0038 0.1462 0.1256 0.0811 0.0601 0.0175 0.2242 0.2091 
 06C_127-002 0.0539 0.1962 0.0818 0.1454 0.0587 0.0787 0.0147 0.0040 0.3667 
 12288_AF_23 0.0344 0.0269 0.0061 0.3934 0.0491 0.3092 0.0051 0.0790 0.0968 
    12601AB1 0.0028 0.0027 0.0032 0.0027 0.0051 0.1117 0.4001 0.0066 0.4649 
   12636_A_2 0.0484 0.0023 0.0087 0.0851 0.0713 0.2783 0.1632 0.0091 0.3337 
  15119_AC_5 0.0156 0.0012 0.0133 0.0090 0.4956 0.2657 0.1727 0.0238 0.0032 
     1512C16 0.2178 0.0262 0.1214 0.1985 0.0779 0.0050 0.2255 0.0850 0.0427 
   15144_A_3 0.0029 0.1732 0.0529 0.1523 0.5639 0.0058 0.0404 0.0051 0.0035 
     1563C14 0.0538 0.1723 0.0188 0.1205 0.0273 0.0125 0.4122 0.1790 0.0036 
     2182EF7 0.1554 0.0126 0.3347 0.0389 0.2321 0.0109 0.0427 0.0062 0.1666 
     3681AD1 0.0697 0.0319 0.1543 0.0075 0.2585 0.0173 0.0244 0.3065 0.1300 
     5008AB6 0.0043 0.1370 0.2490 0.0229 0.1992 0.0039 0.0914 0.1264 0.1658 
    8204_A_4 0.0514 0.0362 0.2343 0.1548 0.2233 0.0140 0.0289 0.0114 0.2457 
       AGRIA 0.0706 0.3629 0.3080 0.0023 0.0034 0.0288 0.0225 0.1749 0.0265 
       AILSA 0.0543 0.1502 0.0058 0.0703 0.0087 0.3892 0.0832 0.0032 0.2351 
      ALMERA 0.1476 0.2593 0.2579 0.0074 0.0214 0.0965 0.0073 0.1999 0.0028 
       ALPHA 0.0897 0.0480 0.0046 0.1412 0.0107 0.0155 0.1990 0.4592 0.0321 
      ALWARA 0.0195 0.2066 0.0124 0.1774 0.2254 0.0137 0.0275 0.3031 0.0144 
      AMADRA 0.0179 0.1984 0.0510 0.0774 0.0107 0.1262 0.1424 0.2653 0.1106 
       AMOUR 0.0224 0.0183 0.0095 0.0768 0.4195 0.2863 0.0271 0.0119 0.1281 
        ANNA 0.0161 0.0015 0.1883 0.0080 0.6337 0.0059 0.1236 0.0044 0.0184 
   ANNABELLE 0.0171 0.3651 0.3485 0.0072 0.0116 0.0085 0.0308 0.1971 0.0142 
        ANYA 0.0362 0.3178 0.1013 0.1760 0.0246 0.0047 0.1999 0.0463 0.0932 
       ARGOS 0.0181 0.0198 0.1109 0.1845 0.4103 0.2331 0.0048 0.0161 0.0023 
     ARIELLE 0.0961 0.3099 0.1671 0.0410 0.0741 0.0387 0.0716 0.1993 0.0023 
      ARKULA 0.0414 0.0569 0.1714 0.1771 0.0131 0.0069 0.1205 0.4034 0.0093 
      ARMADA 0.0385 0.0978 0.1304 0.1374 0.0163 0.1293 0.1162 0.3293 0.0047 
   AVALANCHE 0.1494 0.0208 0.0282 0.0239 0.0898 0.4267 0.0065 0.2091 0.0455 
     BAILLIE 0.0759 0.0713 0.0326 0.0621 0.1114 0.4278 0.0066 0.1174 0.0952 
    BALMORAL 0.2035 0.0036 0.1450 0.0229 0.3986 0.0158 0.0173 0.1677 0.0256 
     BAMBINO 0.0086 0.0591 0.0335 0.1398 0.1840 0.4079 0.0161 0.0396 0.1114 
       BARNA 0.0219 0.1178 0.0044 0.2997 0.3112 0.0273 0.0535 0.1449 0.0194 
 BELLE_DE_FO 0.0578 0.0039 0.0437 0.0175 0.0542 0.0029 0.8060 0.0125 0.0015 
       BENOL 0.0036 0.0138 0.1396 0.0020 0.0076 0.3415 0.1374 0.0062 0.3483 
       BF_15 0.0090 0.0711 0.1139 0.0062 0.0420 0.0035 0.6660 0.0860 0.0023 
      BINTJE 0.1208 0.0531 0.1414 0.1045 0.0321 0.0776 0.2996 0.1645 0.0063 
 BIONICA_EX_ 0.0232 0.0330 0.2649 0.0136 0.0853 0.0117 0.1187 0.2048 0.2449 
 BLUE_DANUBE 0.1184 0.0078 0.1586 0.0037 0.1292 0.0227 0.1138 0.4413 0.0045 
      BONNIE 0.0328 0.0859 0.0734 0.2171 0.1234 0.1233 0.0231 0.1752 0.1457 
      BOUNTY 0.0072 0.0141 0.0925 0.1830 0.1658 0.3497 0.0115 0.0636 0.1126 
 BRITISH_QUE 0.2908 0.0024 0.2482 0.0030 0.0151 0.0668 0.3474 0.0250 0.0012 
     BRODICK 0.0222 0.0649 0.0454 0.0307 0.0214 0.1739 0.0057 0.0249 0.6109 
      BRODIE 0.1302 0.0033 0.0520 0.2537 0.3888 0.0095 0.0979 0.0068 0.0578 
      BUCHAN 0.0942 0.0648 0.0228 0.2881 0.3464 0.0452 0.0744 0.0032 0.0609 
      BURREN 0.0167 0.1362 0.0599 0.0880 0.4375 0.0230 0.1108 0.0746 0.0533 
     CABARET 0.0123 0.0028 0.0777 0.1086 0.0095 0.4474 0.2351 0.0040 0.1026 
      CAESAR 0.0721 0.2278 0.1262 0.1285 0.0287 0.0055 0.0022 0.3055 0.1035 
        CARA 0.0058 0.0049 0.0326 0.1790 0.6277 0.0542 0.0554 0.0105 0.0298 
 CARLINGFORD 0.2133 0.0966 0.2152 0.2475 0.0721 0.0685 0.0249 0.0110 0.0509 
  CASABLANCA 0.0966 0.0038 0.1111 0.0044 0.2572 0.2552 0.0018 0.1584 0.1116 
      CELINE 0.0035 0.0043 0.3094 0.2533 0.0260 0.0229 0.0722 0.2893 0.0190 
  CHALLENGER 0.1053 0.1842 0.1673 0.0741 0.0026 0.1329 0.0905 0.1734 0.0697 
   CHARLOTTE 0.0042 0.4521 0.0702 0.1410 0.0089 0.0078 0.1300 0.0064 0.1794 
     CHICAGO 0.0045 0.1868 0.0192 0.0067 0.0282 0.4150 0.0331 0.1618 0.1448 
   CHIEFTAIN 0.2784 0.1794 0.0454 0.2965 0.0131 0.0046 0.0861 0.0058 0.0906 
      CHOPIN 0.1598 0.1709 0.2574 0.0521 0.0154 0.0134 0.0147 0.2650 0.0513 
      CLARET 0.0202 0.0741 0.0188 0.2018 0.5431 0.0705 0.0463 0.0154 0.0099 
      CORINE 0.1486 0.0041 0.1281 0.0038 0.1666 0.1127 0.0390 0.2409 0.1562 
      COSMOS 0.2082 0.0642 0.0382 0.0386 0.0113 0.0940 0.0231 0.4582 0.0643 
     COURAGE 0.1004 0.0559 0.0991 0.2279 0.0156 0.0175 0.0861 0.3430 0.0546 
     COURLAN 0.2705 0.2475 0.0049 0.1038 0.1313 0.0224 0.0370 0.0816 0.1011 
 CRAIGS_ROYA 0.1426 0.0068 0.0134 0.3025 0.2733 0.1497 0.0805 0.0050 0.0262 
 CRAIGS_SNOW 0.2358 0.0524 0.0556 0.1286 0.0495 0.1769 0.2710 0.0253 0.0049 
     CRAMOND 0.0245 0.0060 0.1901 0.0680 0.0185 0.2784 0.0058 0.0672 0.3415 
 CRISPS_FOR_ 0.0976 0.1917 0.0448 0.2485 0.0062 0.0340 0.0472 0.2847 0.0451 
    CROMWELL 0.0032 0.0554 0.0072 0.0114 0.0796 0.6174 0.2000 0.0114 0.0145 
       D22/1 0.0745 0.0038 0.0519 0.1046 0.0401 0.5631 0.1472 0.0121 0.0026 
       D23/3 0.1110 0.0530 0.0456 0.1144 0.0096 0.3760 0.2694 0.0096 0.0113 
      D47-11 0.0127 0.0056 0.0079 0.0030 0.0114 0.6863 0.2010 0.0258 0.0463 
       D49/1 0.0044 0.0507 0.0052 0.0184 0.0018 0.7065 0.1315 0.0073 0.0742 
       DAISY 0.0091 0.0929 0.0084 0.0450 0.0062 0.3690 0.1732 0.1484 0.1479 
 DARK_RED_NO 0.3735 0.2171 0.0748 0.0416 0.1520 0.0211 0.0752 0.0130 0.0316 
     DARWINA 0.1423 0.1305 0.1189 0.0613 0.0061 0.1137 0.0745 0.3471 0.0056 
     DESIREE 0.0377 0.1939 0.0040 0.2966 0.1001 0.0018 0.1182 0.2456 0.0022 
       DITTA 0.1207 0.3241 0.2529 0.0063 0.0148 0.0280 0.1122 0.1378 0.0032 
 DR._MCINTOS 0.3513 0.0056 0.2639 0.2408 0.0129 0.0462 0.0322 0.0158 0.0313 
       DRAGA 0.2935 0.0477 0.1129 0.0087 0.0755 0.0883 0.0034 0.2356 0.1343 
 DUKE_OF_YOR 0.3070 0.0041 0.2188 0.0019 0.0039 0.0035 0.3309 0.1275 0.0024 
 DUNBAR_STAN 0.3558 0.0111 0.0446 0.1509 0.0279 0.1577 0.2410 0.0052 0.0058 
     DUNDROD 0.0855 0.1449 0.0044 0.0586 0.0837 0.4055 0.1232 0.0062 0.0881 
     ECLIPSE 0.2584 0.1418 0.0056 0.1522 0.0021 0.0097 0.3912 0.0043 0.0348 
        EDEN 0.0080 0.0029 0.0033 0.0099 0.0049 0.5193 0.1682 0.0064 0.2771 
 EDZELL_BLUE 0.1030 0.0502 0.0899 0.1032 0.0775 0.0152 0.3008 0.1891 0.0711 
   ELISABETH 0.0064 0.2921 0.2635 0.2439 0.0031 0.0644 0.0079 0.0937 0.0251 
     EMPEROR 0.2803 0.2228 0.0949 0.0680 0.0072 0.1304 0.0060 0.0755 0.1150 
         EOS 0.1080 0.2053 0.0145 0.2467 0.0058 0.1527 0.0122 0.1359 0.1189 
     EPICURE 0.2217 0.0455 0.0402 0.2190 0.0039 0.0035 0.3582 0.0793 0.0287 
  ERNTESTOLZ 0.1568 0.1734 0.2001 0.0065 0.0722 0.0192 0.2149 0.1365 0.0206 
      ESCORT 0.0059 0.2087 0.0520 0.1734 0.0196 0.0332 0.0082 0.3489 0.1500 
   ESMERALDA 0.0070 0.0999 0.1082 0.2157 0.0137 0.0574 0.1481 0.2744 0.0756 
      ESTIMA 0.1623 0.1525 0.0460 0.1486 0.0040 0.0858 0.0558 0.2946 0.0504 
 EVE_BALFOUR 0.0902 0.0073 0.0112 0.0387 0.3491 0.0167 0.1953 0.0376 0.2539 
   EXCALIBUR 0.0021 0.0091 0.1153 0.0829 0.2972 0.3260 0.0023 0.0079 0.1572 
     EXQUISA 0.0031 0.3513 0.1469 0.0448 0.1151 0.0036 0.1549 0.1767 0.0036 
    FESTIVAL 0.0095 0.2144 0.1942 0.1418 0.0066 0.0709 0.0053 0.2922 0.0652 
      FIANNA 0.1710 0.0833 0.2354 0.0524 0.1508 0.0343 0.0058 0.2342 0.0328 
   FIFTYFOLD 0.1138 0.0712 0.0067 0.1348 0.0437 0.0349 0.5180 0.0464 0.0305 
     FONTANE 0.1090 0.2407 0.2185 0.0170 0.0037 0.1681 0.0114 0.2077 0.0240 
   FORTYFOLD 0.1599 0.0048 0.0808 0.0022 0.0171 0.0026 0.5050 0.2185 0.0090 
 FRONTIER_RU 0.4144 0.2052 0.0044 0.0990 0.0092 0.0395 0.1088 0.0441 0.0753 
     G.81071 0.1283 0.0257 0.2248 0.1459 0.0911 0.0540 0.0681 0.0755 0.1866 
     G.88661 0.2203 0.0709 0.2084 0.1947 0.0064 0.1531 0.0040 0.0635 0.0787 
    G.886611 0.1502 0.1102 0.2136 0.3019 0.0050 0.1158 0.0029 0.0051 0.0955 
  G.8867Y%12 0.1994 0.1386 0.3034 0.2468 0.0464 0.0377 0.0046 0.0076 0.0155 
     G.88839 0.0024 0.4460 0.2742 0.0294 0.0048 0.0031 0.0158 0.2134 0.0108 
     G.88842 0.0742 0.2344 0.3201 0.0132 0.1066 0.0097 0.0115 0.2042 0.0261 
   GALACTICA 0.1043 0.0108 0.0854 0.0024 0.4015 0.0141 0.1282 0.2511 0.0021 
      GEMSON 0.1679 0.0256 0.1766 0.1993 0.1709 0.1011 0.1402 0.0055 0.0130 
  GL.76B/102 0.1483 0.2486 0.0124 0.0027 0.0123 0.1534 0.2937 0.1105 0.0181 
   GL.76B/94 0.0313 0.0495 0.0084 0.0017 0.1757 0.0025 0.4844 0.2409 0.0056 
  GL.77M/106 0.0135 0.1231 0.0065 0.1198 0.1971 0.0425 0.1721 0.0057 0.3198 
   GL.78/166 0.1074 0.0518 0.0302 0.0030 0.0584 0.0791 0.5458 0.1216 0.0028 
    GL.78/53 0.0085 0.1731 0.0031 0.0210 0.0276 0.1063 0.4983 0.0055 0.1567 
    GL.78/97 0.0349 0.1339 0.0035 0.0071 0.0538 0.0457 0.5281 0.0975 0.0956 
    GL.79/42 0.0023 0.1415 0.0022 0.1340 0.0035 0.0610 0.5084 0.0773 0.0698 
    GL.79/45 0.0034 0.1317 0.0095 0.1229 0.0787 0.0165 0.5572 0.0306 0.0495 
 GL.81_NT_25 0.0048 0.0077 0.0567 0.0025 0.0578 0.5377 0.3166 0.0086 0.0077 
   GLADIATOR 0.1614 0.1905 0.0043 0.2016 0.0949 0.0301 0.0038 0.2507 0.0625 
      GLAMIS 0.0843 0.1524 0.1076 0.1682 0.0103 0.3990 0.0188 0.0261 0.0333 
 GOLDEN_MILL 0.0046 0.0096 0.1579 0.0182 0.0685 0.1970 0.0609 0.0092 0.4742 
 GOLDEN_NUGG 0.0019 0.0039 0.4338 0.3459 0.0067 0.0064 0.0093 0.1769 0.0152 
 GOLDEN_WOND 0.1121 0.0376 0.0031 0.1073 0.0081 0.0076 0.5206 0.1600 0.0436 
     GRANOLA 0.0090 0.4340 0.0670 0.0575 0.0424 0.0102 0.0918 0.0939 0.1944 
    H1H3_101 0.0130 0.0043 0.0028 0.0013 0.0086 0.6826 0.2771 0.0023 0.0081 
      H1H3_3 0.0581 0.0051 0.1687 0.1276 0.0054 0.3392 0.1447 0.0140 0.1372 
 HARBOROUGH_ 0.0128 0.0056 0.0292 0.0047 0.0040 0.3445 0.0026 0.0078 0.5887 
   HARLEQUIN 0.0132 0.4017 0.0357 0.1702 0.0451 0.0331 0.1593 0.0101 0.1317 
      HERMES 0.1027 0.2942 0.0077 0.0039 0.2388 0.0607 0.0726 0.2146 0.0047 
 HIGHLAND_BU 0.0038 0.0019 0.1529 0.0022 0.0041 0.0044 0.7575 0.0280 0.0452 
  HOME_GUARD 0.1678 0.0164 0.1675 0.2125 0.0474 0.1102 0.2145 0.0065 0.0571 
     HORIZON 0.0051 0.0390 0.2358 0.0768 0.0199 0.0986 0.2101 0.3107 0.0039 
   INNOVATOR 0.3936 0.0025 0.1862 0.0026 0.0687 0.0046 0.1156 0.2170 0.0093 
 INTERNATION 0.0485 0.0036 0.0964 0.0014 0.0076 0.0039 0.8218 0.0140 0.0027 
 ISLE_OF_JUR 0.0261 0.1104 0.1219 0.0150 0.1653 0.3951 0.1064 0.0094 0.0502 
    JULIETTE 0.0031 0.5396 0.3329 0.0094 0.0102 0.0110 0.0409 0.0153 0.0376 
     KARLENA 0.2787 0.0243 0.0050 0.0021 0.2581 0.0251 0.1258 0.2546 0.0264 
 KERR'S_PINK 0.2620 0.0112 0.0504 0.1191 0.0429 0.0485 0.4250 0.0062 0.0347 
     KESTREL 0.0107 0.0448 0.0041 0.3286 0.3003 0.2719 0.0056 0.0049 0.0292 
       KIFLI 0.0198 0.4359 0.0048 0.0319 0.0130 0.0215 0.1426 0.1530 0.1775 
 KING_EDWARD 0.0911 0.0664 0.0041 0.0858 0.0021 0.0192 0.7077 0.0043 0.0193 
    KINGSTON 0.0024 0.0143 0.1379 0.0260 0.0521 0.3190 0.1621 0.0352 0.2511 
 KUFRI_CHAND 0.2968 0.0981 0.1793 0.0934 0.0305 0.1139 0.1456 0.0349 0.0075 
 KUFRI_JYOTI 0.0285 0.0542 0.2430 0.0315 0.2610 0.0041 0.1168 0.1055 0.1553 
      KURODA 0.1581 0.1385 0.1442 0.0045 0.1236 0.0464 0.0056 0.3732 0.0058 
 LADY_BALFOU 0.0746 0.0053 0.1198 0.1273 0.3168 0.1354 0.1384 0.0190 0.0636 
 LADY_CHRIST 0.0500 0.0193 0.0405 0.0852 0.0095 0.0170 0.2538 0.4328 0.0921 
 LADY_CLAIRE 0.0089 0.0670 0.2920 0.0009 0.0066 0.0105 0.1601 0.4514 0.0025 
     LADY_JO 0.0653 0.0018 0.1469 0.0031 0.0035 0.0267 0.2463 0.5037 0.0026 
 LADY_ROSETT 0.0665 0.0119 0.0207 0.2777 0.0053 0.0681 0.1096 0.3954 0.0448 
    LIBERTAS 0.0073 0.0015 0.0060 0.0103 0.0992 0.0061 0.2572 0.6074 0.0049 
       LINDA 0.0095 0.5326 0.1165 0.0067 0.0944 0.0039 0.2089 0.0204 0.0072 
      LINTON 0.1940 0.2575 0.0065 0.0402 0.1563 0.1569 0.0121 0.1649 0.0117 
 LINZER_DELI 0.0249 0.3002 0.0402 0.1640 0.0034 0.0036 0.1698 0.2209 0.0731 
   LIONHEART 0.1383 0.0710 0.2102 0.0589 0.0444 0.0218 0.0160 0.3603 0.0792 
   MADELEINE 0.0037 0.2773 0.1764 0.1224 0.0114 0.0170 0.0587 0.2684 0.0647 
   MADINGLEY 0.1413 0.3180 0.0025 0.0109 0.1995 0.0924 0.0090 0.1784 0.0479 
    MAJESTIC 0.3730 0.0349 0.2655 0.1564 0.0439 0.0122 0.0428 0.0115 0.0598 
     MARABEL 0.0740 0.2995 0.2333 0.0280 0.0252 0.0085 0.0044 0.3094 0.0177 
     MARFONA 0.1253 0.0075 0.1236 0.0812 0.0170 0.0985 0.1166 0.4224 0.0080 
     MARILYN 0.0198 0.3114 0.2002 0.0381 0.1178 0.0062 0.0770 0.1650 0.0644 
 MARIS_ANCHO 0.1604 0.1310 0.1591 0.0858 0.0082 0.0483 0.1582 0.2076 0.0414 
  MARIS_BARD 0.1699 0.0012 0.2367 0.0114 0.0362 0.2590 0.1008 0.1641 0.0206 
  MARIS_PEER 0.2198 0.0640 0.1644 0.1349 0.1228 0.1582 0.1247 0.0031 0.0080 
 MARIS_PIPER 0.0026 0.0276 0.0058 0.0047 0.0052 0.7744 0.1036 0.0063 0.0698 
     MARKIES 0.0270 0.2628 0.1348 0.0560 0.0332 0.0118 0.1028 0.3620 0.0096 
      MAXINE 0.1871 0.0556 0.0574 0.2701 0.0163 0.3822 0.0079 0.0069 0.0165 
      MEGARA 0.0048 0.2814 0.2194 0.0214 0.0261 0.0452 0.0572 0.3177 0.0268 
      MELODY 0.0216 0.1665 0.0980 0.0123 0.1533 0.0420 0.1393 0.3092 0.0579 
       MIDAS 0.0034 0.2231 0.0101 0.0163 0.0096 0.4650 0.0984 0.1315 0.0426 
       MILVA 0.0215 0.2929 0.1977 0.0097 0.0387 0.0066 0.1713 0.2088 0.0528 
        MIMI 0.0023 0.0062 0.1412 0.2692 0.0083 0.1834 0.0761 0.2154 0.0978 
        MIRA 0.0093 0.0077 0.3401 0.0057 0.0189 0.0145 0.2053 0.3950 0.0037 
       MOIRA 0.0785 0.2036 0.2128 0.0245 0.1556 0.0363 0.1218 0.1419 0.0251 
    MONTROSE 0.0032 0.0064 0.0031 0.0029 0.0144 0.2729 0.2065 0.0047 0.4859 
       MORAG 0.0555 0.0027 0.2400 0.2094 0.0950 0.0400 0.1697 0.0047 0.1830 
      MORENE 0.0907 0.0062 0.1755 0.0079 0.0636 0.0029 0.1418 0.5080 0.0034 
      MOZART 0.0113 0.2723 0.1145 0.1165 0.0053 0.0031 0.0016 0.2738 0.2014 
 MYATT'S_ASH 0.0542 0.0077 0.1425 0.0014 0.0144 0.0042 0.6937 0.0800 0.0019 
      NADINE 0.0086 0.1217 0.0470 0.3063 0.0174 0.3434 0.0044 0.0443 0.1069 
       NAVAN 0.0231 0.0259 0.0468 0.1400 0.0175 0.6344 0.0419 0.0071 0.0633 
 NDTX_4271_5 0.2101 0.2290 0.0043 0.3327 0.0031 0.0707 0.0091 0.0046 0.1364 
      NICOLA 0.0362 0.4777 0.1775 0.0032 0.0100 0.0033 0.1547 0.1349 0.0024 
     NOVELLA 0.0329 0.1400 0.2582 0.1560 0.0783 0.0225 0.0320 0.2654 0.0147 
     OLYMPUS 0.1285 0.0656 0.0345 0.1569 0.0325 0.1067 0.0968 0.0113 0.3671 
       OPERA 0.0783 0.1802 0.0898 0.1035 0.0906 0.0301 0.0069 0.2864 0.1341 
   ORCHESTRA 0.0066 0.3124 0.1754 0.0913 0.0127 0.0847 0.0667 0.2071 0.0431 
      ORIANA 0.1430 0.1330 0.2568 0.0062 0.1396 0.0051 0.0460 0.2681 0.0022 
     OTHELLO 0.0944 0.0444 0.0078 0.2586 0.4760 0.0819 0.0104 0.0038 0.0227 
     PALADIN 0.0496 0.0034 0.0082 0.0034 0.0048 0.5957 0.1697 0.0314 0.1338 
       PANDA 0.0062 0.4864 0.0872 0.0929 0.0671 0.0552 0.0140 0.1460 0.0450 
   PARAMOUNT 0.0152 0.0426 0.0259 0.2817 0.3061 0.0034 0.0594 0.2261 0.0395 
    PATRONES 0.1509 0.1357 0.1435 0.0405 0.0319 0.0717 0.1620 0.2533 0.0104 
 PENTLAND_AC 0.0560 0.0552 0.2214 0.2572 0.0419 0.1334 0.1480 0.0807 0.0062 
 PENTLAND_BE 0.1867 0.0032 0.1714 0.0405 0.1246 0.0342 0.3956 0.0413 0.0024 
 PENTLAND_CR 0.0771 0.0039 0.3221 0.0076 0.0912 0.0068 0.0771 0.1401 0.2741 
 PENTLAND_DE 0.1755 0.0055 0.1403 0.1580 0.0940 0.0037 0.2119 0.0160 0.1951 
 PENTLAND_IV 0.2109 0.0962 0.1836 0.3003 0.0342 0.0119 0.0577 0.0023 0.1029 
 PENTLAND_JA 0.3292 0.0104 0.2389 0.0163 0.0615 0.0181 0.0560 0.1157 0.1540 
 PENTLAND_MA 0.0694 0.0566 0.3596 0.0048 0.2297 0.0096 0.0899 0.1645 0.0159 
 PENTLAND_SQ 0.1117 0.0215 0.2997 0.0540 0.0662 0.0042 0.1693 0.0143 0.2591 
   PEPO_1978 0.0243 0.3721 0.1585 0.0026 0.0644 0.0909 0.1105 0.1595 0.0172 
     PICASSO 0.0341 0.0460 0.0410 0.0476 0.5221 0.1175 0.0022 0.1800 0.0096 
   PIMPERNEL 0.0030 0.1054 0.0081 0.0416 0.1035 0.0081 0.1697 0.4567 0.1040 
     PIONEER 0.0080 0.5184 0.2455 0.0047 0.0056 0.0040 0.1492 0.0033 0.0613 
       PIXIE 0.0109 0.0372 0.0072 0.3205 0.1646 0.1890 0.0040 0.0960 0.1705 
    PREMIERE 0.0683 0.0026 0.2444 0.0041 0.0069 0.0627 0.2240 0.3794 0.0077 
   PRODUCENT 0.0341 0.1173 0.0915 0.0989 0.0035 0.1594 0.0642 0.3622 0.0690 
     PROVOST 0.2248 0.0606 0.1684 0.0432 0.1544 0.0057 0.1180 0.0946 0.1302 
  R.P.LUSTRE 0.0973 0.1696 0.0947 0.1722 0.0100 0.1159 0.2276 0.0059 0.1069 
 RANGER_RUSS 0.4915 0.0469 0.0452 0.0040 0.1255 0.0027 0.1746 0.1076 0.0019 
       RATTE 0.0347 0.1005 0.0025 0.1248 0.0043 0.0057 0.4492 0.0247 0.2536 
      RECORD 0.0077 0.0031 0.0133 0.0309 0.0460 0.0066 0.2530 0.6357 0.0038 
   REMBRANDT 0.1018 0.1270 0.2739 0.0060 0.0060 0.0717 0.1016 0.2487 0.0634 
    RIO_ROJO 0.3035 0.1361 0.0040 0.2052 0.0839 0.0078 0.0256 0.1204 0.1134 
      ROBIJN 0.0247 0.0584 0.0389 0.0048 0.0745 0.0030 0.2657 0.5229 0.0071 
      ROCKET 0.0644 0.0042 0.0096 0.1666 0.0125 0.4181 0.1496 0.0372 0.1378 
   RODE_STAR 0.0013 0.1555 0.0019 0.0860 0.0052 0.0037 0.3491 0.3843 0.0131 
      ROMANO 0.0051 0.0878 0.0791 0.2285 0.1672 0.0067 0.0100 0.3527 0.0629 
       ROMEO 0.0282 0.1735 0.0145 0.2592 0.1994 0.0039 0.1872 0.0119 0.1222 
     ROOSTER 0.0861 0.0275 0.2107 0.0550 0.1376 0.0041 0.1060 0.1053 0.2675 
       ROYAL 0.0065 0.3179 0.0038 0.0167 0.0829 0.3128 0.0692 0.1506 0.0397 
 ROYAL_KIDNE 0.3813 0.0018 0.1861 0.0309 0.0071 0.0034 0.3711 0.0150 0.0033 
     RUBESSE 0.1041 0.2240 0.1621 0.1910 0.0336 0.0065 0.0660 0.1444 0.0682 
 RUSSET_BURB 0.4852 0.0814 0.0217 0.1317 0.0175 0.0064 0.1022 0.1125 0.0415 
 RUSSET_NORK 0.5208 0.2200 0.0050 0.1596 0.0059 0.0109 0.0346 0.0037 0.0395 
      SAFARI 0.0070 0.0267 0.2965 0.1804 0.0523 0.0066 0.0085 0.3532 0.0688 
     SANTANA 0.2016 0.0830 0.0166 0.0617 0.0540 0.0948 0.0403 0.3790 0.0691 
       SANTE 0.0029 0.0148 0.1815 0.2250 0.0042 0.0268 0.0823 0.3662 0.0962 
     SAPHIRE 0.2160 0.0364 0.1867 0.0478 0.0163 0.0192 0.0027 0.3456 0.1292 
  SARPO_MIRA 0.0111 0.2925 0.0021 0.2322 0.0465 0.0152 0.1373 0.2575 0.0056 
 SARPO_SHONA 0.0061 0.2829 0.0051 0.2100 0.0532 0.0214 0.0710 0.3365 0.0140 
       SASSY 0.1267 0.1111 0.0235 0.1084 0.0287 0.0649 0.1932 0.3002 0.0435 
     SATURNA 0.0052 0.2454 0.0083 0.0076 0.0132 0.0404 0.2400 0.4291 0.0108 
        SAVA 0.0686 0.3285 0.1878 0.1633 0.0059 0.1040 0.0340 0.1025 0.0054 
       SAXON 0.0036 0.0132 0.1724 0.0448 0.0241 0.4353 0.1088 0.0070 0.1907 
 SCARBOROUGH 0.0036 0.0101 0.0096 0.0287 0.0025 0.4286 0.0254 0.0039 0.4877 
 SEFTON_WOND 0.2222 0.0022 0.1055 0.1176 0.0106 0.0706 0.4014 0.0048 0.0652 
    SERAFINA 0.0098 0.3146 0.0667 0.1457 0.0529 0.0027 0.1099 0.2079 0.0899 
     SETANTA 0.0635 0.0271 0.0552 0.0715 0.1198 0.0109 0.0162 0.1177 0.5180 
 SHARPE'S_EX 0.0802 0.0762 0.0226 0.0826 0.0125 0.0909 0.5696 0.0614 0.0040 
     SHELAGH 0.0100 0.0265 0.1001 0.0824 0.2215 0.1025 0.2505 0.1199 0.0867 
    SHELFORD 0.1406 0.2719 0.0022 0.0071 0.2261 0.0145 0.1193 0.2152 0.0030 
     SHEPODY 0.3983 0.0017 0.0471 0.0029 0.1749 0.0059 0.1336 0.2302 0.0053 
      SLANEY 0.0101 0.0850 0.1222 0.2116 0.2985 0.2013 0.0061 0.0030 0.0623 
        SPEY 0.0035 0.0135 0.1507 0.2360 0.3366 0.1853 0.0026 0.0098 0.0621 
      SPUNTA 0.0456 0.2522 0.0071 0.1465 0.1270 0.0127 0.1869 0.0829 0.1393 
     STAMINA 0.0335 0.0057 0.0205 0.1599 0.1394 0.6027 0.0020 0.0201 0.0162 
    STEMSTER 0.0204 0.1384 0.0170 0.0869 0.0668 0.3019 0.1431 0.2023 0.0232 
 STORMONT_EN 0.0735 0.0113 0.0229 0.1586 0.0853 0.1603 0.1581 0.3190 0.0109 
    STIRLING 0.0928 0.0137 0.2897 0.0701 0.2478 0.0280 0.0065 0.0210 0.2305 
     SYLVANA 0.1896 0.1681 0.1087 0.1081 0.0701 0.0815 0.0379 0.2170 0.0190 
         TAY 0.0097 0.0330 0.0538 0.0903 0.1827 0.1229 0.0047 0.0096 0.4932 
      TIMATE 0.0686 0.3420 0.0359 0.0496 0.0046 0.0885 0.0258 0.3160 0.0690 
      TOLUCA 0.0646 0.3164 0.1977 0.0094 0.1829 0.0032 0.0301 0.1850 0.0107 
    TORRIDON 0.0337 0.0838 0.2084 0.0065 0.2549 0.0158 0.0854 0.2159 0.0955 
 ULSTER_SCEP 0.1652 0.0034 0.2715 0.1838 0.0090 0.2837 0.0513 0.0155 0.0166 
 UMATILLA_RU 0.0141 0.0375 0.0678 0.0278 0.0345 0.2486 0.3579 0.1014 0.1103 
 VALES_EMERA 0.0371 0.3192 0.0405 0.1772 0.0230 0.1206 0.0940 0.0123 0.1760 
 VALES_EVERE 0.0137 0.0047 0.0970 0.1595 0.2688 0.0425 0.1189 0.0066 0.2882 
 VALES_RUSSE 0.4284 0.1339 0.0224 0.0121 0.0332 0.0076 0.1797 0.0684 0.1143 
 VALES_SOVER 0.0077 0.0127 0.0028 0.0145 0.5993 0.2446 0.0026 0.0159 0.0999 
       VALOR 0.0035 0.0031 0.0335 0.2329 0.3124 0.2203 0.0019 0.0496 0.1429 
    VAN_GOGH 0.0073 0.1095 0.2023 0.0481 0.0039 0.0687 0.1354 0.3738 0.0510 
     VANTAGE 0.1917 0.0040 0.0092 0.0368 0.0250 0.0360 0.2471 0.4473 0.0029 
       VERDI 0.0227 0.2748 0.0605 0.0047 0.1002 0.0758 0.1793 0.2400 0.0421 
    VICTORIA 0.1728 0.1853 0.3128 0.0196 0.0149 0.0181 0.0238 0.2115 0.0413 
     VIVALDI 0.1651 0.1054 0.2923 0.0036 0.1107 0.0034 0.0155 0.3008 0.0032 
       WILJA 0.0868 0.0015 0.1468 0.0033 0.0654 0.0457 0.1495 0.4992 0.0018 
     WINSTON 0.0106 0.0576 0.0286 0.4159 0.0465 0.3586 0.0035 0.0139 0.0647 
      XD2-21 0.1628 0.0062 0.1298 0.2634 0.0827 0.0509 0.1703 0.0932 0.0406 
  YUKON_GOLD 0.2909 0.2032 0.0147 0.1097 0.0071 0.0460 0.0025 0.0723 0.2536 
       ZORBA 0.1594 0.0133 0.3355 0.0032 0.1021 0.0091 0.1318 0.2353 0.0104 
