  00C133-020 0.0997 0.0162 0.3634 0.0143 0.5063 
 01C_071-002 0.0806 0.1531 0.2659 0.2976 0.2029 
 02M_012-001 0.1027 0.1417 0.0390 0.1003 0.6163 
 03M_016-002 0.0459 0.4378 0.0969 0.0434 0.3760 
 03M_034-002 0.0277 0.1837 0.2187 0.0472 0.5226 
 04C_055-004 0.3032 0.0627 0.0284 0.1219 0.4837 
 04C_126-005 0.1089 0.0968 0.3750 0.1134 0.3058 
 04M_034-013 0.1262 0.2636 0.0512 0.0862 0.4728 
 05M_002-001 0.2150 0.1399 0.1398 0.3650 0.1404 
 05M_004-003 0.1434 0.0090 0.2883 0.3620 0.1973 
 05M_012-004 0.1519 0.0899 0.3576 0.2102 0.1903 
 06C_127-002 0.4578 0.0458 0.1653 0.0086 0.3225 
 12288_AF_23 0.2503 0.0182 0.2680 0.0343 0.4293 
    12601AB1 0.0478 0.4385 0.0269 0.0113 0.4755 
   12636_A_2 0.0486 0.2140 0.2361 0.0102 0.4911 
  15119_AC_5 0.0028 0.1974 0.5381 0.0275 0.2342 
     1512C16 0.2244 0.3243 0.3359 0.0979 0.0175 
   15144_A_3 0.2758 0.0402 0.5746 0.0832 0.0262 
     1563C14 0.2194 0.4427 0.0304 0.2750 0.0325 
     2182EF7 0.2258 0.1310 0.5021 0.0581 0.0830 
     3681AD1 0.1037 0.0510 0.3738 0.3722 0.0993 
     5008AB6 0.2838 0.0935 0.2962 0.2667 0.0598 
    8204_A_4 0.3270 0.0494 0.4270 0.0216 0.1749 
       AGRIA 0.3433 0.0454 0.0089 0.5135 0.0888 
       AILSA 0.2711 0.1288 0.0272 0.0071 0.5658 
      ALMERA 0.2494 0.0595 0.1767 0.4504 0.0640 
       ALPHA 0.1591 0.2296 0.1248 0.4225 0.0640 
      ALWARA 0.2823 0.0327 0.2786 0.3598 0.0466 
      AMADRA 0.2708 0.1397 0.0298 0.3313 0.2285 
       AMOUR 0.0807 0.0365 0.4467 0.0262 0.4100 
        ANNA 0.0056 0.1617 0.7949 0.0185 0.0194 
   ANNABELLE 0.4321 0.0313 0.0510 0.4674 0.0183 
        ANYA 0.4934 0.2218 0.0608 0.1743 0.0498 
       ARGOS 0.0551 0.0117 0.5806 0.1193 0.2333 
     ARIELLE 0.3172 0.1148 0.1244 0.4146 0.0289 
      ARKULA 0.2109 0.1266 0.2007 0.4451 0.0168 
      ARMADA 0.1966 0.1299 0.1734 0.3833 0.1168 
   AVALANCHE 0.0117 0.0466 0.2245 0.2740 0.4433 
     BAILLIE 0.1074 0.0167 0.2138 0.1755 0.4865 
    BALMORAL 0.0212 0.0931 0.6259 0.2369 0.0229 
     BAMBINO 0.1257 0.0159 0.2791 0.0776 0.5016 
       BARNA 0.3247 0.0506 0.4186 0.0988 0.1074 
 BELLE_DE_FO 0.0059 0.8597 0.0629 0.0676 0.0040 
       BENOL 0.0721 0.1612 0.0581 0.1009 0.6077 
       BF_15 0.0473 0.6952 0.0299 0.2218 0.0058 
      BINTJE 0.1209 0.3675 0.1763 0.2530 0.0822 
 BIONICA_EX_ 0.1833 0.1348 0.2688 0.2757 0.1375 
 BLUE_DANUBE 0.0073 0.1465 0.2689 0.5608 0.0166 
      BONNIE 0.2633 0.0325 0.2821 0.1710 0.2512 
      BOUNTY 0.1068 0.0162 0.3245 0.0966 0.4559 
 BRITISH_QUE 0.0054 0.4948 0.2846 0.2074 0.0078 
     BRODICK 0.3082 0.0101 0.1246 0.0085 0.5485 
      BRODIE 0.1630 0.1504 0.5997 0.0076 0.0792 
      BUCHAN 0.2815 0.0928 0.4845 0.0041 0.1370 
      BURREN 0.1983 0.1040 0.4449 0.1580 0.0948 
     CABARET 0.0179 0.2951 0.1508 0.0151 0.5211 
      CAESAR 0.4050 0.0043 0.1608 0.3824 0.0475 
        CARA 0.0910 0.0494 0.6997 0.0172 0.1427 
 CARLINGFORD 0.3535 0.1113 0.4014 0.0272 0.1065 
  CASABLANCA 0.0098 0.0050 0.4430 0.2283 0.3139 
      CELINE 0.1150 0.0662 0.3005 0.4107 0.1077 
  CHALLENGER 0.2627 0.1558 0.0471 0.3254 0.2090 
   CHARLOTTE 0.6547 0.1107 0.0071 0.0826 0.1450 
     CHICAGO 0.1499 0.0360 0.0139 0.2722 0.5281 
   CHIEFTAIN 0.4705 0.2162 0.2696 0.0092 0.0344 
      CHOPIN 0.2790 0.0793 0.2096 0.3992 0.0330 
      CLARET 0.1995 0.0467 0.6152 0.0259 0.1128 
      CORINE 0.0110 0.1141 0.3653 0.3235 0.1861 
      COSMOS 0.1229 0.1001 0.1899 0.4647 0.1224 
     COURAGE 0.2290 0.1147 0.2249 0.3505 0.0810 
     COURLAN 0.3462 0.1477 0.2585 0.1452 0.1023 
 CRAIGS_ROYA 0.1725 0.1324 0.4801 0.0056 0.2093 
 CRAIGS_SNOW 0.1231 0.3960 0.2542 0.0748 0.1519 
     CRAMOND 0.1567 0.0148 0.2376 0.0975 0.4933 
 CRISPS_FOR_ 0.3669 0.0778 0.1305 0.3075 0.1172 
    CROMWELL 0.0105 0.1887 0.0173 0.1174 0.6662 
       D22/1 0.0053 0.1996 0.2193 0.0570 0.5187 
       D23/3 0.0829 0.3394 0.1182 0.0703 0.3891 
      D47-11 0.0034 0.2170 0.0168 0.0624 0.7004 
       D49/1 0.0220 0.1394 0.0038 0.0631 0.7717 
       DAISY 0.1162 0.1823 0.0178 0.1977 0.4860 
 DARK_RED_NO 0.3408 0.2464 0.3157 0.0649 0.0321 
     DARWINA 0.1574 0.1405 0.1457 0.4544 0.1019 
     DESIREE 0.3709 0.1481 0.2200 0.2555 0.0055 
       DITTA 0.3253 0.1650 0.0792 0.4129 0.0176 
 DR._MCINTOS 0.2531 0.1948 0.4780 0.0268 0.0473 
       DRAGA 0.1638 0.0433 0.3349 0.3021 0.1558 
 DUKE_OF_YOR 0.0120 0.4667 0.2258 0.2918 0.0037 
 DUNBAR_STAN 0.1026 0.4282 0.3005 0.0139 0.1548 
     DUNDROD 0.1894 0.1869 0.0990 0.0297 0.4951 
     ECLIPSE 0.3578 0.5206 0.0530 0.0076 0.0609 
        EDEN 0.0299 0.2130 0.0344 0.0140 0.7087 
 EDZELL_BLUE 0.1396 0.3487 0.1896 0.2385 0.0836 
   ELISABETH 0.5513 0.0120 0.0318 0.2407 0.1642 
     EMPEROR 0.3631 0.0963 0.1673 0.1758 0.1974 
         EOS 0.4384 0.0387 0.1051 0.1351 0.2826 
     EPICURE 0.2882 0.4579 0.1840 0.0611 0.0089 
  ERNTESTOLZ 0.1925 0.2810 0.1665 0.3249 0.0352 
      ESCORT 0.3496 0.0081 0.0802 0.3866 0.1755 
   ESMERALDA 0.2623 0.1404 0.1165 0.3126 0.1681 
      ESTIMA 0.2729 0.1297 0.0984 0.3440 0.1549 
 EVE_BALFOUR 0.0962 0.2409 0.4404 0.0243 0.1983 
   EXCALIBUR 0.1023 0.0035 0.3884 0.0208 0.4850 
     EXQUISA 0.4280 0.1384 0.0453 0.3798 0.0085 
    FESTIVAL 0.3682 0.0084 0.0669 0.4020 0.1545 
      FIANNA 0.1823 0.0384 0.3777 0.3507 0.0509 
   FIFTYFOLD 0.1645 0.5761 0.0937 0.0716 0.0941 
     FONTANE 0.2576 0.0545 0.0487 0.4327 0.2065 
   FORTYFOLD 0.0054 0.5737 0.1068 0.3093 0.0048 
 FRONTIER_RU 0.3452 0.2886 0.1826 0.0826 0.1009 
     G.81071 0.2432 0.1286 0.3435 0.1100 0.1747 
     G.88661 0.3641 0.0375 0.2940 0.0792 0.2251 
    G.886611 0.4940 0.0120 0.2691 0.0066 0.2183 
  G.8867Y%12 0.4728 0.0280 0.4081 0.0298 0.0614 
     G.88839 0.5141 0.0075 0.0067 0.4642 0.0074 
     G.88842 0.3409 0.0199 0.2431 0.3824 0.0136 
   GALACTICA 0.0051 0.1639 0.4495 0.3733 0.0081 
      GEMSON 0.1950 0.2206 0.4410 0.0276 0.1158 
  GL.76B/102 0.1957 0.3511 0.0131 0.2664 0.1737 
   GL.76B/94 0.0107 0.5017 0.1217 0.3599 0.0060 
  GL.77M/106 0.2957 0.1763 0.2314 0.0111 0.2855 
   GL.78/166 0.0064 0.5892 0.0642 0.2828 0.0573 
    GL.78/53 0.1950 0.5071 0.0069 0.0371 0.2539 
    GL.78/97 0.0998 0.5355 0.0135 0.1932 0.1580 
    GL.79/42 0.2151 0.4950 0.0033 0.0967 0.1899 
    GL.79/45 0.1963 0.5218 0.0179 0.1145 0.1495 
 GL.81_NT_25 0.0033 0.3182 0.0239 0.1153 0.5394 
   GLADIATOR 0.3789 0.0155 0.2317 0.2548 0.1191 
      GLAMIS 0.2387 0.0551 0.1403 0.1308 0.4352 
 GOLDEN_MILL 0.1913 0.0870 0.1792 0.0210 0.5216 
 GOLDEN_NUGG 0.1700 0.0158 0.3148 0.3711 0.1284 
 GOLDEN_WOND 0.1526 0.5880 0.0454 0.1537 0.0604 
     GRANOLA 0.5632 0.0690 0.0082 0.2190 0.1406 
    H1H3_101 0.0028 0.3035 0.0057 0.0085 0.6795 
      H1H3_3 0.0704 0.2086 0.2007 0.0705 0.4499 
 HARBOROUGH_ 0.1658 0.0103 0.0952 0.0126 0.7161 
   HARLEQUIN 0.5304 0.1532 0.0181 0.1312 0.1670 
      HERMES 0.2170 0.1228 0.1885 0.3988 0.0728 
 HIGHLAND_BU 0.0051 0.7816 0.0185 0.1740 0.0208 
  HOME_GUARD 0.1878 0.3073 0.3038 0.0198 0.1813 
     HORIZON 0.0705 0.2174 0.1338 0.4737 0.1047 
   INNOVATOR 0.0074 0.3016 0.3897 0.2956 0.0057 
 INTERNATION 0.0037 0.8564 0.0135 0.1198 0.0067 
 ISLE_OF_JUR 0.1350 0.1273 0.1999 0.0888 0.4490 
    JULIETTE 0.5767 0.0263 0.0067 0.3564 0.0339 
     KARLENA 0.0103 0.2445 0.3740 0.3400 0.0311 
 KERR'S_PINK 0.1006 0.5549 0.2313 0.0193 0.0939 
     KESTREL 0.2311 0.0075 0.3794 0.0051 0.3769 
       KIFLI 0.4734 0.1317 0.0059 0.2469 0.1421 
 KING_EDWARD 0.1367 0.7724 0.0059 0.0130 0.0720 
    KINGSTON 0.0898 0.1538 0.1256 0.1130 0.5178 
 KUFRI_CHAND 0.1948 0.2699 0.2888 0.1576 0.0888 
 KUFRI_JYOTI 0.2184 0.1507 0.3866 0.1991 0.0451 
      KURODA 0.1457 0.0314 0.2648 0.5212 0.0369 
 LADY_BALFOU 0.1189 0.1787 0.4732 0.0379 0.1913 
 LADY_CHRIST 0.0787 0.2704 0.0901 0.4564 0.1044 
 LADY_CLAIRE 0.0054 0.1730 0.0509 0.7575 0.0132 
     LADY_JO 0.0025 0.2741 0.0995 0.6058 0.0181 
 LADY_ROSETT 0.2050 0.1346 0.1513 0.3562 0.1528 
    LIBERTAS 0.0030 0.2587 0.1523 0.5759 0.0101 
       LINDA 0.5287 0.1888 0.0058 0.2681 0.0086 
      LINTON 0.2421 0.0831 0.2020 0.2872 0.1856 
 LINZER_DELI 0.4370 0.1789 0.0209 0.3246 0.0386 
   LIONHEART 0.1671 0.0718 0.2467 0.4507 0.0636 
   MADELEINE 0.4125 0.0533 0.0356 0.4000 0.0986 
   MADINGLEY 0.3236 0.0434 0.1587 0.3110 0.1632 
    MAJESTIC 0.2661 0.2211 0.4441 0.0460 0.0227 
     MARABEL 0.3567 0.0120 0.1213 0.4943 0.0158 
     MARFONA 0.0371 0.1754 0.1960 0.4784 0.1131 
     MARILYN 0.3874 0.0854 0.1486 0.3487 0.0299 
 MARIS_ANCHO 0.2458 0.2271 0.1561 0.2924 0.0785 
  MARIS_BARD 0.0033 0.1959 0.3621 0.2099 0.2288 
  MARIS_PEER 0.1977 0.2484 0.3788 0.0176 0.1575 
 MARIS_PIPER 0.0053 0.1067 0.0072 0.0565 0.8242 
     MARKIES 0.2962 0.1169 0.0415 0.5119 0.0334 
      MAXINE 0.2119 0.0876 0.2755 0.0165 0.4085 
      MEGARA 0.3012 0.0418 0.0346 0.5336 0.0888 
      MELODY 0.1625 0.1446 0.1577 0.4221 0.1131 
       MIDAS 0.1518 0.0857 0.0055 0.2456 0.5115 
       MILVA 0.3531 0.1676 0.0464 0.4053 0.0276 
        MIMI 0.1039 0.0697 0.1880 0.2835 0.3548 
        MIRA 0.0070 0.2084 0.1795 0.5943 0.0108 
       MOIRA 0.2606 0.1530 0.2425 0.2917 0.0522 
    MONTROSE 0.1094 0.2352 0.0311 0.0096 0.6147 
       MORAG 0.1515 0.2465 0.4198 0.0109 0.1712 
      MORENE 0.0115 0.1709 0.2362 0.5778 0.0035 
      MOZART 0.5035 0.0029 0.0666 0.3410 0.0861 
 MYATT'S_ASH 0.0045 0.7249 0.0138 0.2520 0.0048 
      NADINE 0.3326 0.0079 0.1520 0.0520 0.4555 
       NAVAN 0.0916 0.0493 0.1505 0.0212 0.6874 
 NDTX_4271_5 0.5651 0.0906 0.1176 0.0050 0.2217 
      NICOLA 0.4084 0.1579 0.0048 0.4250 0.0040 
     NOVELLA 0.2627 0.0380 0.2751 0.3790 0.0451 
     OLYMPUS 0.3174 0.1528 0.1853 0.0077 0.3368 
       OPERA 0.2736 0.0155 0.1877 0.3754 0.1478 
   ORCHESTRA 0.3584 0.0553 0.0261 0.4040 0.1563 
      ORIANA 0.1538 0.1083 0.2893 0.4443 0.0043 
     OTHELLO 0.2220 0.0252 0.5898 0.0055 0.1574 
     PALADIN 0.0063 0.2168 0.0367 0.0599 0.6803 
       PANDA 0.5319 0.0157 0.0157 0.3222 0.1145 
   PARAMOUNT 0.2383 0.0545 0.4870 0.1938 0.0263 
    PATRONES 0.1592 0.2311 0.1654 0.3727 0.0716 
 PENTLAND_AC 0.2181 0.2019 0.2778 0.1470 0.1553 
 PENTLAND_BE 0.0085 0.5044 0.3371 0.1360 0.0140 
 PENTLAND_CR 0.1238 0.1283 0.3635 0.2419 0.1424 
 PENTLAND_DE 0.2200 0.3135 0.3933 0.0128 0.0603 
 PENTLAND_IV 0.3980 0.1661 0.3506 0.0047 0.0806 
 PENTLAND_JA 0.1507 0.2056 0.3849 0.1863 0.0726 
 PENTLAND_MA 0.1190 0.1214 0.4160 0.3358 0.0078 
 PENTLAND_SQ 0.2215 0.2339 0.3393 0.0928 0.1124 
   PEPO_1978 0.3414 0.1090 0.0274 0.4062 0.1159 
     PICASSO 0.0534 0.0040 0.5549 0.2495 0.1382 
   PIMPERNEL 0.1586 0.1560 0.1004 0.4942 0.0908 
     PIONEER 0.6029 0.1484 0.0059 0.2183 0.0245 
       PIXIE 0.2844 0.0057 0.3096 0.0281 0.3722 
    PREMIERE 0.0066 0.2706 0.1818 0.4899 0.0511 
   PRODUCENT 0.1757 0.0917 0.0437 0.4515 0.2373 
     PROVOST 0.2108 0.2111 0.3819 0.1608 0.0354 
  R.P.LUSTRE 0.3763 0.2854 0.1094 0.0226 0.2062 
 RANGER_RUSS 0.0410 0.3780 0.3766 0.2017 0.0028 
       RATTE 0.2672 0.4820 0.0076 0.0462 0.1970 
      RECORD 0.0067 0.2455 0.1170 0.6218 0.0091 
   REMBRANDT 0.1495 0.1575 0.1016 0.4575 0.1339 
    RIO_ROJO 0.3717 0.1651 0.3064 0.0862 0.0706 
      ROBIJN 0.0219 0.2754 0.0975 0.5976 0.0076 
      ROCKET 0.0906 0.1986 0.1689 0.0196 0.5224 
   RODE_STAR 0.1793 0.3222 0.0052 0.4439 0.0494 
      ROMANO 0.2804 0.0112 0.3286 0.3325 0.0473 
       ROMEO 0.4079 0.2124 0.2931 0.0213 0.0653 
     ROOSTER 0.2244 0.1579 0.3611 0.1518 0.1049 
       ROYAL 0.2609 0.0740 0.0117 0.2876 0.3657 
 ROYAL_KIDNE 0.0144 0.5689 0.3313 0.0818 0.0037 
     RUBESSE 0.4049 0.1117 0.1999 0.2416 0.0419 
 RUSSET_BURB 0.2226 0.3006 0.3400 0.1227 0.0141 
 RUSSET_NORK 0.4406 0.2700 0.2444 0.0069 0.0381 
      SAFARI 0.2042 0.0110 0.3263 0.4230 0.0355 
     SANTANA 0.1248 0.1241 0.1908 0.4132 0.1472 
       SANTE 0.1840 0.0664 0.1160 0.4409 0.1927 
     SAPHIRE 0.1760 0.0258 0.2761 0.4209 0.1013 
  SARPO_MIRA 0.3948 0.1434 0.0381 0.3340 0.0897 
 SARPO_SHONA 0.3784 0.0605 0.0565 0.4118 0.0929 
       SASSY 0.1868 0.2483 0.1336 0.3294 0.1019 
     SATURNA 0.1818 0.2251 0.0055 0.5358 0.0517 
        SAVA 0.4321 0.0658 0.0586 0.3109 0.1326 
       SAXON 0.1278 0.1150 0.1498 0.0417 0.5657 
 SCARBOROUGH 0.1642 0.0409 0.0352 0.0053 0.7544 
 SEFTON_WOND 0.0626 0.5325 0.2405 0.0134 0.1510 
    SERAFINA 0.4849 0.1213 0.0708 0.3053 0.0177 
     SETANTA 0.3110 0.0565 0.2829 0.0403 0.3093 
 SHARPE'S_EX 0.1068 0.6079 0.0320 0.1420 0.1114 
     SHELAGH 0.1166 0.2535 0.2790 0.1646 0.1862 
    SHELFORD 0.2249 0.1949 0.1930 0.3581 0.0291 
     SHEPODY 0.0039 0.2973 0.4647 0.2294 0.0047 
      SLANEY 0.2538 0.0086 0.4332 0.0098 0.2946 
        SPEY 0.1800 0.0036 0.4992 0.0295 0.2876 
      SPUNTA 0.4005 0.2101 0.1342 0.1204 0.1348 
     STAMINA 0.0178 0.0041 0.3103 0.0517 0.6161 
    STEMSTER 0.1495 0.1589 0.0954 0.2718 0.3244 
 STORMONT_EN 0.0805 0.1906 0.2468 0.2999 0.1822 
    STIRLING 0.2690 0.0162 0.4887 0.0574 0.1688 
     SYLVANA 0.2710 0.1167 0.2403 0.2774 0.0946 
         TAY 0.2710 0.0089 0.2822 0.0070 0.4309 
      TIMATE 0.3857 0.0411 0.0092 0.4246 0.1393 
      TOLUCA 0.3679 0.0521 0.2030 0.3708 0.0063 
    TORRIDON 0.1308 0.1073 0.3469 0.3418 0.0732 
 ULSTER_SCEP 0.1002 0.1734 0.3659 0.0634 0.2971 
 UMATILLA_RU 0.0321 0.3573 0.0716 0.1975 0.3416 
 VALES_EMERA 0.5175 0.1009 0.0678 0.0489 0.2649 
 VALES_EVERE 0.1554 0.1327 0.4257 0.0096 0.2767 
 VALES_RUSSE 0.2375 0.3623 0.2328 0.1290 0.0384 
 VALES_SOVER 0.0250 0.0036 0.5971 0.0303 0.3440 
       VALOR 0.0926 0.0034 0.4890 0.0350 0.3801 
    VAN_GOGH 0.1667 0.1314 0.0770 0.5113 0.1135 
     VANTAGE 0.0061 0.3409 0.1949 0.4460 0.0121 
       VERDI 0.2143 0.1772 0.0572 0.4247 0.1267 
    VICTORIA 0.2510 0.1059 0.1799 0.4239 0.0394 
     VIVALDI 0.1774 0.0746 0.2967 0.4469 0.0043 
       WILJA 0.0023 0.1851 0.2420 0.5614 0.0092 
     WINSTON 0.3024 0.0052 0.2465 0.0079 0.4380 
      XD2-21 0.1996 0.2608 0.3739 0.0672 0.0986 
  YUKON_GOLD 0.4630 0.0285 0.1742 0.0944 0.2399 
       ZORBA 0.0197 0.2013 0.3373 0.4322 0.0095 
