  00C133-020 0.5899 0.0242 0.0273 0.3587 
 01C_071-002 0.2344 0.2724 0.1954 0.2978 
 02M_012-001 0.6364 0.1383 0.1970 0.0283 
 03M_016-002 0.3714 0.0136 0.4888 0.1262 
 03M_034-002 0.5703 0.0275 0.2106 0.1916 
 04C_055-004 0.5180 0.3226 0.1085 0.0509 
 04C_126-005 0.3777 0.1269 0.1041 0.3912 
 04M_034-013 0.4944 0.1216 0.3190 0.0650 
 05M_002-001 0.1686 0.4266 0.1990 0.2059 
 05M_004-003 0.2461 0.3867 0.0241 0.3432 
 05M_012-004 0.2467 0.2041 0.1196 0.4296 
 06C_127-002 0.4365 0.2842 0.0631 0.2162 
 12288_AF_23 0.5074 0.1554 0.0252 0.3120 
    12601AB1 0.4921 0.0137 0.4748 0.0194 
   12636_A_2 0.5451 0.0109 0.2273 0.2167 
  15119_AC_5 0.2883 0.0049 0.2012 0.5055 
     1512C16 0.0809 0.1503 0.3360 0.4329 
   15144_A_3 0.1535 0.2140 0.0249 0.6075 
     1563C14 0.0379 0.3330 0.5113 0.1177 
     2182EF7 0.1896 0.1052 0.1175 0.5876 
     3681AD1 0.1176 0.3064 0.1079 0.4681 
     5008AB6 0.1307 0.3974 0.1185 0.3534 
    8204_A_4 0.3000 0.1697 0.0388 0.4914 
       AGRIA 0.1074 0.7199 0.1267 0.0460 
       AILSA 0.6351 0.1513 0.1666 0.0471 
      ALMERA 0.0792 0.5338 0.1219 0.2651 
       ALPHA 0.0543 0.4071 0.3094 0.2292 
      ALWARA 0.0964 0.4743 0.0670 0.3622 
      AMADRA 0.2475 0.4756 0.2063 0.0707 
       AMOUR 0.4959 0.0286 0.0444 0.4311 
        ANNA 0.1054 0.0050 0.1039 0.7857 
   ANNABELLE 0.0413 0.7309 0.0861 0.1417 
        ANYA 0.1269 0.5004 0.2377 0.1351 
       ARGOS 0.3189 0.0695 0.0155 0.5961 
     ARIELLE 0.0557 0.5636 0.1699 0.2107 
      ARKULA 0.0255 0.4765 0.1917 0.3063 
      ARMADA 0.1292 0.4147 0.1935 0.2627 
   AVALANCHE 0.4478 0.1751 0.1115 0.2657 
     BAILLIE 0.5266 0.1972 0.0477 0.2286 
    BALMORAL 0.1062 0.1047 0.0900 0.6992 
     BAMBINO 0.5635 0.1151 0.0354 0.2860 
       BARNA 0.2120 0.2597 0.0521 0.4762 
 BELLE_DE_FO 0.0037 0.0078 0.8963 0.0922 
       BENOL 0.6291 0.1203 0.2102 0.0404 
       BF_15 0.0070 0.1491 0.7595 0.0844 
      BINTJE 0.0896 0.2222 0.4282 0.2600 
 BIONICA_EX_ 0.1824 0.3012 0.1794 0.3369 
 BLUE_DANUBE 0.0376 0.3852 0.2259 0.3513 
      BONNIE 0.3200 0.2904 0.0578 0.3318 
      BOUNTY 0.5199 0.1109 0.0346 0.3345 
 BRITISH_QUE 0.0116 0.0220 0.5542 0.4123 
     BRODICK 0.6519 0.2027 0.0207 0.1248 
      BRODIE 0.2006 0.0117 0.1239 0.6638 
      BUCHAN 0.2926 0.0545 0.0911 0.5618 
      BURREN 0.1843 0.2215 0.1076 0.4866 
     CABARET 0.5472 0.0086 0.3247 0.1196 
      CAESAR 0.1081 0.6334 0.0084 0.2500 
        CARA 0.2547 0.0137 0.0313 0.7002 
 CARLINGFORD 0.2117 0.1922 0.1057 0.4905 
  CASABLANCA 0.3658 0.1339 0.0104 0.4899 
      CELINE 0.1307 0.3714 0.1213 0.3765 
  CHALLENGER 0.2263 0.4427 0.2152 0.1157 
   CHARLOTTE 0.2447 0.6073 0.1284 0.0196 
     CHICAGO 0.5342 0.3439 0.1017 0.0202 
   CHIEFTAIN 0.1457 0.2346 0.2242 0.3955 
      CHOPIN 0.0596 0.5091 0.1250 0.3062 
      CLARET 0.2389 0.0724 0.0340 0.6547 
      CORINE 0.2348 0.1888 0.1663 0.4100 
      COSMOS 0.1172 0.4187 0.1703 0.2938 
     COURAGE 0.1089 0.3979 0.1696 0.3236 
     COURLAN 0.1822 0.3248 0.1624 0.3305 
 CRAIGS_ROYA 0.3228 0.0126 0.1277 0.5368 
 CRAIGS_SNOW 0.1900 0.0575 0.4292 0.3232 
     CRAMOND 0.5560 0.1595 0.0267 0.2578 
 CRISPS_FOR_ 0.1609 0.5011 0.1241 0.2139 
    CROMWELL 0.6593 0.0590 0.2634 0.0182 
       D22/1 0.5307 0.0101 0.2498 0.2094 
       D23/3 0.4039 0.0409 0.3984 0.1568 
      D47-11 0.6654 0.0084 0.3094 0.0168 
       D49/1 0.7474 0.0388 0.2092 0.0046 
       DAISY 0.4875 0.2383 0.2523 0.0220 
 DARK_RED_NO 0.1021 0.2320 0.2437 0.4222 
     DARWINA 0.1025 0.4441 0.2188 0.2346 
     DESIREE 0.0182 0.4601 0.1842 0.3375 
       DITTA 0.0324 0.5682 0.2268 0.1727 
 DR._MCINTOS 0.1454 0.0757 0.1776 0.6013 
       DRAGA 0.1972 0.2989 0.0706 0.4332 
 DUKE_OF_YOR 0.0049 0.1348 0.5182 0.3420 
 DUNBAR_STAN 0.1960 0.0120 0.4289 0.3631 
     DUNDROD 0.5349 0.1256 0.2256 0.1139 
     ECLIPSE 0.1456 0.1704 0.5499 0.1341 
        EDEN 0.7176 0.0123 0.2549 0.0152 
 EDZELL_BLUE 0.1017 0.2155 0.4097 0.2731 
   ELISABETH 0.2356 0.6202 0.0284 0.1158 
     EMPEROR 0.2621 0.3648 0.1262 0.2469 
         EOS 0.3349 0.4034 0.0766 0.1850 
     EPICURE 0.0617 0.1744 0.4794 0.2845 
  ERNTESTOLZ 0.0512 0.3627 0.3354 0.2507 
      ESCORT 0.2189 0.6007 0.0258 0.1546 
   ESMERALDA 0.2002 0.4231 0.1963 0.1804 
      ESTIMA 0.1706 0.4485 0.1885 0.1924 
 EVE_BALFOUR 0.2764 0.0219 0.2386 0.4631 
   EXCALIBUR 0.5934 0.0638 0.0049 0.3379 
     EXQUISA 0.0198 0.6531 0.1941 0.1330 
    FESTIVAL 0.1983 0.6347 0.0265 0.1405 
      FIANNA 0.0890 0.3563 0.0715 0.4832 
   FIFTYFOLD 0.1385 0.1023 0.6189 0.1403 
     FONTANE 0.2172 0.5443 0.1223 0.1162 
   FORTYFOLD 0.0054 0.1212 0.6636 0.2098 
 FRONTIER_RU 0.1678 0.2519 0.3070 0.2733 
     G.81071 0.2456 0.1948 0.1391 0.4205 
     G.88661 0.2955 0.2555 0.0519 0.3971 
    G.886611 0.3399 0.2655 0.0162 0.3784 
  G.8867Y%12 0.1833 0.2710 0.0236 0.5220 
     G.88839 0.0262 0.9001 0.0384 0.0353 
     G.88842 0.0496 0.5654 0.0454 0.3396 
   GALACTICA 0.0284 0.1946 0.2350 0.5420 
      GEMSON 0.2133 0.0436 0.2223 0.5207 
  GL.76B/102 0.1787 0.3573 0.4283 0.0356 
   GL.76B/94 0.0088 0.2234 0.5804 0.1875 
  GL.77M/106 0.3927 0.1539 0.1907 0.2627 
   GL.78/166 0.0550 0.1310 0.6913 0.1227 
    GL.78/53 0.2879 0.1325 0.5693 0.0102 
    GL.78/97 0.1621 0.1927 0.6157 0.0296 
    GL.79/42 0.2082 0.2147 0.5710 0.0060 
    GL.79/45 0.1677 0.1955 0.5976 0.0392 
 GL.81_NT_25 0.5224 0.0132 0.4289 0.0355 
   GLADIATOR 0.1926 0.4515 0.0340 0.3219 
      GLAMIS 0.4832 0.2424 0.0961 0.1783 
 GOLDEN_MILL 0.6021 0.1297 0.1032 0.1650 
 GOLDEN_NUGG 0.1706 0.3965 0.0364 0.3965 
 GOLDEN_WOND 0.0808 0.1648 0.6454 0.1090 
     GRANOLA 0.2136 0.6461 0.1166 0.0237 
    H1H3_101 0.6221 0.0038 0.3695 0.0046 
      H1H3_3 0.4810 0.0470 0.2438 0.2281 
 HARBOROUGH_ 0.7953 0.1153 0.0221 0.0673 
   HARLEQUIN 0.2385 0.5244 0.1896 0.0475 
      HERMES 0.0969 0.4756 0.1742 0.2532 
 HIGHLAND_BU 0.0226 0.0275 0.8799 0.0699 
  HOME_GUARD 0.2676 0.0509 0.3200 0.3614 
     HORIZON 0.0933 0.4059 0.3068 0.1940 
   INNOVATOR 0.0099 0.0980 0.3547 0.5374 
 INTERNATION 0.0073 0.0109 0.9457 0.0362 
 ISLE_OF_JUR 0.4972 0.1260 0.1589 0.2179 
    JULIETTE 0.1067 0.8062 0.0630 0.0241 
     KARLENA 0.0741 0.1791 0.2899 0.4570 
 KERR'S_PINK 0.1413 0.0143 0.5685 0.2759 
     KESTREL 0.5217 0.0411 0.0127 0.4245 
       KIFLI 0.1973 0.6191 0.1730 0.0106 
 KING_EDWARD 0.1221 0.0450 0.8223 0.0106 
    KINGSTON 0.5503 0.1237 0.2080 0.1180 
 KUFRI_CHAND 0.1388 0.1761 0.2983 0.3869 
 KUFRI_JYOTI 0.1231 0.2406 0.1668 0.4695 
      KURODA 0.0387 0.4930 0.1009 0.3674 
 LADY_BALFOU 0.2759 0.0265 0.1791 0.5185 
 LADY_CHRIST 0.0777 0.3855 0.3614 0.1754 
 LADY_CLAIRE 0.0122 0.5957 0.2811 0.1110 
     LADY_JO 0.0193 0.3426 0.4172 0.2209 
 LADY_ROSETT 0.1718 0.3852 0.1966 0.2464 
    LIBERTAS 0.0120 0.3126 0.3938 0.2816 
       LINDA 0.0423 0.6878 0.2487 0.0212 
      LINTON 0.2230 0.3824 0.1281 0.2666 
 LINZER_DELI 0.0812 0.6123 0.2307 0.0758 
   LIONHEART 0.0797 0.4395 0.1383 0.3426 
   MADELEINE 0.1415 0.6511 0.1143 0.0931 
   MADINGLEY 0.2085 0.4873 0.0892 0.2150 
    MAJESTIC 0.1112 0.1181 0.2079 0.5629 
     MARABEL 0.0510 0.7123 0.0366 0.2001 
     MARFONA 0.0714 0.3253 0.2698 0.3335 
     MARILYN 0.0812 0.5753 0.1239 0.2196 
 MARIS_ANCHO 0.1092 0.3810 0.2730 0.2368 
  MARIS_BARD 0.2645 0.0243 0.2632 0.4480 
  MARIS_PEER 0.2410 0.0361 0.2551 0.4678 
 MARIS_PIPER 0.7962 0.0135 0.1841 0.0062 
     MARKIES 0.0457 0.6460 0.1847 0.1236 
      MAXINE 0.4773 0.0904 0.1062 0.3261 
      MEGARA 0.1006 0.6788 0.1175 0.1031 
      MELODY 0.1269 0.4391 0.2087 0.2253 
       MIDAS 0.5067 0.3262 0.1594 0.0077 
       MILVA 0.0452 0.6078 0.2313 0.1158 
        MIMI 0.3756 0.2766 0.1279 0.2199 
        MIRA 0.0146 0.4512 0.2890 0.2452 
       MOIRA 0.1080 0.3870 0.1878 0.3172 
    MONTROSE 0.6657 0.0373 0.2756 0.0215 
       MORAG 0.2597 0.0223 0.2426 0.4754 
      MORENE 0.0062 0.4225 0.2426 0.3287 
      MOZART 0.1520 0.6979 0.0051 0.1451 
 MYATT'S_ASH 0.0053 0.0929 0.8161 0.0857 
      NADINE 0.5332 0.2730 0.0199 0.1740 
       NAVAN 0.7275 0.0410 0.0897 0.1419 
 NDTX_4271_5 0.3391 0.2978 0.1194 0.2437 
      NICOLA 0.0089 0.7291 0.2351 0.0269 
     NOVELLA 0.0998 0.4780 0.0720 0.3502 
     OLYMPUS 0.4369 0.1319 0.1779 0.2533 
       OPERA 0.1902 0.5027 0.0542 0.2529 
   ORCHESTRA 0.1910 0.6270 0.1164 0.0656 
      ORIANA 0.0075 0.4435 0.1523 0.3966 
     OTHELLO 0.3036 0.0224 0.0188 0.6551 
     PALADIN 0.6670 0.0150 0.2877 0.0303 
       PANDA 0.1751 0.7406 0.0414 0.0429 
   PARAMOUNT 0.1073 0.2553 0.0695 0.5679 
    PATRONES 0.0725 0.3643 0.2994 0.2638 
 PENTLAND_AC 0.2180 0.2053 0.2272 0.3495 
 PENTLAND_BE 0.0305 0.0155 0.5348 0.4192 
 PENTLAND_CR 0.1930 0.2026 0.1603 0.4441 
 PENTLAND_DE 0.1701 0.0473 0.3064 0.4762 
 PENTLAND_IV 0.2395 0.1374 0.1599 0.4632 
 PENTLAND_JA 0.1233 0.1529 0.2258 0.4980 
 PENTLAND_MA 0.0305 0.3050 0.1479 0.5166 
 PENTLAND_SQ 0.1924 0.1556 0.2427 0.4093 
   PEPO_1978 0.1399 0.6262 0.1654 0.0686 
     PICASSO 0.1904 0.1880 0.0072 0.6143 
   PIMPERNEL 0.0866 0.4932 0.2388 0.1813 
     PIONEER 0.0952 0.6938 0.1922 0.0187 
       PIXIE 0.4653 0.1931 0.0089 0.3327 
    PREMIERE 0.0510 0.3102 0.3616 0.2772 
   PRODUCENT 0.2334 0.4905 0.1726 0.1035 
     PROVOST 0.1068 0.2030 0.2219 0.4683 
  R.P.LUSTRE 0.2976 0.2314 0.3070 0.1640 
 RANGER_RUSS 0.0040 0.0608 0.4081 0.5271 
       RATTE 0.2376 0.2109 0.5311 0.0204 
      RECORD 0.0070 0.4077 0.3572 0.2281 
   REMBRANDT 0.1241 0.4445 0.2410 0.1904 
    RIO_ROJO 0.1633 0.2581 0.1677 0.4110 
      ROBIJN 0.0061 0.4834 0.3588 0.1517 
      ROCKET 0.5541 0.0230 0.2380 0.1849 
   RODE_STAR 0.0515 0.5148 0.4224 0.0114 
      ROMANO 0.1155 0.4484 0.0261 0.4099 
       ROMEO 0.1920 0.2552 0.2025 0.3504 
     ROOSTER 0.1808 0.2213 0.1679 0.4300 
       ROYAL 0.3824 0.4538 0.1457 0.0181 
 ROYAL_KIDNE 0.0054 0.0075 0.5707 0.4164 
     RUBESSE 0.1129 0.4561 0.1399 0.2912 
 RUSSET_BURB 0.0629 0.1731 0.3093 0.4547 
 RUSSET_NORK 0.1619 0.2008 0.2640 0.3734 
      SAFARI 0.0795 0.4521 0.0408 0.4276 
     SANTANA 0.1482 0.3889 0.1898 0.2731 
       SANTE 0.1949 0.4738 0.1448 0.1864 
     SAPHIRE 0.1217 0.4244 0.0709 0.3829 
  SARPO_MIRA 0.1246 0.5751 0.1992 0.1012 
 SARPO_SHONA 0.1188 0.6331 0.1189 0.1292 
       SASSY 0.1139 0.3455 0.3151 0.2255 
     SATURNA 0.0466 0.6042 0.3328 0.0164 
        SAVA 0.1779 0.5789 0.1115 0.1317 
       SAXON 0.6175 0.0861 0.1539 0.1424 
 SCARBOROUGH 0.8269 0.0667 0.0832 0.0232 
 SEFTON_WOND 0.1849 0.0069 0.5379 0.2703 
    SERAFINA 0.0611 0.6219 0.1538 0.1631 
     SETANTA 0.4149 0.2208 0.0524 0.3118 
 SHARPE'S_EX 0.1148 0.1143 0.6786 0.0923 
     SHELAGH 0.2238 0.1349 0.3004 0.3409 
    SHELFORD 0.0545 0.4341 0.2470 0.2643 
     SHEPODY 0.0093 0.0201 0.3610 0.6096 
      SLANEY 0.4098 0.1070 0.0145 0.4686 
        SPEY 0.3943 0.0750 0.0056 0.5251 
      SPUNTA 0.2122 0.3794 0.2287 0.1797 
     STAMINA 0.6744 0.0252 0.0073 0.2932 
    STEMSTER 0.3398 0.3060 0.2201 0.1342 
 STORMONT_EN 0.1908 0.2109 0.2631 0.3352 
    STIRLING 0.2717 0.1319 0.0230 0.5734 
     SYLVANA 0.1455 0.3860 0.1492 0.3193 
         TAY 0.5495 0.1318 0.0127 0.3059 
      TIMATE 0.1768 0.6904 0.1069 0.0259 
      TOLUCA 0.0220 0.5952 0.0828 0.3000 
    TORRIDON 0.1025 0.3079 0.1609 0.4286 
 ULSTER_SCEP 0.3491 0.0321 0.1931 0.4258 
 UMATILLA_RU 0.3409 0.1435 0.4325 0.0830 
 VALES_EMERA 0.3529 0.4159 0.1185 0.1127 
 VALES_EVERE 0.3862 0.0232 0.1295 0.4611 
 VALES_RUSSE 0.0907 0.1911 0.3860 0.3321 
 VALES_SOVER 0.4182 0.0119 0.0042 0.5657 
       VALOR 0.4691 0.0387 0.0046 0.4875 
    VAN_GOGH 0.1119 0.5271 0.2183 0.1427 
     VANTAGE 0.0176 0.2391 0.4400 0.3033 
       VERDI 0.1382 0.5230 0.2406 0.0982 
    VICTORIA 0.0672 0.4964 0.1602 0.2763 
     VIVALDI 0.0070 0.4721 0.1044 0.4164 
       WILJA 0.0108 0.2765 0.3119 0.4008 
     WINSTON 0.5479 0.1531 0.0104 0.2887 
      XD2-21 0.1713 0.1001 0.2673 0.4613 
  YUKON_GOLD 0.3095 0.3803 0.0439 0.2662 
       ZORBA 0.0242 0.3081 0.2456 0.4221 
