  00C133-020 0.0061 0.1890 0.2357 0.3664 0.1711 0.0065 0.0095 0.0157 
 01C_071-002 0.1513 0.0405 0.2870 0.1737 0.0023 0.0544 0.1333 0.1575 
 02M_012-001 0.0760 0.2244 0.0601 0.4577 0.0197 0.0042 0.1363 0.0215 
 03M_016-002 0.0415 0.0160 0.0213 0.3798 0.0035 0.2070 0.3266 0.0042 
 03M_034-002 0.0020 0.3184 0.0843 0.3359 0.0159 0.0067 0.1624 0.0743 
 04C_055-004 0.2204 0.0515 0.0085 0.4263 0.1700 0.0321 0.0563 0.0350 
 04C_126-005 0.0120 0.2107 0.2955 0.1905 0.0710 0.0114 0.0956 0.1133 
 04M_034-013 0.0513 0.1383 0.0086 0.3971 0.0269 0.1328 0.2054 0.0395 
 05M_002-001 0.2198 0.0603 0.0659 0.1240 0.0089 0.1776 0.0931 0.2504 
 05M_004-003 0.1051 0.1527 0.1772 0.1222 0.0207 0.1105 0.0047 0.3070 
 05M_012-004 0.0044 0.2269 0.1111 0.0632 0.1178 0.1828 0.0315 0.2623 
 06C_127-002 0.1943 0.3829 0.0727 0.1016 0.1228 0.1007 0.0186 0.0063 
 12288_AF_23 0.0324 0.1118 0.0562 0.3198 0.3891 0.0249 0.0070 0.0586 
    12601AB1 0.0026 0.4214 0.0058 0.1686 0.0018 0.0021 0.3939 0.0039 
   12636_A_2 0.0023 0.3092 0.0834 0.3187 0.0828 0.0362 0.1608 0.0067 
  15119_AC_5 0.0015 0.0028 0.5159 0.2739 0.0117 0.0109 0.1720 0.0114 
     1512C16 0.0278 0.0785 0.0972 0.0049 0.1817 0.2708 0.2498 0.0893 
   15144_A_3 0.1941 0.0059 0.5980 0.0048 0.1380 0.0035 0.0510 0.0047 
     1563C14 0.1747 0.0050 0.0222 0.0111 0.1232 0.0436 0.4516 0.1686 
     2182EF7 0.0194 0.2217 0.3060 0.0142 0.0205 0.2935 0.0472 0.0775 
     3681AD1 0.0449 0.1284 0.2965 0.0235 0.0086 0.1004 0.0451 0.3526 
     5008AB6 0.1360 0.2180 0.2472 0.0040 0.0207 0.0169 0.1067 0.2505 
    8204_A_4 0.0421 0.2936 0.2744 0.0160 0.1319 0.1413 0.0230 0.0776 
       AGRIA 0.3740 0.0768 0.0045 0.0313 0.0028 0.1509 0.0189 0.3408 
       AILSA 0.1518 0.2259 0.0098 0.4240 0.0672 0.0381 0.0797 0.0034 
      ALMERA 0.2728 0.0043 0.0506 0.0965 0.0067 0.2393 0.0094 0.3205 
       ALPHA 0.0569 0.0211 0.0158 0.0222 0.1469 0.0681 0.2432 0.4259 
      ALWARA 0.2137 0.0099 0.2297 0.0166 0.1796 0.0180 0.0562 0.2762 
      AMADRA 0.2045 0.0966 0.0088 0.1503 0.0810 0.0206 0.1550 0.2831 
       AMOUR 0.0174 0.1146 0.4327 0.3110 0.0768 0.0145 0.0227 0.0102 
        ANNA 0.0019 0.0650 0.7131 0.0071 0.0060 0.0648 0.1300 0.0121 
   ANNABELLE 0.3814 0.0494 0.0327 0.0080 0.0069 0.1250 0.0195 0.3771 
        ANYA 0.3325 0.1068 0.0332 0.0060 0.1598 0.0676 0.2207 0.0735 
       ARGOS 0.0288 0.0032 0.4490 0.2278 0.1887 0.0491 0.0068 0.0466 
     ARIELLE 0.3260 0.0029 0.0885 0.0341 0.0504 0.1387 0.0942 0.2652 
      ARKULA 0.0682 0.0242 0.0224 0.0078 0.1786 0.0841 0.1374 0.4773 
      ARMADA 0.1034 0.0076 0.0336 0.1182 0.1320 0.1078 0.1135 0.3838 
   AVALANCHE 0.0224 0.0187 0.0908 0.4467 0.0347 0.1641 0.0066 0.2159 
     BAILLIE 0.0787 0.0748 0.1243 0.4467 0.0683 0.0821 0.0062 0.1190 
    BALMORAL 0.0044 0.0228 0.4383 0.0231 0.0195 0.2634 0.0233 0.2052 
     BAMBINO 0.0552 0.1161 0.1991 0.4188 0.1329 0.0200 0.0083 0.0495 
       BARNA 0.1268 0.0204 0.3223 0.0317 0.2958 0.0179 0.0760 0.1091 
 BELLE_DE_FO 0.0059 0.0019 0.0500 0.0043 0.0329 0.0418 0.8480 0.0152 
       BENOL 0.0257 0.3675 0.0147 0.4033 0.0017 0.0109 0.1378 0.0384 
       BF_15 0.0707 0.0045 0.0575 0.0034 0.0102 0.0129 0.7035 0.1375 
      BINTJE 0.0504 0.0111 0.0518 0.0701 0.1075 0.1767 0.3213 0.2112 
 BIONICA_EX_ 0.0359 0.2791 0.1389 0.0158 0.0077 0.1124 0.1222 0.2880 
 BLUE_DANUBE 0.0105 0.0046 0.1509 0.0290 0.0043 0.1628 0.1338 0.5040 
      BONNIE 0.0804 0.1475 0.1356 0.1392 0.1992 0.0670 0.0240 0.2071 
      BOUNTY 0.0182 0.1189 0.1954 0.3633 0.1862 0.0114 0.0138 0.0928 
 BRITISH_QUE 0.0034 0.0016 0.0427 0.0606 0.0035 0.4182 0.3620 0.1080 
     BRODICK 0.0590 0.5983 0.0359 0.2263 0.0134 0.0293 0.0090 0.0288 
      BRODIE 0.0041 0.0780 0.4116 0.0091 0.2370 0.1442 0.1104 0.0055 
      BUCHAN 0.0707 0.0923 0.3643 0.0307 0.2678 0.0864 0.0846 0.0032 
      BURREN 0.1484 0.0461 0.4596 0.0405 0.0842 0.0191 0.1222 0.0800 
     CABARET 0.0035 0.1206 0.0170 0.4725 0.1122 0.0338 0.2336 0.0068 
      CAESAR 0.2469 0.1229 0.0351 0.0045 0.1380 0.0856 0.0029 0.3641 
        CARA 0.0062 0.0411 0.6620 0.0485 0.1635 0.0072 0.0587 0.0128 
 CARLINGFORD 0.1111 0.1251 0.1092 0.0516 0.2343 0.3064 0.0239 0.0385 
  CASABLANCA 0.0043 0.1013 0.2797 0.2664 0.0054 0.1387 0.0020 0.2023 
      CELINE 0.0045 0.0814 0.0783 0.0200 0.2640 0.0165 0.0745 0.4608 
  CHALLENGER 0.1798 0.0858 0.0030 0.1377 0.0738 0.1781 0.0900 0.2520 
   CHARLOTTE 0.4734 0.2298 0.0076 0.0132 0.1182 0.0051 0.1435 0.0092 
     CHICAGO 0.1891 0.1187 0.0239 0.4515 0.0084 0.0048 0.0273 0.1762 
   CHIEFTAIN 0.1794 0.1087 0.0115 0.0057 0.2641 0.3174 0.1085 0.0047 
      CHOPIN 0.1732 0.0868 0.0337 0.0114 0.0402 0.2558 0.0198 0.3792 
      CLARET 0.0818 0.0101 0.5696 0.0671 0.1865 0.0179 0.0587 0.0083 
      CORINE 0.0052 0.1468 0.1976 0.1406 0.0048 0.1749 0.0588 0.2712 
      COSMOS 0.0584 0.0329 0.0130 0.1076 0.0628 0.2184 0.0478 0.4590 
     COURAGE 0.0453 0.0664 0.0193 0.0183 0.2352 0.1240 0.1152 0.3762 
     COURLAN 0.2628 0.0854 0.1325 0.0482 0.1177 0.2398 0.0804 0.0332 
 CRAIGS_ROYA 0.0071 0.0293 0.2811 0.1468 0.2883 0.1579 0.0853 0.0043 
 CRAIGS_SNOW 0.0508 0.0046 0.0503 0.1777 0.1222 0.2900 0.2873 0.0171 
     CRAMOND 0.0056 0.3688 0.0403 0.2984 0.0554 0.0820 0.0039 0.1456 
 CRISPS_FOR_ 0.1974 0.0535 0.0107 0.0401 0.2439 0.0940 0.0669 0.2936 
    CROMWELL 0.0514 0.0084 0.0704 0.6462 0.0231 0.0031 0.1862 0.0112 
       D22/1 0.0043 0.0030 0.0478 0.5724 0.1223 0.0985 0.1346 0.0171 
       D23/3 0.0499 0.0077 0.0102 0.3861 0.1196 0.1439 0.2732 0.0094 
      D47-11 0.0052 0.0245 0.0133 0.7277 0.0048 0.0097 0.1879 0.0269 
       D49/1 0.0434 0.0577 0.0020 0.7421 0.0233 0.0063 0.1091 0.0161 
       DAISY 0.0885 0.1268 0.0055 0.4013 0.0504 0.0099 0.1787 0.1387 
 DARK_RED_NO 0.2249 0.0307 0.1657 0.0298 0.0256 0.4086 0.1058 0.0089 
     DARWINA 0.1351 0.0054 0.0083 0.1177 0.0773 0.1734 0.0938 0.3889 
     DESIREE 0.2088 0.0022 0.1074 0.0020 0.3029 0.0179 0.1636 0.1951 
       DITTA 0.3458 0.0049 0.0288 0.0275 0.0103 0.2052 0.1311 0.2464 
 DR._MCINTOS 0.0091 0.1059 0.0372 0.0220 0.2240 0.4830 0.0408 0.0780 
       DRAGA 0.0631 0.1228 0.1110 0.1008 0.0081 0.3387 0.0057 0.2497 
 DUKE_OF_YOR 0.0047 0.0028 0.0082 0.0032 0.0025 0.4109 0.3534 0.2143 
 DUNBAR_STAN 0.0104 0.0057 0.0288 0.1554 0.1413 0.3988 0.2538 0.0058 
     DUNDROD 0.1527 0.0735 0.0782 0.4387 0.0706 0.0510 0.1301 0.0052 
     ECLIPSE 0.1362 0.0446 0.0021 0.0102 0.1223 0.2750 0.4059 0.0037 
        EDEN 0.0038 0.2457 0.0045 0.5632 0.0142 0.0090 0.1539 0.0057 
 EDZELL_BLUE 0.0547 0.0849 0.0923 0.0177 0.1028 0.1237 0.3273 0.1966 
   ELISABETH 0.2937 0.1182 0.0043 0.0487 0.2415 0.0446 0.0091 0.2398 
     EMPEROR 0.2332 0.1390 0.0082 0.1354 0.0699 0.3179 0.0104 0.0860 
         EOS 0.2073 0.1189 0.0068 0.1641 0.2341 0.1230 0.0157 0.1301 
     EPICURE 0.0415 0.0493 0.0047 0.0038 0.1890 0.2699 0.3805 0.0612 
  ERNTESTOLZ 0.1857 0.0372 0.0910 0.0186 0.0065 0.2144 0.2348 0.2118 
      ESCORT 0.2097 0.1490 0.0288 0.0493 0.1608 0.0085 0.0119 0.3822 
   ESMERALDA 0.0912 0.1126 0.0158 0.0535 0.2213 0.0068 0.1661 0.3327 
      ESTIMA 0.1425 0.0450 0.0040 0.0888 0.1334 0.2020 0.0729 0.3114 
 EVE_BALFOUR 0.0067 0.2340 0.3709 0.0502 0.0259 0.0785 0.2141 0.0198 
   EXCALIBUR 0.0178 0.2057 0.3399 0.3240 0.0865 0.0037 0.0024 0.0201 
     EXQUISA 0.3621 0.0089 0.1372 0.0043 0.0414 0.0067 0.1741 0.2653 
    FESTIVAL 0.2228 0.1009 0.0073 0.0668 0.1437 0.0480 0.0074 0.4031 
      FIANNA 0.0846 0.0655 0.1903 0.0280 0.0400 0.2558 0.0062 0.3294 
   FIFTYFOLD 0.0721 0.0235 0.0347 0.0543 0.1375 0.1037 0.5548 0.0193 
     FONTANE 0.2477 0.0479 0.0048 0.1712 0.0351 0.1679 0.0138 0.3117 
   FORTYFOLD 0.0036 0.0070 0.0220 0.0035 0.0029 0.1871 0.5431 0.2307 
 FRONTIER_RU 0.2073 0.0367 0.0082 0.0703 0.0958 0.4226 0.1478 0.0112 
     G.81071 0.0362 0.2356 0.1204 0.0528 0.1394 0.1986 0.0682 0.1487 
     G.88661 0.0685 0.1537 0.0109 0.1336 0.1802 0.3160 0.0045 0.1327 
    G.886611 0.1322 0.1963 0.0076 0.1005 0.2803 0.2571 0.0032 0.0228 
  G.8867Y%12 0.1582 0.1048 0.0951 0.0168 0.2171 0.3466 0.0047 0.0568 
     G.88839 0.4649 0.0702 0.0076 0.0033 0.0430 0.0050 0.0216 0.3844 
     G.88842 0.2428 0.0740 0.1474 0.0061 0.0107 0.1556 0.0078 0.3557 
   GALACTICA 0.0129 0.0019 0.4256 0.0144 0.0022 0.1163 0.1481 0.2787 
      GEMSON 0.0403 0.0443 0.2147 0.0915 0.1894 0.2557 0.1511 0.0129 
  GL.76B/102 0.2429 0.0157 0.0090 0.1779 0.0041 0.1386 0.3110 0.1008 
   GL.76B/94 0.0380 0.0040 0.1752 0.0039 0.0019 0.0184 0.5157 0.2429 
  GL.77M/106 0.1170 0.3103 0.1911 0.0791 0.1063 0.0111 0.1792 0.0058 
   GL.78/166 0.0459 0.0024 0.0443 0.0996 0.0031 0.1141 0.5677 0.1228 
    GL.78/53 0.1541 0.1465 0.0126 0.1460 0.0212 0.0043 0.5116 0.0036 
    GL.78/97 0.1352 0.0624 0.0433 0.1012 0.0093 0.0263 0.5574 0.0650 
    GL.79/42 0.1308 0.0671 0.0036 0.0870 0.1338 0.0022 0.5294 0.0460 
    GL.79/45 0.1177 0.0641 0.0566 0.0419 0.1033 0.0030 0.5683 0.0452 
 GL.81_NT_25 0.0091 0.0068 0.0715 0.5711 0.0029 0.0076 0.3085 0.0225 
   GLADIATOR 0.2132 0.0465 0.0959 0.0555 0.2144 0.1503 0.0072 0.2169 
      GLAMIS 0.1546 0.0510 0.0093 0.4048 0.1692 0.1256 0.0111 0.0744 
 GOLDEN_MILL 0.0139 0.5205 0.1023 0.2343 0.0149 0.0084 0.0643 0.0415 
 GOLDEN_NUGG 0.0057 0.1093 0.0194 0.0076 0.4049 0.0051 0.0112 0.4369 
 GOLDEN_WOND 0.0432 0.0416 0.0106 0.0142 0.1126 0.0793 0.5775 0.1209 
     GRANOLA 0.4407 0.2177 0.0424 0.0155 0.0406 0.0091 0.1118 0.1223 
    H1H3_101 0.0042 0.0038 0.0059 0.7195 0.0012 0.0065 0.2564 0.0025 
      H1H3_3 0.0054 0.1796 0.0112 0.3520 0.1229 0.1302 0.1339 0.0649 
 HARBOROUGH_ 0.0046 0.5667 0.0052 0.3950 0.0046 0.0128 0.0030 0.0082 
   HARLEQUIN 0.4135 0.1509 0.0325 0.0419 0.1633 0.0096 0.1780 0.0104 
      HERMES 0.3175 0.0035 0.2361 0.0797 0.0047 0.0604 0.1067 0.1914 
 HIGHLAND_BU 0.0019 0.0853 0.0036 0.0064 0.0027 0.0126 0.7757 0.1118 
  HOME_GUARD 0.0243 0.1116 0.0736 0.1009 0.1955 0.2517 0.2221 0.0203 
     HORIZON 0.0478 0.0074 0.0444 0.1057 0.1030 0.0193 0.2243 0.4481 
   INNOVATOR 0.0026 0.0077 0.0993 0.0063 0.0023 0.4772 0.1434 0.2612 
 INTERNATION 0.0042 0.0042 0.0091 0.0078 0.0019 0.0760 0.8559 0.0408 
 ISLE_OF_JUR 0.1131 0.0789 0.1858 0.4108 0.0170 0.0586 0.0972 0.0386 
    JULIETTE 0.5841 0.1322 0.0292 0.0071 0.0107 0.0122 0.0598 0.1647 
     KARLENA 0.0218 0.0046 0.2748 0.0484 0.0024 0.2605 0.1789 0.2086 
 KERR'S_PINK 0.0113 0.0338 0.0364 0.0582 0.1111 0.2992 0.4444 0.0056 
     KESTREL 0.0464 0.0365 0.3030 0.2700 0.3283 0.0062 0.0050 0.0046 
       KIFLI 0.4481 0.1555 0.0108 0.0509 0.0428 0.0095 0.1768 0.1057 
 KING_EDWARD 0.0511 0.0200 0.0020 0.0321 0.0794 0.0837 0.7275 0.0042 
    KINGSTON 0.0135 0.2682 0.0850 0.3495 0.0243 0.0044 0.1528 0.1024 
 KUFRI_CHAND 0.1078 0.0127 0.0515 0.1161 0.0954 0.3770 0.1559 0.0837 
 KUFRI_JYOTI 0.0522 0.1950 0.3078 0.0047 0.0226 0.0892 0.1244 0.2041 
      KURODA 0.1543 0.0067 0.1470 0.0477 0.0058 0.2072 0.0086 0.4227 
 LADY_BALFOU 0.0082 0.0786 0.3500 0.1421 0.1172 0.1274 0.1394 0.0372 
 LADY_CHRIST 0.0177 0.0716 0.0134 0.0278 0.0932 0.0475 0.2825 0.4464 
 LADY_CLAIRE 0.0829 0.0043 0.0126 0.0155 0.0012 0.0668 0.1833 0.6334 
     LADY_JO 0.0021 0.0036 0.0061 0.0344 0.0052 0.1006 0.2707 0.5774 
 LADY_ROSETT 0.0082 0.0495 0.0075 0.0669 0.2867 0.0452 0.1450 0.3909 
    LIBERTAS 0.0017 0.0028 0.1031 0.0070 0.0156 0.0044 0.2915 0.5739 
       LINDA 0.5576 0.0214 0.1025 0.0047 0.0063 0.0134 0.2265 0.0675 
      LINTON 0.2751 0.0056 0.1486 0.1793 0.0645 0.1731 0.0275 0.1262 
 LINZER_DELI 0.3058 0.0899 0.0042 0.0042 0.1601 0.0171 0.2027 0.2160 
   LIONHEART 0.0618 0.0957 0.0699 0.0234 0.0591 0.2114 0.0198 0.4589 
   MADELEINE 0.2856 0.1127 0.0144 0.0171 0.1197 0.0089 0.0785 0.3631 
   MADINGLEY 0.3487 0.0202 0.2083 0.1376 0.0304 0.0820 0.0406 0.1321 
    MAJESTIC 0.0490 0.1051 0.0948 0.0086 0.1249 0.5099 0.0545 0.0531 
     MARABEL 0.3035 0.0428 0.0376 0.0081 0.0359 0.1266 0.0067 0.4388 
     MARFONA 0.0086 0.0073 0.0260 0.0966 0.0901 0.1631 0.1361 0.4722 
     MARILYN 0.3227 0.0926 0.1396 0.0057 0.0354 0.0640 0.0909 0.2491 
 MARIS_ANCHO 0.1332 0.0539 0.0146 0.0484 0.0842 0.2250 0.1743 0.2664 
  MARIS_BARD 0.0013 0.0377 0.0775 0.2584 0.0155 0.2699 0.0895 0.2502 
  MARIS_PEER 0.0848 0.0284 0.1616 0.1527 0.1204 0.3125 0.1339 0.0056 
 MARIS_PIPER 0.0316 0.0524 0.0057 0.8130 0.0060 0.0033 0.0782 0.0097 
     MARKIES 0.2675 0.0171 0.0393 0.0148 0.0721 0.0323 0.1303 0.4266 
      MAXINE 0.0575 0.0225 0.0247 0.3821 0.2688 0.2257 0.0092 0.0095 
      MEGARA 0.2904 0.0592 0.0447 0.0427 0.0355 0.0155 0.0742 0.4379 
      MELODY 0.1728 0.0507 0.1696 0.0582 0.0192 0.0261 0.1575 0.3459 
       MIDAS 0.2267 0.0228 0.0059 0.4883 0.0294 0.0032 0.0896 0.1341 
       MILVA 0.2957 0.0963 0.0520 0.0087 0.0088 0.0460 0.1802 0.3123 
        MIMI 0.0052 0.1252 0.0131 0.1975 0.2784 0.0033 0.0770 0.3002 
        MIRA 0.0076 0.0078 0.0755 0.0136 0.0079 0.0892 0.2124 0.5860 
       MOIRA 0.2095 0.0600 0.1812 0.0411 0.0146 0.1447 0.1249 0.2240 
    MONTROSE 0.0049 0.4399 0.0120 0.3303 0.0027 0.0027 0.2040 0.0035 
       MORAG 0.0037 0.2599 0.1453 0.0362 0.1929 0.1545 0.1762 0.0312 
      MORENE 0.0076 0.0061 0.0956 0.0031 0.0087 0.1405 0.1630 0.5756 
      MOZART 0.2815 0.2230 0.0075 0.0046 0.1015 0.0412 0.0019 0.3388 
 MYATT'S_ASH 0.0151 0.0026 0.0234 0.0054 0.0015 0.1009 0.7206 0.1303 
      NADINE 0.1243 0.1404 0.0205 0.3384 0.2998 0.0139 0.0059 0.0567 
       NAVAN 0.0270 0.0746 0.0219 0.6503 0.1437 0.0477 0.0181 0.0167 
 NDTX_4271_5 0.2276 0.1336 0.0032 0.0909 0.3107 0.2157 0.0146 0.0037 
      NICOLA 0.4962 0.0038 0.0134 0.0040 0.0033 0.0780 0.1763 0.2250 
     NOVELLA 0.1529 0.0509 0.1158 0.0188 0.1500 0.1095 0.0243 0.3777 
     OLYMPUS 0.0631 0.3681 0.0368 0.1371 0.1426 0.1326 0.1100 0.0097 
       OPERA 0.1761 0.1273 0.1011 0.0472 0.1066 0.0957 0.0119 0.3340 
   ORCHESTRA 0.3204 0.0770 0.0183 0.0915 0.0960 0.0134 0.0759 0.3074 
      ORIANA 0.1489 0.0034 0.1779 0.0047 0.0082 0.2262 0.0577 0.3732 
     OTHELLO 0.0494 0.0293 0.4875 0.0836 0.2455 0.0852 0.0163 0.0030 
     PALADIN 0.0045 0.1140 0.0066 0.6369 0.0046 0.0501 0.1634 0.0198 
       PANDA 0.5106 0.0659 0.0634 0.0577 0.0948 0.0069 0.0291 0.1718 
   PARAMOUNT 0.0432 0.0528 0.3222 0.0038 0.2675 0.0140 0.0808 0.2156 
    PATRONES 0.1466 0.0088 0.0384 0.0708 0.0452 0.2128 0.1821 0.2954 
 PENTLAND_AC 0.0690 0.0239 0.0840 0.1217 0.2533 0.1448 0.1514 0.1520 
 PENTLAND_BE 0.0032 0.0034 0.1526 0.0367 0.0446 0.2603 0.4132 0.0859 
 PENTLAND_CR 0.0053 0.3141 0.1468 0.0086 0.0054 0.1863 0.0740 0.2594 
 PENTLAND_DE 0.0062 0.2282 0.1287 0.0054 0.1373 0.2357 0.2344 0.0240 
 PENTLAND_IV 0.1129 0.1593 0.0624 0.0102 0.2741 0.3062 0.0705 0.0044 
 PENTLAND_JA 0.0124 0.1689 0.1008 0.0198 0.0121 0.4358 0.0785 0.1717 
 PENTLAND_MA 0.0772 0.0761 0.2850 0.0066 0.0052 0.1622 0.0896 0.2982 
 PENTLAND_SQ 0.0182 0.3139 0.1207 0.0047 0.0297 0.2294 0.1760 0.1072 
   PEPO_1978 0.3786 0.0319 0.0708 0.0943 0.0026 0.0652 0.1123 0.2443 
     PICASSO 0.0457 0.0056 0.5378 0.1142 0.0533 0.0389 0.0027 0.2018 
   PIMPERNEL 0.0972 0.0795 0.0994 0.0121 0.0607 0.0030 0.2039 0.4443 
     PIONEER 0.5724 0.1562 0.0110 0.0065 0.0039 0.0435 0.1755 0.0310 
       PIXIE 0.0454 0.1843 0.1658 0.1997 0.3217 0.0063 0.0045 0.0723 
    PREMIERE 0.0032 0.0093 0.0168 0.0726 0.0048 0.1666 0.2248 0.5019 
   PRODUCENT 0.1149 0.0665 0.0047 0.1675 0.1119 0.0380 0.0918 0.4047 
     PROVOST 0.0600 0.1456 0.1881 0.0071 0.0360 0.2888 0.1370 0.1374 
  R.P.LUSTRE 0.1804 0.1379 0.0161 0.1203 0.1469 0.1560 0.2342 0.0081 
 RANGER_RUSS 0.0437 0.0017 0.1357 0.0034 0.0039 0.5216 0.2238 0.0662 
       RATTE 0.0901 0.2275 0.0036 0.0230 0.1381 0.0121 0.4941 0.0114 
      RECORD 0.0041 0.0026 0.0458 0.0081 0.0376 0.0060 0.2799 0.6159 
   REMBRANDT 0.1367 0.0925 0.0094 0.0806 0.0099 0.1888 0.1137 0.3684 
    RIO_ROJO 0.1524 0.0949 0.0891 0.0182 0.2125 0.2941 0.0737 0.0652 
      ROBIJN 0.0518 0.0040 0.0742 0.0040 0.0055 0.0156 0.3054 0.5395 
      ROCKET 0.0046 0.1335 0.0121 0.4429 0.1599 0.0819 0.1425 0.0226 
   RODE_STAR 0.1445 0.0081 0.0060 0.0081 0.0966 0.0011 0.3941 0.3415 
      ROMANO 0.0930 0.0846 0.1901 0.0058 0.2295 0.0065 0.0181 0.3724 
       ROMEO 0.1762 0.1370 0.2001 0.0035 0.2361 0.0317 0.2086 0.0069 
     ROOSTER 0.0292 0.3008 0.1869 0.0062 0.0287 0.1658 0.1158 0.1666 
       ROYAL 0.3258 0.0177 0.0714 0.3360 0.0269 0.0051 0.0842 0.1328 
 ROYAL_KIDNE 0.0022 0.0043 0.0265 0.0036 0.0287 0.4847 0.4018 0.0482 
     RUBESSE 0.2315 0.1023 0.0518 0.0057 0.1789 0.1520 0.0749 0.2028 
 RUSSET_BURB 0.0728 0.0272 0.0222 0.0105 0.1276 0.5139 0.1472 0.0785 
 RUSSET_NORK 0.2131 0.0222 0.0053 0.0135 0.1482 0.5322 0.0629 0.0026 
      SAFARI 0.0383 0.1239 0.1067 0.0051 0.1754 0.0519 0.0128 0.4859 
     SANTANA 0.0884 0.0170 0.0470 0.1219 0.0885 0.1891 0.0875 0.3606 
       SANTE 0.0133 0.1274 0.0064 0.0357 0.2384 0.0053 0.0933 0.4802 
     SAPHIRE 0.0482 0.1310 0.0323 0.0288 0.0623 0.2726 0.0052 0.4196 
  SARPO_MIRA 0.3029 0.0041 0.0300 0.0262 0.2560 0.0047 0.1776 0.1986 
 SARPO_SHONA 0.2853 0.0124 0.0464 0.0167 0.2212 0.0049 0.1070 0.3061 
       SASSY 0.1149 0.0357 0.0321 0.0806 0.0963 0.1293 0.2242 0.2868 
     SATURNA 0.2373 0.0056 0.0077 0.0482 0.0098 0.0050 0.2719 0.4146 
        SAVA 0.3397 0.0125 0.0066 0.0952 0.1752 0.1303 0.0399 0.2006 
       SAXON 0.0277 0.2426 0.0729 0.4566 0.0389 0.0168 0.0952 0.0493 
 SCARBOROUGH 0.0077 0.4680 0.0030 0.4798 0.0165 0.0074 0.0141 0.0034 
 SEFTON_WOND 0.0026 0.0931 0.0190 0.0756 0.1070 0.2747 0.4216 0.0063 
    SERAFINA 0.3267 0.1156 0.0530 0.0026 0.1284 0.0095 0.1371 0.2270 
     SETANTA 0.0274 0.5159 0.1459 0.0256 0.0485 0.0818 0.0405 0.1144 
 SHARPE'S_EX 0.0805 0.0050 0.0114 0.0985 0.0889 0.0650 0.5998 0.0509 
     SHELAGH 0.0356 0.0939 0.2519 0.1189 0.0770 0.0141 0.2674 0.1412 
    SHELFORD 0.2966 0.0021 0.2351 0.0351 0.0235 0.0798 0.1786 0.1494 
     SHEPODY 0.0018 0.0035 0.1948 0.0084 0.0030 0.4217 0.1632 0.2035 
      SLANEY 0.1080 0.1028 0.3387 0.2032 0.2018 0.0327 0.0059 0.0070 
        SPEY 0.0256 0.1127 0.3925 0.1862 0.2302 0.0112 0.0028 0.0388 
      SPUNTA 0.2672 0.1216 0.1327 0.0324 0.1499 0.0229 0.2209 0.0524 
     STAMINA 0.0076 0.0122 0.1461 0.6039 0.1723 0.0388 0.0018 0.0174 
    STEMSTER 0.1402 0.0125 0.0688 0.3158 0.0915 0.0219 0.1536 0.1958 
 STORMONT_EN 0.0109 0.0085 0.0902 0.1649 0.1518 0.0989 0.1743 0.3005 
    STIRLING 0.0222 0.2803 0.3066 0.0341 0.0560 0.1962 0.0071 0.0975 
     SYLVANA 0.1759 0.0225 0.0824 0.0861 0.1071 0.2232 0.0533 0.2495 
         TAY 0.0254 0.4779 0.2106 0.1689 0.0691 0.0258 0.0076 0.0147 
      TIMATE 0.3429 0.0551 0.0043 0.0945 0.0615 0.0622 0.0482 0.3314 
      TOLUCA 0.3291 0.0268 0.2092 0.0036 0.0095 0.1135 0.0373 0.2710 
    TORRIDON 0.0863 0.1229 0.2938 0.0148 0.0053 0.0853 0.0907 0.3010 
 ULSTER_SCEP 0.0038 0.0808 0.0150 0.2819 0.1685 0.3174 0.0325 0.1002 
 UMATILLA_RU 0.0226 0.0982 0.0435 0.2815 0.0244 0.0310 0.3561 0.1428 
 VALES_EMERA 0.3348 0.2072 0.0222 0.1368 0.1505 0.0436 0.0971 0.0077 
 VALES_EVERE 0.0044 0.2962 0.3055 0.0775 0.1374 0.0380 0.1285 0.0125 
 VALES_RUSSE 0.1405 0.0917 0.0364 0.0172 0.0089 0.4493 0.2306 0.0252 
 VALES_SOVER 0.0130 0.0606 0.6159 0.2745 0.0182 0.0047 0.0024 0.0107 
       VALOR 0.0034 0.1580 0.3315 0.2193 0.2283 0.0040 0.0022 0.0533 
    VAN_GOGH 0.1048 0.0748 0.0082 0.0722 0.0585 0.0414 0.1467 0.4933 
     VANTAGE 0.0038 0.0024 0.0308 0.0431 0.0436 0.1916 0.2856 0.3991 
       VERDI 0.2717 0.0390 0.0980 0.0895 0.0045 0.0224 0.1981 0.2767 
    VICTORIA 0.1843 0.0763 0.0296 0.0170 0.0241 0.2847 0.0259 0.3581 
     VIVALDI 0.1209 0.0069 0.1532 0.0031 0.0035 0.2733 0.0107 0.4285 
       WILJA 0.0019 0.0016 0.0923 0.0379 0.0043 0.1363 0.1678 0.5580 
     WINSTON 0.0623 0.1028 0.0553 0.3465 0.4040 0.0156 0.0033 0.0102 
      XD2-21 0.0070 0.0770 0.1079 0.0383 0.2521 0.2134 0.1893 0.1149 
  YUKON_GOLD 0.2079 0.2281 0.0096 0.0837 0.1115 0.3015 0.0038 0.0539 
       ZORBA 0.0160 0.0211 0.1534 0.0094 0.0038 0.2700 0.1413 0.3850 
