  00C133-020 0.0740 0.7416 0.1843 
 01C_071-002 0.2368 0.3216 0.4417 
 02M_012-001 0.2850 0.6196 0.0954 
 03M_016-002 0.5396 0.3961 0.0643 
 03M_034-002 0.2781 0.6370 0.0849 
 04C_055-004 0.1899 0.5156 0.2945 
 04C_126-005 0.1455 0.5307 0.3238 
 04M_034-013 0.3841 0.4861 0.1298 
 05M_002-001 0.2397 0.2168 0.5435 
 05M_004-003 0.0626 0.3644 0.5731 
 05M_012-004 0.1389 0.4032 0.4579 
 06C_127-002 0.1253 0.5110 0.3638 
 12288_AF_23 0.0724 0.6251 0.3025 
    12601AB1 0.5333 0.4553 0.0114 
   12636_A_2 0.2986 0.6489 0.0526 
  15119_AC_5 0.2718 0.5790 0.1493 
     1512C16 0.3388 0.2149 0.4463 
   15144_A_3 0.0321 0.3934 0.5745 
     1563C14 0.5270 0.0541 0.4190 
     2182EF7 0.1209 0.4019 0.4772 
     3681AD1 0.1263 0.2684 0.6053 
     5008AB6 0.1466 0.2535 0.6000 
    8204_A_4 0.0557 0.4802 0.4641 
       AGRIA 0.1792 0.0943 0.7266 
       AILSA 0.2545 0.6312 0.1143 
      ALMERA 0.1584 0.1498 0.6918 
       ALPHA 0.3353 0.1132 0.5515 
      ALWARA 0.1002 0.2102 0.6896 
      AMADRA 0.2564 0.2505 0.4931 
       AMOUR 0.0840 0.6845 0.2315 
        ANNA 0.1328 0.4885 0.3786 
   ANNABELLE 0.1385 0.0558 0.8057 
        ANYA 0.2666 0.1582 0.5752 
       ARGOS 0.0236 0.5674 0.4091 
     ARIELLE 0.2055 0.1014 0.6931 
      ARKULA 0.2116 0.1078 0.6807 
      ARMADA 0.2292 0.2001 0.5707 
   AVALANCHE 0.1659 0.5288 0.3052 
     BAILLIE 0.1132 0.5955 0.2912 
    BALMORAL 0.0712 0.3829 0.5459 
     BAMBINO 0.0952 0.6714 0.2334 
       BARNA 0.0769 0.3819 0.5413 
 BELLE_DE_FO 0.9101 0.0093 0.0806 
       BENOL 0.2983 0.6263 0.0754 
       BF_15 0.7565 0.0085 0.2350 
      BINTJE 0.4393 0.1529 0.4078 
 BIONICA_EX_ 0.2090 0.2869 0.5040 
 BLUE_DANUBE 0.2454 0.1241 0.6305 
      BONNIE 0.0978 0.4354 0.4668 
      BOUNTY 0.0824 0.6486 0.2690 
 BRITISH_QUE 0.5421 0.1226 0.3354 
     BRODICK 0.0894 0.6971 0.2136 
      BRODIE 0.1464 0.4745 0.3791 
      BUCHAN 0.1071 0.5076 0.3852 
      BURREN 0.1225 0.3721 0.5053 
     CABARET 0.3908 0.5876 0.0216 
      CAESAR 0.0179 0.1942 0.7878 
        CARA 0.0398 0.5612 0.3991 
 CARLINGFORD 0.1216 0.3781 0.5004 
  CASABLANCA 0.0209 0.5756 0.4035 
      CELINE 0.1438 0.2545 0.6018 
  CHALLENGER 0.2620 0.2383 0.4997 
   CHARLOTTE 0.2004 0.2345 0.5651 
     CHICAGO 0.1973 0.5138 0.2890 
   CHIEFTAIN 0.2321 0.2711 0.4968 
      CHOPIN 0.1529 0.1508 0.6963 
      CLARET 0.0365 0.4964 0.4671 
      CORINE 0.1872 0.3814 0.4314 
      COSMOS 0.1996 0.1921 0.6083 
     COURAGE 0.1930 0.1972 0.6098 
     COURLAN 0.1867 0.2913 0.5220 
 CRAIGS_ROYA 0.1491 0.5477 0.3032 
 CRAIGS_SNOW 0.4438 0.2871 0.2691 
     CRAMOND 0.0897 0.6450 0.2653 
 CRISPS_FOR_ 0.1620 0.2238 0.6142 
    CROMWELL 0.3572 0.6143 0.0285 
       D22/1 0.3292 0.6178 0.0530 
       D23/3 0.4381 0.4351 0.1268 
      D47-11 0.3815 0.6097 0.0089 
       D49/1 0.3237 0.6644 0.0119 
       DAISY 0.3371 0.4661 0.1968 
 DARK_RED_NO 0.2523 0.2370 0.5107 
     DARWINA 0.2548 0.1571 0.5882 
     DESIREE 0.2027 0.1024 0.6949 
       DITTA 0.2575 0.0593 0.6831 
 DR._MCINTOS 0.1774 0.3438 0.4788 
       DRAGA 0.0979 0.3383 0.5638 
 DUKE_OF_YOR 0.5184 0.0320 0.4495 
 DUNBAR_STAN 0.4510 0.3367 0.2123 
     DUNDROD 0.2911 0.5562 0.1527 
     ECLIPSE 0.5571 0.1641 0.2788 
        EDEN 0.3281 0.6640 0.0079 
 EDZELL_BLUE 0.4247 0.1687 0.4066 
   ELISABETH 0.0720 0.2620 0.6660 
     EMPEROR 0.1561 0.3394 0.5045 
         EOS 0.1266 0.3881 0.4854 
     EPICURE 0.4861 0.1196 0.3943 
  ERNTESTOLZ 0.3516 0.1192 0.5292 
      ESCORT 0.0704 0.2637 0.6659 
   ESMERALDA 0.2358 0.2472 0.5171 
      ESTIMA 0.2340 0.2065 0.5595 
 EVE_BALFOUR 0.2660 0.4597 0.2743 
   EXCALIBUR 0.0089 0.7632 0.2279 
     EXQUISA 0.2316 0.0378 0.7306 
    FESTIVAL 0.0728 0.2325 0.6946 
      FIANNA 0.0912 0.2457 0.6631 
   FIFTYFOLD 0.6294 0.1556 0.2151 
     FONTANE 0.1684 0.2399 0.5917 
   FORTYFOLD 0.6605 0.0126 0.3270 
 FRONTIER_RU 0.3244 0.2411 0.4345 
     G.81071 0.1596 0.3961 0.4444 
     G.88661 0.0761 0.4361 0.4878 
    G.886611 0.0355 0.4824 0.4820 
  G.8867Y%12 0.0363 0.3701 0.5936 
     G.88839 0.0906 0.0189 0.8905 
     G.88842 0.0754 0.1527 0.7718 
   GALACTICA 0.2230 0.2262 0.5508 
      GEMSON 0.2262 0.3983 0.3755 
  GL.76B/102 0.4744 0.1583 0.3673 
   GL.76B/94 0.5890 0.0198 0.3912 
  GL.77M/106 0.2326 0.4852 0.2822 
   GL.78/166 0.7054 0.0556 0.2390 
    GL.78/53 0.6228 0.2720 0.1053 
    GL.78/97 0.6473 0.1420 0.2107 
    GL.79/42 0.6122 0.1933 0.1945 
    GL.79/45 0.6298 0.1600 0.2102 
 GL.81_NT_25 0.4935 0.4920 0.0144 
   GLADIATOR 0.0661 0.2931 0.6407 
      GLAMIS 0.1667 0.5247 0.3087 
 GOLDEN_MILL 0.1792 0.6602 0.1606 
 GOLDEN_NUGG 0.0581 0.3097 0.6322 
 GOLDEN_WOND 0.6575 0.0967 0.2458 
     GRANOLA 0.1717 0.2098 0.6185 
    H1H3_101 0.4637 0.5325 0.0038 
      H1H3_3 0.2948 0.5576 0.1476 
 HARBOROUGH_ 0.0972 0.8168 0.0860 
   HARLEQUIN 0.2367 0.2469 0.5164 
      HERMES 0.2122 0.1639 0.6239 
 HIGHLAND_BU 0.8811 0.0224 0.0965 
  HOME_GUARD 0.3324 0.3886 0.2790 
     HORIZON 0.3397 0.1285 0.5318 
   INNOVATOR 0.3332 0.1466 0.5202 
 INTERNATION 0.9516 0.0097 0.0387 
 ISLE_OF_JUR 0.2205 0.5596 0.2199 
    JULIETTE 0.1355 0.0857 0.7787 
     KARLENA 0.2831 0.2354 0.4815 
 KERR'S_PINK 0.5857 0.2246 0.1897 
     KESTREL 0.0246 0.7077 0.2677 
       KIFLI 0.2540 0.1702 0.5758 
 KING_EDWARD 0.8400 0.0992 0.0608 
    KINGSTON 0.2735 0.5814 0.1451 
 KUFRI_CHAND 0.3099 0.2485 0.4417 
 KUFRI_JYOTI 0.1775 0.2788 0.5437 
      KURODA 0.1235 0.1466 0.7300 
 LADY_BALFOU 0.1958 0.4780 0.3263 
 LADY_CHRIST 0.3842 0.1126 0.5031 
 LADY_CLAIRE 0.3255 0.0126 0.6619 
     LADY_JO 0.4414 0.0444 0.5142 
 LADY_ROSETT 0.2306 0.2304 0.5391 
    LIBERTAS 0.4134 0.0467 0.5398 
       LINDA 0.2870 0.0357 0.6773 
      LINTON 0.1634 0.3054 0.5312 
 LINZER_DELI 0.2716 0.0826 0.6458 
   LIONHEART 0.1572 0.1869 0.6560 
   MADELEINE 0.1632 0.1533 0.6835 
   MADINGLEY 0.1357 0.2641 0.6002 
    MAJESTIC 0.2090 0.2937 0.4973 
     MARABEL 0.0906 0.0886 0.8208 
     MARFONA 0.2850 0.1650 0.5499 
     MARILYN 0.1565 0.1388 0.7047 
 MARIS_ANCHO 0.2990 0.1694 0.5316 
  MARIS_BARD 0.2790 0.4445 0.2766 
  MARIS_PEER 0.2666 0.4056 0.3278 
 MARIS_PIPER 0.2720 0.7212 0.0068 
     MARKIES 0.2303 0.0542 0.7155 
      MAXINE 0.1495 0.5900 0.2605 
      MEGARA 0.1683 0.1155 0.7162 
      MELODY 0.2442 0.1833 0.5725 
       MIDAS 0.2648 0.4742 0.2610 
       MILVA 0.2641 0.0681 0.6678 
        MIMI 0.1804 0.4454 0.3743 
        MIRA 0.3281 0.0472 0.6246 
       MOIRA 0.2173 0.2069 0.5758 
    MONTROSE 0.3518 0.6308 0.0174 
       MORAG 0.2680 0.4383 0.2937 
      MORENE 0.2713 0.0305 0.6982 
      MOZART 0.0112 0.2070 0.7817 
 MYATT'S_ASH 0.8060 0.0075 0.1865 
      NADINE 0.0689 0.5983 0.3329 
       NAVAN 0.1740 0.7668 0.0592 
 NDTX_4271_5 0.1489 0.4218 0.4293 
      NICOLA 0.2704 0.0081 0.7215 
     NOVELLA 0.0997 0.2082 0.6921 
     OLYMPUS 0.2120 0.5230 0.2651 
       OPERA 0.0964 0.2674 0.6362 
   ORCHESTRA 0.1707 0.1891 0.6401 
      ORIANA 0.1801 0.0711 0.7488 
     OTHELLO 0.0276 0.5758 0.3966 
     PALADIN 0.3535 0.6349 0.0116 
       PANDA 0.1068 0.1688 0.7243 
   PARAMOUNT 0.0718 0.3120 0.6162 
    PATRONES 0.3241 0.1378 0.5381 
 PENTLAND_AC 0.2478 0.3333 0.4190 
 PENTLAND_BE 0.5260 0.1794 0.2946 
 PENTLAND_CR 0.1754 0.3522 0.4724 
 PENTLAND_DE 0.3193 0.3300 0.3507 
 PENTLAND_IV 0.1732 0.4094 0.4174 
 PENTLAND_JA 0.2184 0.2941 0.4875 
 PENTLAND_MA 0.1513 0.2042 0.6446 
 PENTLAND_SQ 0.2578 0.3328 0.4095 
   PEPO_1978 0.2249 0.1330 0.6421 
     PICASSO 0.0098 0.4310 0.5592 
   PIMPERNEL 0.2750 0.1228 0.6022 
     PIONEER 0.2553 0.0743 0.6703 
       PIXIE 0.0198 0.6162 0.3640 
    PREMIERE 0.3788 0.1172 0.5040 
   PRODUCENT 0.2264 0.2415 0.5320 
     PROVOST 0.2278 0.2634 0.5088 
  R.P.LUSTRE 0.3417 0.3328 0.3255 
 RANGER_RUSS 0.3917 0.0864 0.5219 
       RATTE 0.5650 0.2223 0.2126 
      RECORD 0.3814 0.0193 0.5993 
   REMBRANDT 0.2754 0.1625 0.5622 
    RIO_ROJO 0.1756 0.2950 0.5294 
      ROBIJN 0.3923 0.0100 0.5977 
      ROCKET 0.3001 0.6115 0.0884 
   RODE_STAR 0.4739 0.0270 0.4991 
      ROMANO 0.0498 0.2522 0.6979 
       ROMEO 0.2244 0.3187 0.4568 
     ROOSTER 0.1874 0.3384 0.4741 
       ROYAL 0.2334 0.3609 0.4057 
 ROYAL_KIDNE 0.5721 0.1183 0.3096 
     RUBESSE 0.1629 0.2025 0.6346 
 RUSSET_BURB 0.3143 0.2026 0.4831 
 RUSSET_NORK 0.2744 0.2732 0.4524 
      SAFARI 0.0552 0.2204 0.7244 
     SANTANA 0.2137 0.2286 0.5578 
       SANTE 0.1839 0.2410 0.5751 
     SAPHIRE 0.0905 0.2483 0.6611 
  SARPO_MIRA 0.2368 0.1459 0.6173 
 SARPO_SHONA 0.1696 0.1385 0.6918 
       SASSY 0.3412 0.1644 0.4944 
     SATURNA 0.3852 0.0225 0.5922 
        SAVA 0.1539 0.2027 0.6434 
       SAXON 0.2299 0.6553 0.1148 
 SCARBOROUGH 0.1765 0.8041 0.0194 
 SEFTON_WOND 0.5706 0.2968 0.1326 
    SERAFINA 0.1878 0.1060 0.7063 
     SETANTA 0.1033 0.5317 0.3650 
 SHARPE'S_EX 0.6917 0.1171 0.1912 
     SHELAGH 0.3165 0.3275 0.3560 
    SHELFORD 0.2724 0.1238 0.6038 
     SHEPODY 0.3258 0.2125 0.4617 
      SLANEY 0.0243 0.6034 0.3723 
        SPEY 0.0091 0.6064 0.3845 
      SPUNTA 0.2588 0.2714 0.4698 
     STAMINA 0.0243 0.8155 0.1602 
    STEMSTER 0.2879 0.3516 0.3606 
 STORMONT_EN 0.2859 0.2846 0.4295 
    STIRLING 0.0228 0.4886 0.4886 
     SYLVANA 0.1766 0.2429 0.5805 
         TAY 0.0391 0.6839 0.2770 
      TIMATE 0.1636 0.1589 0.6775 
      TOLUCA 0.1165 0.0959 0.7876 
    TORRIDON 0.1770 0.2435 0.5796 
 ULSTER_SCEP 0.2169 0.5124 0.2707 
 UMATILLA_RU 0.4868 0.3362 0.1770 
 VALES_EMERA 0.1821 0.3795 0.4384 
 VALES_EVERE 0.1646 0.5621 0.2732 
 VALES_RUSSE 0.3985 0.1752 0.4263 
 VALES_SOVER 0.0092 0.6896 0.3012 
       VALOR 0.0083 0.6892 0.3025 
    VAN_GOGH 0.2644 0.1325 0.6031 
     VANTAGE 0.4491 0.0663 0.4846 
       VERDI 0.2965 0.1397 0.5638 
    VICTORIA 0.1816 0.1419 0.6765 
     VIVALDI 0.1360 0.0712 0.7928 
       WILJA 0.3246 0.1003 0.5752 
     WINSTON 0.0280 0.6793 0.2927 
      XD2-21 0.2773 0.3291 0.3936 
  YUKON_GOLD 0.0813 0.3978 0.5209 
       ZORBA 0.2478 0.1487 0.6035 
