  00C133-020 0.0308 0.0129 0.3582 0.0152 0.0959 0.4870 
 01C_071-002 0.1722 0.0494 0.2415 0.2554 0.1044 0.1771 
 02M_012-001 0.2002 0.0051 0.0847 0.0596 0.1039 0.5465 
 03M_016-002 0.3887 0.2217 0.0129 0.0118 0.0218 0.3432 
 03M_034-002 0.2265 0.0140 0.2115 0.0349 0.0242 0.4889 
 04C_055-004 0.0980 0.0519 0.0174 0.0917 0.2784 0.4626 
 04C_126-005 0.1144 0.0181 0.3763 0.1000 0.1136 0.2775 
 04M_034-013 0.2507 0.1444 0.0088 0.0565 0.0904 0.4492 
 05M_002-001 0.1156 0.1609 0.0573 0.3280 0.2005 0.1377 
 05M_004-003 0.0074 0.0994 0.2073 0.3531 0.1279 0.2049 
 05M_012-004 0.0380 0.2069 0.2309 0.2052 0.1157 0.2033 
 06C_127-002 0.0260 0.0877 0.1455 0.0054 0.4239 0.3114 
 12288_AF_23 0.0127 0.1126 0.1918 0.0383 0.2115 0.4332 
    12601AB1 0.4795 0.0037 0.0887 0.0045 0.0469 0.3767 
   12636_A_2 0.2150 0.0688 0.2145 0.0060 0.0380 0.4577 
  15119_AC_5 0.2154 0.0210 0.5407 0.0199 0.0023 0.2006 
     1512C16 0.2273 0.3135 0.1851 0.0523 0.2013 0.0204 
   15144_A_3 0.0419 0.0059 0.6202 0.0307 0.2924 0.0088 
     1563C14 0.4522 0.0673 0.0373 0.2021 0.2272 0.0139 
     2182EF7 0.0368 0.2793 0.3486 0.0414 0.1903 0.1036 
     3681AD1 0.0548 0.0828 0.3197 0.3510 0.1062 0.0855 
     5008AB6 0.1141 0.0109 0.3236 0.2265 0.2978 0.0271 
    8204_A_4 0.0151 0.1307 0.3530 0.0212 0.2951 0.1849 
       AGRIA 0.0298 0.1106 0.0036 0.4690 0.3082 0.0787 
       AILSA 0.1278 0.0544 0.0103 0.0064 0.2559 0.5452 
      ALMERA 0.0227 0.2281 0.0201 0.4156 0.2352 0.0782 
       ALPHA 0.2352 0.1111 0.0650 0.3773 0.1510 0.0604 
      ALWARA 0.0565 0.0231 0.2900 0.3068 0.2947 0.0289 
      AMADRA 0.1694 0.0377 0.0213 0.2969 0.2624 0.2123 
       AMOUR 0.0443 0.0309 0.4324 0.0241 0.0764 0.3919 
        ANNA 0.1398 0.0686 0.7582 0.0127 0.0056 0.0150 
   ANNABELLE 0.0350 0.0878 0.0160 0.4250 0.4211 0.0151 
        ANYA 0.2153 0.0712 0.0564 0.1235 0.4926 0.0411 
       ARGOS 0.0086 0.0947 0.5024 0.1163 0.0469 0.2311 
     ARIELLE 0.0980 0.1353 0.0564 0.3682 0.3130 0.0290 
      ARKULA 0.1259 0.1045 0.1354 0.4132 0.2051 0.0159 
      ARMADA 0.1310 0.1310 0.0861 0.3598 0.1755 0.1165 
   AVALANCHE 0.0190 0.1832 0.0801 0.2686 0.0065 0.4426 
     BAILLIE 0.0210 0.0986 0.1355 0.1702 0.0948 0.4800 
    BALMORAL 0.0210 0.2622 0.4533 0.2157 0.0128 0.0351 
     BAMBINO 0.0320 0.0385 0.2424 0.0808 0.1165 0.4898 
       BARNA 0.0495 0.0506 0.3992 0.0908 0.3131 0.0968 
 BELLE_DE_FO 0.8390 0.0651 0.0716 0.0148 0.0070 0.0025 
       BENOL 0.2130 0.0101 0.0485 0.0783 0.0787 0.5715 
       BF_15 0.7057 0.0247 0.0575 0.1445 0.0643 0.0033 
      BINTJE 0.3265 0.1952 0.0927 0.2062 0.1122 0.0671 
 BIONICA_EX_ 0.1385 0.0981 0.2037 0.2493 0.1782 0.1321 
 BLUE_DANUBE 0.1491 0.1499 0.1689 0.5114 0.0066 0.0141 
      BONNIE 0.0249 0.0999 0.2146 0.1699 0.2392 0.2515 
      BOUNTY 0.0268 0.0372 0.2878 0.1021 0.1046 0.4415 
 BRITISH_QUE 0.3718 0.4393 0.0379 0.1391 0.0035 0.0085 
     BRODICK 0.0156 0.0210 0.1106 0.0110 0.2955 0.5462 
      BRODIE 0.0767 0.1913 0.5120 0.0052 0.1404 0.0744 
      BUCHAN 0.0452 0.1159 0.4378 0.0034 0.2634 0.1343 
      BURREN 0.1166 0.0154 0.4595 0.1312 0.2045 0.0727 
     CABARET 0.2972 0.0778 0.1024 0.0107 0.0134 0.4986 
      CAESAR 0.0029 0.1007 0.0741 0.3781 0.3710 0.0732 
        CARA 0.0388 0.0130 0.7139 0.0139 0.1051 0.1153 
 CARLINGFORD 0.0197 0.3186 0.2003 0.0203 0.3031 0.1381 
  CASABLANCA 0.0033 0.1408 0.2838 0.2391 0.0052 0.3277 
      CELINE 0.0905 0.0272 0.2781 0.3901 0.1168 0.0973 
  CHALLENGER 0.1009 0.1868 0.0043 0.2898 0.2195 0.1988 
   CHARLOTTE 0.1430 0.0058 0.0142 0.0490 0.6532 0.1349 
     CHICAGO 0.0934 0.0079 0.0149 0.2448 0.1460 0.4929 
   CHIEFTAIN 0.0851 0.3707 0.0719 0.0066 0.4111 0.0546 
      CHOPIN 0.0297 0.2482 0.0455 0.3817 0.2481 0.0468 
      CLARET 0.0374 0.0381 0.6114 0.0182 0.1980 0.0969 
      CORINE 0.0905 0.1735 0.2379 0.3032 0.0085 0.1865 
      COSMOS 0.0590 0.2366 0.0228 0.4486 0.0875 0.1455 
     COURAGE 0.1039 0.1537 0.1438 0.3122 0.2112 0.0752 
     COURLAN 0.0722 0.2553 0.1182 0.1125 0.3191 0.1228 
 CRAIGS_ROYA 0.0604 0.2199 0.3592 0.0047 0.1376 0.2182 
 CRAIGS_SNOW 0.2975 0.3359 0.0624 0.0458 0.0923 0.1661 
     CRAMOND 0.0147 0.0915 0.1585 0.1129 0.1307 0.4918 
 CRISPS_FOR_ 0.0605 0.1450 0.0506 0.2838 0.3367 0.1234 
    CROMWELL 0.2647 0.0049 0.0457 0.0786 0.0102 0.5959 
       D22/1 0.1903 0.1538 0.1003 0.0484 0.0041 0.5031 
       D23/3 0.3139 0.1867 0.0308 0.0347 0.0650 0.3689 
      D47-11 0.2772 0.0131 0.0117 0.0435 0.0027 0.6518 
       D49/1 0.1984 0.0099 0.0028 0.0405 0.0152 0.7334 
       DAISY 0.2317 0.0195 0.0103 0.1691 0.1106 0.4588 
 DARK_RED_NO 0.1040 0.4029 0.1051 0.0360 0.2964 0.0556 
     DARWINA 0.1163 0.1985 0.0165 0.4167 0.1394 0.1125 
     DESIREE 0.1413 0.0593 0.2230 0.1943 0.3791 0.0032 
       DITTA 0.1326 0.1838 0.0106 0.3568 0.3007 0.0155 
 DR._MCINTOS 0.0216 0.5200 0.1458 0.0211 0.1863 0.1053 
       DRAGA 0.0072 0.3423 0.0857 0.2874 0.0990 0.1785 
 DUKE_OF_YOR 0.3470 0.4154 0.0077 0.2214 0.0055 0.0029 
 DUNBAR_STAN 0.2565 0.4537 0.0647 0.0083 0.0445 0.1724 
     DUNDROD 0.1864 0.0805 0.0732 0.0190 0.1783 0.4627 
     ECLIPSE 0.3893 0.2879 0.0027 0.0033 0.2838 0.0329 
        EDEN 0.2507 0.0218 0.0266 0.0084 0.0234 0.6690 
 EDZELL_BLUE 0.3270 0.1336 0.1546 0.1830 0.1455 0.0563 
   ELISABETH 0.0086 0.0681 0.0122 0.2319 0.5049 0.1742 
     EMPEROR 0.0107 0.3196 0.0079 0.1515 0.2926 0.2177 
         EOS 0.0182 0.1542 0.0172 0.1346 0.3807 0.2951 
     EPICURE 0.3663 0.3275 0.0261 0.0194 0.2510 0.0098 
  ERNTESTOLZ 0.2406 0.2128 0.0575 0.2748 0.1804 0.0340 
      ESCORT 0.0140 0.0145 0.0730 0.3741 0.3432 0.1812 
   ESMERALDA 0.1643 0.0257 0.1085 0.2891 0.2530 0.1594 
      ESTIMA 0.0752 0.2295 0.0091 0.3063 0.2297 0.1502 
 EVE_BALFOUR 0.2195 0.0761 0.4246 0.0140 0.1039 0.1618 
   EXCALIBUR 0.0044 0.0045 0.3960 0.0296 0.1027 0.4626 
     EXQUISA 0.1636 0.0051 0.1040 0.2915 0.4319 0.0039 
    FESTIVAL 0.0099 0.0570 0.0309 0.3911 0.3451 0.1661 
      FIANNA 0.0096 0.2447 0.2124 0.3269 0.1541 0.0524 
   FIFTYFOLD 0.5509 0.1390 0.0580 0.0218 0.1694 0.0608 
     FONTANE 0.0226 0.1614 0.0050 0.3970 0.2102 0.2039 
   FORTYFOLD 0.5476 0.1879 0.0250 0.2309 0.0052 0.0034 
 FRONTIER_RU 0.1368 0.4331 0.0053 0.0305 0.2821 0.1122 
     G.81071 0.0695 0.2197 0.2131 0.0962 0.2113 0.1902 
     G.88661 0.0044 0.3432 0.0361 0.0935 0.2548 0.2680 
    G.886611 0.0035 0.2776 0.0529 0.0103 0.3941 0.2616 
  G.8867Y%12 0.0046 0.3486 0.1393 0.0293 0.3697 0.1085 
     G.88839 0.0216 0.0051 0.0063 0.4038 0.5560 0.0072 
     G.88842 0.0108 0.1378 0.1378 0.3624 0.3337 0.0174 
   GALACTICA 0.1540 0.1081 0.3932 0.3338 0.0056 0.0054 
      GEMSON 0.1347 0.2781 0.2795 0.0157 0.1574 0.1347 
  GL.76B/102 0.3558 0.1130 0.0048 0.1881 0.1932 0.1450 
   GL.76B/94 0.5369 0.0148 0.1494 0.2752 0.0205 0.0032 
  GL.77M/106 0.1841 0.0115 0.2629 0.0060 0.2906 0.2448 
   GL.78/166 0.6109 0.1122 0.0483 0.1957 0.0084 0.0245 
    GL.78/53 0.5478 0.0063 0.0170 0.0089 0.2074 0.2126 
    GL.78/97 0.5809 0.0222 0.0260 0.1184 0.1389 0.1136 
    GL.79/42 0.5496 0.0037 0.0073 0.0393 0.2482 0.1518 
    GL.79/45 0.5793 0.0049 0.0989 0.0316 0.2153 0.0700 
 GL.81_NT_25 0.3830 0.0090 0.0324 0.0805 0.0031 0.4920 
   GLADIATOR 0.0068 0.1711 0.1237 0.2324 0.3334 0.1325 
      GLAMIS 0.0387 0.1634 0.0260 0.1246 0.2076 0.4397 
 GOLDEN_MILL 0.1164 0.0095 0.1964 0.0165 0.1764 0.4848 
 GOLDEN_NUGG 0.0189 0.0129 0.3137 0.3665 0.1705 0.1174 
 GOLDEN_WOND 0.5653 0.1281 0.0301 0.0852 0.1496 0.0417 
     GRANOLA 0.1055 0.0072 0.0147 0.1813 0.5612 0.1301 
    H1H3_101 0.3557 0.0098 0.0039 0.0067 0.0021 0.6218 
      H1H3_3 0.1790 0.1748 0.0828 0.0690 0.0456 0.4489 
 HARBOROUGH_ 0.0161 0.0334 0.0532 0.0231 0.1515 0.7226 
   HARLEQUIN 0.1766 0.0121 0.0425 0.0856 0.5362 0.1470 
      HERMES 0.1352 0.0712 0.1626 0.3485 0.2318 0.0507 
 HIGHLAND_BU 0.8097 0.0483 0.0219 0.0983 0.0070 0.0148 
  HOME_GUARD 0.2054 0.2827 0.1446 0.0138 0.1525 0.2009 
     HORIZON 0.2487 0.0375 0.1149 0.4276 0.0859 0.0853 
   INNOVATOR 0.1401 0.4838 0.1025 0.2626 0.0042 0.0068 
 INTERNATION 0.8597 0.0783 0.0088 0.0452 0.0036 0.0044 
 ISLE_OF_JUR 0.1449 0.0517 0.1645 0.0796 0.1246 0.4347 
    JULIETTE 0.0560 0.0056 0.0075 0.3084 0.5929 0.0297 
     KARLENA 0.1876 0.2622 0.2331 0.2858 0.0078 0.0235 
 KERR'S_PINK 0.4335 0.3271 0.0717 0.0068 0.0673 0.0936 
     KESTREL 0.0062 0.0240 0.3739 0.0044 0.2153 0.3763 
       KIFLI 0.1859 0.0067 0.0066 0.1817 0.5031 0.1160 
 KING_EDWARD 0.7229 0.1022 0.0031 0.0053 0.1300 0.0364 
    KINGSTON 0.2013 0.0062 0.1508 0.0913 0.0767 0.4738 
 KUFRI_CHAND 0.1566 0.3958 0.0617 0.1232 0.1489 0.1138 
 KUFRI_JYOTI 0.1308 0.0771 0.3656 0.1725 0.2161 0.0379 
      KURODA 0.0153 0.1985 0.1310 0.4827 0.1329 0.0397 
 LADY_BALFOU 0.1404 0.1477 0.3920 0.0303 0.1016 0.1880 
 LADY_CHRIST 0.2889 0.0689 0.0655 0.4058 0.0857 0.0852 
 LADY_CLAIRE 0.2153 0.0469 0.0225 0.7015 0.0054 0.0086 
     LADY_JO 0.2880 0.1297 0.0158 0.5507 0.0020 0.0138 
 LADY_ROSETT 0.1309 0.1345 0.0857 0.3231 0.1768 0.1491 
    LIBERTAS 0.3041 0.0079 0.1698 0.5110 0.0026 0.0045 
       LINDA 0.2172 0.0063 0.0094 0.2085 0.5533 0.0054 
      LINTON 0.0411 0.1834 0.0959 0.2632 0.2238 0.1924 
 LINZER_DELI 0.2029 0.0446 0.0143 0.2591 0.4458 0.0333 
   LIONHEART 0.0287 0.2150 0.1051 0.4377 0.1291 0.0844 
   MADELEINE 0.0799 0.0116 0.0440 0.3659 0.4014 0.0971 
   MADINGLEY 0.0527 0.0772 0.1352 0.2645 0.3256 0.1447 
    MAJESTIC 0.0409 0.5247 0.1480 0.0287 0.2076 0.0502 
     MARABEL 0.0092 0.1115 0.0275 0.4800 0.3481 0.0237 
     MARFONA 0.1510 0.1864 0.0669 0.4526 0.0196 0.1235 
     MARILYN 0.0929 0.0465 0.1356 0.3116 0.3908 0.0227 
 MARIS_ANCHO 0.1725 0.2343 0.0310 0.2598 0.2213 0.0810 
  MARIS_BARD 0.1147 0.2907 0.1421 0.1984 0.0024 0.2516 
  MARIS_PEER 0.1400 0.3336 0.1857 0.0113 0.1572 0.1722 
 MARIS_PIPER 0.1709 0.0064 0.0047 0.0385 0.0048 0.7748 
     MARKIES 0.1335 0.0363 0.0429 0.4661 0.2989 0.0222 
      MAXINE 0.0190 0.2851 0.0980 0.0185 0.1552 0.4243 
      MEGARA 0.0822 0.0154 0.0266 0.4934 0.2984 0.0838 
      MELODY 0.1687 0.0249 0.1624 0.3829 0.1764 0.0848 
       MIDAS 0.1506 0.0042 0.0058 0.2114 0.1598 0.4682 
       MILVA 0.1981 0.0307 0.0406 0.3573 0.3531 0.0203 
        MIMI 0.1202 0.0071 0.2042 0.2575 0.0955 0.3154 
        MIRA 0.2293 0.0884 0.1188 0.5474 0.0081 0.0080 
       MOIRA 0.1309 0.1301 0.1693 0.2597 0.2536 0.0565 
    MONTROSE 0.2772 0.0039 0.0666 0.0052 0.1046 0.5426 
       MORAG 0.1815 0.1754 0.3261 0.0094 0.1435 0.1642 
      MORENE 0.1656 0.1419 0.1424 0.5353 0.0111 0.0036 
      MOZART 0.0024 0.0506 0.0181 0.3438 0.4697 0.1154 
 MYATT'S_ASH 0.7256 0.0929 0.0110 0.1626 0.0048 0.0030 
      NADINE 0.0088 0.0677 0.1022 0.0656 0.2950 0.4608 
       NAVAN 0.0695 0.0947 0.0700 0.0241 0.0619 0.6797 
 NDTX_4271_5 0.0103 0.2572 0.0100 0.0039 0.4843 0.2342 
      NICOLA 0.1765 0.0234 0.0048 0.3609 0.4308 0.0036 
     NOVELLA 0.0280 0.1061 0.2013 0.3529 0.2555 0.0562 
     OLYMPUS 0.1117 0.1418 0.1275 0.0055 0.2880 0.3256 
       OPERA 0.0136 0.1037 0.1265 0.3544 0.2531 0.1486 
   ORCHESTRA 0.0863 0.0152 0.0248 0.3682 0.3558 0.1496 
      ORIANA 0.0693 0.2008 0.1713 0.3970 0.1572 0.0043 
     OTHELLO 0.0078 0.1156 0.5271 0.0049 0.1908 0.1539 
     PALADIN 0.2371 0.0650 0.0080 0.0431 0.0045 0.6422 
       PANDA 0.0343 0.0081 0.0183 0.2763 0.5505 0.1125 
   PARAMOUNT 0.0589 0.0378 0.4794 0.1674 0.2443 0.0122 
    PATRONES 0.1912 0.2203 0.0397 0.3275 0.1475 0.0738 
 PENTLAND_AC 0.1457 0.1875 0.1850 0.1209 0.2030 0.1579 
 PENTLAND_BE 0.4168 0.2924 0.1919 0.0807 0.0067 0.0115 
 PENTLAND_CR 0.0871 0.1801 0.2405 0.2314 0.1044 0.1565 
 PENTLAND_DE 0.2228 0.2586 0.2583 0.0084 0.1954 0.0567 
 PENTLAND_IV 0.0392 0.3228 0.1758 0.0037 0.3449 0.1136 
 PENTLAND_JA 0.0731 0.4398 0.1158 0.1662 0.0992 0.1059 
 PENTLAND_MA 0.0969 0.1296 0.3290 0.3031 0.1324 0.0089 
 PENTLAND_SQ 0.1715 0.2267 0.2029 0.0763 0.1983 0.1243 
   PEPO_1978 0.1435 0.0348 0.0119 0.3537 0.3507 0.1053 
     PICASSO 0.0037 0.0404 0.5008 0.2624 0.0439 0.1490 
   PIMPERNEL 0.2109 0.0043 0.1488 0.4236 0.1694 0.0431 
     PIONEER 0.1703 0.0176 0.0043 0.1756 0.6122 0.0201 
       PIXIE 0.0071 0.0247 0.2899 0.0388 0.2623 0.3772 
    PREMIERE 0.2457 0.1813 0.0613 0.4556 0.0049 0.0512 
   PRODUCENT 0.1108 0.0681 0.0111 0.4180 0.1624 0.2296 
     PROVOST 0.1283 0.2875 0.2100 0.1385 0.1858 0.0499 
  R.P.LUSTRE 0.2295 0.1847 0.0263 0.0109 0.3406 0.2080 
 RANGER_RUSS 0.2111 0.5363 0.0812 0.1495 0.0189 0.0030 
       RATTE 0.5021 0.0283 0.0137 0.0131 0.2798 0.1629 
      RECORD 0.2929 0.0115 0.1241 0.5595 0.0068 0.0052 
   REMBRANDT 0.1251 0.1821 0.0112 0.4217 0.1246 0.1352 
    RIO_ROJO 0.0552 0.3226 0.1416 0.0642 0.3227 0.0938 
      ROBIJN 0.3227 0.0225 0.0920 0.5267 0.0327 0.0034 
      ROCKET 0.1923 0.1262 0.0889 0.0133 0.0706 0.5086 
   RODE_STAR 0.4130 0.0018 0.0234 0.3341 0.2180 0.0097 
      ROMANO 0.0155 0.0130 0.3379 0.3131 0.2828 0.0376 
       ROMEO 0.1944 0.0453 0.3075 0.0095 0.3988 0.0445 
     ROOSTER 0.1221 0.1524 0.2895 0.1291 0.2072 0.0997 
       ROYAL 0.1295 0.0068 0.0175 0.2434 0.2725 0.3303 
 ROYAL_KIDNE 0.3859 0.5269 0.0436 0.0353 0.0049 0.0034 
     RUBESSE 0.0671 0.1705 0.1196 0.2152 0.3804 0.0473 
 RUSSET_BURB 0.1210 0.5459 0.0351 0.0937 0.1715 0.0328 
 RUSSET_NORK 0.0380 0.5547 0.0048 0.0042 0.3352 0.0631 
      SAFARI 0.0157 0.0670 0.2557 0.4154 0.2011 0.0451 
     SANTANA 0.0889 0.2098 0.0550 0.3897 0.0984 0.1582 
       SANTE 0.1054 0.0124 0.1207 0.4139 0.1720 0.1756 
     SAPHIRE 0.0046 0.2790 0.0623 0.4099 0.1147 0.1295 
  SARPO_MIRA 0.1803 0.0089 0.0972 0.2624 0.4037 0.0475 
 SARPO_SHONA 0.1063 0.0077 0.1066 0.3423 0.3852 0.0519 
       SASSY 0.2305 0.1484 0.0771 0.2779 0.1775 0.0886 
     SATURNA 0.2926 0.0053 0.0075 0.4541 0.2154 0.0251 
        SAVA 0.0368 0.1476 0.0104 0.2745 0.3999 0.1308 
       SAXON 0.1485 0.0250 0.1269 0.0394 0.1108 0.5495 
 SCARBOROUGH 0.0769 0.0104 0.0265 0.0046 0.1499 0.7317 
 SEFTON_WOND 0.4150 0.3186 0.0768 0.0061 0.0273 0.1561 
    SERAFINA 0.1384 0.0165 0.1004 0.2473 0.4876 0.0098 
     SETANTA 0.0481 0.0650 0.2555 0.0352 0.2924 0.3038 
 SHARPE'S_EX 0.5983 0.1118 0.0180 0.0764 0.1106 0.0848 
     SHELAGH 0.2755 0.0196 0.2945 0.1274 0.1238 0.1592 
    SHELFORD 0.1886 0.0979 0.1631 0.2933 0.2418 0.0153 
     SHEPODY 0.1616 0.4336 0.1921 0.2036 0.0032 0.0059 
      SLANEY 0.0078 0.0553 0.3936 0.0134 0.2347 0.2952 
        SPEY 0.0035 0.0207 0.4751 0.0397 0.1724 0.2886 
      SPUNTA 0.2095 0.0339 0.1437 0.0893 0.3987 0.1249 
     STAMINA 0.0038 0.0853 0.2112 0.0675 0.0125 0.6197 
    STEMSTER 0.1968 0.0267 0.1007 0.2250 0.1595 0.2914 
 STORMONT_EN 0.1837 0.1375 0.1617 0.2681 0.0716 0.1773 
    STIRLING 0.0068 0.1772 0.3503 0.0674 0.2094 0.1888 
     SYLVANA 0.0538 0.2367 0.0925 0.2606 0.2413 0.1150 
         TAY 0.0123 0.0157 0.2734 0.0070 0.2639 0.4278 
      TIMATE 0.0541 0.0431 0.0044 0.3941 0.3688 0.1355 
      TOLUCA 0.0399 0.0843 0.1646 0.3317 0.3732 0.0064 
    TORRIDON 0.1103 0.0616 0.3114 0.3163 0.1392 0.0612 
 ULSTER_SCEP 0.0634 0.3581 0.1346 0.0660 0.0468 0.3311 
 UMATILLA_RU 0.3991 0.0406 0.0638 0.1532 0.0430 0.3003 
 VALES_EMERA 0.1048 0.0517 0.0449 0.0390 0.4959 0.2636 
 VALES_EVERE 0.1202 0.0647 0.3981 0.0076 0.1445 0.2649 
 VALES_RUSSE 0.2249 0.4449 0.0131 0.0771 0.1910 0.0489 
 VALES_SOVER 0.0040 0.0077 0.5928 0.0425 0.0239 0.3291 
       VALOR 0.0032 0.0101 0.4649 0.0589 0.0855 0.3773 
    VAN_GOGH 0.1594 0.0616 0.0298 0.4752 0.1637 0.1103 
     VANTAGE 0.2999 0.2275 0.0739 0.3853 0.0051 0.0083 
       VERDI 0.2218 0.0209 0.0588 0.3630 0.2381 0.0974 
    VICTORIA 0.0304 0.2753 0.0238 0.4084 0.2045 0.0576 
     VIVALDI 0.0178 0.2527 0.1381 0.4328 0.1549 0.0037 
       WILJA 0.1834 0.1458 0.1357 0.5262 0.0019 0.0070 
     WINSTON 0.0041 0.0672 0.1891 0.0084 0.2762 0.4550 
      XD2-21 0.1728 0.2678 0.2413 0.0472 0.1682 0.1027 
  YUKON_GOLD 0.0047 0.3012 0.0095 0.0802 0.3594 0.2450 
       ZORBA 0.1480 0.2537 0.1747 0.3973 0.0145 0.0119 
