  00C133-020 0.0983 0.0169 0.0147 0.5113 0.3588 
 01C_071-002 0.0809 0.1575 0.2991 0.2044 0.2580 
 02M_012-001 0.1103 0.1413 0.0960 0.6156 0.0368 
 03M_016-002 0.0471 0.4394 0.0423 0.3742 0.0970 
 03M_034-002 0.0283 0.1840 0.0503 0.5294 0.2080 
 04C_055-004 0.3031 0.0610 0.1219 0.4836 0.0304 
 04C_126-005 0.1105 0.0927 0.1145 0.3110 0.3713 
 04M_034-013 0.1237 0.2649 0.0932 0.4747 0.0435 
 05M_002-001 0.2145 0.1394 0.3656 0.1422 0.1383 
 05M_004-003 0.1450 0.0081 0.3610 0.1986 0.2873 
 05M_012-004 0.1506 0.0905 0.2099 0.1942 0.3548 
 06C_127-002 0.4583 0.0412 0.0097 0.3251 0.1657 
 12288_AF_23 0.2503 0.0135 0.0347 0.4344 0.2670 
    12601AB1 0.0560 0.4357 0.0129 0.4728 0.0227 
   12636_A_2 0.0517 0.2123 0.0093 0.4944 0.2323 
  15119_AC_5 0.0026 0.1952 0.0275 0.2398 0.5349 
     1512C16 0.2246 0.3221 0.0998 0.0157 0.3377 
   15144_A_3 0.2766 0.0372 0.0775 0.0329 0.5757 
     1563C14 0.2220 0.4430 0.2669 0.0271 0.0410 
     2182EF7 0.2252 0.1322 0.0558 0.0870 0.4997 
     3681AD1 0.1037 0.0510 0.3742 0.0985 0.3726 
     5008AB6 0.2857 0.0954 0.2642 0.0569 0.2978 
    8204_A_4 0.3276 0.0375 0.0240 0.1827 0.4282 
       AGRIA 0.3477 0.0472 0.5136 0.0819 0.0096 
       AILSA 0.2753 0.1244 0.0081 0.5642 0.0280 
      ALMERA 0.2438 0.0668 0.4490 0.0616 0.1789 
       ALPHA 0.1617 0.2318 0.4177 0.0619 0.1268 
      ALWARA 0.2841 0.0303 0.3548 0.0507 0.2801 
      AMADRA 0.2753 0.1443 0.3289 0.2257 0.0258 
       AMOUR 0.0804 0.0376 0.0228 0.4176 0.4417 
        ANNA 0.0062 0.1643 0.0163 0.0219 0.7913 
   ANNABELLE 0.4309 0.0313 0.4644 0.0164 0.0569 
        ANYA 0.4979 0.2197 0.1666 0.0471 0.0686 
       ARGOS 0.0502 0.0104 0.1253 0.2396 0.5746 
     ARIELLE 0.3185 0.1208 0.4109 0.0221 0.1277 
      ARKULA 0.2093 0.1332 0.4391 0.0174 0.2010 
      ARMADA 0.1922 0.1375 0.3812 0.1157 0.1734 
   AVALANCHE 0.0108 0.0462 0.2774 0.4466 0.2190 
     BAILLIE 0.1117 0.0155 0.1768 0.4893 0.2066 
    BALMORAL 0.0187 0.0949 0.2377 0.0263 0.6224 
     BAMBINO 0.1288 0.0151 0.0803 0.5025 0.2733 
       BARNA 0.3206 0.0502 0.1004 0.1082 0.4206 
 BELLE_DE_FO 0.0064 0.8616 0.0642 0.0040 0.0638 
       BENOL 0.0817 0.1616 0.0995 0.6128 0.0443 
       BF_15 0.0539 0.6980 0.2120 0.0051 0.0311 
      BINTJE 0.1291 0.3691 0.2481 0.0779 0.1758 
 BIONICA_EX_ 0.1854 0.1386 0.2723 0.1386 0.2650 
 BLUE_DANUBE 0.0076 0.1536 0.5566 0.0158 0.2665 
      BONNIE 0.2605 0.0355 0.1738 0.2533 0.2769 
      BOUNTY 0.1123 0.0193 0.0934 0.4577 0.3172 
 BRITISH_QUE 0.0055 0.4958 0.2073 0.0078 0.2836 
     BRODICK 0.3142 0.0098 0.0076 0.5532 0.1151 
      BRODIE 0.1603 0.1462 0.0072 0.0840 0.6023 
      BUCHAN 0.2831 0.0895 0.0041 0.1362 0.4872 
      BURREN 0.1991 0.0997 0.1578 0.0966 0.4468 
     CABARET 0.0181 0.2950 0.0130 0.5279 0.1460 
      CAESAR 0.4061 0.0042 0.3829 0.0448 0.1619 
        CARA 0.0865 0.0500 0.0159 0.1503 0.6973 
 CARLINGFORD 0.3463 0.1042 0.0357 0.1127 0.4011 
  CASABLANCA 0.0093 0.0044 0.2330 0.3186 0.4347 
      CELINE 0.1105 0.0662 0.4118 0.1171 0.2944 
  CHALLENGER 0.2652 0.1542 0.3257 0.2087 0.0462 
   CHARLOTTE 0.6633 0.1058 0.0782 0.1433 0.0093 
     CHICAGO 0.1507 0.0325 0.2743 0.5269 0.0155 
   CHIEFTAIN 0.4672 0.2147 0.0113 0.0316 0.2752 
      CHOPIN 0.2790 0.0813 0.3960 0.0344 0.2093 
      CLARET 0.1929 0.0432 0.0266 0.1215 0.6158 
      CORINE 0.0101 0.1181 0.3228 0.1923 0.3568 
      COSMOS 0.1213 0.1050 0.4616 0.1258 0.1863 
     COURAGE 0.2286 0.1195 0.3489 0.0744 0.2285 
     COURLAN 0.3489 0.1472 0.1423 0.1034 0.2583 
 CRAIGS_ROYA 0.1670 0.1319 0.0055 0.2146 0.4810 
 CRAIGS_SNOW 0.1228 0.3911 0.0821 0.1535 0.2505 
     CRAMOND 0.1575 0.0135 0.1027 0.4970 0.2293 
 CRISPS_FOR_ 0.3678 0.0784 0.3063 0.1138 0.1337 
    CROMWELL 0.0100 0.1890 0.1173 0.6659 0.0177 
       D22/1 0.0050 0.1991 0.0637 0.5183 0.2139 
       D23/3 0.0865 0.3407 0.0711 0.3910 0.1108 
      D47-11 0.0036 0.2159 0.0666 0.7010 0.0128 
       D49/1 0.0171 0.1439 0.0645 0.7709 0.0036 
       DAISY 0.1197 0.1832 0.1949 0.4858 0.0164 
 DARK_RED_NO 0.3376 0.2415 0.0752 0.0317 0.3141 
     DARWINA 0.1611 0.1392 0.4522 0.1059 0.1416 
     DESIREE 0.3734 0.1477 0.2480 0.0050 0.2259 
       DITTA 0.3276 0.1643 0.4120 0.0195 0.0766 
 DR._MCINTOS 0.2505 0.1907 0.0232 0.0535 0.4821 
       DRAGA 0.1617 0.0439 0.3032 0.1563 0.3350 
 DUKE_OF_YOR 0.0122 0.4714 0.2890 0.0041 0.2234 
 DUNBAR_STAN 0.1010 0.4280 0.0140 0.1551 0.3019 
     DUNDROD 0.1923 0.1851 0.0280 0.4988 0.0957 
     ECLIPSE 0.3596 0.5177 0.0089 0.0607 0.0531 
        EDEN 0.0345 0.2154 0.0107 0.7092 0.0302 
 EDZELL_BLUE 0.1407 0.3508 0.2360 0.0819 0.1905 
   ELISABETH 0.5472 0.0106 0.2447 0.1642 0.0334 
     EMPEROR 0.3626 0.0956 0.1785 0.1976 0.1656 
         EOS 0.4344 0.0387 0.1356 0.2805 0.1108 
     EPICURE 0.2870 0.4554 0.0614 0.0106 0.1856 
  ERNTESTOLZ 0.1933 0.2821 0.3202 0.0387 0.1656 
      ESCORT 0.3532 0.0080 0.3835 0.1797 0.0756 
   ESMERALDA 0.2636 0.1390 0.3124 0.1694 0.1155 
      ESTIMA 0.2712 0.1307 0.3446 0.1516 0.1018 
 EVE_BALFOUR 0.0948 0.2411 0.0216 0.2014 0.4411 
   EXCALIBUR 0.1053 0.0034 0.0234 0.4910 0.3768 
     EXQUISA 0.4290 0.1378 0.3697 0.0077 0.0559 
    FESTIVAL 0.3695 0.0092 0.4006 0.1508 0.0698 
      FIANNA 0.1793 0.0416 0.3522 0.0496 0.3773 
   FIFTYFOLD 0.1678 0.5746 0.0703 0.0904 0.0970 
     FONTANE 0.2574 0.0507 0.4331 0.2078 0.0508 
   FORTYFOLD 0.0059 0.5785 0.3074 0.0048 0.1033 
 FRONTIER_RU 0.3473 0.2883 0.0814 0.0949 0.1882 
     G.81071 0.2441 0.1283 0.1042 0.1806 0.3429 
     G.88661 0.3585 0.0319 0.0875 0.2292 0.2929 
    G.886611 0.4888 0.0112 0.0082 0.2203 0.2714 
  G.8867Y%12 0.4683 0.0226 0.0305 0.0670 0.4116 
     G.88839 0.5134 0.0073 0.4634 0.0079 0.0080 
     G.88842 0.3361 0.0220 0.3813 0.0121 0.2485 
   GALACTICA 0.0057 0.1663 0.3725 0.0093 0.4461 
      GEMSON 0.1912 0.2200 0.0237 0.1212 0.4439 
  GL.76B/102 0.1945 0.3535 0.2635 0.1742 0.0143 
   GL.76B/94 0.0111 0.5054 0.3560 0.0064 0.1211 
  GL.77M/106 0.2988 0.1740 0.0100 0.2875 0.2297 
   GL.78/166 0.0074 0.5940 0.2795 0.0574 0.0618 
    GL.78/53 0.2001 0.5093 0.0310 0.2541 0.0054 
    GL.78/97 0.1038 0.5387 0.1860 0.1566 0.0149 
    GL.79/42 0.2204 0.4965 0.0942 0.1858 0.0031 
    GL.79/45 0.2003 0.5254 0.1125 0.1441 0.0177 
 GL.81_NT_25 0.0030 0.3209 0.1172 0.5400 0.0190 
   GLADIATOR 0.3790 0.0157 0.2521 0.1213 0.2319 
      GLAMIS 0.2375 0.0545 0.1299 0.4353 0.1428 
 GOLDEN_MILL 0.1955 0.0833 0.0188 0.5227 0.1797 
 GOLDEN_NUGG 0.1664 0.0134 0.3720 0.1329 0.3153 
 GOLDEN_WOND 0.1561 0.5922 0.1458 0.0528 0.0532 
     GRANOLA 0.5685 0.0685 0.2169 0.1371 0.0089 
    H1H3_101 0.0025 0.3056 0.0084 0.6784 0.0051 
      H1H3_3 0.0727 0.2077 0.0722 0.4531 0.1943 
 HARBOROUGH_ 0.1696 0.0090 0.0126 0.7222 0.0865 
   HARLEQUIN 0.5389 0.1516 0.1271 0.1658 0.0167 
      HERMES 0.2162 0.1270 0.3960 0.0712 0.1897 
 HIGHLAND_BU 0.0059 0.7866 0.1687 0.0215 0.0172 
  HOME_GUARD 0.1877 0.3074 0.0172 0.1843 0.3034 
     HORIZON 0.0715 0.2222 0.4697 0.1123 0.1243 
   INNOVATOR 0.0065 0.3021 0.2950 0.0063 0.3901 
 INTERNATION 0.0040 0.8616 0.1137 0.0070 0.0137 
 ISLE_OF_JUR 0.1329 0.1263 0.0957 0.4520 0.1931 
    JULIETTE 0.5819 0.0271 0.3534 0.0304 0.0073 
     KARLENA 0.0108 0.2456 0.3366 0.0399 0.3670 
 KERR'S_PINK 0.1008 0.5536 0.0201 0.0934 0.2321 
     KESTREL 0.2289 0.0067 0.0057 0.3787 0.3800 
       KIFLI 0.4810 0.1330 0.2418 0.1390 0.0053 
 KING_EDWARD 0.1396 0.7712 0.0131 0.0707 0.0055 
    KINGSTON 0.0947 0.1554 0.1119 0.5199 0.1181 
 KUFRI_CHAND 0.1904 0.2679 0.1628 0.0875 0.2915 
 KUFRI_JYOTI 0.2208 0.1477 0.1942 0.0501 0.3873 
      KURODA 0.1443 0.0364 0.5202 0.0337 0.2654 
 LADY_BALFOU 0.1151 0.1775 0.0392 0.1992 0.4690 
 LADY_CHRIST 0.0809 0.2768 0.4510 0.1033 0.0879 
 LADY_CLAIRE 0.0056 0.1828 0.7556 0.0114 0.0446 
     LADY_JO 0.0027 0.2809 0.6012 0.0206 0.0946 
 LADY_ROSETT 0.2042 0.1371 0.3552 0.1537 0.1497 
    LIBERTAS 0.0030 0.2665 0.5712 0.0081 0.1512 
       LINDA 0.5344 0.1889 0.2640 0.0066 0.0060 
      LINTON 0.2407 0.0829 0.2864 0.1859 0.2041 
 LINZER_DELI 0.4423 0.1813 0.3136 0.0395 0.0232 
   LIONHEART 0.1645 0.0751 0.4487 0.0721 0.2397 
   MADELEINE 0.4110 0.0550 0.3953 0.0999 0.0387 
   MADINGLEY 0.3281 0.0413 0.3106 0.1605 0.1595 
    MAJESTIC 0.2651 0.2163 0.0446 0.0241 0.4499 
     MARABEL 0.3564 0.0110 0.4943 0.0159 0.1224 
     MARFONA 0.0316 0.1806 0.4784 0.1186 0.1908 
     MARILYN 0.3918 0.0864 0.3448 0.0287 0.1483 
 MARIS_ANCHO 0.2472 0.2260 0.2935 0.0773 0.1560 
  MARIS_BARD 0.0036 0.1929 0.2126 0.2395 0.3514 
  MARIS_PEER 0.1982 0.2452 0.0173 0.1578 0.3814 
 MARIS_PIPER 0.0059 0.1072 0.0560 0.8249 0.0060 
     MARKIES 0.3055 0.1174 0.5089 0.0298 0.0383 
      MAXINE 0.2097 0.0823 0.0198 0.4103 0.2778 
      MEGARA 0.3032 0.0435 0.5308 0.0912 0.0313 
      MELODY 0.1654 0.1452 0.4211 0.1134 0.1549 
       MIDAS 0.1531 0.0827 0.2507 0.5081 0.0054 
       MILVA 0.3543 0.1714 0.3987 0.0231 0.0525 
        MIMI 0.1019 0.0747 0.2848 0.3576 0.1810 
        MIRA 0.0071 0.2133 0.5901 0.0099 0.1796 
       MOIRA 0.2577 0.1495 0.2891 0.0630 0.2406 
    MONTROSE 0.1189 0.2323 0.0086 0.6147 0.0255 
       MORAG 0.1476 0.2457 0.0147 0.1734 0.4186 
      MORENE 0.0110 0.1769 0.5735 0.0046 0.2340 
      MOZART 0.5054 0.0032 0.3410 0.0815 0.0689 
 MYATT'S_ASH 0.0048 0.7293 0.2448 0.0054 0.0158 
      NADINE 0.3304 0.0107 0.0550 0.4560 0.1479 
       NAVAN 0.0842 0.0482 0.0321 0.6926 0.1429 
 NDTX_4271_5 0.5619 0.0884 0.0061 0.2194 0.1242 
      NICOLA 0.4090 0.1604 0.4214 0.0039 0.0054 
     NOVELLA 0.2628 0.0380 0.3758 0.0484 0.2750 
     OLYMPUS 0.3220 0.1493 0.0092 0.3397 0.1799 
       OPERA 0.2759 0.0199 0.3693 0.1466 0.1882 
   ORCHESTRA 0.3619 0.0578 0.3996 0.1556 0.0250 
      ORIANA 0.1583 0.1083 0.4389 0.0041 0.2904 
     OTHELLO 0.2155 0.0230 0.0059 0.1625 0.5931 
     PALADIN 0.0064 0.2186 0.0669 0.6844 0.0238 
       PANDA 0.5405 0.0145 0.3194 0.1121 0.0134 
   PARAMOUNT 0.2373 0.0567 0.1926 0.0248 0.4886 
    PATRONES 0.1620 0.2319 0.3699 0.0692 0.1670 
 PENTLAND_AC 0.2208 0.1989 0.1473 0.1553 0.2777 
 PENTLAND_BE 0.0105 0.5036 0.1326 0.0158 0.3376 
 PENTLAND_CR 0.1233 0.1270 0.2400 0.1511 0.3587 
 PENTLAND_DE 0.2174 0.3082 0.0170 0.0646 0.3929 
 PENTLAND_IV 0.3948 0.1596 0.0048 0.0860 0.3548 
 PENTLAND_JA 0.1518 0.2058 0.1894 0.0704 0.3826 
 PENTLAND_MA 0.1132 0.1220 0.3353 0.0100 0.4195 
 PENTLAND_SQ 0.2226 0.2321 0.0944 0.1149 0.3359 
   PEPO_1978 0.3431 0.1097 0.4051 0.1152 0.0270 
     PICASSO 0.0498 0.0039 0.2498 0.1446 0.5519 
   PIMPERNEL 0.1604 0.1579 0.4888 0.0892 0.1037 
     PIONEER 0.6132 0.1449 0.2171 0.0193 0.0055 
       PIXIE 0.2812 0.0063 0.0264 0.3748 0.3113 
    PREMIERE 0.0063 0.2784 0.4847 0.0515 0.1791 
   PRODUCENT 0.1787 0.0963 0.4479 0.2373 0.0399 
     PROVOST 0.2077 0.2104 0.1610 0.0389 0.3820 
  R.P.LUSTRE 0.3820 0.2797 0.0247 0.2067 0.1069 
 RANGER_RUSS 0.0365 0.3805 0.1983 0.0028 0.3818 
       RATTE 0.2708 0.4821 0.0462 0.1918 0.0091 
      RECORD 0.0077 0.2527 0.6143 0.0097 0.1155 
   REMBRANDT 0.1493 0.1624 0.4561 0.1313 0.1009 
    RIO_ROJO 0.3675 0.1610 0.0887 0.0717 0.3111 
      ROBIJN 0.0255 0.2807 0.5889 0.0059 0.0990 
      ROCKET 0.0879 0.1996 0.0226 0.5265 0.1635 
   RODE_STAR 0.1849 0.3305 0.4335 0.0459 0.0053 
      ROMANO 0.2774 0.0150 0.3289 0.0484 0.3303 
       ROMEO 0.4108 0.2062 0.0169 0.0704 0.2957 
     ROOSTER 0.2253 0.1552 0.1544 0.1061 0.3591 
       ROYAL 0.2643 0.0748 0.2858 0.3629 0.0121 
 ROYAL_KIDNE 0.0139 0.5676 0.0816 0.0038 0.3331 
     RUBESSE 0.4064 0.1073 0.2430 0.0401 0.2032 
 RUSSET_BURB 0.2205 0.2987 0.1245 0.0134 0.3429 
 RUSSET_NORK 0.4366 0.2674 0.0076 0.0360 0.2523 
      SAFARI 0.2036 0.0111 0.4218 0.0395 0.3239 
     SANTANA 0.1245 0.1273 0.4124 0.1460 0.1898 
       SANTE 0.1830 0.0689 0.4363 0.1960 0.1158 
     SAPHIRE 0.1777 0.0281 0.4204 0.1026 0.2712 
  SARPO_MIRA 0.3964 0.1466 0.3251 0.0884 0.0435 
 SARPO_SHONA 0.3787 0.0653 0.4049 0.0828 0.0683 
       SASSY 0.1904 0.2491 0.3249 0.0990 0.1366 
     SATURNA 0.1907 0.2287 0.5266 0.0475 0.0065 
        SAVA 0.4322 0.0664 0.3069 0.1285 0.0660 
       SAXON 0.1321 0.1155 0.0399 0.5686 0.1439 
 SCARBOROUGH 0.1709 0.0377 0.0053 0.7600 0.0261 
 SEFTON_WOND 0.0592 0.5317 0.0143 0.1555 0.2393 
    SERAFINA 0.4889 0.1197 0.2990 0.0153 0.0770 
     SETANTA 0.3172 0.0454 0.0354 0.3148 0.2871 
 SHARPE'S_EX 0.1120 0.6124 0.1356 0.1065 0.0334 
     SHELAGH 0.1174 0.2555 0.1631 0.1886 0.2754 
    SHELFORD 0.2271 0.1960 0.3511 0.0310 0.1947 
     SHEPODY 0.0042 0.2981 0.2309 0.0061 0.4608 
      SLANEY 0.2449 0.0094 0.0150 0.2986 0.4321 
        SPEY 0.1735 0.0038 0.0306 0.2955 0.4967 
      SPUNTA 0.4054 0.2077 0.1187 0.1317 0.1365 
     STAMINA 0.0163 0.0046 0.0521 0.6213 0.3057 
    STEMSTER 0.1531 0.1546 0.2714 0.3302 0.0907 
 STORMONT_EN 0.0812 0.1964 0.2941 0.1830 0.2453 
    STIRLING 0.2628 0.0148 0.0641 0.1698 0.4885 
     SYLVANA 0.2672 0.1169 0.2783 0.0984 0.2392 
         TAY 0.2749 0.0075 0.0069 0.4318 0.2789 
      TIMATE 0.3932 0.0365 0.4225 0.1391 0.0087 
      TOLUCA 0.3724 0.0457 0.3662 0.0074 0.2083 
    TORRIDON 0.1277 0.1065 0.3399 0.0775 0.3484 
 ULSTER_SCEP 0.1010 0.1707 0.0664 0.3019 0.3600 
 UMATILLA_RU 0.0361 0.3584 0.1962 0.3389 0.0704 
 VALES_EMERA 0.5175 0.1038 0.0446 0.2622 0.0719 
 VALES_EVERE 0.1551 0.1293 0.0105 0.2812 0.4238 
 VALES_RUSSE 0.2369 0.3608 0.1275 0.0368 0.2380 
 VALES_SOVER 0.0240 0.0038 0.0298 0.3491 0.5933 
       VALOR 0.0920 0.0029 0.0328 0.3872 0.4852 
    VAN_GOGH 0.1697 0.1376 0.5076 0.1131 0.0719 
     VANTAGE 0.0069 0.3486 0.4395 0.0114 0.1935 
       VERDI 0.2191 0.1766 0.4230 0.1258 0.0554 
    VICTORIA 0.2481 0.1074 0.4242 0.0448 0.1754 
     VIVALDI 0.1789 0.0743 0.4447 0.0044 0.2977 
       WILJA 0.0022 0.1903 0.5596 0.0097 0.2383 
     WINSTON 0.2993 0.0055 0.0074 0.4418 0.2460 
      XD2-21 0.1966 0.2601 0.0665 0.1011 0.3757 
  YUKON_GOLD 0.4608 0.0267 0.1002 0.2403 0.1721 
       ZORBA 0.0219 0.2039 0.4315 0.0097 0.3330 
