  00C133-020 0.0165 0.3618 0.5101 0.0136 0.0980 
 01C_071-002 0.1521 0.2572 0.2055 0.3002 0.0850 
 02M_012-001 0.1425 0.0402 0.6125 0.0990 0.1059 
 03M_016-002 0.4380 0.1036 0.3716 0.0460 0.0408 
 03M_034-002 0.1842 0.2143 0.5230 0.0440 0.0345 
 04C_055-004 0.0630 0.0317 0.4831 0.1212 0.3010 
 04C_126-005 0.0937 0.3659 0.3101 0.1132 0.1171 
 04M_034-013 0.2641 0.0485 0.4716 0.0947 0.1212 
 05M_002-001 0.1420 0.1403 0.1401 0.3670 0.2106 
 05M_004-003 0.0106 0.2848 0.1989 0.3634 0.1424 
 05M_012-004 0.0920 0.3531 0.1916 0.2127 0.1506 
 06C_127-002 0.0393 0.1712 0.3191 0.0081 0.4624 
 12288_AF_23 0.0146 0.2658 0.4351 0.0329 0.2516 
    12601AB1 0.4376 0.0214 0.4698 0.0105 0.0607 
   12636_A_2 0.2164 0.2358 0.4901 0.0093 0.0484 
  15119_AC_5 0.1920 0.5332 0.2441 0.0279 0.0028 
     1512C16 0.3218 0.3383 0.0161 0.1018 0.2219 
   15144_A_3 0.0326 0.5707 0.0329 0.0828 0.2811 
     1563C14 0.4435 0.0406 0.0304 0.2654 0.2201 
     2182EF7 0.1254 0.4965 0.0916 0.0617 0.2249 
     3681AD1 0.0560 0.3660 0.0985 0.3731 0.1064 
     5008AB6 0.0950 0.2928 0.0605 0.2644 0.2873 
    8204_A_4 0.0430 0.4248 0.1790 0.0244 0.3287 
       AGRIA 0.0488 0.0099 0.0798 0.5185 0.3430 
       AILSA 0.1281 0.0265 0.5607 0.0087 0.2760 
      ALMERA 0.0627 0.1792 0.0648 0.4526 0.2408 
       ALPHA 0.2304 0.1308 0.0667 0.4177 0.1545 
      ALWARA 0.0274 0.2766 0.0522 0.3603 0.2835 
      AMADRA 0.1437 0.0295 0.2245 0.3288 0.2736 
       AMOUR 0.0423 0.4420 0.4125 0.0217 0.0815 
        ANNA 0.1624 0.7918 0.0214 0.0181 0.0063 
   ANNABELLE 0.0325 0.0629 0.0151 0.4635 0.4260 
        ANYA 0.2224 0.0692 0.0430 0.1669 0.4985 
       ARGOS 0.0108 0.5756 0.2394 0.1236 0.0506 
     ARIELLE 0.1143 0.1261 0.0264 0.4142 0.3191 
      ARKULA 0.1295 0.2016 0.0161 0.4426 0.2103 
      ARMADA 0.1376 0.1793 0.1112 0.3820 0.1900 
   AVALANCHE 0.0477 0.2202 0.4435 0.2775 0.0112 
     BAILLIE 0.0174 0.2114 0.4868 0.1802 0.1042 
    BALMORAL 0.0882 0.6212 0.0332 0.2390 0.0184 
     BAMBINO 0.0145 0.2763 0.5016 0.0804 0.1272 
       BARNA 0.0495 0.4187 0.1050 0.1046 0.3222 
 BELLE_DE_FO 0.8580 0.0627 0.0038 0.0701 0.0054 
       BENOL 0.1645 0.0510 0.6087 0.0961 0.0797 
       BF_15 0.6967 0.0293 0.0061 0.2174 0.0505 
      BINTJE 0.3682 0.1796 0.0762 0.2539 0.1223 
 BIONICA_EX_ 0.1382 0.2612 0.1403 0.2723 0.1880 
 BLUE_DANUBE 0.1511 0.2634 0.0194 0.5585 0.0076 
      BONNIE 0.0344 0.2797 0.2514 0.1749 0.2596 
      BOUNTY 0.0201 0.3178 0.4564 0.0949 0.1109 
 BRITISH_QUE 0.4944 0.2812 0.0089 0.2101 0.0054 
     BRODICK 0.0115 0.1142 0.5508 0.0092 0.3143 
      BRODIE 0.1469 0.6012 0.0862 0.0069 0.1588 
      BUCHAN 0.0882 0.4866 0.1375 0.0043 0.2835 
      BURREN 0.0995 0.4415 0.0965 0.1619 0.2006 
     CABARET 0.2953 0.1510 0.5232 0.0160 0.0146 
      CAESAR 0.0045 0.1602 0.0465 0.3852 0.4037 
        CARA 0.0457 0.6947 0.1462 0.0173 0.0961 
 CARLINGFORD 0.1064 0.4023 0.1080 0.0363 0.3470 
  CASABLANCA 0.0047 0.4342 0.3162 0.2360 0.0089 
      CELINE 0.0686 0.2921 0.1143 0.4096 0.1155 
  CHALLENGER 0.1545 0.0460 0.2091 0.3280 0.2623 
   CHARLOTTE 0.1114 0.0069 0.1424 0.0752 0.6641 
     CHICAGO 0.0384 0.0142 0.5242 0.2724 0.1508 
   CHIEFTAIN 0.2134 0.2761 0.0284 0.0112 0.4710 
      CHOPIN 0.0738 0.2100 0.0368 0.4017 0.2777 
      CLARET 0.0456 0.6114 0.1177 0.0274 0.1979 
      CORINE 0.1181 0.3564 0.1897 0.3249 0.0109 
      COSMOS 0.1022 0.1854 0.1254 0.4678 0.1193 
     COURAGE 0.1194 0.2246 0.0770 0.3517 0.2273 
     COURLAN 0.1431 0.2571 0.1056 0.1492 0.3450 
 CRAIGS_ROYA 0.1317 0.4806 0.2096 0.0060 0.1720 
 CRAIGS_SNOW 0.3901 0.2506 0.1582 0.0857 0.1154 
     CRAMOND 0.0152 0.2315 0.4929 0.1027 0.1577 
 CRISPS_FOR_ 0.0780 0.1322 0.1160 0.3072 0.3666 
    CROMWELL 0.1910 0.0181 0.6653 0.1150 0.0106 
       D22/1 0.2015 0.2180 0.5141 0.0616 0.0046 
       D23/3 0.3413 0.1209 0.3875 0.0718 0.0785 
      D47-11 0.2210 0.0143 0.6973 0.0639 0.0036 
       D49/1 0.1462 0.0041 0.7689 0.0615 0.0193 
       DAISY 0.1833 0.0152 0.4851 0.1972 0.1191 
 DARK_RED_NO 0.2414 0.3126 0.0343 0.0734 0.3383 
     DARWINA 0.1423 0.1435 0.1057 0.4578 0.1507 
     DESIREE 0.1453 0.2290 0.0050 0.2489 0.3717 
       DITTA 0.1658 0.0797 0.0187 0.4173 0.3185 
 DR._MCINTOS 0.1879 0.4861 0.0462 0.0355 0.2444 
       DRAGA 0.0436 0.3362 0.1562 0.3053 0.1588 
 DUKE_OF_YOR 0.4679 0.2272 0.0035 0.2911 0.0103 
 DUNBAR_STAN 0.4256 0.3019 0.1585 0.0159 0.0981 
     DUNDROD 0.1851 0.0964 0.4935 0.0329 0.1921 
     ECLIPSE 0.5195 0.0604 0.0564 0.0084 0.3552 
        EDEN 0.2162 0.0332 0.7063 0.0124 0.0318 
 EDZELL_BLUE 0.3503 0.1926 0.0819 0.2337 0.1415 
   ELISABETH 0.0110 0.0288 0.1644 0.2437 0.5522 
     EMPEROR 0.0961 0.1711 0.1949 0.1797 0.3582 
         EOS 0.0360 0.1108 0.2817 0.1393 0.4322 
     EPICURE 0.4543 0.1903 0.0120 0.0580 0.2854 
  ERNTESTOLZ 0.2830 0.1653 0.0366 0.3248 0.1904 
      ESCORT 0.0080 0.0813 0.1749 0.3847 0.3512 
   ESMERALDA 0.1375 0.1198 0.1697 0.3101 0.2630 
      ESTIMA 0.1324 0.1065 0.1500 0.3432 0.2679 
 EVE_BALFOUR 0.2376 0.4377 0.1994 0.0225 0.1028 
   EXCALIBUR 0.0038 0.3806 0.4869 0.0214 0.1073 
     EXQUISA 0.1385 0.0507 0.0091 0.3722 0.4295 
    FESTIVAL 0.0094 0.0709 0.1495 0.4027 0.3675 
      FIANNA 0.0392 0.3752 0.0506 0.3539 0.1811 
   FIFTYFOLD 0.5716 0.1002 0.0905 0.0708 0.1668 
     FONTANE 0.0586 0.0448 0.2076 0.4355 0.2535 
   FORTYFOLD 0.5755 0.1093 0.0045 0.3050 0.0058 
 FRONTIER_RU 0.2906 0.1941 0.0958 0.0768 0.3427 
     G.81071 0.1277 0.3447 0.1768 0.1080 0.2428 
     G.88661 0.0307 0.2948 0.2274 0.0885 0.3587 
    G.886611 0.0147 0.2733 0.2143 0.0089 0.4888 
  G.8867Y%12 0.0303 0.4104 0.0641 0.0313 0.4639 
     G.88839 0.0081 0.0076 0.0086 0.4576 0.5181 
     G.88842 0.0193 0.2431 0.0137 0.3838 0.3401 
   GALACTICA 0.1640 0.4475 0.0084 0.3752 0.0049 
      GEMSON 0.2181 0.4438 0.1223 0.0231 0.1926 
  GL.76B/102 0.3556 0.0169 0.1714 0.2559 0.2003 
   GL.76B/94 0.5054 0.1242 0.0064 0.3523 0.0117 
  GL.77M/106 0.1716 0.2289 0.2855 0.0115 0.3025 
   GL.78/166 0.5927 0.0679 0.0600 0.2722 0.0072 
    GL.78/53 0.5074 0.0064 0.2493 0.0340 0.2028 
    GL.78/97 0.5391 0.0153 0.1556 0.1827 0.1073 
    GL.79/42 0.4991 0.0034 0.1870 0.0850 0.2255 
    GL.79/45 0.5285 0.0186 0.1468 0.0974 0.2088 
 GL.81_NT_25 0.3213 0.0207 0.5390 0.1157 0.0033 
   GLADIATOR 0.0161 0.2315 0.1208 0.2552 0.3765 
      GLAMIS 0.0557 0.1425 0.4344 0.1331 0.2344 
 GOLDEN_MILL 0.0892 0.1765 0.5183 0.0184 0.1976 
 GOLDEN_NUGG 0.0135 0.3079 0.1330 0.3721 0.1735 
 GOLDEN_WOND 0.5889 0.0559 0.0538 0.1475 0.1539 
     GRANOLA 0.0698 0.0075 0.1388 0.2157 0.5682 
    H1H3_101 0.3083 0.0056 0.6749 0.0085 0.0027 
      H1H3_3 0.2074 0.1976 0.4519 0.0691 0.0740 
 HARBOROUGH_ 0.0091 0.0872 0.7197 0.0127 0.1714 
   HARLEQUIN 0.1534 0.0194 0.1646 0.1251 0.5376 
      HERMES 0.1268 0.1884 0.0700 0.4002 0.2145 
 HIGHLAND_BU 0.7852 0.0206 0.0225 0.1667 0.0050 
  HOME_GUARD 0.3031 0.3036 0.1830 0.0206 0.1898 
     HORIZON 0.2197 0.1276 0.1101 0.4692 0.0734 
   INNOVATOR 0.2994 0.3888 0.0062 0.2979 0.0077 
 INTERNATION 0.8594 0.0154 0.0082 0.1131 0.0038 
 ISLE_OF_JUR 0.1262 0.1999 0.4483 0.0941 0.1315 
    JULIETTE 0.0261 0.0072 0.0298 0.3573 0.5796 
     KARLENA 0.2449 0.3696 0.0356 0.3394 0.0105 
 KERR'S_PINK 0.5524 0.2381 0.0920 0.0170 0.1004 
     KESTREL 0.0080 0.3780 0.3765 0.0061 0.2313 
       KIFLI 0.1316 0.0052 0.1401 0.2424 0.4807 
 KING_EDWARD 0.7712 0.0058 0.0711 0.0107 0.1413 
    KINGSTON 0.1567 0.1176 0.5198 0.1094 0.0965 
 KUFRI_CHAND 0.2700 0.2956 0.0856 0.1606 0.1882 
 KUFRI_JYOTI 0.1449 0.3811 0.0524 0.1952 0.2264 
      KURODA 0.0331 0.2619 0.0377 0.5261 0.1411 
 LADY_BALFOU 0.1748 0.4691 0.1975 0.0398 0.1189 
 LADY_CHRIST 0.2742 0.0914 0.1005 0.4508 0.0832 
 LADY_CLAIRE 0.1801 0.0462 0.0131 0.7553 0.0054 
     LADY_JO 0.2782 0.0946 0.0226 0.6018 0.0028 
 LADY_ROSETT 0.1398 0.1489 0.1525 0.3550 0.2037 
    LIBERTAS 0.2665 0.1470 0.0103 0.5733 0.0029 
       LINDA 0.1885 0.0059 0.0069 0.2629 0.5357 
      LINTON 0.0849 0.2037 0.1825 0.2886 0.2404 
 LINZER_DELI 0.1804 0.0242 0.0379 0.3203 0.4372 
   LIONHEART 0.0760 0.2394 0.0710 0.4525 0.1611 
   MADELEINE 0.0551 0.0346 0.1009 0.3981 0.4112 
   MADINGLEY 0.0445 0.1551 0.1619 0.3149 0.3236 
    MAJESTIC 0.2164 0.4507 0.0249 0.0454 0.2626 
     MARABEL 0.0128 0.1166 0.0168 0.4991 0.3546 
     MARFONA 0.1774 0.1915 0.1187 0.4790 0.0334 
     MARILYN 0.0870 0.1475 0.0283 0.3471 0.3901 
 MARIS_ANCHO 0.2257 0.1567 0.0793 0.2935 0.2448 
  MARIS_BARD 0.1965 0.3561 0.2329 0.2113 0.0033 
  MARIS_PEER 0.2440 0.3811 0.1587 0.0186 0.1976 
 MARIS_PIPER 0.1139 0.0062 0.8241 0.0502 0.0055 
     MARKIES 0.1208 0.0384 0.0306 0.5123 0.2978 
      MAXINE 0.0872 0.2759 0.4087 0.0203 0.2078 
      MEGARA 0.0460 0.0301 0.0933 0.5317 0.2989 
      MELODY 0.1445 0.1543 0.1141 0.4241 0.1629 
       MIDAS 0.0904 0.0053 0.5068 0.2441 0.1533 
       MILVA 0.1706 0.0497 0.0243 0.4002 0.3551 
        MIMI 0.0748 0.1827 0.3557 0.2801 0.1067 
        MIRA 0.2125 0.1786 0.0121 0.5892 0.0076 
       MOIRA 0.1528 0.2418 0.0587 0.2909 0.2558 
    MONTROSE 0.2332 0.0274 0.6128 0.0083 0.1183 
       MORAG 0.2420 0.4175 0.1735 0.0112 0.1558 
      MORENE 0.1760 0.2304 0.0042 0.5783 0.0111 
      MOZART 0.0028 0.0687 0.0829 0.3411 0.5045 
 MYATT'S_ASH 0.7266 0.0195 0.0048 0.2440 0.0051 
      NADINE 0.0096 0.1531 0.4580 0.0507 0.3287 
       NAVAN 0.0585 0.1482 0.6851 0.0236 0.0846 
 NDTX_4271_5 0.0860 0.1229 0.2218 0.0061 0.5631 
      NICOLA 0.1614 0.0050 0.0038 0.4209 0.4088 
     NOVELLA 0.0342 0.2733 0.0505 0.3799 0.2621 
     OLYMPUS 0.1491 0.1822 0.3371 0.0080 0.3237 
       OPERA 0.0181 0.1869 0.1469 0.3755 0.2726 
   ORCHESTRA 0.0553 0.0282 0.1551 0.4038 0.3576 
      ORIANA 0.1090 0.2923 0.0045 0.4464 0.1477 
     OTHELLO 0.0268 0.5927 0.1582 0.0056 0.2167 
     PALADIN 0.2164 0.0307 0.6788 0.0673 0.0068 
       PANDA 0.0130 0.0163 0.1126 0.3223 0.5357 
   PARAMOUNT 0.0563 0.4876 0.0221 0.1942 0.2398 
    PATRONES 0.2331 0.1729 0.0635 0.3690 0.1615 
 PENTLAND_AC 0.1997 0.2824 0.1536 0.1457 0.2187 
 PENTLAND_BE 0.5017 0.3392 0.0145 0.1356 0.0091 
 PENTLAND_CR 0.1286 0.3593 0.1473 0.2396 0.1251 
 PENTLAND_DE 0.3080 0.3943 0.0637 0.0173 0.2167 
 PENTLAND_IV 0.1576 0.3567 0.0830 0.0053 0.3974 
 PENTLAND_JA 0.2055 0.3853 0.0727 0.1934 0.1431 
 PENTLAND_MA 0.1217 0.4148 0.0100 0.3380 0.1155 
 PENTLAND_SQ 0.2309 0.3378 0.1140 0.0951 0.2222 
   PEPO_1978 0.1117 0.0304 0.1125 0.4039 0.3416 
     PICASSO 0.0036 0.5498 0.1418 0.2528 0.0520 
   PIMPERNEL 0.1560 0.1015 0.0878 0.4911 0.1636 
     PIONEER 0.1446 0.0061 0.0185 0.2218 0.6091 
       PIXIE 0.0052 0.3078 0.3730 0.0299 0.2840 
    PREMIERE 0.2754 0.1795 0.0515 0.4868 0.0068 
   PRODUCENT 0.0983 0.0459 0.2320 0.4498 0.1739 
     PROVOST 0.2086 0.3853 0.0318 0.1654 0.2088 
  R.P.LUSTRE 0.2815 0.1197 0.2053 0.0181 0.3755 
 RANGER_RUSS 0.3778 0.3829 0.0031 0.2029 0.0333 
       RATTE 0.4795 0.0100 0.1960 0.0389 0.2756 
      RECORD 0.2485 0.1175 0.0099 0.6172 0.0068 
   REMBRANDT 0.1610 0.0950 0.1343 0.4607 0.1490 
    RIO_ROJO 0.1582 0.3065 0.0754 0.0933 0.3666 
      ROBIJN 0.2808 0.0929 0.0059 0.5929 0.0275 
      ROCKET 0.1999 0.1663 0.5226 0.0232 0.0880 
   RODE_STAR 0.3266 0.0049 0.0515 0.4317 0.1853 
      ROMANO 0.0132 0.3254 0.0493 0.3315 0.2806 
       ROMEO 0.2050 0.2972 0.0668 0.0178 0.4132 
     ROOSTER 0.1542 0.3593 0.1055 0.1516 0.2293 
       ROYAL 0.0801 0.0114 0.3627 0.2870 0.2588 
 ROYAL_KIDNE 0.5649 0.3339 0.0041 0.0849 0.0122 
     RUBESSE 0.1087 0.2022 0.0405 0.2434 0.4052 
 RUSSET_BURB 0.2969 0.3423 0.0148 0.1302 0.2158 
 RUSSET_NORK 0.2657 0.2594 0.0342 0.0080 0.4327 
      SAFARI 0.0100 0.3229 0.0372 0.4246 0.2052 
     SANTANA 0.1283 0.1933 0.1419 0.4142 0.1223 
       SANTE 0.0700 0.1135 0.1926 0.4368 0.1870 
     SAPHIRE 0.0304 0.2713 0.1006 0.4244 0.1734 
  SARPO_MIRA 0.1463 0.0450 0.0875 0.3277 0.3935 
 SARPO_SHONA 0.0641 0.0610 0.0851 0.4079 0.3818 
       SASSY 0.2463 0.1371 0.1004 0.3299 0.1864 
     SATURNA 0.2308 0.0062 0.0480 0.5291 0.1859 
        SAVA 0.0652 0.0654 0.1281 0.3088 0.4325 
       SAXON 0.1175 0.1473 0.5677 0.0335 0.1340 
 SCARBOROUGH 0.0411 0.0300 0.7533 0.0051 0.1706 
 SEFTON_WOND 0.5296 0.2424 0.1561 0.0117 0.0602 
    SERAFINA 0.1188 0.0750 0.0164 0.3017 0.4881 
     SETANTA 0.0506 0.2807 0.3105 0.0421 0.3161 
 SHARPE'S_EX 0.6099 0.0428 0.1014 0.1371 0.1088 
     SHELAGH 0.2526 0.2756 0.1891 0.1616 0.1210 
    SHELFORD 0.1952 0.1915 0.0347 0.3545 0.2241 
     SHEPODY 0.2957 0.4611 0.0057 0.2335 0.0039 
      SLANEY 0.0103 0.4307 0.2965 0.0134 0.2491 
        SPEY 0.0047 0.4960 0.2952 0.0279 0.1762 
      SPUNTA 0.2077 0.1360 0.1330 0.1206 0.4027 
     STAMINA 0.0051 0.3049 0.6178 0.0571 0.0152 
    STEMSTER 0.1577 0.0995 0.3258 0.2693 0.1476 
 STORMONT_EN 0.1951 0.2444 0.1849 0.2962 0.0794 
    STIRLING 0.0145 0.4803 0.1730 0.0694 0.2629 
     SYLVANA 0.1171 0.2377 0.0972 0.2818 0.2663 
         TAY 0.0085 0.2770 0.4298 0.0075 0.2772 
      TIMATE 0.0445 0.0079 0.1383 0.4249 0.3844 
      TOLUCA 0.0492 0.2037 0.0071 0.3703 0.3696 
    TORRIDON 0.1067 0.3451 0.0775 0.3424 0.1283 
 ULSTER_SCEP 0.1731 0.3669 0.2984 0.0701 0.0915 
 UMATILLA_RU 0.3618 0.0735 0.3408 0.1932 0.0307 
 VALES_EMERA 0.1084 0.0725 0.2605 0.0387 0.5199 
 VALES_EVERE 0.1288 0.4248 0.2791 0.0088 0.1585 
 VALES_RUSSE 0.3595 0.2397 0.0331 0.1351 0.2326 
 VALES_SOVER 0.0039 0.5925 0.3474 0.0298 0.0265 
       VALOR 0.0034 0.4843 0.3825 0.0342 0.0957 
    VAN_GOGH 0.1381 0.0697 0.1182 0.5070 0.1670 
     VANTAGE 0.3439 0.1933 0.0146 0.4417 0.0065 
       VERDI 0.1772 0.0576 0.1238 0.4253 0.2161 
    VICTORIA 0.1084 0.1762 0.0416 0.4270 0.2468 
     VIVALDI 0.0730 0.2973 0.0047 0.4541 0.1710 
       WILJA 0.1913 0.2380 0.0079 0.5605 0.0024 
     WINSTON 0.0057 0.2485 0.4392 0.0082 0.2984 
      XD2-21 0.2593 0.3764 0.0971 0.0689 0.1983 
  YUKON_GOLD 0.0282 0.1735 0.2371 0.1056 0.4556 
       ZORBA 0.2054 0.3329 0.0115 0.4330 0.0173 
