  00C133-020 0.0134 0.0745 0.0230 0.3613 0.4914 0.0364 
 01C_071-002 0.0436 0.1046 0.2538 0.2435 0.1777 0.1768 
 02M_012-001 0.0041 0.1043 0.0499 0.0839 0.5462 0.2116 
 03M_016-002 0.2242 0.0169 0.0101 0.0162 0.3393 0.3932 
 03M_034-002 0.0142 0.0180 0.0372 0.2086 0.4882 0.2338 
 04C_055-004 0.0498 0.2767 0.0927 0.0167 0.4621 0.1020 
 04C_126-005 0.0139 0.1075 0.1041 0.3780 0.2772 0.1193 
 04M_034-013 0.1430 0.0842 0.0597 0.0089 0.4467 0.2574 
 05M_002-001 0.1592 0.2007 0.3319 0.0510 0.1411 0.1162 
 05M_004-003 0.0891 0.1273 0.3576 0.2114 0.2073 0.0073 
 05M_012-004 0.2014 0.1080 0.2142 0.2298 0.2059 0.0407 
 06C_127-002 0.0847 0.4169 0.0063 0.1485 0.3146 0.0291 
 12288_AF_23 0.1159 0.2064 0.0363 0.1953 0.4368 0.0093 
    12601AB1 0.0039 0.0380 0.0051 0.0917 0.3732 0.4882 
   12636_A_2 0.0765 0.0288 0.0083 0.2119 0.4595 0.2149 
  15119_AC_5 0.0194 0.0023 0.0223 0.5380 0.1977 0.2204 
     1512C16 0.3106 0.1923 0.0706 0.1899 0.0199 0.2167 
   15144_A_3 0.0046 0.2909 0.0264 0.6259 0.0106 0.0416 
     1563C14 0.0809 0.2310 0.1986 0.0305 0.0133 0.4458 
     2182EF7 0.2691 0.1790 0.0522 0.3577 0.1081 0.0339 
     3681AD1 0.0772 0.1062 0.3566 0.3170 0.0889 0.0541 
     5008AB6 0.0114 0.2948 0.2248 0.3286 0.0243 0.1161 
    8204_A_4 0.1270 0.2861 0.0208 0.3608 0.1912 0.0142 
       AGRIA 0.1046 0.3143 0.4681 0.0035 0.0819 0.0276 
       AILSA 0.0540 0.2475 0.0066 0.0141 0.5436 0.1343 
      ALMERA 0.2180 0.2353 0.4234 0.0233 0.0800 0.0200 
       ALPHA 0.1155 0.1533 0.3852 0.0557 0.0612 0.2291 
      ALWARA 0.0247 0.3009 0.3066 0.2917 0.0262 0.0498 
      AMADRA 0.0313 0.2641 0.3025 0.0175 0.2118 0.1728 
       AMOUR 0.0240 0.0730 0.0245 0.4330 0.3946 0.0509 
        ANNA 0.0672 0.0049 0.0158 0.7606 0.0156 0.1359 
   ANNABELLE 0.0810 0.4189 0.4262 0.0209 0.0179 0.0351 
        ANYA 0.0813 0.4940 0.1136 0.0673 0.0355 0.2085 
       ARGOS 0.0878 0.0507 0.1161 0.5002 0.2361 0.0090 
     ARIELLE 0.1351 0.3151 0.3668 0.0569 0.0311 0.0950 
      ARKULA 0.1020 0.2045 0.4206 0.1338 0.0165 0.1225 
      ARMADA 0.1241 0.1713 0.3685 0.0864 0.1183 0.1315 
   AVALANCHE 0.1761 0.0059 0.2733 0.0771 0.4427 0.0249 
     BAILLIE 0.0985 0.0960 0.1717 0.1333 0.4808 0.0197 
    BALMORAL 0.2549 0.0111 0.2240 0.4571 0.0350 0.0179 
     BAMBINO 0.0349 0.1090 0.0893 0.2422 0.4886 0.0360 
       BARNA 0.0510 0.3115 0.0824 0.4064 0.0994 0.0493 
 BELLE_DE_FO 0.0823 0.0083 0.0119 0.0618 0.0024 0.8333 
       BENOL 0.0115 0.0671 0.0770 0.0495 0.5693 0.2256 
       BF_15 0.0309 0.0694 0.1424 0.0526 0.0035 0.7013 
      BINTJE 0.1973 0.1078 0.2128 0.0930 0.0656 0.3235 
 BIONICA_EX_ 0.0813 0.1752 0.2516 0.2139 0.1333 0.1447 
 BLUE_DANUBE 0.1450 0.0075 0.5198 0.1661 0.0132 0.1484 
      BONNIE 0.1018 0.2335 0.1706 0.2182 0.2543 0.0216 
      BOUNTY 0.0288 0.0971 0.1066 0.2893 0.4437 0.0345 
 BRITISH_QUE 0.4336 0.0033 0.1512 0.0375 0.0092 0.3651 
     BRODICK 0.0210 0.2851 0.0128 0.1161 0.5481 0.0171 
      BRODIE 0.1936 0.1295 0.0055 0.5160 0.0832 0.0722 
      BUCHAN 0.1223 0.2551 0.0030 0.4419 0.1350 0.0426 
      BURREN 0.0143 0.2076 0.1303 0.4625 0.0727 0.1125 
     CABARET 0.0806 0.0108 0.0105 0.1064 0.4914 0.3003 
      CAESAR 0.0921 0.3713 0.3786 0.0772 0.0777 0.0031 
        CARA 0.0128 0.0967 0.0139 0.7148 0.1204 0.0415 
 CARLINGFORD 0.3191 0.2920 0.0245 0.2053 0.1417 0.0174 
  CASABLANCA 0.1311 0.0044 0.2497 0.2817 0.3300 0.0030 
      CELINE 0.0210 0.1137 0.3989 0.2789 0.0954 0.0921 
  CHALLENGER 0.1869 0.2194 0.2941 0.0042 0.1996 0.0958 
   CHARLOTTE 0.0054 0.6566 0.0430 0.0154 0.1374 0.1422 
     CHICAGO 0.0076 0.1465 0.2419 0.0122 0.4911 0.1008 
   CHIEFTAIN 0.3726 0.4003 0.0078 0.0873 0.0544 0.0775 
      CHOPIN 0.2392 0.2477 0.3880 0.0527 0.0489 0.0235 
      CLARET 0.0432 0.1921 0.0160 0.6167 0.0969 0.0351 
      CORINE 0.1669 0.0077 0.3076 0.2405 0.1847 0.0926 
      COSMOS 0.2319 0.0829 0.4621 0.0265 0.1458 0.0508 
     COURAGE 0.1603 0.2063 0.3199 0.1391 0.0767 0.0978 
     COURLAN 0.2581 0.3208 0.1121 0.1204 0.1259 0.0627 
 CRAIGS_ROYA 0.2224 0.1302 0.0050 0.3612 0.2278 0.0534 
 CRAIGS_SNOW 0.3319 0.0865 0.0516 0.0693 0.1662 0.2946 
     CRAMOND 0.0850 0.1200 0.1178 0.1611 0.4972 0.0188 
 CRISPS_FOR_ 0.1459 0.3366 0.2901 0.0455 0.1282 0.0538 
    CROMWELL 0.0056 0.0103 0.0741 0.0442 0.5931 0.2727 
       D22/1 0.1539 0.0039 0.0510 0.0975 0.4977 0.1961 
       D23/3 0.1843 0.0600 0.0436 0.0295 0.3677 0.3148 
      D47-11 0.0117 0.0028 0.0461 0.0105 0.6428 0.2861 
       D49/1 0.0118 0.0139 0.0337 0.0027 0.7297 0.2081 
       DAISY 0.0167 0.1167 0.1679 0.0094 0.4538 0.2355 
 DARK_RED_NO 0.4027 0.2943 0.0328 0.1089 0.0623 0.0990 
     DARWINA 0.1890 0.1408 0.4244 0.0163 0.1130 0.1164 
     DESIREE 0.0606 0.3821 0.1899 0.2304 0.0036 0.1335 
       DITTA 0.1825 0.3036 0.3549 0.0109 0.0181 0.1300 
 DR._MCINTOS 0.5095 0.1759 0.0261 0.1592 0.1072 0.0222 
       DRAGA 0.3328 0.0962 0.2934 0.0857 0.1859 0.0060 
 DUKE_OF_YOR 0.4120 0.0049 0.2323 0.0074 0.0032 0.3402 
 DUNBAR_STAN 0.4566 0.0403 0.0082 0.0691 0.1749 0.2509 
     DUNDROD 0.0834 0.1735 0.0173 0.0695 0.4638 0.1925 
     ECLIPSE 0.2952 0.2840 0.0035 0.0031 0.0317 0.3825 
        EDEN 0.0231 0.0193 0.0085 0.0271 0.6605 0.2615 
 EDZELL_BLUE 0.1386 0.1445 0.1865 0.1549 0.0526 0.3229 
   ELISABETH 0.0597 0.5028 0.2325 0.0136 0.1812 0.0102 
     EMPEROR 0.3108 0.2905 0.1527 0.0080 0.2244 0.0136 
         EOS 0.1536 0.3757 0.1367 0.0173 0.2972 0.0195 
     EPICURE 0.3300 0.2470 0.0225 0.0302 0.0129 0.3575 
  ERNTESTOLZ 0.2066 0.1822 0.2772 0.0581 0.0378 0.2381 
      ESCORT 0.0115 0.3401 0.3737 0.0743 0.1823 0.0181 
   ESMERALDA 0.0270 0.2515 0.2920 0.1090 0.1596 0.1609 
      ESTIMA 0.2272 0.2296 0.3139 0.0102 0.1491 0.0700 
 EVE_BALFOUR 0.0769 0.0947 0.0150 0.4280 0.1642 0.2212 
   EXCALIBUR 0.0041 0.0942 0.0296 0.3972 0.4704 0.0046 
     EXQUISA 0.0062 0.4322 0.2903 0.1014 0.0046 0.1654 
    FESTIVAL 0.0464 0.3464 0.3993 0.0287 0.1695 0.0097 
      FIANNA 0.2359 0.1453 0.3329 0.2137 0.0634 0.0087 
   FIFTYFOLD 0.1433 0.1693 0.0182 0.0658 0.0570 0.5464 
     FONTANE 0.1550 0.2131 0.3989 0.0048 0.2091 0.0191 
   FORTYFOLD 0.1934 0.0055 0.2397 0.0183 0.0028 0.5404 
 FRONTIER_RU 0.4348 0.2803 0.0353 0.0060 0.1137 0.1300 
     G.81071 0.2118 0.2079 0.0982 0.2196 0.1932 0.0693 
     G.88661 0.3343 0.2485 0.0975 0.0382 0.2766 0.0049 
    G.886611 0.2708 0.3818 0.0118 0.0624 0.2696 0.0036 
  G.8867Y%12 0.3396 0.3618 0.0309 0.1493 0.1145 0.0038 
     G.88839 0.0053 0.5656 0.3950 0.0066 0.0073 0.0203 
     G.88842 0.1307 0.3309 0.3641 0.1430 0.0197 0.0116 
   GALACTICA 0.1064 0.0052 0.3412 0.3888 0.0063 0.1521 
      GEMSON 0.2793 0.1517 0.0170 0.2886 0.1339 0.1295 
  GL.76B/102 0.1136 0.2020 0.1824 0.0059 0.1404 0.3557 
   GL.76B/94 0.0151 0.0240 0.2764 0.1458 0.0027 0.5360 
  GL.77M/106 0.0114 0.2831 0.0061 0.2680 0.2453 0.1861 
   GL.78/166 0.1138 0.0106 0.1993 0.0412 0.0223 0.6129 
    GL.78/53 0.0071 0.2170 0.0091 0.0131 0.2044 0.5494 
    GL.78/97 0.0263 0.1480 0.1118 0.0239 0.1062 0.5837 
    GL.79/42 0.0036 0.2509 0.0382 0.0068 0.1456 0.5548 
    GL.79/45 0.0044 0.2206 0.0302 0.0961 0.0657 0.5829 
 GL.81_NT_25 0.0090 0.0026 0.0792 0.0327 0.4847 0.3918 
   GLADIATOR 0.1696 0.3297 0.2324 0.1260 0.1357 0.0065 
      GLAMIS 0.1630 0.2004 0.1285 0.0311 0.4401 0.0369 
 GOLDEN_MILL 0.0089 0.1687 0.0166 0.1980 0.4861 0.1217 
 GOLDEN_NUGG 0.0122 0.1614 0.3739 0.3135 0.1206 0.0183 
 GOLDEN_WOND 0.1399 0.1513 0.0909 0.0263 0.0356 0.5560 
     GRANOLA 0.0086 0.5625 0.1764 0.0153 0.1279 0.1093 
    H1H3_101 0.0104 0.0022 0.0057 0.0041 0.6107 0.3669 
      H1H3_3 0.1760 0.0401 0.0695 0.0838 0.4499 0.1807 
 HARBOROUGH_ 0.0293 0.1409 0.0287 0.0534 0.7262 0.0215 
   HARLEQUIN 0.0156 0.5401 0.0759 0.0497 0.1463 0.1725 
      HERMES 0.0689 0.2414 0.3427 0.1606 0.0541 0.1323 
 HIGHLAND_BU 0.0485 0.0069 0.1060 0.0197 0.0100 0.8090 
  HOME_GUARD 0.2745 0.1467 0.0167 0.1549 0.2027 0.2045 
     HORIZON 0.0313 0.0878 0.4346 0.1139 0.0822 0.2503 
   INNOVATOR 0.4763 0.0045 0.2764 0.1037 0.0066 0.1325 
 INTERNATION 0.0791 0.0037 0.0454 0.0089 0.0042 0.8586 
 ISLE_OF_JUR 0.0492 0.1037 0.0897 0.1655 0.4367 0.1552 
    JULIETTE 0.0062 0.6007 0.2999 0.0084 0.0291 0.0557 
     KARLENA 0.2602 0.0094 0.2931 0.2303 0.0260 0.1810 
 KERR'S_PINK 0.3315 0.0714 0.0082 0.0690 0.0909 0.4290 
     KESTREL 0.0218 0.2023 0.0054 0.3785 0.3850 0.0070 
       KIFLI 0.0080 0.5123 0.1727 0.0074 0.1101 0.1895 
 KING_EDWARD 0.1157 0.1314 0.0049 0.0029 0.0286 0.7166 
    KINGSTON 0.0056 0.0711 0.0944 0.1463 0.4719 0.2108 
 KUFRI_CHAND 0.3882 0.1425 0.1292 0.0717 0.1188 0.1496 
 KUFRI_JYOTI 0.0667 0.2158 0.1748 0.3731 0.0384 0.1312 
      KURODA 0.1903 0.1339 0.4901 0.1292 0.0402 0.0163 
 LADY_BALFOU 0.1444 0.0945 0.0324 0.3964 0.1905 0.1418 
 LADY_CHRIST 0.0678 0.0917 0.4138 0.0573 0.0820 0.2874 
 LADY_CLAIRE 0.0377 0.0075 0.7105 0.0211 0.0071 0.2161 
     LADY_JO 0.1225 0.0023 0.5642 0.0158 0.0106 0.2847 
 LADY_ROSETT 0.1440 0.1744 0.3303 0.0741 0.1498 0.1274 
    LIBERTAS 0.0074 0.0026 0.5186 0.1645 0.0035 0.3035 
       LINDA 0.0073 0.5637 0.1983 0.0090 0.0046 0.2171 
      LINTON 0.1828 0.2314 0.2582 0.0959 0.1944 0.0372 
 LINZER_DELI 0.0540 0.4517 0.2550 0.0138 0.0265 0.1990 
   LIONHEART 0.2069 0.1266 0.4488 0.1081 0.0886 0.0211 
   MADELEINE 0.0126 0.4023 0.3666 0.0374 0.0968 0.0842 
   MADINGLEY 0.0818 0.3347 0.2549 0.1325 0.1466 0.0495 
    MAJESTIC 0.5163 0.1988 0.0382 0.1596 0.0577 0.0295 
     MARABEL 0.1049 0.3519 0.4799 0.0244 0.0271 0.0118 
     MARFONA 0.1830 0.0191 0.4631 0.0639 0.1244 0.1464 
     MARILYN 0.0517 0.3922 0.3060 0.1362 0.0271 0.0868 
 MARIS_ANCHO 0.2316 0.2202 0.2644 0.0325 0.0802 0.1710 
  MARIS_BARD 0.2816 0.0024 0.2102 0.1502 0.2478 0.1078 
  MARIS_PEER 0.3301 0.1547 0.0107 0.1896 0.1771 0.1378 
 MARIS_PIPER 0.0044 0.0044 0.0321 0.0044 0.7701 0.1846 
     MARKIES 0.0433 0.3040 0.4652 0.0370 0.0203 0.1303 
      MAXINE 0.2831 0.1529 0.0168 0.0996 0.4288 0.0189 
      MEGARA 0.0107 0.3031 0.4968 0.0312 0.0777 0.0805 
      MELODY 0.0214 0.1796 0.3854 0.1591 0.0867 0.1677 
       MIDAS 0.0043 0.1648 0.2028 0.0055 0.4653 0.1573 
       MILVA 0.0318 0.3575 0.3573 0.0389 0.0186 0.1959 
        MIMI 0.0065 0.0902 0.2657 0.2029 0.3112 0.1235 
        MIRA 0.0823 0.0082 0.5569 0.1157 0.0073 0.2296 
       MOIRA 0.1258 0.2533 0.2564 0.1714 0.0622 0.1310 
    MONTROSE 0.0044 0.0979 0.0049 0.0673 0.5389 0.2866 
       MORAG 0.1781 0.1323 0.0104 0.3321 0.1648 0.1823 
      MORENE 0.1347 0.0102 0.5490 0.1409 0.0032 0.1620 
      MOZART 0.0441 0.4692 0.3435 0.0222 0.1186 0.0025 
 MYATT'S_ASH 0.0927 0.0040 0.1681 0.0106 0.0027 0.7219 
      NADINE 0.0756 0.2879 0.0658 0.0979 0.4635 0.0093 
       NAVAN 0.0890 0.0493 0.0250 0.0694 0.6820 0.0852 
 NDTX_4271_5 0.2581 0.4800 0.0041 0.0112 0.2362 0.0104 
      NICOLA 0.0269 0.4396 0.3547 0.0043 0.0034 0.1711 
     NOVELLA 0.1062 0.2545 0.3565 0.2086 0.0488 0.0255 
     OLYMPUS 0.1394 0.2791 0.0054 0.1281 0.3346 0.1133 
       OPERA 0.0956 0.2535 0.3598 0.1253 0.1538 0.0119 
   ORCHESTRA 0.0173 0.3599 0.3640 0.0270 0.1477 0.0841 
      ORIANA 0.1980 0.1553 0.4018 0.1743 0.0037 0.0670 
     OTHELLO 0.1139 0.1862 0.0047 0.5276 0.1603 0.0073 
     PALADIN 0.0630 0.0044 0.0429 0.0074 0.6368 0.2455 
       PANDA 0.0078 0.5610 0.2693 0.0194 0.1119 0.0306 
   PARAMOUNT 0.0365 0.2409 0.1675 0.4841 0.0181 0.0528 
    PATRONES 0.2221 0.1499 0.3308 0.0370 0.0730 0.1872 
 PENTLAND_AC 0.1865 0.1948 0.1301 0.1882 0.1581 0.1423 
 PENTLAND_BE 0.2950 0.0067 0.0849 0.1913 0.0119 0.4102 
 PENTLAND_CR 0.1712 0.0971 0.2380 0.2409 0.1576 0.0952 
 PENTLAND_DE 0.2592 0.1836 0.0084 0.2598 0.0702 0.2188 
 PENTLAND_IV 0.3248 0.3369 0.0036 0.1838 0.1206 0.0302 
 PENTLAND_JA 0.4346 0.0926 0.1813 0.1159 0.1111 0.0645 
 PENTLAND_MA 0.1266 0.1293 0.3075 0.3361 0.0074 0.0931 
 PENTLAND_SQ 0.2242 0.1936 0.0803 0.2103 0.1240 0.1675 
   PEPO_1978 0.0392 0.3545 0.3469 0.0135 0.1040 0.1420 
     PICASSO 0.0391 0.0425 0.2681 0.4971 0.1496 0.0037 
   PIMPERNEL 0.0043 0.1715 0.4253 0.1476 0.0407 0.2107 
     PIONEER 0.0174 0.6224 0.1663 0.0056 0.0222 0.1661 
       PIXIE 0.0215 0.2547 0.0427 0.2897 0.3850 0.0064 
    PREMIERE 0.1715 0.0045 0.4717 0.0588 0.0485 0.2451 
   PRODUCENT 0.0640 0.1627 0.4241 0.0091 0.2305 0.1096 
     PROVOST 0.2837 0.1798 0.1457 0.2122 0.0564 0.1222 
  R.P.LUSTRE 0.1848 0.3355 0.0114 0.0306 0.2102 0.2274 
 RANGER_RUSS 0.5387 0.0200 0.1547 0.0825 0.0029 0.2012 
       RATTE 0.0421 0.2788 0.0142 0.0119 0.1550 0.4980 
      RECORD 0.0112 0.0072 0.5669 0.1177 0.0045 0.2926 
   REMBRANDT 0.1782 0.1254 0.4276 0.0114 0.1341 0.1233 
    RIO_ROJO 0.3233 0.3234 0.0602 0.1473 0.0985 0.0472 
      ROBIJN 0.0223 0.0453 0.5291 0.0832 0.0037 0.3164 
      ROCKET 0.1247 0.0590 0.0149 0.0918 0.5086 0.2010 
   RODE_STAR 0.0017 0.2261 0.3333 0.0178 0.0091 0.4120 
      ROMANO 0.0140 0.2824 0.3142 0.3416 0.0327 0.0150 
       ROMEO 0.0599 0.3954 0.0065 0.3084 0.0431 0.1867 
     ROOSTER 0.1517 0.2039 0.1306 0.2923 0.1026 0.1189 
       ROYAL 0.0053 0.2786 0.2373 0.0170 0.3266 0.1352 
 ROYAL_KIDNE 0.5262 0.0042 0.0409 0.0509 0.0034 0.3743 
     RUBESSE 0.1713 0.3758 0.2211 0.1237 0.0438 0.0643 
 RUSSET_BURB 0.5454 0.1666 0.1009 0.0416 0.0348 0.1108 
 RUSSET_NORK 0.5565 0.3306 0.0042 0.0048 0.0726 0.0313 
      SAFARI 0.0555 0.1947 0.4265 0.2599 0.0503 0.0131 
     SANTANA 0.2051 0.1033 0.3974 0.0504 0.1606 0.0832 
       SANTE 0.0129 0.1679 0.4242 0.1195 0.1724 0.1030 
     SAPHIRE 0.2677 0.1114 0.4216 0.0581 0.1365 0.0047 
  SARPO_MIRA 0.0103 0.4131 0.2527 0.0954 0.0495 0.1789 
 SARPO_SHONA 0.0082 0.3930 0.3349 0.1113 0.0497 0.1028 
       SASSY 0.1478 0.1792 0.2865 0.0731 0.0893 0.2241 
     SATURNA 0.0050 0.2213 0.4537 0.0064 0.0210 0.2925 
        SAVA 0.1451 0.4034 0.2735 0.0116 0.1372 0.0291 
       SAXON 0.0216 0.1025 0.0446 0.1254 0.5486 0.1573 
 SCARBOROUGH 0.0095 0.1367 0.0047 0.0276 0.7304 0.0912 
 SEFTON_WOND 0.3216 0.0251 0.0069 0.0772 0.1567 0.4125 
    SERAFINA 0.0174 0.4905 0.2420 0.1049 0.0073 0.1380 
     SETANTA 0.0717 0.2852 0.0317 0.2574 0.3087 0.0454 
 SHARPE'S_EX 0.1215 0.1126 0.0740 0.0135 0.0827 0.5957 
     SHELAGH 0.0199 0.1206 0.1310 0.2937 0.1582 0.2766 
    SHELFORD 0.1013 0.2509 0.2845 0.1643 0.0141 0.1848 
     SHEPODY 0.4275 0.0031 0.2144 0.1937 0.0066 0.1546 
      SLANEY 0.0569 0.2281 0.0096 0.3966 0.2990 0.0097 
        SPEY 0.0194 0.1667 0.0413 0.4779 0.2910 0.0036 
      SPUNTA 0.0374 0.3995 0.0831 0.1461 0.1268 0.2070 
     STAMINA 0.0801 0.0120 0.0678 0.2114 0.6246 0.0041 
    STEMSTER 0.0272 0.1571 0.2279 0.0972 0.2892 0.2015 
 STORMONT_EN 0.1376 0.0650 0.2776 0.1616 0.1751 0.1832 
    STIRLING 0.1647 0.1906 0.0825 0.3594 0.1966 0.0062 
     SYLVANA 0.2358 0.2397 0.2697 0.0868 0.1225 0.0455 
         TAY 0.0174 0.2518 0.0079 0.2783 0.4328 0.0118 
      TIMATE 0.0449 0.3722 0.3921 0.0040 0.1363 0.0505 
      TOLUCA 0.0871 0.3759 0.3311 0.1663 0.0059 0.0338 
    TORRIDON 0.0615 0.1383 0.3188 0.3076 0.0648 0.1090 
 ULSTER_SCEP 0.3450 0.0370 0.0797 0.1401 0.3335 0.0647 
 UMATILLA_RU 0.0411 0.0401 0.1608 0.0582 0.2976 0.4022 
 VALES_EMERA 0.0483 0.4935 0.0285 0.0535 0.2630 0.1132 
 VALES_EVERE 0.0564 0.1380 0.0092 0.4014 0.2700 0.1250 
 VALES_RUSSE 0.4439 0.1877 0.0790 0.0159 0.0535 0.2201 
 VALES_SOVER 0.0098 0.0177 0.0434 0.5915 0.3331 0.0044 
       VALOR 0.0091 0.0761 0.0611 0.4662 0.3836 0.0040 
    VAN_GOGH 0.0573 0.1600 0.4803 0.0309 0.1133 0.1582 
     VANTAGE 0.2263 0.0059 0.3959 0.0680 0.0084 0.2955 
       VERDI 0.0243 0.2410 0.3620 0.0568 0.0946 0.2213 
    VICTORIA 0.2693 0.2053 0.4131 0.0241 0.0640 0.0242 
     VIVALDI 0.2431 0.1546 0.4393 0.1417 0.0044 0.0168 
       WILJA 0.1376 0.0019 0.5427 0.1292 0.0072 0.1815 
     WINSTON 0.0663 0.2687 0.0067 0.1943 0.4593 0.0049 
      XD2-21 0.2713 0.1584 0.0519 0.2439 0.1073 0.1672 
  YUKON_GOLD 0.2966 0.3570 0.0799 0.0104 0.2521 0.0040 
       ZORBA 0.2473 0.0154 0.4072 0.1726 0.0126 0.1449 
