  00C133-020 0.1880 0.0145 0.2302 0.1774 0.0066 0.3665 0.0109 0.0059 
 01C_071-002 0.0464 0.1581 0.2891 0.0022 0.0486 0.1690 0.1370 0.1496 
 02M_012-001 0.2288 0.0229 0.0497 0.0198 0.0035 0.4551 0.1411 0.0791 
 03M_016-002 0.0209 0.0041 0.0249 0.0041 0.2048 0.3698 0.3280 0.0434 
 03M_034-002 0.3162 0.0711 0.0805 0.0209 0.0071 0.3365 0.1658 0.0019 
 04C_055-004 0.0477 0.0251 0.0122 0.1735 0.0316 0.4220 0.0613 0.2266 
 04C_126-005 0.2119 0.1151 0.2953 0.0739 0.0138 0.1889 0.0918 0.0094 
 04M_034-013 0.1342 0.0400 0.0061 0.0306 0.1323 0.3940 0.2072 0.0556 
 05M_002-001 0.0614 0.2516 0.0622 0.0079 0.1820 0.1256 0.0915 0.2176 
 05M_004-003 0.1525 0.3082 0.1804 0.0236 0.1110 0.1185 0.0047 0.1009 
 05M_012-004 0.2194 0.2556 0.1102 0.1249 0.1847 0.0694 0.0299 0.0059 
 06C_127-002 0.3784 0.0063 0.0663 0.1292 0.1023 0.1012 0.0176 0.1988 
 12288_AF_23 0.1019 0.0569 0.0501 0.3984 0.0249 0.3172 0.0078 0.0427 
    12601AB1 0.4272 0.0044 0.0048 0.0021 0.0026 0.1610 0.3954 0.0025 
   12636_A_2 0.3109 0.0069 0.0700 0.0926 0.0388 0.3150 0.1635 0.0023 
  15119_AC_5 0.0023 0.0098 0.5170 0.0102 0.0117 0.2744 0.1733 0.0013 
     1512C16 0.0755 0.0932 0.0916 0.1855 0.2763 0.0044 0.2452 0.0283 
   15144_A_3 0.0061 0.0060 0.5981 0.1409 0.0037 0.0061 0.0482 0.1911 
     1563C14 0.0048 0.1722 0.0277 0.1226 0.0368 0.0123 0.4508 0.1727 
     2182EF7 0.2254 0.0748 0.3036 0.0262 0.3029 0.0115 0.0374 0.0182 
     3681AD1 0.1293 0.3462 0.2990 0.0094 0.1010 0.0297 0.0482 0.0373 
     5008AB6 0.2185 0.2568 0.2416 0.0267 0.0166 0.0044 0.1068 0.1287 
    8204_A_4 0.2912 0.0720 0.2701 0.1383 0.1472 0.0187 0.0212 0.0414 
       AGRIA 0.0807 0.3428 0.0051 0.0030 0.1503 0.0284 0.0200 0.3698 
       AILSA 0.2230 0.0031 0.0087 0.0694 0.0409 0.4187 0.0804 0.1558 
      ALMERA 0.0046 0.3144 0.0518 0.0086 0.2458 0.0978 0.0084 0.2686 
       ALPHA 0.0173 0.4224 0.0140 0.1517 0.0718 0.0272 0.2424 0.0532 
      ALWARA 0.0070 0.2729 0.2304 0.1854 0.0160 0.0240 0.0499 0.2144 
      AMADRA 0.0940 0.2807 0.0128 0.0786 0.0261 0.1489 0.1538 0.2051 
       AMOUR 0.1177 0.0098 0.4329 0.0738 0.0162 0.3074 0.0259 0.0163 
        ANNA 0.0671 0.0110 0.7143 0.0069 0.0657 0.0064 0.1267 0.0019 
   ANNABELLE 0.0461 0.3768 0.0327 0.0074 0.1313 0.0094 0.0206 0.3758 
        ANYA 0.1084 0.0824 0.0257 0.1638 0.0719 0.0056 0.2152 0.3271 
       ARGOS 0.0034 0.0412 0.4510 0.1895 0.0463 0.2295 0.0054 0.0337 
     ARIELLE 0.0033 0.2670 0.0851 0.0570 0.1451 0.0325 0.0876 0.3223 
      ARKULA 0.0208 0.4705 0.0264 0.1830 0.0901 0.0074 0.1323 0.0695 
      ARMADA 0.0078 0.3794 0.0261 0.1350 0.1091 0.1222 0.1191 0.1012 
   AVALANCHE 0.0215 0.2132 0.0917 0.0367 0.1638 0.4444 0.0069 0.0217 
     BAILLIE 0.0753 0.1161 0.1252 0.0726 0.0795 0.4448 0.0068 0.0797 
    BALMORAL 0.0230 0.1960 0.4422 0.0179 0.2639 0.0265 0.0255 0.0049 
     BAMBINO 0.1140 0.0464 0.1994 0.1336 0.0151 0.4182 0.0123 0.0611 
       BARNA 0.0163 0.1070 0.3271 0.2982 0.0172 0.0302 0.0776 0.1263 
 BELLE_DE_FO 0.0021 0.0141 0.0513 0.0343 0.0442 0.0030 0.8451 0.0060 
       BENOL 0.3700 0.0400 0.0134 0.0020 0.0140 0.3984 0.1378 0.0245 
       BF_15 0.0037 0.1395 0.0562 0.0112 0.0149 0.0032 0.6988 0.0725 
      BINTJE 0.0106 0.2136 0.0507 0.1092 0.1752 0.0755 0.3170 0.0483 
 BIONICA_EX_ 0.2803 0.2870 0.1316 0.0087 0.1220 0.0193 0.1188 0.0323 
 BLUE_DANUBE 0.0046 0.4961 0.1557 0.0053 0.1666 0.0287 0.1342 0.0088 
      BONNIE 0.1405 0.2011 0.1342 0.2020 0.0728 0.1426 0.0190 0.0878 
      BOUNTY 0.1180 0.0955 0.1889 0.1914 0.0127 0.3606 0.0116 0.0214 
 BRITISH_QUE 0.0015 0.1093 0.0453 0.0040 0.4239 0.0523 0.3603 0.0035 
     BRODICK 0.5956 0.0307 0.0322 0.0164 0.0278 0.2254 0.0086 0.0634 
      BRODIE 0.0740 0.0059 0.4094 0.2406 0.1487 0.0083 0.1087 0.0044 
      BUCHAN 0.0884 0.0033 0.3612 0.2690 0.0907 0.0360 0.0769 0.0745 
      BURREN 0.0539 0.0792 0.4650 0.0825 0.0176 0.0325 0.1230 0.1462 
     CABARET 0.1186 0.0060 0.0197 0.1182 0.0358 0.4663 0.2314 0.0039 
      CAESAR 0.1162 0.3607 0.0439 0.1398 0.0885 0.0062 0.0025 0.2422 
        CARA 0.0418 0.0090 0.6663 0.1625 0.0076 0.0509 0.0557 0.0061 
 CARLINGFORD 0.1171 0.0393 0.1106 0.2378 0.3131 0.0517 0.0173 0.1130 
  CASABLANCA 0.1001 0.1966 0.2819 0.0050 0.1399 0.2699 0.0020 0.0045 
      CELINE 0.0738 0.4508 0.0789 0.2721 0.0186 0.0248 0.0758 0.0051 
  CHALLENGER 0.0849 0.2523 0.0030 0.0737 0.1780 0.1395 0.0892 0.1795 
   CHARLOTTE 0.2287 0.0129 0.0105 0.1211 0.0051 0.0091 0.1407 0.4720 
     CHICAGO 0.1135 0.1724 0.0231 0.0074 0.0059 0.4502 0.0363 0.1912 
   CHIEFTAIN 0.1021 0.0055 0.0146 0.2659 0.3167 0.0047 0.1045 0.1860 
      CHOPIN 0.0823 0.3803 0.0297 0.0476 0.2610 0.0119 0.0239 0.1633 
      CLARET 0.0123 0.0088 0.5701 0.1886 0.0221 0.0631 0.0544 0.0806 
      CORINE 0.1488 0.2639 0.2005 0.0039 0.1755 0.1400 0.0616 0.0058 
      COSMOS 0.0268 0.4532 0.0125 0.0585 0.2247 0.1198 0.0406 0.0641 
     COURAGE 0.0545 0.3692 0.0260 0.2407 0.1194 0.0248 0.1106 0.0548 
     COURLAN 0.0820 0.0308 0.1395 0.1174 0.2405 0.0453 0.0804 0.2640 
 CRAIGS_ROYA 0.0292 0.0044 0.2786 0.2911 0.1584 0.1432 0.0861 0.0090 
 CRAIGS_SNOW 0.0048 0.0176 0.0473 0.1230 0.2931 0.1738 0.2866 0.0538 
     CRAMOND 0.3671 0.1410 0.0361 0.0611 0.0845 0.3003 0.0047 0.0053 
 CRISPS_FOR_ 0.0433 0.2915 0.0103 0.2515 0.0934 0.0423 0.0731 0.1946 
    CROMWELL 0.0092 0.0130 0.0625 0.0238 0.0029 0.6382 0.1915 0.0589 
       D22/1 0.0030 0.0189 0.0487 0.1219 0.0965 0.5691 0.1377 0.0042 
       D23/3 0.0097 0.0099 0.0092 0.1185 0.1423 0.3812 0.2708 0.0584 
      D47-11 0.0268 0.0236 0.0130 0.0056 0.0104 0.7200 0.1924 0.0081 
       D49/1 0.0577 0.0142 0.0022 0.0227 0.0048 0.7366 0.1165 0.0453 
       DAISY 0.1254 0.1381 0.0051 0.0543 0.0106 0.3964 0.1801 0.0901 
 DARK_RED_NO 0.0263 0.0103 0.1669 0.0276 0.4150 0.0279 0.0984 0.2276 
     DARWINA 0.0048 0.3819 0.0100 0.0780 0.1759 0.1184 0.0952 0.1358 
     DESIREE 0.0027 0.1959 0.1013 0.3060 0.0221 0.0025 0.1602 0.2093 
       DITTA 0.0046 0.2532 0.0281 0.0078 0.2095 0.0245 0.1291 0.3432 
 DR._MCINTOS 0.0985 0.0791 0.0285 0.2324 0.4917 0.0274 0.0346 0.0079 
       DRAGA 0.1230 0.2481 0.1101 0.0082 0.3422 0.1020 0.0044 0.0620 
 DUKE_OF_YOR 0.0033 0.2105 0.0084 0.0021 0.4189 0.0036 0.3480 0.0052 
 DUNBAR_STAN 0.0057 0.0061 0.0263 0.1477 0.4021 0.1516 0.2498 0.0106 
     DUNDROD 0.0798 0.0047 0.0749 0.0704 0.0554 0.4303 0.1319 0.1527 
     ECLIPSE 0.0397 0.0034 0.0018 0.1203 0.2783 0.0120 0.4016 0.1429 
        EDEN 0.2461 0.0048 0.0042 0.0145 0.0067 0.5599 0.1595 0.0044 
 EDZELL_BLUE 0.0852 0.1921 0.0943 0.1047 0.1240 0.0176 0.3277 0.0544 
   ELISABETH 0.1044 0.2457 0.0040 0.2499 0.0474 0.0487 0.0089 0.2910 
     EMPEROR 0.1348 0.0939 0.0093 0.0686 0.3171 0.1329 0.0106 0.2328 
         EOS 0.1105 0.1276 0.0070 0.2392 0.1270 0.1594 0.0183 0.2110 
     EPICURE 0.0350 0.0686 0.0046 0.1928 0.2760 0.0040 0.3759 0.0429 
  ERNTESTOLZ 0.0402 0.2054 0.0907 0.0062 0.2211 0.0251 0.2312 0.1801 
      ESCORT 0.1445 0.3791 0.0247 0.1653 0.0091 0.0545 0.0147 0.2081 
   ESMERALDA 0.1040 0.3327 0.0145 0.2277 0.0088 0.0554 0.1646 0.0924 
      ESTIMA 0.0371 0.3076 0.0035 0.1370 0.2101 0.0943 0.0667 0.1437 
 EVE_BALFOUR 0.2373 0.0142 0.3630 0.0363 0.0865 0.0442 0.2122 0.0063 
   EXCALIBUR 0.2068 0.0189 0.3418 0.0866 0.0032 0.3246 0.0028 0.0153 
     EXQUISA 0.0094 0.2736 0.1375 0.0426 0.0058 0.0041 0.1720 0.3550 
    FESTIVAL 0.0927 0.4016 0.0075 0.1497 0.0519 0.0708 0.0065 0.2194 
      FIANNA 0.0600 0.3294 0.1916 0.0460 0.2591 0.0233 0.0066 0.0839 
   FIFTYFOLD 0.0233 0.0213 0.0333 0.1368 0.1050 0.0528 0.5528 0.0747 
     FONTANE 0.0464 0.3113 0.0051 0.0381 0.1673 0.1705 0.0148 0.2466 
   FORTYFOLD 0.0073 0.2285 0.0241 0.0027 0.1895 0.0033 0.5401 0.0044 
 FRONTIER_RU 0.0377 0.0123 0.0083 0.0958 0.4271 0.0634 0.1449 0.2105 
     G.81071 0.2298 0.1457 0.1183 0.1448 0.2057 0.0530 0.0734 0.0293 
     G.88661 0.1447 0.1255 0.0106 0.1809 0.3237 0.1329 0.0042 0.0775 
    G.886611 0.1800 0.0214 0.0077 0.2876 0.2635 0.1021 0.0030 0.1347 
  G.8867Y%12 0.0923 0.0568 0.0865 0.2252 0.3571 0.0168 0.0038 0.1615 
     G.88839 0.0714 0.3870 0.0076 0.0445 0.0069 0.0038 0.0192 0.4597 
     G.88842 0.0733 0.3517 0.1459 0.0102 0.1638 0.0062 0.0072 0.2417 
   GALACTICA 0.0020 0.2732 0.4275 0.0022 0.1184 0.0143 0.1486 0.0138 
      GEMSON 0.0392 0.0111 0.2116 0.1941 0.2557 0.0916 0.1485 0.0482 
  GL.76B/102 0.0179 0.0984 0.0096 0.0035 0.1416 0.1736 0.3140 0.2415 
   GL.76B/94 0.0050 0.2385 0.1799 0.0016 0.0192 0.0033 0.5159 0.0366 
  GL.77M/106 0.3105 0.0047 0.1850 0.1143 0.0130 0.0772 0.1771 0.1183 
   GL.78/166 0.0026 0.1243 0.0542 0.0029 0.1157 0.0917 0.5696 0.0389 
    GL.78/53 0.1521 0.0050 0.0134 0.0130 0.0052 0.1398 0.5134 0.1581 
    GL.78/97 0.0689 0.0694 0.0456 0.0069 0.0222 0.0945 0.5592 0.1333 
    GL.79/42 0.0630 0.0511 0.0035 0.1362 0.0023 0.0806 0.5308 0.1325 
    GL.79/45 0.0699 0.0435 0.0609 0.1015 0.0034 0.0348 0.5661 0.1199 
 GL.81_NT_25 0.0086 0.0209 0.0737 0.0028 0.0069 0.5649 0.3131 0.0089 
   GLADIATOR 0.0392 0.2160 0.0981 0.2168 0.1470 0.0614 0.0086 0.2130 
      GLAMIS 0.0529 0.0739 0.0092 0.1701 0.1290 0.3985 0.0115 0.1550 
 GOLDEN_MILL 0.5208 0.0411 0.1002 0.0200 0.0099 0.2325 0.0633 0.0122 
 GOLDEN_NUGG 0.0986 0.4296 0.0259 0.4119 0.0060 0.0085 0.0137 0.0059 
 GOLDEN_WOND 0.0386 0.1228 0.0109 0.1177 0.0785 0.0159 0.5768 0.0389 
     GRANOLA 0.2169 0.1252 0.0423 0.0375 0.0102 0.0166 0.1114 0.4399 
    H1H3_101 0.0044 0.0032 0.0077 0.0014 0.0064 0.7103 0.2626 0.0038 
      H1H3_3 0.1735 0.0650 0.0088 0.1291 0.1275 0.3510 0.1397 0.0053 
 HARBOROUGH_ 0.5631 0.0095 0.0048 0.0049 0.0196 0.3904 0.0032 0.0044 
   HARLEQUIN 0.1554 0.0162 0.0320 0.1660 0.0074 0.0346 0.1765 0.4119 
      HERMES 0.0036 0.1951 0.2428 0.0051 0.0556 0.0766 0.1059 0.3152 
 HIGHLAND_BU 0.0861 0.1104 0.0040 0.0027 0.0154 0.0057 0.7736 0.0021 
  HOME_GUARD 0.1059 0.0196 0.0732 0.2001 0.2554 0.0990 0.2205 0.0263 
     HORIZON 0.0077 0.4442 0.0539 0.1029 0.0198 0.1006 0.2268 0.0442 
   INNOVATOR 0.0099 0.2585 0.0997 0.0027 0.4824 0.0074 0.1367 0.0027 
 INTERNATION 0.0046 0.0415 0.0122 0.0021 0.0747 0.0076 0.8532 0.0042 
 ISLE_OF_JUR 0.0771 0.0334 0.1799 0.0144 0.0688 0.4095 0.1000 0.1170 
    JULIETTE 0.1330 0.1781 0.0287 0.0082 0.0108 0.0082 0.0536 0.5795 
     KARLENA 0.0057 0.2075 0.2753 0.0023 0.2605 0.0543 0.1740 0.0203 
 KERR'S_PINK 0.0323 0.0054 0.0393 0.1140 0.3056 0.0502 0.4417 0.0116 
     KESTREL 0.0299 0.0033 0.3030 0.3282 0.0084 0.2675 0.0045 0.0552 
       KIFLI 0.1554 0.1174 0.0110 0.0402 0.0121 0.0431 0.1757 0.4450 
 KING_EDWARD 0.0173 0.0045 0.0020 0.0808 0.0855 0.0304 0.7257 0.0538 
    KINGSTON 0.2710 0.1061 0.0801 0.0243 0.0050 0.3460 0.1563 0.0113 
 KUFRI_CHAND 0.0096 0.0848 0.0607 0.0927 0.3783 0.1107 0.1546 0.1087 
 KUFRI_JYOTI 0.1995 0.2047 0.3066 0.0237 0.0958 0.0047 0.1215 0.0435 
      KURODA 0.0067 0.4159 0.1538 0.0057 0.2119 0.0444 0.0087 0.1530 
 LADY_BALFOU 0.0803 0.0343 0.3478 0.1201 0.1333 0.1387 0.1378 0.0076 
 LADY_CHRIST 0.0700 0.4406 0.0183 0.0947 0.0527 0.0285 0.2806 0.0145 
 LADY_CLAIRE 0.0048 0.6317 0.0168 0.0012 0.0638 0.0221 0.1818 0.0778 
     LADY_JO 0.0031 0.5708 0.0062 0.0037 0.1030 0.0405 0.2710 0.0018 
 LADY_ROSETT 0.0380 0.3874 0.0068 0.2922 0.0512 0.0691 0.1437 0.0116 
    LIBERTAS 0.0026 0.5675 0.1096 0.0117 0.0041 0.0085 0.2945 0.0015 
       LINDA 0.0220 0.0735 0.1056 0.0049 0.0146 0.0041 0.2242 0.5511 
      LINTON 0.0059 0.1298 0.1557 0.0580 0.1697 0.1803 0.0262 0.2743 
 LINZER_DELI 0.0828 0.2192 0.0051 0.1666 0.0174 0.0042 0.2027 0.3021 
   LIONHEART 0.0918 0.4504 0.0745 0.0600 0.2164 0.0278 0.0196 0.0597 
   MADELEINE 0.1091 0.3635 0.0182 0.1212 0.0108 0.0207 0.0756 0.2808 
   MADINGLEY 0.0264 0.1365 0.2135 0.0265 0.0809 0.1329 0.0379 0.3452 
    MAJESTIC 0.1003 0.0527 0.0853 0.1330 0.5197 0.0088 0.0511 0.0491 
     MARABEL 0.0374 0.4386 0.0395 0.0361 0.1308 0.0111 0.0060 0.3006 
     MARFONA 0.0072 0.4626 0.0367 0.0926 0.1653 0.0935 0.1358 0.0063 
     MARILYN 0.0935 0.2507 0.1410 0.0341 0.0664 0.0065 0.0866 0.3211 
 MARIS_ANCHO 0.0506 0.2661 0.0129 0.0876 0.2341 0.0449 0.1720 0.1317 
  MARIS_BARD 0.0393 0.2449 0.0792 0.0137 0.2719 0.2601 0.0896 0.0014 
  MARIS_PEER 0.0272 0.0054 0.1602 0.1231 0.3141 0.1512 0.1317 0.0871 
 MARIS_PIPER 0.0525 0.0076 0.0049 0.0055 0.0036 0.8062 0.0829 0.0369 
     MARKIES 0.0160 0.4245 0.0503 0.0679 0.0318 0.0160 0.1280 0.2654 
      MAXINE 0.0232 0.0084 0.0240 0.2730 0.2250 0.3794 0.0085 0.0586 
      MEGARA 0.0562 0.4388 0.0506 0.0289 0.0141 0.0486 0.0737 0.2891 
      MELODY 0.0575 0.3436 0.1712 0.0206 0.0259 0.0552 0.1578 0.1682 
       MIDAS 0.0222 0.1323 0.0075 0.0277 0.0031 0.4845 0.0935 0.2292 
       MILVA 0.0957 0.3137 0.0486 0.0097 0.0548 0.0073 0.1793 0.2910 
        MIMI 0.1204 0.2947 0.0166 0.2865 0.0036 0.1969 0.0770 0.0044 
        MIRA 0.0088 0.5818 0.0677 0.0085 0.1001 0.0151 0.2113 0.0068 
       MOIRA 0.0589 0.2290 0.1797 0.0150 0.1540 0.0393 0.1181 0.2060 
    MONTROSE 0.4456 0.0034 0.0088 0.0032 0.0029 0.3274 0.2036 0.0051 
       MORAG 0.2575 0.0314 0.1395 0.2021 0.1589 0.0323 0.1743 0.0041 
      MORENE 0.0055 0.5676 0.1040 0.0079 0.1426 0.0036 0.1613 0.0074 
      MOZART 0.2191 0.3389 0.0087 0.1103 0.0397 0.0039 0.0018 0.2775 
 MYATT'S_ASH 0.0023 0.1281 0.0204 0.0017 0.1119 0.0043 0.7189 0.0125 
      NADINE 0.1325 0.0591 0.0132 0.3049 0.0156 0.3408 0.0065 0.1274 
       NAVAN 0.0711 0.0161 0.0212 0.1449 0.0494 0.6464 0.0180 0.0329 
 NDTX_4271_5 0.1255 0.0035 0.0038 0.3142 0.2160 0.0891 0.0136 0.2343 
      NICOLA 0.0042 0.2319 0.0134 0.0037 0.0793 0.0046 0.1720 0.4910 
     NOVELLA 0.0468 0.3746 0.1122 0.1559 0.1161 0.0161 0.0297 0.1486 
     OLYMPUS 0.3672 0.0074 0.0296 0.1481 0.1360 0.1354 0.1121 0.0642 
       OPERA 0.1257 0.3283 0.1025 0.1087 0.0943 0.0491 0.0132 0.1782 
   ORCHESTRA 0.0767 0.3074 0.0203 0.1002 0.0170 0.0903 0.0720 0.3161 
      ORIANA 0.0036 0.3753 0.1816 0.0065 0.2277 0.0043 0.0612 0.1399 
     OTHELLO 0.0229 0.0029 0.4852 0.2473 0.0893 0.0839 0.0098 0.0587 
     PALADIN 0.1177 0.0209 0.0064 0.0051 0.0445 0.6319 0.1693 0.0043 
       PANDA 0.0646 0.1798 0.0685 0.0937 0.0073 0.0541 0.0269 0.5051 
   PARAMOUNT 0.0508 0.2123 0.3272 0.2731 0.0137 0.0040 0.0772 0.0417 
    PATRONES 0.0086 0.2889 0.0406 0.0479 0.2125 0.0761 0.1820 0.1434 
 PENTLAND_AC 0.0192 0.1572 0.0782 0.2587 0.1497 0.1247 0.1504 0.0619 
 PENTLAND_BE 0.0029 0.0838 0.1480 0.0477 0.2674 0.0369 0.4101 0.0031 
 PENTLAND_CR 0.3153 0.2588 0.1444 0.0047 0.1928 0.0097 0.0688 0.0055 
 PENTLAND_DE 0.2232 0.0275 0.1171 0.1477 0.2406 0.0052 0.2310 0.0076 
 PENTLAND_IV 0.1519 0.0039 0.0584 0.2841 0.3101 0.0097 0.0671 0.1147 
 PENTLAND_JA 0.1697 0.1719 0.0979 0.0118 0.4408 0.0227 0.0752 0.0099 
 PENTLAND_MA 0.0765 0.3038 0.2841 0.0049 0.1713 0.0050 0.0872 0.0672 
 PENTLAND_SQ 0.3109 0.1073 0.1125 0.0372 0.2364 0.0053 0.1705 0.0200 
   PEPO_1978 0.0361 0.2441 0.0729 0.0028 0.0698 0.0963 0.1077 0.3702 
     PICASSO 0.0055 0.1919 0.5409 0.0463 0.0365 0.1215 0.0028 0.0546 
   PIMPERNEL 0.0853 0.4403 0.1044 0.0620 0.0030 0.0102 0.2009 0.0939 
     PIONEER 0.1546 0.0379 0.0122 0.0045 0.0450 0.0047 0.1733 0.5678 
       PIXIE 0.1795 0.0700 0.1634 0.3262 0.0066 0.1999 0.0048 0.0496 
    PREMIERE 0.0073 0.4927 0.0179 0.0042 0.1745 0.0785 0.2222 0.0027 
   PRODUCENT 0.0618 0.4014 0.0044 0.1134 0.0397 0.1690 0.0934 0.1170 
     PROVOST 0.1466 0.1350 0.1884 0.0336 0.2921 0.0085 0.1338 0.0621 
  R.P.LUSTRE 0.1306 0.0088 0.0147 0.1505 0.1607 0.1185 0.2325 0.1836 
 RANGER_RUSS 0.0018 0.0678 0.1370 0.0038 0.5262 0.0034 0.2178 0.0421 
       RATTE 0.2287 0.0139 0.0036 0.1364 0.0116 0.0214 0.4923 0.0921 
      RECORD 0.0026 0.6056 0.0546 0.0360 0.0063 0.0070 0.2840 0.0040 
   REMBRANDT 0.0947 0.3697 0.0123 0.0090 0.1893 0.0775 0.1136 0.1339 
    RIO_ROJO 0.0877 0.0512 0.1037 0.2131 0.2955 0.0164 0.0748 0.1576 
      ROBIJN 0.0045 0.5371 0.0794 0.0048 0.0222 0.0047 0.3046 0.0426 
      ROCKET 0.1278 0.0233 0.0135 0.1648 0.0807 0.4403 0.1445 0.0050 
   RODE_STAR 0.0068 0.3422 0.0067 0.1010 0.0012 0.0056 0.3960 0.1404 
      ROMANO 0.0819 0.3714 0.1890 0.2364 0.0069 0.0055 0.0181 0.0908 
       ROMEO 0.1328 0.0073 0.1984 0.2466 0.0255 0.0045 0.2076 0.1774 
     ROOSTER 0.2993 0.1679 0.1798 0.0408 0.1666 0.0056 0.1103 0.0298 
       ROYAL 0.0174 0.1295 0.0730 0.0269 0.0045 0.3353 0.0858 0.3276 
 ROYAL_KIDNE 0.0053 0.0541 0.0197 0.0289 0.4915 0.0039 0.3945 0.0021 
     RUBESSE 0.0955 0.2023 0.0597 0.1781 0.1505 0.0067 0.0746 0.2327 
 RUSSET_BURB 0.0206 0.0809 0.0180 0.1309 0.5217 0.0088 0.1418 0.0772 
 RUSSET_NORK 0.0208 0.0022 0.0057 0.1438 0.5364 0.0147 0.0557 0.2207 
      SAFARI 0.1170 0.4809 0.1100 0.1803 0.0588 0.0079 0.0092 0.0359 
     SANTANA 0.0164 0.3555 0.0523 0.0878 0.1911 0.1207 0.0876 0.0887 
       SANTE 0.1206 0.4776 0.0080 0.2436 0.0056 0.0362 0.0953 0.0131 
     SAPHIRE 0.1263 0.4139 0.0365 0.0681 0.2755 0.0281 0.0043 0.0472 
  SARPO_MIRA 0.0039 0.1999 0.0257 0.2590 0.0046 0.0269 0.1793 0.3006 
 SARPO_SHONA 0.0113 0.3049 0.0464 0.2238 0.0054 0.0185 0.1034 0.2864 
       SASSY 0.0293 0.2861 0.0345 0.1034 0.1301 0.0797 0.2238 0.1130 
     SATURNA 0.0056 0.4143 0.0116 0.0090 0.0047 0.0489 0.2733 0.2325 
        SAVA 0.0128 0.2080 0.0068 0.1761 0.1292 0.0989 0.0286 0.3396 
       SAXON 0.2425 0.0517 0.0650 0.0405 0.0185 0.4564 0.0979 0.0274 
 SCARBOROUGH 0.4658 0.0038 0.0028 0.0198 0.0060 0.4745 0.0191 0.0083 
 SEFTON_WOND 0.0941 0.0073 0.0189 0.1080 0.2770 0.0722 0.4201 0.0025 
    SERAFINA 0.1106 0.2325 0.0507 0.1364 0.0119 0.0027 0.1373 0.3178 
     SETANTA 0.5122 0.1171 0.1349 0.0609 0.0819 0.0298 0.0371 0.0260 
 SHARPE'S_EX 0.0057 0.0491 0.0118 0.0893 0.0653 0.0958 0.6001 0.0828 
     SHELAGH 0.1005 0.1380 0.2552 0.0729 0.0168 0.1148 0.2644 0.0374 
    SHELFORD 0.0021 0.1501 0.2430 0.0177 0.0776 0.0377 0.1765 0.2953 
     SHEPODY 0.0032 0.1994 0.2019 0.0025 0.4243 0.0077 0.1591 0.0019 
      SLANEY 0.1015 0.0072 0.3380 0.2047 0.0303 0.2027 0.0060 0.1097 
        SPEY 0.1108 0.0331 0.3916 0.2315 0.0113 0.1854 0.0027 0.0336 
      SPUNTA 0.1207 0.0551 0.1300 0.1499 0.0251 0.0343 0.2192 0.2656 
     STAMINA 0.0148 0.0157 0.1479 0.1761 0.0326 0.6018 0.0020 0.0091 
    STEMSTER 0.0125 0.1923 0.0705 0.0951 0.0221 0.3114 0.1567 0.1395 
 STORMONT_EN 0.0072 0.2974 0.0963 0.1533 0.0954 0.1616 0.1770 0.0117 
    STIRLING 0.2804 0.0936 0.3043 0.0604 0.1984 0.0308 0.0075 0.0245 
     SYLVANA 0.0205 0.2446 0.0865 0.1086 0.2288 0.0877 0.0483 0.1750 
         TAY 0.4759 0.0175 0.2018 0.0755 0.0245 0.1704 0.0075 0.0270 
      TIMATE 0.0502 0.3308 0.0056 0.0637 0.0643 0.0974 0.0441 0.3439 
      TOLUCA 0.0234 0.2778 0.2098 0.0108 0.1198 0.0040 0.0308 0.3235 
    TORRIDON 0.1262 0.2997 0.2953 0.0063 0.0867 0.0155 0.0901 0.0802 
 ULSTER_SCEP 0.0731 0.1005 0.0174 0.1732 0.3230 0.2804 0.0286 0.0038 
 UMATILLA_RU 0.0996 0.1379 0.0339 0.0263 0.0355 0.2804 0.3566 0.0298 
 VALES_EMERA 0.2037 0.0116 0.0218 0.1560 0.0460 0.1307 0.0981 0.3321 
 VALES_EVERE 0.2947 0.0114 0.3005 0.1387 0.0469 0.0775 0.1250 0.0052 
 VALES_RUSSE 0.0892 0.0239 0.0375 0.0091 0.4532 0.0180 0.2282 0.1408 
 VALES_SOVER 0.0640 0.0076 0.6168 0.0149 0.0056 0.2733 0.0023 0.0155 
       VALOR 0.1551 0.0495 0.3308 0.2332 0.0038 0.2219 0.0019 0.0037 
    VAN_GOGH 0.0708 0.4887 0.0065 0.0594 0.0465 0.0790 0.1452 0.1038 
     VANTAGE 0.0026 0.3946 0.0342 0.0436 0.1904 0.0466 0.2832 0.0048 
       VERDI 0.0380 0.2736 0.1002 0.0052 0.0270 0.0915 0.1977 0.2666 
    VICTORIA 0.0766 0.3591 0.0338 0.0222 0.2824 0.0165 0.0279 0.1816 
     VIVALDI 0.0060 0.4265 0.1555 0.0039 0.2779 0.0026 0.0167 0.1108 
       WILJA 0.0017 0.5445 0.0991 0.0047 0.1409 0.0388 0.1685 0.0018 
     WINSTON 0.0967 0.0171 0.0417 0.4164 0.0163 0.3447 0.0035 0.0636 
      XD2-21 0.0730 0.1105 0.1042 0.2619 0.2232 0.0334 0.1868 0.0070 
  YUKON_GOLD 0.2229 0.0482 0.0087 0.1115 0.3042 0.0855 0.0043 0.2146 
       ZORBA 0.0222 0.3813 0.1522 0.0044 0.2735 0.0135 0.1354 0.0175 
