  00C133-020 0.0709 0.7444 0.1847 
 01C_071-002 0.2383 0.3228 0.4390 
 02M_012-001 0.2847 0.6234 0.0919 
 03M_016-002 0.5371 0.3951 0.0677 
 03M_034-002 0.2789 0.6384 0.0827 
 04C_055-004 0.1916 0.5166 0.2918 
 04C_126-005 0.1470 0.5275 0.3255 
 04M_034-013 0.3832 0.4865 0.1304 
 05M_002-001 0.2437 0.2151 0.5412 
 05M_004-003 0.0647 0.3636 0.5716 
 05M_012-004 0.1371 0.4039 0.4590 
 06C_127-002 0.1180 0.5107 0.3713 
 12288_AF_23 0.0706 0.6246 0.3048 
    12601AB1 0.5308 0.4575 0.0117 
   12636_A_2 0.2937 0.6522 0.0540 
  15119_AC_5 0.2710 0.5780 0.1509 
     1512C16 0.3439 0.2158 0.4403 
   15144_A_3 0.0376 0.3888 0.5736 
     1563C14 0.5329 0.0538 0.4132 
     2182EF7 0.1229 0.4007 0.4764 
     3681AD1 0.1280 0.2682 0.6037 
     5008AB6 0.1540 0.2516 0.5944 
    8204_A_4 0.0574 0.4774 0.4653 
       AGRIA 0.1831 0.0919 0.7250 
       AILSA 0.2526 0.6350 0.1124 
      ALMERA 0.1629 0.1470 0.6901 
       ALPHA 0.3402 0.1113 0.5485 
      ALWARA 0.1029 0.2091 0.6880 
      AMADRA 0.2590 0.2522 0.4888 
       AMOUR 0.0792 0.6889 0.2319 
        ANNA 0.1342 0.4865 0.3794 
   ANNABELLE 0.1442 0.0521 0.8037 
        ANYA 0.2686 0.1570 0.5744 
       ARGOS 0.0209 0.5678 0.4114 
     ARIELLE 0.2128 0.0980 0.6891 
      ARKULA 0.2174 0.1059 0.6767 
      ARMADA 0.2323 0.1999 0.5678 
   AVALANCHE 0.1647 0.5293 0.3061 
     BAILLIE 0.1131 0.5955 0.2914 
    BALMORAL 0.0696 0.3821 0.5483 
     BAMBINO 0.0936 0.6704 0.2359 
       BARNA 0.0766 0.3824 0.5410 
 BELLE_DE_FO 0.9177 0.0100 0.0723 
       BENOL 0.2950 0.6277 0.0773 
       BF_15 0.7642 0.0084 0.2274 
      BINTJE 0.4421 0.1553 0.4026 
 BIONICA_EX_ 0.2141 0.2830 0.5029 
 BLUE_DANUBE 0.2468 0.1256 0.6275 
      BONNIE 0.0985 0.4361 0.4654 
      BOUNTY 0.0812 0.6487 0.2701 
 BRITISH_QUE 0.5481 0.1232 0.3286 
     BRODICK 0.0863 0.6991 0.2146 
      BRODIE 0.1496 0.4717 0.3786 
      BUCHAN 0.1089 0.5082 0.3829 
      BURREN 0.1226 0.3703 0.5071 
     CABARET 0.3859 0.5901 0.0240 
      CAESAR 0.0191 0.1950 0.7859 
        CARA 0.0397 0.5584 0.4019 
 CARLINGFORD 0.1281 0.3752 0.4967 
  CASABLANCA 0.0224 0.5734 0.4043 
      CELINE 0.1441 0.2536 0.6023 
  CHALLENGER 0.2634 0.2400 0.4966 
   CHARLOTTE 0.2030 0.2352 0.5617 
     CHICAGO 0.1985 0.5155 0.2860 
   CHIEFTAIN 0.2360 0.2736 0.4904 
      CHOPIN 0.1604 0.1460 0.6936 
      CLARET 0.0390 0.4959 0.4652 
      CORINE 0.1909 0.3780 0.4311 
      COSMOS 0.2022 0.1916 0.6061 
     COURAGE 0.1952 0.2006 0.6043 
     COURLAN 0.1896 0.2906 0.5198 
 CRAIGS_ROYA 0.1454 0.5495 0.3051 
 CRAIGS_SNOW 0.4475 0.2859 0.2666 
     CRAMOND 0.0919 0.6456 0.2624 
 CRISPS_FOR_ 0.1653 0.2212 0.6135 
    CROMWELL 0.3549 0.6178 0.0274 
       D22/1 0.3250 0.6185 0.0564 
       D23/3 0.4361 0.4377 0.1262 
      D47-11 0.3781 0.6139 0.0079 
       D49/1 0.3214 0.6674 0.0112 
       DAISY 0.3346 0.4661 0.1994 
 DARK_RED_NO 0.2601 0.2342 0.5058 
     DARWINA 0.2606 0.1536 0.5858 
     DESIREE 0.2097 0.0993 0.6910 
       DITTA 0.2633 0.0571 0.6797 
 DR._MCINTOS 0.1810 0.3449 0.4741 
       DRAGA 0.0962 0.3366 0.5672 
 DUKE_OF_YOR 0.5213 0.0355 0.4433 
 DUNBAR_STAN 0.4514 0.3400 0.2086 
     DUNDROD 0.2915 0.5577 0.1508 
     ECLIPSE 0.5588 0.1644 0.2768 
        EDEN 0.3237 0.6670 0.0093 
 EDZELL_BLUE 0.4267 0.1713 0.4021 
   ELISABETH 0.0806 0.2572 0.6622 
     EMPEROR 0.1610 0.3391 0.4999 
         EOS 0.1274 0.3877 0.4849 
     EPICURE 0.4919 0.1167 0.3914 
  ERNTESTOLZ 0.3573 0.1155 0.5272 
      ESCORT 0.0723 0.2632 0.6645 
   ESMERALDA 0.2372 0.2493 0.5135 
      ESTIMA 0.2353 0.2059 0.5588 
 EVE_BALFOUR 0.2639 0.4612 0.2748 
   EXCALIBUR 0.0095 0.7614 0.2292 
     EXQUISA 0.2387 0.0383 0.7230 
    FESTIVAL 0.0805 0.2290 0.6905 
      FIANNA 0.0893 0.2506 0.6601 
   FIFTYFOLD 0.6324 0.1579 0.2097 
     FONTANE 0.1693 0.2379 0.5928 
   FORTYFOLD 0.6649 0.0126 0.3225 
 FRONTIER_RU 0.3270 0.2409 0.4322 
     G.81071 0.1630 0.3956 0.4415 
     G.88661 0.0780 0.4358 0.4862 
    G.886611 0.0356 0.4822 0.4822 
  G.8867Y%12 0.0390 0.3667 0.5943 
     G.88839 0.0948 0.0202 0.8851 
     G.88842 0.0795 0.1510 0.7696 
   GALACTICA 0.2264 0.2240 0.5496 
      GEMSON 0.2278 0.3962 0.3760 
  GL.76B/102 0.4806 0.1578 0.3616 
   GL.76B/94 0.5959 0.0174 0.3867 
  GL.77M/106 0.2310 0.4870 0.2820 
   GL.78/166 0.7109 0.0531 0.2360 
    GL.78/53 0.6229 0.2739 0.1032 
    GL.78/97 0.6505 0.1417 0.2078 
    GL.79/42 0.6183 0.1955 0.1862 
    GL.79/45 0.6329 0.1586 0.2084 
 GL.81_NT_25 0.4901 0.4958 0.0141 
   GLADIATOR 0.0675 0.2923 0.6401 
      GLAMIS 0.1653 0.5264 0.3083 
 GOLDEN_MILL 0.1778 0.6635 0.1587 
 GOLDEN_NUGG 0.0652 0.3072 0.6276 
 GOLDEN_WOND 0.6616 0.0971 0.2414 
     GRANOLA 0.1742 0.2090 0.6168 
    H1H3_101 0.4600 0.5361 0.0039 
      H1H3_3 0.2924 0.5576 0.1500 
 HARBOROUGH_ 0.0962 0.8167 0.0871 
   HARLEQUIN 0.2413 0.2489 0.5098 
      HERMES 0.2201 0.1600 0.6199 
 HIGHLAND_BU 0.8879 0.0224 0.0897 
  HOME_GUARD 0.3366 0.3875 0.2758 
     HORIZON 0.3434 0.1276 0.5290 
   INNOVATOR 0.3373 0.1446 0.5182 
 INTERNATION 0.9552 0.0095 0.0354 
 ISLE_OF_JUR 0.2185 0.5638 0.2177 
    JULIETTE 0.1389 0.0893 0.7719 
     KARLENA 0.2856 0.2334 0.4810 
 KERR'S_PINK 0.5881 0.2260 0.1859 
     KESTREL 0.0237 0.7096 0.2666 
       KIFLI 0.2600 0.1691 0.5709 
 KING_EDWARD 0.8431 0.1008 0.0560 
    KINGSTON 0.2731 0.5842 0.1428 
 KUFRI_CHAND 0.3157 0.2477 0.4366 
 KUFRI_JYOTI 0.1818 0.2787 0.5394 
      KURODA 0.1272 0.1442 0.7286 
 LADY_BALFOU 0.1939 0.4770 0.3291 
 LADY_CHRIST 0.3884 0.1149 0.4967 
 LADY_CLAIRE 0.3343 0.0123 0.6534 
     LADY_JO 0.4482 0.0408 0.5111 
 LADY_ROSETT 0.2325 0.2286 0.5389 
    LIBERTAS 0.4168 0.0478 0.5354 
       LINDA 0.2940 0.0378 0.6682 
      LINTON 0.1640 0.3061 0.5299 
 LINZER_DELI 0.2778 0.0806 0.6417 
   LIONHEART 0.1610 0.1842 0.6548 
   MADELEINE 0.1686 0.1527 0.6786 
   MADINGLEY 0.1405 0.2629 0.5966 
    MAJESTIC 0.2118 0.2904 0.4979 
     MARABEL 0.0974 0.0852 0.8174 
     MARFONA 0.2912 0.1626 0.5462 
     MARILYN 0.1630 0.1377 0.6993 
 MARIS_ANCHO 0.3000 0.1668 0.5332 
  MARIS_BARD 0.2792 0.4406 0.2802 
  MARIS_PEER 0.2659 0.4044 0.3297 
 MARIS_PIPER 0.2682 0.7250 0.0069 
     MARKIES 0.2358 0.0523 0.7119 
      MAXINE 0.1494 0.5896 0.2609 
      MEGARA 0.1768 0.1084 0.7148 
      MELODY 0.2485 0.1785 0.5729 
       MIDAS 0.2653 0.4753 0.2594 
       MILVA 0.2698 0.0637 0.6664 
        MIMI 0.1792 0.4458 0.3749 
        MIRA 0.3331 0.0470 0.6198 
       MOIRA 0.2218 0.2024 0.5757 
    MONTROSE 0.3504 0.6334 0.0161 
       MORAG 0.2689 0.4376 0.2935 
      MORENE 0.2762 0.0307 0.6930 
      MOZART 0.0110 0.2040 0.7850 
 MYATT'S_ASH 0.8133 0.0075 0.1792 
      NADINE 0.0707 0.5968 0.3325 
       NAVAN 0.1664 0.7673 0.0664 
 NDTX_4271_5 0.1481 0.4222 0.4297 
      NICOLA 0.2800 0.0076 0.7124 
     NOVELLA 0.1050 0.2061 0.6889 
     OLYMPUS 0.2127 0.5237 0.2636 
       OPERA 0.0989 0.2664 0.6347 
   ORCHESTRA 0.1764 0.1862 0.6374 
      ORIANA 0.1872 0.0681 0.7447 
     OTHELLO 0.0275 0.5739 0.3986 
     PALADIN 0.3533 0.6363 0.0104 
       PANDA 0.1107 0.1685 0.7208 
   PARAMOUNT 0.0791 0.3071 0.6138 
    PATRONES 0.3277 0.1356 0.5367 
 PENTLAND_AC 0.2483 0.3336 0.4181 
 PENTLAND_BE 0.5289 0.1823 0.2888 
 PENTLAND_CR 0.1766 0.3496 0.4738 
 PENTLAND_DE 0.3198 0.3275 0.3527 
 PENTLAND_IV 0.1726 0.4082 0.4191 
 PENTLAND_JA 0.2218 0.2915 0.4867 
 PENTLAND_MA 0.1545 0.2003 0.6451 
 PENTLAND_SQ 0.2614 0.3317 0.4069 
   PEPO_1978 0.2268 0.1322 0.6411 
     PICASSO 0.0094 0.4297 0.5609 
   PIMPERNEL 0.2785 0.1241 0.5974 
     PIONEER 0.2641 0.0715 0.6644 
       PIXIE 0.0241 0.6132 0.3627 
    PREMIERE 0.3837 0.1177 0.4986 
   PRODUCENT 0.2302 0.2390 0.5307 
     PROVOST 0.2288 0.2629 0.5083 
  R.P.LUSTRE 0.3441 0.3331 0.3227 
 RANGER_RUSS 0.3986 0.0824 0.5189 
       RATTE 0.5678 0.2254 0.2068 
      RECORD 0.3902 0.0182 0.5916 
   REMBRANDT 0.2789 0.1602 0.5608 
    RIO_ROJO 0.1794 0.2915 0.5291 
      ROBIJN 0.3977 0.0104 0.5919 
      ROCKET 0.2950 0.6149 0.0901 
   RODE_STAR 0.4792 0.0278 0.4930 
      ROMANO 0.0530 0.2515 0.6954 
       ROMEO 0.2265 0.3199 0.4537 
     ROOSTER 0.1904 0.3385 0.4711 
       ROYAL 0.2318 0.3626 0.4056 
 ROYAL_KIDNE 0.5768 0.1185 0.3048 
     RUBESSE 0.1674 0.2020 0.6306 
 RUSSET_BURB 0.3177 0.2036 0.4787 
 RUSSET_NORK 0.2750 0.2726 0.4524 
      SAFARI 0.0577 0.2190 0.7233 
     SANTANA 0.2173 0.2295 0.5532 
       SANTE 0.1829 0.2410 0.5761 
     SAPHIRE 0.0899 0.2483 0.6618 
  SARPO_MIRA 0.2423 0.1415 0.6162 
 SARPO_SHONA 0.1734 0.1351 0.6916 
       SASSY 0.3476 0.1631 0.4893 
     SATURNA 0.3896 0.0236 0.5868 
        SAVA 0.1572 0.2043 0.6386 
       SAXON 0.2269 0.6554 0.1177 
 SCARBOROUGH 0.1757 0.8031 0.0212 
 SEFTON_WOND 0.5715 0.2997 0.1288 
    SERAFINA 0.1943 0.1001 0.7056 
     SETANTA 0.1025 0.5317 0.3658 
 SHARPE'S_EX 0.6966 0.1195 0.1839 
     SHELAGH 0.3204 0.3276 0.3519 
    SHELFORD 0.2782 0.1220 0.5998 
     SHEPODY 0.3312 0.2106 0.4581 
      SLANEY 0.0255 0.6011 0.3734 
        SPEY 0.0091 0.6048 0.3860 
      SPUNTA 0.2615 0.2709 0.4676 
     STAMINA 0.0279 0.8140 0.1581 
    STEMSTER 0.2872 0.3555 0.3573 
 STORMONT_EN 0.2899 0.2842 0.4260 
    STIRLING 0.0255 0.4857 0.4888 
     SYLVANA 0.1801 0.2396 0.5804 
         TAY 0.0412 0.6850 0.2738 
      TIMATE 0.1690 0.1559 0.6751 
      TOLUCA 0.1203 0.0929 0.7869 
    TORRIDON 0.1834 0.2406 0.5760 
 ULSTER_SCEP 0.2151 0.5119 0.2730 
 UMATILLA_RU 0.4857 0.3372 0.1771 
 VALES_EMERA 0.1830 0.3792 0.4377 
 VALES_EVERE 0.1620 0.5616 0.2765 
 VALES_RUSSE 0.4014 0.1779 0.4207 
 VALES_SOVER 0.0083 0.6907 0.3010 
       VALOR 0.0084 0.6872 0.3044 
    VAN_GOGH 0.2667 0.1318 0.6015 
     VANTAGE 0.4525 0.0658 0.4818 
       VERDI 0.3007 0.1364 0.5630 
    VICTORIA 0.1847 0.1437 0.6716 
     VIVALDI 0.1428 0.0676 0.7896 
       WILJA 0.3310 0.0986 0.5704 
     WINSTON 0.0289 0.6780 0.2931 
      XD2-21 0.2809 0.3268 0.3923 
  YUKON_GOLD 0.0774 0.3996 0.5229 
       ZORBA 0.2530 0.1475 0.5995 
