  00C133-020 0.5919 0.3566 0.0258 0.0256 
 01C_071-002 0.2316 0.2944 0.2780 0.1959 
 02M_012-001 0.6388 0.0272 0.1375 0.1965 
 03M_016-002 0.3725 0.1253 0.0160 0.4862 
 03M_034-002 0.5665 0.1971 0.0237 0.2127 
 04C_055-004 0.5179 0.0488 0.3202 0.1131 
 04C_126-005 0.3801 0.3846 0.1291 0.1062 
 04M_034-013 0.4908 0.0670 0.1196 0.3226 
 05M_002-001 0.1728 0.1983 0.4316 0.1973 
 05M_004-003 0.2506 0.3378 0.3866 0.0250 
 05M_012-004 0.2459 0.4205 0.2140 0.1195 
 06C_127-002 0.4381 0.2175 0.2818 0.0626 
 12288_AF_23 0.5077 0.3103 0.1531 0.0289 
    12601AB1 0.4929 0.0191 0.0111 0.4769 
   12636_A_2 0.5463 0.2168 0.0108 0.2261 
  15119_AC_5 0.2917 0.5013 0.0043 0.2027 
     1512C16 0.0828 0.4329 0.1490 0.3353 
   15144_A_3 0.1534 0.6007 0.2168 0.0291 
     1563C14 0.0428 0.1105 0.3367 0.5100 
     2182EF7 0.1926 0.5794 0.1078 0.1202 
     3681AD1 0.1176 0.4600 0.3110 0.1113 
     5008AB6 0.1333 0.3447 0.4032 0.1188 
    8204_A_4 0.3023 0.4830 0.1740 0.0407 
       AGRIA 0.1081 0.0384 0.7242 0.1293 
       AILSA 0.6356 0.0435 0.1509 0.1700 
      ALMERA 0.0825 0.2575 0.5366 0.1234 
       ALPHA 0.0545 0.2262 0.4098 0.3096 
      ALWARA 0.1004 0.3509 0.4825 0.0662 
      AMADRA 0.2461 0.0701 0.4755 0.2083 
       AMOUR 0.4979 0.4314 0.0277 0.0429 
        ANNA 0.1112 0.7770 0.0050 0.1068 
   ANNABELLE 0.0388 0.1369 0.7387 0.0856 
        ANYA 0.1282 0.1319 0.5027 0.2372 
       ARGOS 0.3239 0.5936 0.0672 0.0153 
     ARIELLE 0.0496 0.2122 0.5655 0.1728 
      ARKULA 0.0282 0.3028 0.4743 0.1947 
      ARMADA 0.1308 0.2623 0.4159 0.1909 
   AVALANCHE 0.4471 0.2643 0.1748 0.1138 
     BAILLIE 0.5254 0.2280 0.2000 0.0466 
    BALMORAL 0.1100 0.6952 0.1077 0.0870 
     BAMBINO 0.5619 0.2841 0.1119 0.0421 
       BARNA 0.2118 0.4703 0.2622 0.0557 
 BELLE_DE_FO 0.0044 0.0953 0.0070 0.8934 
       BENOL 0.6325 0.0379 0.1183 0.2112 
       BF_15 0.0061 0.0910 0.1473 0.7556 
      BINTJE 0.0916 0.2643 0.2190 0.4250 
 BIONICA_EX_ 0.1862 0.3289 0.3080 0.1768 
 BLUE_DANUBE 0.0373 0.3484 0.3881 0.2262 
      BONNIE 0.3222 0.3279 0.2931 0.0569 
      BOUNTY 0.5192 0.3265 0.1163 0.0380 
 BRITISH_QUE 0.0084 0.4150 0.0203 0.5563 
     BRODICK 0.6507 0.1191 0.2083 0.0219 
      BRODIE 0.2035 0.6624 0.0113 0.1229 
      BUCHAN 0.2922 0.5572 0.0550 0.0956 
      BURREN 0.1860 0.4785 0.2264 0.1091 
     CABARET 0.5498 0.1181 0.0100 0.3221 
      CAESAR 0.1087 0.2416 0.6408 0.0089 
        CARA 0.2609 0.6984 0.0136 0.0271 
 CARLINGFORD 0.2083 0.4895 0.1904 0.1118 
  CASABLANCA 0.3675 0.4886 0.1316 0.0124 
      CELINE 0.1308 0.3718 0.3766 0.1208 
  CHALLENGER 0.2239 0.1140 0.4449 0.2172 
   CHARLOTTE 0.2436 0.0194 0.6057 0.1314 
     CHICAGO 0.5335 0.0173 0.3421 0.1071 
   CHIEFTAIN 0.1447 0.3914 0.2399 0.2239 
      CHOPIN 0.0644 0.2965 0.5116 0.1276 
      CLARET 0.2382 0.6518 0.0746 0.0353 
      CORINE 0.2351 0.4024 0.1935 0.1689 
      COSMOS 0.1128 0.2939 0.4182 0.1751 
     COURAGE 0.1097 0.3165 0.4013 0.1726 
     COURLAN 0.1822 0.3281 0.3246 0.1651 
 CRAIGS_ROYA 0.3256 0.5337 0.0110 0.1298 
 CRAIGS_SNOW 0.1919 0.3287 0.0482 0.4313 
     CRAMOND 0.5567 0.2567 0.1556 0.0310 
 CRISPS_FOR_ 0.1621 0.2105 0.5033 0.1242 
    CROMWELL 0.6619 0.0168 0.0561 0.2653 
       D22/1 0.5294 0.2093 0.0109 0.2504 
       D23/3 0.4024 0.1599 0.0412 0.3965 
      D47-11 0.6663 0.0141 0.0087 0.3110 
       D49/1 0.7487 0.0042 0.0346 0.2125 
       DAISY 0.4872 0.0227 0.2347 0.2554 
 DARK_RED_NO 0.1078 0.4183 0.2294 0.2446 
     DARWINA 0.1015 0.2301 0.4483 0.2201 
     DESIREE 0.0166 0.3316 0.4676 0.1842 
       DITTA 0.0331 0.1692 0.5696 0.2281 
 DR._MCINTOS 0.1479 0.5970 0.0727 0.1824 
       DRAGA 0.1950 0.4303 0.3001 0.0747 
 DUKE_OF_YOR 0.0049 0.3462 0.1304 0.5185 
 DUNBAR_STAN 0.1941 0.3657 0.0133 0.4269 
     DUNDROD 0.5355 0.1123 0.1255 0.2268 
     ECLIPSE 0.1471 0.1375 0.1696 0.5458 
        EDEN 0.7164 0.0179 0.0119 0.2537 
 EDZELL_BLUE 0.1002 0.2725 0.2184 0.4090 
   ELISABETH 0.2365 0.1083 0.6264 0.0289 
     EMPEROR 0.2632 0.2449 0.3678 0.1241 
         EOS 0.3332 0.1864 0.3980 0.0824 
     EPICURE 0.0596 0.2894 0.1724 0.4787 
  ERNTESTOLZ 0.0561 0.2490 0.3591 0.3359 
      ESCORT 0.2193 0.1442 0.6070 0.0296 
   ESMERALDA 0.1972 0.1818 0.4249 0.1962 
      ESTIMA 0.1662 0.1899 0.4448 0.1992 
 EVE_BALFOUR 0.2783 0.4619 0.0231 0.2367 
   EXCALIBUR 0.5927 0.3326 0.0695 0.0052 
     EXQUISA 0.0239 0.1275 0.6568 0.1917 
    FESTIVAL 0.2003 0.1291 0.6413 0.0292 
      FIANNA 0.0867 0.4778 0.3600 0.0755 
   FIFTYFOLD 0.1351 0.1444 0.1070 0.6135 
     FONTANE 0.2177 0.1124 0.5466 0.1232 
   FORTYFOLD 0.0053 0.2122 0.1227 0.6597 
 FRONTIER_RU 0.1670 0.2721 0.2561 0.3048 
     G.81071 0.2465 0.4130 0.1986 0.1418 
     G.88661 0.2959 0.3920 0.2594 0.0527 
    G.886611 0.3392 0.3782 0.2642 0.0184 
  G.8867Y%12 0.1846 0.5166 0.2730 0.0258 
     G.88839 0.0277 0.0319 0.8994 0.0410 
     G.88842 0.0516 0.3304 0.5702 0.0478 
   GALACTICA 0.0312 0.5404 0.1937 0.2347 
      GEMSON 0.2143 0.5149 0.0465 0.2243 
  GL.76B/102 0.1776 0.0470 0.3459 0.4295 
   GL.76B/94 0.0082 0.1864 0.2266 0.5789 
  GL.77M/106 0.3931 0.2597 0.1568 0.1904 
   GL.78/166 0.0509 0.1240 0.1375 0.6876 
    GL.78/53 0.2907 0.0101 0.1302 0.5689 
    GL.78/97 0.1569 0.0368 0.1922 0.6142 
    GL.79/42 0.2102 0.0059 0.2179 0.5660 
    GL.79/45 0.1720 0.0477 0.1843 0.5960 
 GL.81_NT_25 0.5208 0.0359 0.0155 0.4278 
   GLADIATOR 0.1911 0.3144 0.4576 0.0368 
      GLAMIS 0.4816 0.1765 0.2426 0.0993 
 GOLDEN_MILL 0.6050 0.1638 0.1232 0.1081 
 GOLDEN_NUGG 0.1744 0.3885 0.3962 0.0409 
 GOLDEN_WOND 0.0798 0.1155 0.1596 0.6451 
     GRANOLA 0.2118 0.0217 0.6455 0.1210 
    H1H3_101 0.6212 0.0045 0.0035 0.3707 
      H1H3_3 0.4834 0.2218 0.0496 0.2452 
 HARBOROUGH_ 0.7946 0.0664 0.1183 0.0207 
   HARLEQUIN 0.2364 0.0531 0.5203 0.1902 
      HERMES 0.0997 0.2466 0.4739 0.1797 
 HIGHLAND_BU 0.0208 0.0757 0.0287 0.8748 
  HOME_GUARD 0.2636 0.3624 0.0553 0.3186 
     HORIZON 0.0947 0.1921 0.4060 0.3071 
   INNOVATOR 0.0082 0.5370 0.0962 0.3585 
 INTERNATION 0.0072 0.0413 0.0098 0.9418 
 ISLE_OF_JUR 0.5012 0.2098 0.1293 0.1597 
    JULIETTE 0.1039 0.0188 0.8082 0.0691 
     KARLENA 0.0727 0.4573 0.1778 0.2921 
 KERR'S_PINK 0.1369 0.2812 0.0157 0.5662 
     KESTREL 0.5226 0.4225 0.0425 0.0124 
       KIFLI 0.1963 0.0093 0.6190 0.1754 
 KING_EDWARD 0.1235 0.0113 0.0453 0.8199 
    KINGSTON 0.5522 0.1128 0.1285 0.2065 
 KUFRI_CHAND 0.1395 0.3821 0.1772 0.3012 
 KUFRI_JYOTI 0.1287 0.4574 0.2474 0.1665 
      KURODA 0.0382 0.3592 0.4986 0.1039 
 LADY_BALFOU 0.2789 0.5130 0.0261 0.1820 
 LADY_CHRIST 0.0767 0.1743 0.3865 0.3625 
 LADY_CLAIRE 0.0129 0.1052 0.5995 0.2824 
     LADY_JO 0.0228 0.2128 0.3452 0.4192 
 LADY_ROSETT 0.1716 0.2405 0.3891 0.1988 
    LIBERTAS 0.0102 0.2784 0.3161 0.3954 
       LINDA 0.0449 0.0171 0.6879 0.2501 
      LINTON 0.2208 0.2632 0.3812 0.1349 
 LINZER_DELI 0.0830 0.0678 0.6136 0.2356 
   LIONHEART 0.0774 0.3389 0.4450 0.1387 
   MADELEINE 0.1395 0.0933 0.6529 0.1142 
   MADINGLEY 0.2066 0.2084 0.4939 0.0911 
    MAJESTIC 0.1116 0.5552 0.1269 0.2063 
     MARABEL 0.0406 0.2001 0.7133 0.0459 
     MARFONA 0.0710 0.3295 0.3295 0.2700 
     MARILYN 0.0811 0.2134 0.5775 0.1280 
 MARIS_ANCHO 0.1113 0.2338 0.3825 0.2725 
  MARIS_BARD 0.2681 0.4461 0.0224 0.2634 
  MARIS_PEER 0.2398 0.4627 0.0427 0.2548 
 MARIS_PIPER 0.7950 0.0065 0.0144 0.1841 
     MARKIES 0.0451 0.1165 0.6508 0.1875 
      MAXINE 0.4787 0.3183 0.0947 0.1084 
      MEGARA 0.1011 0.0953 0.6803 0.1232 
      MELODY 0.1268 0.2242 0.4423 0.2066 
       MIDAS 0.5055 0.0070 0.3255 0.1620 
       MILVA 0.0444 0.1133 0.6111 0.2313 
        MIMI 0.3776 0.2146 0.2753 0.1326 
        MIRA 0.0146 0.2429 0.4505 0.2921 
       MOIRA 0.1095 0.3111 0.3897 0.1898 
    MONTROSE 0.6651 0.0239 0.0319 0.2791 
       MORAG 0.2624 0.4688 0.0232 0.2456 
      MORENE 0.0067 0.3234 0.4248 0.2450 
      MOZART 0.1535 0.1377 0.7038 0.0050 
 MYATT'S_ASH 0.0052 0.0902 0.0914 0.8132 
      NADINE 0.5306 0.1742 0.2768 0.0184 
       NAVAN 0.7271 0.1443 0.0366 0.0919 
 NDTX_4271_5 0.3395 0.2454 0.2966 0.1185 
      NICOLA 0.0081 0.0255 0.7252 0.2412 
     NOVELLA 0.0984 0.3491 0.4784 0.0740 
     OLYMPUS 0.4388 0.2526 0.1335 0.1752 
       OPERA 0.1901 0.2495 0.5037 0.0567 
   ORCHESTRA 0.1877 0.0649 0.6277 0.1198 
      ORIANA 0.0079 0.3915 0.4482 0.1525 
     OTHELLO 0.3036 0.6513 0.0244 0.0207 
     PALADIN 0.6664 0.0299 0.0151 0.2887 
       PANDA 0.1731 0.0369 0.7461 0.0439 
   PARAMOUNT 0.1046 0.5612 0.2603 0.0739 
    PATRONES 0.0712 0.2622 0.3660 0.3007 
 PENTLAND_AC 0.2203 0.3421 0.2089 0.2287 
 PENTLAND_BE 0.0287 0.4195 0.0168 0.5350 
 PENTLAND_CR 0.1938 0.4357 0.2097 0.1608 
 PENTLAND_DE 0.1691 0.4755 0.0467 0.3086 
 PENTLAND_IV 0.2380 0.4605 0.1404 0.1611 
 PENTLAND_JA 0.1254 0.4939 0.1553 0.2254 
 PENTLAND_MA 0.0361 0.5081 0.3096 0.1462 
 PENTLAND_SQ 0.1926 0.4071 0.1564 0.2438 
   PEPO_1978 0.1415 0.0664 0.6263 0.1657 
     PICASSO 0.1953 0.6082 0.1894 0.0071 
   PIMPERNEL 0.0844 0.1759 0.4969 0.2428 
     PIONEER 0.0911 0.0197 0.6897 0.1994 
       PIXIE 0.4658 0.3287 0.1962 0.0093 
    PREMIERE 0.0432 0.2802 0.3108 0.3658 
   PRODUCENT 0.2285 0.0990 0.4953 0.1771 
     PROVOST 0.1045 0.4678 0.2018 0.2259 
  R.P.LUSTRE 0.2957 0.1648 0.2306 0.3089 
 RANGER_RUSS 0.0041 0.5236 0.0660 0.4063 
       RATTE 0.2395 0.0215 0.2093 0.5297 
      RECORD 0.0070 0.2220 0.4121 0.3589 
   REMBRANDT 0.1244 0.1840 0.4503 0.2413 
    RIO_ROJO 0.1641 0.4074 0.2619 0.1666 
      ROBIJN 0.0073 0.1495 0.4829 0.3603 
      ROCKET 0.5542 0.1836 0.0231 0.2391 
   RODE_STAR 0.0466 0.0119 0.5180 0.4235 
      ROMANO 0.1143 0.4030 0.4540 0.0286 
       ROMEO 0.1917 0.3497 0.2527 0.2059 
     ROOSTER 0.1878 0.4224 0.2222 0.1676 
       ROYAL 0.3828 0.0170 0.4519 0.1483 
 ROYAL_KIDNE 0.0047 0.4197 0.0071 0.5685 
     RUBESSE 0.1124 0.2872 0.4615 0.1388 
 RUSSET_BURB 0.0627 0.4528 0.1755 0.3090 
 RUSSET_NORK 0.1605 0.3755 0.2005 0.2635 
      SAFARI 0.0807 0.4236 0.4579 0.0378 
     SANTANA 0.1497 0.2691 0.3931 0.1882 
       SANTE 0.1983 0.1837 0.4736 0.1444 
     SAPHIRE 0.1279 0.3724 0.4324 0.0673 
  SARPO_MIRA 0.1235 0.1006 0.5759 0.2000 
 SARPO_SHONA 0.1204 0.1212 0.6355 0.1228 
       SASSY 0.1161 0.2180 0.3518 0.3141 
     SATURNA 0.0421 0.0140 0.6088 0.3351 
        SAVA 0.1771 0.1288 0.5813 0.1128 
       SAXON 0.6156 0.1441 0.0858 0.1545 
 SCARBOROUGH 0.8230 0.0272 0.0662 0.0836 
 SEFTON_WOND 0.1841 0.2717 0.0074 0.5368 
    SERAFINA 0.0595 0.1601 0.6236 0.1568 
     SETANTA 0.4154 0.3091 0.2205 0.0549 
 SHARPE'S_EX 0.1160 0.0934 0.1135 0.6770 
     SHELAGH 0.2244 0.3400 0.1350 0.3006 
    SHELFORD 0.0550 0.2622 0.4356 0.2473 
     SHEPODY 0.0100 0.6060 0.0237 0.3603 
      SLANEY 0.4129 0.4644 0.1082 0.0145 
        SPEY 0.3947 0.5138 0.0863 0.0052 
      SPUNTA 0.2109 0.1774 0.3823 0.2294 
     STAMINA 0.6743 0.2897 0.0290 0.0069 
    STEMSTER 0.3423 0.1253 0.3099 0.2225 
 STORMONT_EN 0.1893 0.3307 0.2185 0.2615 
    STIRLING 0.2729 0.5677 0.1375 0.0218 
     SYLVANA 0.1424 0.3164 0.3881 0.1530 
         TAY 0.5510 0.3000 0.1358 0.0131 
      TIMATE 0.1737 0.0252 0.6917 0.1094 
      TOLUCA 0.0236 0.2905 0.6002 0.0857 
    TORRIDON 0.1002 0.4213 0.3145 0.1640 
 ULSTER_SCEP 0.3528 0.4199 0.0380 0.1893 
 UMATILLA_RU 0.3402 0.0893 0.1371 0.4333 
 VALES_EMERA 0.3537 0.1085 0.4135 0.1243 
 VALES_EVERE 0.3867 0.4568 0.0272 0.1293 
 VALES_RUSSE 0.0884 0.3301 0.1950 0.3865 
 VALES_SOVER 0.4194 0.5648 0.0114 0.0044 
       VALOR 0.4728 0.4773 0.0450 0.0049 
    VAN_GOGH 0.1148 0.1400 0.5271 0.2181 
     VANTAGE 0.0159 0.3025 0.2432 0.4385 
       VERDI 0.1349 0.1034 0.5191 0.2426 
    VICTORIA 0.0653 0.2690 0.5056 0.1601 
     VIVALDI 0.0074 0.4103 0.4717 0.1105 
       WILJA 0.0119 0.3956 0.2793 0.3132 
     WINSTON 0.5496 0.2837 0.1558 0.0109 
      XD2-21 0.1725 0.4597 0.0986 0.2691 
  YUKON_GOLD 0.3139 0.2637 0.3804 0.0419 
       ZORBA 0.0237 0.4170 0.3095 0.2498 
