  00C133-020 0.0213 0.1526 0.0150 0.0025 0.2359 0.3424 0.0027 0.0880 0.0111 0.1287 
 01C_071-002 0.0331 0.0021 0.0426 0.1188 0.2323 0.1622 0.2301 0.0447 0.0470 0.0870 
 02M_012-001 0.0227 0.0122 0.0517 0.0144 0.0523 0.4384 0.1012 0.0028 0.0368 0.2675 
 03M_016-002 0.0050 0.0068 0.2604 0.2129 0.0150 0.3751 0.0610 0.0095 0.0095 0.0447 
 03M_034-002 0.0065 0.0121 0.1229 0.0025 0.0496 0.3244 0.0609 0.1461 0.0014 0.2735 
 04C_055-004 0.0049 0.1841 0.0175 0.0073 0.0073 0.4309 0.1333 0.0498 0.1371 0.0278 
 04C_126-005 0.0459 0.0729 0.0693 0.0038 0.2654 0.1738 0.0715 0.1213 0.0098 0.1665 
 04M_034-013 0.0074 0.0428 0.1609 0.1023 0.0040 0.3879 0.0880 0.0620 0.0118 0.1329 
 05M_002-001 0.1653 0.0133 0.0922 0.0919 0.0461 0.1136 0.0945 0.1355 0.2245 0.0231 
 05M_004-003 0.2895 0.0134 0.0064 0.0164 0.1718 0.0756 0.0041 0.1394 0.2014 0.0820 
 05M_012-004 0.2395 0.1371 0.0153 0.1090 0.1035 0.0358 0.0340 0.1276 0.0090 0.1893 
 06C_127-002 0.0034 0.1560 0.0139 0.0263 0.0389 0.0962 0.0656 0.1217 0.1208 0.3573 
 12288_AF_23 0.0932 0.4028 0.0040 0.0242 0.0660 0.2856 0.0087 0.0048 0.0296 0.0810 
    12601AB1 0.0074 0.0023 0.3173 0.0031 0.0046 0.1470 0.0553 0.0020 0.0017 0.4591 
   12636_A_2 0.0194 0.0784 0.1510 0.0245 0.0927 0.2817 0.0054 0.0275 0.0022 0.3172 
  15119_AC_5 0.0075 0.0074 0.1244 0.0195 0.4720 0.2722 0.0798 0.0139 0.0010 0.0025 
     1512C16 0.0945 0.2024 0.2274 0.1543 0.0883 0.0051 0.0489 0.1134 0.0323 0.0332 
   15144_A_3 0.0025 0.1449 0.0275 0.0030 0.5560 0.0039 0.1238 0.0088 0.1254 0.0042 
     1563C14 0.1480 0.1218 0.3338 0.0427 0.0137 0.0160 0.1986 0.0033 0.1178 0.0044 
     2182EF7 0.0085 0.0318 0.1030 0.0854 0.2370 0.0093 0.0083 0.3231 0.0346 0.1590 
     3681AD1 0.2952 0.0055 0.0152 0.0791 0.2428 0.0076 0.0690 0.0947 0.0747 0.1163 
     5008AB6 0.0252 0.0165 0.0456 0.0053 0.1742 0.0048 0.2486 0.2196 0.0538 0.2064 
    8204_A_4 0.0158 0.1521 0.0511 0.0171 0.2178 0.0139 0.0168 0.2335 0.0438 0.2381 
       AGRIA 0.3319 0.0029 0.0561 0.0437 0.0050 0.0075 0.0034 0.0517 0.4886 0.0093 
       AILSA 0.0025 0.0800 0.0822 0.0537 0.0090 0.4115 0.0146 0.0198 0.1129 0.2137 
      ALMERA 0.1287 0.0114 0.0107 0.1267 0.0171 0.0868 0.1556 0.2259 0.2344 0.0027 
       ALPHA 0.2671 0.1443 0.1146 0.0878 0.0065 0.0186 0.2650 0.0543 0.0070 0.0349 
      ALWARA 0.0235 0.1836 0.0028 0.0423 0.1849 0.0246 0.3965 0.0788 0.0306 0.0326 
      AMADRA 0.1513 0.0860 0.0908 0.0208 0.0068 0.1346 0.1901 0.0687 0.1540 0.0969 
       AMOUR 0.0133 0.0726 0.0168 0.0383 0.4205 0.2790 0.0133 0.0137 0.0208 0.1117 
        ANNA 0.0068 0.0052 0.1603 0.0040 0.6370 0.0035 0.0054 0.1632 0.0020 0.0126 
   ANNABELLE 0.0247 0.0095 0.0221 0.0054 0.0070 0.0166 0.2889 0.3445 0.2719 0.0094 
        ANYA 0.0041 0.1864 0.1548 0.0192 0.0158 0.0067 0.2394 0.0573 0.2097 0.1067 
       ARGOS 0.0306 0.1881 0.0052 0.0171 0.4323 0.2090 0.0206 0.0483 0.0465 0.0023 
     ARIELLE 0.0623 0.0566 0.0505 0.0969 0.0679 0.0401 0.2429 0.1327 0.2480 0.0022 
      ARKULA 0.2251 0.1638 0.0667 0.0256 0.0085 0.0096 0.2429 0.2230 0.0264 0.0084 
      ARMADA 0.1035 0.1211 0.0561 0.0149 0.0057 0.1505 0.2649 0.2552 0.0226 0.0055 
   AVALANCHE 0.1881 0.0231 0.0052 0.1427 0.0933 0.4012 0.0199 0.0745 0.0290 0.0231 
     BAILLIE 0.0548 0.0590 0.0031 0.0844 0.1033 0.4209 0.0743 0.0693 0.0379 0.0931 
    BALMORAL 0.1158 0.0168 0.0141 0.1794 0.3864 0.0098 0.0770 0.1828 0.0041 0.0139 
     BAMBINO 0.0506 0.1318 0.0118 0.0065 0.1963 0.3914 0.0078 0.0550 0.0608 0.0878 
       BARNA 0.0142 0.3143 0.0177 0.0324 0.3134 0.0362 0.1934 0.0143 0.0398 0.0245 
 BELLE_DE_FO 0.0148 0.0095 0.7540 0.0423 0.0638 0.0052 0.1009 0.0045 0.0034 0.0016 
       BENOL 0.0461 0.0020 0.1147 0.0031 0.0095 0.3513 0.0043 0.0840 0.0495 0.3355 
       BF_15 0.0807 0.0052 0.6200 0.0051 0.0517 0.0042 0.1454 0.0192 0.0660 0.0026 
      BINTJE 0.1616 0.1113 0.2597 0.0871 0.0307 0.0806 0.1274 0.1000 0.0349 0.0067 
 BIONICA_EX_ 0.1744 0.0098 0.0987 0.0070 0.0691 0.0139 0.1113 0.2478 0.0342 0.2337 
 BLUE_DANUBE 0.3242 0.0036 0.0329 0.1163 0.0941 0.0216 0.2397 0.1553 0.0053 0.0070 
      BONNIE 0.1250 0.2178 0.0289 0.0103 0.1263 0.1116 0.0626 0.1244 0.0765 0.1166 
      BOUNTY 0.1411 0.1728 0.0082 0.0037 0.2021 0.3142 0.0022 0.0197 0.0573 0.0786 
 BRITISH_QUE 0.1140 0.0050 0.3761 0.2233 0.0236 0.0477 0.0065 0.1978 0.0048 0.0012 
     BRODICK 0.0105 0.0182 0.0048 0.0148 0.0163 0.1850 0.0124 0.1205 0.0478 0.5698 
      BRODIE 0.0117 0.2508 0.1322 0.0783 0.4225 0.0084 0.0039 0.0489 0.0078 0.0355 
      BUCHAN 0.0039 0.2900 0.0932 0.0559 0.3716 0.0316 0.0061 0.0150 0.0857 0.0470 
      BURREN 0.0478 0.0930 0.0835 0.0485 0.4235 0.0203 0.1047 0.0103 0.1162 0.0521 
     CABARET 0.0231 0.1231 0.2091 0.0067 0.0262 0.4651 0.0079 0.0332 0.0032 0.1023 
      CAESAR 0.2519 0.1301 0.0019 0.0707 0.0265 0.0035 0.0781 0.1092 0.2720 0.0561 
        CARA 0.0230 0.1762 0.0679 0.0043 0.6454 0.0278 0.0106 0.0119 0.0100 0.0229 
 CARLINGFORD 0.0045 0.2550 0.0438 0.1501 0.0610 0.0698 0.0451 0.2686 0.0545 0.0475 
  CASABLANCA 0.1552 0.0043 0.0023 0.0575 0.2670 0.2277 0.0038 0.1932 0.0214 0.0677 
      CELINE 0.2921 0.2535 0.0335 0.0028 0.0345 0.0142 0.1270 0.2000 0.0084 0.0341 
  CHALLENGER 0.2224 0.0997 0.1274 0.0552 0.0025 0.1084 0.0181 0.1006 0.2241 0.0417 
   CHARLOTTE 0.0035 0.1439 0.1234 0.0030 0.0078 0.0063 0.1179 0.0189 0.4094 0.1659 
     CHICAGO 0.1067 0.0060 0.0117 0.0078 0.0348 0.4179 0.1090 0.0198 0.1676 0.1189 
   CHIEFTAIN 0.0204 0.3321 0.1132 0.2316 0.0149 0.0043 0.0031 0.0126 0.1890 0.0789 
      CHOPIN 0.0887 0.0607 0.0094 0.0944 0.0070 0.0195 0.2488 0.3284 0.0952 0.0478 
      CLARET 0.0033 0.2000 0.0290 0.0176 0.5340 0.0488 0.1210 0.0173 0.0169 0.0121 
      CORINE 0.2526 0.0042 0.0206 0.1812 0.1733 0.0796 0.0438 0.0622 0.0134 0.1691 
      COSMOS 0.2453 0.0510 0.0072 0.1909 0.0051 0.0850 0.1853 0.1540 0.0323 0.0439 
     COURAGE 0.2142 0.2365 0.0214 0.0796 0.0076 0.0195 0.2205 0.1342 0.0110 0.0556 
     COURLAN 0.0662 0.1186 0.0270 0.3019 0.1119 0.0113 0.0306 0.0026 0.2352 0.0947 
 CRAIGS_ROYA 0.0115 0.3142 0.0969 0.1104 0.2933 0.1291 0.0031 0.0166 0.0079 0.0170 
 CRAIGS_SNOW 0.0517 0.1402 0.2733 0.1794 0.0582 0.1680 0.0200 0.0516 0.0540 0.0036 
     CRAMOND 0.0764 0.0523 0.0058 0.0072 0.0192 0.2733 0.0076 0.2352 0.0080 0.3150 
 CRISPS_FOR_ 0.1907 0.2568 0.0266 0.0721 0.0063 0.0286 0.1460 0.0788 0.1670 0.0272 
    CROMWELL 0.0145 0.0145 0.1313 0.0040 0.0712 0.6347 0.0873 0.0031 0.0197 0.0197 
       D22/1 0.0590 0.1013 0.1277 0.0437 0.0747 0.5545 0.0046 0.0265 0.0063 0.0018 
       D23/3 0.0542 0.1341 0.2510 0.0835 0.0154 0.3817 0.0132 0.0134 0.0434 0.0100 
      D47-11 0.0217 0.0045 0.1262 0.0186 0.0094 0.7124 0.0603 0.0086 0.0035 0.0347 
       D49/1 0.0056 0.0272 0.0708 0.0036 0.0018 0.7395 0.0703 0.0133 0.0106 0.0574 
       DAISY 0.1221 0.0412 0.1220 0.0108 0.0062 0.3806 0.0942 0.0091 0.0799 0.1340 
 DARK_RED_NO 0.0032 0.0750 0.0714 0.3566 0.1015 0.0188 0.0978 0.1276 0.1214 0.0267 
     DARWINA 0.2753 0.0741 0.0302 0.1491 0.0044 0.0946 0.1562 0.0900 0.1219 0.0042 
     DESIREE 0.0159 0.3265 0.0346 0.0820 0.0883 0.0028 0.3964 0.0091 0.0401 0.0043 
       DITTA 0.1082 0.0100 0.1251 0.0982 0.0120 0.0171 0.1449 0.1656 0.3163 0.0025 
 DR._MCINTOS 0.0037 0.2288 0.0854 0.2311 0.0123 0.0337 0.0072 0.3766 0.0042 0.0171 
       DRAGA 0.1875 0.0094 0.0032 0.2924 0.0721 0.0479 0.0269 0.1471 0.0917 0.1217 
 DUKE_OF_YOR 0.0829 0.0018 0.3480 0.2267 0.0043 0.0032 0.0648 0.2628 0.0039 0.0015 
 DUNBAR_STAN 0.0162 0.1657 0.2789 0.2503 0.0458 0.1376 0.0039 0.0906 0.0075 0.0034 
     DUNDROD 0.0037 0.0676 0.0853 0.1060 0.0685 0.4204 0.0547 0.0046 0.1039 0.0853 
     ECLIPSE 0.0021 0.1894 0.3795 0.1994 0.0018 0.0143 0.0903 0.0515 0.0377 0.0340 
        EDEN 0.0069 0.0157 0.1273 0.0094 0.0051 0.5504 0.0107 0.0072 0.0029 0.2644 
 EDZELL_BLUE 0.1546 0.1065 0.2444 0.0892 0.0751 0.0188 0.1538 0.0519 0.0244 0.0814 
   ELISABETH 0.0093 0.2608 0.0057 0.0031 0.0024 0.0667 0.2046 0.2427 0.1846 0.0202 
     EMPEROR 0.0930 0.0922 0.0088 0.2754 0.0074 0.1053 0.0086 0.0672 0.2405 0.1017 
         EOS 0.0381 0.2573 0.0112 0.0861 0.0042 0.1602 0.1039 0.1009 0.1506 0.0875 
     EPICURE 0.0066 0.2302 0.3145 0.1543 0.0035 0.0040 0.1496 0.1016 0.0040 0.0317 
  ERNTESTOLZ 0.1107 0.0066 0.2144 0.1255 0.0733 0.0130 0.1029 0.1590 0.1776 0.0168 
      ESCORT 0.2199 0.1622 0.0035 0.0056 0.0112 0.0237 0.1753 0.0879 0.1734 0.1372 
   ESMERALDA 0.1924 0.2088 0.0991 0.0079 0.0158 0.0505 0.1638 0.1040 0.0724 0.0853 
      ESTIMA 0.1323 0.1641 0.0463 0.1073 0.0029 0.0862 0.1784 0.1693 0.0712 0.0420 
 EVE_BALFOUR 0.0054 0.0229 0.1646 0.0636 0.3223 0.0232 0.0817 0.0760 0.0031 0.2373 
   EXCALIBUR 0.0362 0.0479 0.0026 0.0022 0.3492 0.2917 0.0025 0.0618 0.0779 0.1280 
     EXQUISA 0.0098 0.0662 0.0879 0.0059 0.0805 0.0074 0.3825 0.1317 0.2189 0.0092 
    FESTIVAL 0.1847 0.1451 0.0050 0.0048 0.0050 0.0668 0.1646 0.1944 0.1953 0.0343 
      FIANNA 0.1624 0.0620 0.0064 0.1282 0.1293 0.0226 0.1215 0.2694 0.0703 0.0280 
   FIFTYFOLD 0.0532 0.1473 0.4454 0.1042 0.0313 0.0396 0.1109 0.0031 0.0206 0.0445 
     FONTANE 0.3378 0.0303 0.0311 0.0812 0.0049 0.1124 0.0030 0.0400 0.3529 0.0063 
   FORTYFOLD 0.2282 0.0031 0.4447 0.1506 0.0151 0.0026 0.1219 0.0110 0.0062 0.0167 
 FRONTIER_RU 0.0127 0.1379 0.1107 0.3918 0.0054 0.0400 0.0757 0.0334 0.1210 0.0713 
     G.81071 0.0230 0.1439 0.0928 0.0486 0.0959 0.0557 0.0708 0.2754 0.0299 0.1640 
     G.88661 0.0367 0.2103 0.0104 0.1296 0.0066 0.1469 0.0048 0.3153 0.1069 0.0326 
    G.886611 0.0044 0.3189 0.0089 0.0563 0.0051 0.1104 0.0029 0.3044 0.1350 0.0536 
  G.8867Y%12 0.0041 0.2595 0.0146 0.0897 0.0342 0.0350 0.0177 0.4007 0.1373 0.0073 
     G.88839 0.0044 0.0133 0.0032 0.0018 0.0022 0.0039 0.3848 0.3163 0.2596 0.0105 
     G.88842 0.0182 0.0121 0.0102 0.0212 0.0768 0.0187 0.2383 0.4091 0.1751 0.0203 
   GALACTICA 0.1568 0.0020 0.0717 0.1178 0.3754 0.0089 0.1887 0.0699 0.0066 0.0021 
      GEMSON 0.0115 0.2160 0.1659 0.1267 0.2020 0.0833 0.0075 0.1177 0.0549 0.0145 
  GL.76B/102 0.0085 0.0060 0.1938 0.1651 0.0059 0.1888 0.2496 0.0163 0.1336 0.0324 
   GL.76B/94 0.1215 0.0015 0.3531 0.0749 0.1294 0.0037 0.2962 0.0086 0.0045 0.0066 
  GL.77M/106 0.0050 0.1198 0.1418 0.0282 0.1853 0.0498 0.0660 0.0064 0.0840 0.3137 
   GL.78/166 0.0454 0.0028 0.3932 0.1271 0.0192 0.1344 0.2626 0.0075 0.0039 0.0039 
    GL.78/53 0.0045 0.0225 0.3877 0.0112 0.0077 0.1564 0.1737 0.0020 0.0679 0.1664 
    GL.78/97 0.0253 0.0078 0.4051 0.0448 0.0146 0.1071 0.2372 0.0034 0.0384 0.1163 
    GL.79/42 0.0434 0.1447 0.3817 0.0030 0.0021 0.1021 0.1968 0.0016 0.0413 0.0832 
    GL.79/45 0.0090 0.1308 0.4062 0.0032 0.0218 0.0744 0.2637 0.0053 0.0088 0.0767 
 GL.81_NT_25 0.0796 0.0020 0.2628 0.0052 0.0633 0.5480 0.0148 0.0067 0.0089 0.0087 
   GLADIATOR 0.1618 0.2245 0.0021 0.1907 0.0733 0.0150 0.1238 0.0042 0.1549 0.0497 
      GLAMIS 0.0256 0.1789 0.0196 0.0587 0.0093 0.3964 0.0286 0.1248 0.1313 0.0269 
 GOLDEN_MILL 0.0147 0.0180 0.0510 0.0034 0.0726 0.2074 0.0134 0.1554 0.0124 0.4517 
 GOLDEN_NUGG 0.3572 0.3830 0.0098 0.0017 0.0137 0.0052 0.0154 0.1799 0.0177 0.0165 
 GOLDEN_WOND 0.1245 0.1097 0.4612 0.0890 0.0077 0.0099 0.1280 0.0036 0.0131 0.0533 
     GRANOLA 0.0063 0.0693 0.0526 0.0111 0.0146 0.0218 0.2246 0.0736 0.3351 0.1911 
    H1H3_101 0.0038 0.0012 0.2346 0.0256 0.0080 0.7072 0.0060 0.0028 0.0036 0.0071 
      H1H3_3 0.0781 0.1260 0.1481 0.0146 0.0093 0.3336 0.0040 0.1519 0.0071 0.1272 
 HARBOROUGH_ 0.0246 0.0043 0.0027 0.0083 0.0055 0.3338 0.0013 0.0628 0.0171 0.5396 
   HARLEQUIN 0.0159 0.1768 0.1447 0.0104 0.0352 0.0241 0.0845 0.0031 0.3808 0.1243 
      HERMES 0.1015 0.0040 0.0222 0.1572 0.2047 0.0561 0.2220 0.0045 0.2223 0.0054 
 HIGHLAND_BU 0.0948 0.0019 0.7033 0.0017 0.0032 0.0040 0.0683 0.0712 0.0018 0.0498 
  HOME_GUARD 0.0573 0.2048 0.2660 0.0581 0.0904 0.0844 0.0016 0.1393 0.0778 0.0204 
     HORIZON 0.3297 0.0856 0.1562 0.0035 0.0186 0.0803 0.1336 0.1105 0.0789 0.0030 
   INNOVATOR 0.2167 0.0034 0.1389 0.3419 0.0501 0.0046 0.0219 0.2122 0.0035 0.0068 
 INTERNATION 0.1229 0.0020 0.7873 0.0256 0.0128 0.0057 0.0272 0.0035 0.0101 0.0029 
 ISLE_OF_JUR 0.0056 0.0163 0.0919 0.0172 0.1201 0.4078 0.0710 0.1849 0.0434 0.0417 
    JULIETTE 0.0636 0.0185 0.0912 0.0028 0.0245 0.0048 0.0732 0.0786 0.6075 0.0352 
     KARLENA 0.1784 0.0025 0.0624 0.3230 0.2304 0.0159 0.1375 0.0046 0.0089 0.0363 
 KERR'S_PINK 0.0271 0.1319 0.4233 0.1910 0.0680 0.0570 0.0167 0.0537 0.0061 0.0252 
     KESTREL 0.0057 0.3377 0.0046 0.0070 0.3170 0.2551 0.0045 0.0043 0.0443 0.0197 
       KIFLI 0.0044 0.0423 0.0179 0.0712 0.0052 0.0346 0.3881 0.0043 0.2212 0.2108 
 KING_EDWARD 0.0071 0.1114 0.6565 0.0447 0.0020 0.0517 0.0850 0.0037 0.0156 0.0223 
    KINGSTON 0.1152 0.0171 0.1363 0.0023 0.0631 0.3151 0.0049 0.0697 0.0456 0.2307 
 KUFRI_CHAND 0.0925 0.1023 0.1757 0.2333 0.0398 0.0802 0.0032 0.1406 0.1279 0.0045 
 KUFRI_JYOTI 0.0825 0.0484 0.0840 0.0227 0.2309 0.0046 0.1565 0.1796 0.0222 0.1686 
      KURODA 0.2634 0.0054 0.0038 0.1624 0.1037 0.0202 0.1606 0.1456 0.1300 0.0049 
 LADY_BALFOU 0.0100 0.1245 0.1263 0.0472 0.3091 0.1366 0.0518 0.1293 0.0048 0.0603 
 LADY_CHRIST 0.3200 0.0804 0.1637 0.0660 0.0090 0.0146 0.2108 0.0442 0.0099 0.0814 
 LADY_CLAIRE 0.4578 0.0010 0.1135 0.0070 0.0056 0.0062 0.1344 0.0969 0.1754 0.0023 
     LADY_JO 0.4914 0.0040 0.1884 0.0649 0.0044 0.0176 0.1497 0.0745 0.0025 0.0025 
 LADY_ROSETT 0.3201 0.2879 0.0434 0.0674 0.0065 0.0548 0.1480 0.0190 0.0080 0.0449 
    LIBERTAS 0.5031 0.0087 0.1383 0.0165 0.0601 0.0043 0.2579 0.0039 0.0013 0.0057 
       LINDA 0.0041 0.0110 0.1856 0.0108 0.0704 0.0049 0.2248 0.0230 0.4566 0.0087 
      LINTON 0.1247 0.0637 0.0066 0.2273 0.1293 0.1278 0.0791 0.0027 0.2303 0.0086 
 LINZER_DELI 0.0622 0.1698 0.0866 0.0538 0.0030 0.0045 0.2965 0.0202 0.1985 0.1051 
   LIONHEART 0.3228 0.0632 0.0202 0.1070 0.0457 0.0095 0.0858 0.1898 0.1083 0.0475 
   MADELEINE 0.1422 0.1259 0.0340 0.0028 0.0081 0.0203 0.2235 0.1563 0.2405 0.0465 
   MADINGLEY 0.0148 0.0172 0.0023 0.2146 0.1543 0.0936 0.2358 0.0024 0.1984 0.0665 
    MAJESTIC 0.0079 0.1724 0.1135 0.2537 0.0403 0.0093 0.0121 0.3324 0.0262 0.0323 
     MARABEL 0.1394 0.0379 0.0038 0.0654 0.0120 0.0085 0.2324 0.2344 0.2540 0.0122 
     MARFONA 0.3775 0.0793 0.0898 0.0995 0.0191 0.0640 0.1140 0.1380 0.0137 0.0050 
     MARILYN 0.0589 0.0521 0.0612 0.0241 0.1048 0.0068 0.2136 0.1353 0.2744 0.0687 
 MARIS_ANCHO 0.0488 0.0970 0.1329 0.1120 0.0048 0.0620 0.2180 0.2361 0.0493 0.0390 
  MARIS_BARD 0.2071 0.0116 0.1282 0.0925 0.0419 0.2311 0.0066 0.2684 0.0014 0.0113 
  MARIS_PEER 0.0066 0.1564 0.1579 0.1745 0.1410 0.1490 0.0045 0.1246 0.0759 0.0095 
 MARIS_PIPER 0.0238 0.0050 0.0680 0.0042 0.0062 0.7867 0.0039 0.0048 0.0406 0.0568 
     MARKIES 0.3163 0.0749 0.0611 0.0412 0.0213 0.0092 0.1872 0.0138 0.2670 0.0079 
      MAXINE 0.0164 0.2953 0.0082 0.1654 0.0376 0.3687 0.0059 0.0427 0.0466 0.0134 
      MEGARA 0.3309 0.0308 0.0541 0.0045 0.0310 0.0189 0.1129 0.0724 0.3297 0.0148 
      MELODY 0.2016 0.0149 0.0752 0.0516 0.1185 0.0538 0.2178 0.0792 0.1235 0.0638 
       MIDAS 0.0949 0.0142 0.0364 0.0055 0.0094 0.4792 0.1205 0.0043 0.2036 0.0321 
       MILVA 0.0858 0.0146 0.1211 0.0158 0.0161 0.0095 0.2709 0.1791 0.2183 0.0688 
        MIMI 0.2585 0.2821 0.0297 0.0023 0.0224 0.1787 0.0718 0.0381 0.0105 0.1059 
        MIRA 0.2851 0.0038 0.1422 0.0038 0.0109 0.0143 0.2380 0.2939 0.0043 0.0037 
       MOIRA 0.0139 0.0230 0.0978 0.0343 0.1221 0.0701 0.2261 0.2505 0.1268 0.0353 
    MONTROSE 0.0050 0.0034 0.1585 0.0057 0.0140 0.3126 0.0226 0.0043 0.0044 0.4694 
       MORAG 0.0157 0.2200 0.1689 0.0106 0.1168 0.0498 0.0334 0.2001 0.0021 0.1825 
      MORENE 0.3935 0.0080 0.0972 0.0865 0.0420 0.0025 0.1931 0.1645 0.0084 0.0043 
      MOZART 0.1666 0.1080 0.0017 0.0066 0.0042 0.0030 0.1149 0.1632 0.2737 0.1580 
 MYATT'S_ASH 0.1255 0.0013 0.6374 0.0266 0.0189 0.0058 0.1071 0.0453 0.0303 0.0018 
      NADINE 0.0400 0.3133 0.0038 0.0073 0.0364 0.3303 0.0209 0.0346 0.1247 0.0887 
       NAVAN 0.0071 0.1427 0.0235 0.0113 0.0136 0.6349 0.0092 0.1018 0.0099 0.0460 
 NDTX_4271_5 0.0040 0.3857 0.0093 0.2099 0.0027 0.0741 0.0146 0.0067 0.1614 0.1316 
      NICOLA 0.0242 0.0052 0.1235 0.0624 0.0070 0.0042 0.2934 0.0902 0.3863 0.0034 
     NOVELLA 0.1494 0.1398 0.0203 0.0068 0.0673 0.0225 0.1785 0.2885 0.1170 0.0100 
     OLYMPUS 0.0143 0.1691 0.0952 0.1200 0.0267 0.1118 0.0092 0.0466 0.0506 0.3565 
       OPERA 0.2929 0.1091 0.0069 0.0722 0.1000 0.0104 0.0548 0.0430 0.2081 0.1027 
   ORCHESTRA 0.1634 0.0952 0.0476 0.0055 0.0108 0.0855 0.1610 0.1113 0.2869 0.0328 
      ORIANA 0.0724 0.0068 0.0099 0.1257 0.1051 0.0070 0.3272 0.3014 0.0423 0.0022 
     OTHELLO 0.0070 0.2601 0.0193 0.0756 0.4973 0.0532 0.0037 0.0048 0.0673 0.0118 
     PALADIN 0.0681 0.0042 0.1328 0.0494 0.0050 0.6027 0.0081 0.0093 0.0041 0.1165 
       PANDA 0.0251 0.1041 0.0062 0.0137 0.0580 0.0617 0.2497 0.0172 0.4046 0.0598 
   PARAMOUNT 0.0940 0.2734 0.0132 0.0177 0.2924 0.0031 0.2107 0.0391 0.0074 0.0490 
    PATRONES 0.1940 0.0382 0.1530 0.1097 0.0274 0.0567 0.1358 0.1485 0.1296 0.0070 
 PENTLAND_AC 0.0982 0.2655 0.1406 0.0130 0.0599 0.1281 0.0742 0.1708 0.0433 0.0065 
 PENTLAND_BE 0.0135 0.0238 0.3639 0.1125 0.1171 0.0472 0.1216 0.1964 0.0016 0.0025 
 PENTLAND_CR 0.2016 0.0070 0.1089 0.0182 0.0993 0.0044 0.0066 0.2842 0.0180 0.2517 
 PENTLAND_DE 0.0036 0.1375 0.2051 0.1148 0.0837 0.0043 0.0705 0.1828 0.0027 0.1950 
 PENTLAND_IV 0.0022 0.3100 0.1083 0.1284 0.0593 0.0128 0.0045 0.2038 0.0809 0.0898 
 PENTLAND_JA 0.1178 0.0254 0.0795 0.2859 0.0475 0.0132 0.0216 0.2545 0.0139 0.1408 
 PENTLAND_MA 0.0597 0.0045 0.0484 0.0552 0.2010 0.0136 0.2401 0.3241 0.0128 0.0405 
 PENTLAND_SQ 0.0520 0.0525 0.1994 0.0370 0.0870 0.0049 0.0103 0.2662 0.0402 0.2506 
   PEPO_1978 0.0066 0.0032 0.0337 0.0313 0.0128 0.1288 0.3421 0.1879 0.2236 0.0300 
     PICASSO 0.1232 0.0264 0.0023 0.0426 0.5171 0.0809 0.0456 0.0871 0.0701 0.0049 
   PIMPERNEL 0.3310 0.0421 0.0614 0.0047 0.0686 0.0082 0.3007 0.0107 0.0380 0.1345 
     PIONEER 0.0055 0.0088 0.2016 0.0071 0.0085 0.0037 0.0510 0.0641 0.5859 0.0639 
       PIXIE 0.1112 0.3098 0.0034 0.0049 0.1959 0.1561 0.0026 0.0050 0.0902 0.1207 
    PREMIERE 0.2725 0.0024 0.1945 0.0128 0.0045 0.0558 0.1564 0.2950 0.0022 0.0039 
   PRODUCENT 0.3666 0.1109 0.0224 0.0517 0.0039 0.1303 0.0998 0.0105 0.1506 0.0533 
     PROVOST 0.0347 0.0594 0.1060 0.2029 0.1347 0.0068 0.1065 0.1885 0.0231 0.1374 
  R.P.LUSTRE 0.0025 0.1745 0.2216 0.0289 0.0081 0.1227 0.0930 0.1475 0.1072 0.0941 
 RANGER_RUSS 0.0485 0.0046 0.1758 0.4747 0.0993 0.0029 0.0902 0.0911 0.0111 0.0019 
       RATTE 0.0070 0.1283 0.3400 0.0493 0.0025 0.0104 0.1675 0.0014 0.0141 0.2795 
      RECORD 0.4821 0.0124 0.1489 0.0126 0.0267 0.0054 0.2735 0.0329 0.0027 0.0027 
   REMBRANDT 0.3933 0.0098 0.1238 0.0763 0.0089 0.0221 0.0032 0.0638 0.2581 0.0405 
    RIO_ROJO 0.0400 0.2522 0.0100 0.3356 0.0536 0.0067 0.1114 0.0068 0.0607 0.1230 
      ROBIJN 0.2739 0.0041 0.1207 0.0398 0.0235 0.0055 0.4211 0.0937 0.0032 0.0146 
      ROCKET 0.0084 0.1657 0.0928 0.0482 0.0103 0.4408 0.0641 0.0526 0.0019 0.1152 
   RODE_STAR 0.1662 0.1009 0.1705 0.0015 0.0036 0.0095 0.4666 0.0017 0.0082 0.0714 
      ROMANO 0.0886 0.2226 0.0023 0.0066 0.1310 0.0079 0.3325 0.1271 0.0045 0.0769 
       ROMEO 0.0036 0.2651 0.1490 0.0118 0.1882 0.0034 0.1465 0.0147 0.0838 0.1339 
     ROOSTER 0.0717 0.0453 0.0940 0.0246 0.1376 0.0046 0.1104 0.2365 0.0117 0.2637 
       ROYAL 0.0722 0.0232 0.0177 0.0268 0.0648 0.3295 0.1791 0.0031 0.2562 0.0274 
 ROYAL_KIDNE 0.0684 0.0474 0.4087 0.2644 0.0108 0.0031 0.0039 0.1887 0.0021 0.0024 
     RUBESSE 0.1478 0.2056 0.0693 0.0733 0.0380 0.0043 0.0692 0.1088 0.2275 0.0563 
 RUSSET_BURB 0.0435 0.1670 0.1114 0.4320 0.0115 0.0060 0.0715 0.1082 0.0198 0.0291 
 RUSSET_NORK 0.0018 0.1990 0.0652 0.4763 0.0043 0.0093 0.0154 0.0657 0.1408 0.0223 
      SAFARI 0.2873 0.1721 0.0048 0.0039 0.0485 0.0044 0.1261 0.2529 0.0506 0.0495 
     SANTANA 0.3228 0.0718 0.0193 0.2149 0.0477 0.0632 0.0971 0.0182 0.1043 0.0407 
       SANTE 0.4074 0.2335 0.0477 0.0024 0.0071 0.0133 0.0641 0.0689 0.0724 0.0831 
     SAPHIRE 0.3486 0.0417 0.0035 0.1981 0.0172 0.0073 0.0105 0.1639 0.1310 0.0781 
  SARPO_MIRA 0.0578 0.2559 0.0216 0.0621 0.0197 0.0506 0.3789 0.0020 0.1322 0.0192 
 SARPO_SHONA 0.1106 0.2259 0.0053 0.0300 0.0270 0.0344 0.3990 0.0038 0.1172 0.0468 
       SASSY 0.2111 0.1221 0.1099 0.1328 0.0141 0.0715 0.2171 0.0239 0.0412 0.0564 
     SATURNA 0.2096 0.0145 0.1127 0.0160 0.0055 0.0806 0.4133 0.0068 0.1213 0.0199 
        SAVA 0.0719 0.1903 0.0308 0.0447 0.0063 0.1044 0.1383 0.1122 0.2968 0.0042 
       SAXON 0.0103 0.0317 0.0940 0.0021 0.0352 0.4455 0.0101 0.1815 0.0271 0.1626 
 SCARBOROUGH 0.0024 0.0180 0.0101 0.0030 0.0032 0.4448 0.0040 0.0616 0.0050 0.4478 
 SEFTON_WOND 0.0445 0.1253 0.4245 0.1336 0.0350 0.0711 0.0031 0.1097 0.0036 0.0496 
    SERAFINA 0.0163 0.1652 0.0359 0.0215 0.0201 0.0038 0.3505 0.0761 0.1888 0.1217 
     SETANTA 0.0369 0.0552 0.0116 0.0439 0.1082 0.0122 0.0810 0.1465 0.0102 0.4943 
 SHARPE'S_EX 0.1184 0.0672 0.5349 0.0476 0.0153 0.0769 0.0326 0.0034 0.1005 0.0032 
     SHELAGH 0.1393 0.0820 0.2019 0.0132 0.2187 0.0993 0.0884 0.0257 0.0348 0.0968 
    SHELFORD 0.0656 0.0123 0.0380 0.2268 0.1904 0.0215 0.2783 0.0016 0.1594 0.0060 
     SHEPODY 0.2131 0.0027 0.1470 0.3756 0.1532 0.0037 0.0117 0.0872 0.0019 0.0038 
      SLANEY 0.0079 0.2159 0.0085 0.0055 0.3340 0.1886 0.0031 0.0568 0.1398 0.0400 
        SPEY 0.0653 0.2310 0.0027 0.0029 0.3753 0.1421 0.0020 0.0570 0.0797 0.0421 
      SPUNTA 0.0106 0.1561 0.1389 0.0777 0.1012 0.0206 0.1763 0.0057 0.1735 0.1394 
     STAMINA 0.0403 0.1477 0.0016 0.0402 0.1626 0.5659 0.0024 0.0181 0.0111 0.0102 
    STEMSTER 0.0435 0.1024 0.0422 0.0597 0.0291 0.3408 0.2819 0.0368 0.0243 0.0394 
 STORMONT_EN 0.1759 0.1514 0.0803 0.0625 0.0625 0.1685 0.2008 0.0857 0.0033 0.0092 
    STIRLING 0.0261 0.0621 0.0194 0.0564 0.2541 0.0157 0.0045 0.2812 0.0678 0.2127 
     SYLVANA 0.0506 0.1145 0.0301 0.1713 0.0487 0.0955 0.1745 0.1923 0.1106 0.0120 
         TAY 0.0057 0.0850 0.0047 0.0078 0.1695 0.1247 0.0113 0.1180 0.0123 0.4610 
      TIMATE 0.1648 0.0665 0.0076 0.0931 0.0038 0.0769 0.2229 0.0406 0.2715 0.0524 
      TOLUCA 0.0059 0.0196 0.0176 0.0468 0.1333 0.0053 0.3055 0.2450 0.2037 0.0172 
    TORRIDON 0.1610 0.0056 0.0554 0.0346 0.2393 0.0122 0.1535 0.1604 0.0896 0.0883 
 ULSTER_SCEP 0.0355 0.1822 0.1055 0.0459 0.0126 0.2750 0.0040 0.3285 0.0043 0.0065 
 UMATILLA_RU 0.0566 0.0214 0.2833 0.0090 0.0214 0.2774 0.1364 0.0776 0.0092 0.1078 
 VALES_EMERA 0.0040 0.1851 0.0880 0.0307 0.0166 0.1233 0.0903 0.0441 0.2603 0.1575 
 VALES_EVERE 0.0374 0.1580 0.1322 0.0073 0.2953 0.0255 0.0030 0.0553 0.0157 0.2704 
 VALES_RUSSE 0.0173 0.0346 0.1610 0.4175 0.0106 0.0104 0.0957 0.0631 0.0718 0.1179 
 VALES_SOVER 0.0051 0.0115 0.0017 0.0148 0.5927 0.2368 0.0235 0.0204 0.0075 0.0861 
       VALOR 0.1266 0.2137 0.0019 0.0026 0.3539 0.1736 0.0019 0.0098 0.0095 0.1066 
    VAN_GOGH 0.2849 0.0442 0.0970 0.0064 0.0045 0.0543 0.1771 0.1737 0.1098 0.0481 
     VANTAGE 0.3005 0.0333 0.1567 0.2079 0.0120 0.0336 0.2402 0.0107 0.0022 0.0030 
       VERDI 0.0456 0.0045 0.0801 0.0522 0.0500 0.1198 0.3361 0.0941 0.1504 0.0672 
    VICTORIA 0.2983 0.0371 0.0698 0.1246 0.0174 0.0069 0.0072 0.1560 0.2717 0.0111 
     VIVALDI 0.0211 0.0027 0.0114 0.1132 0.0759 0.0045 0.3197 0.4354 0.0127 0.0034 
       WILJA 0.4295 0.0027 0.1056 0.0782 0.0529 0.0175 0.1577 0.1523 0.0021 0.0016 
     WINSTON 0.0077 0.4197 0.0027 0.0072 0.0718 0.3428 0.0130 0.0697 0.0303 0.0350 
      XD2-21 0.0421 0.2627 0.1761 0.0933 0.0928 0.0528 0.0747 0.1665 0.0031 0.0359 
  YUKON_GOLD 0.0580 0.1547 0.0026 0.2928 0.0082 0.0208 0.0087 0.0258 0.1897 0.2387 
       ZORBA 0.2353 0.0049 0.1337 0.1183 0.0956 0.0066 0.0792 0.2485 0.0667 0.0112 
