  00C133-020 0.4879 0.3613 0.0312 0.0911 0.0145 0.0140 
 01C_071-002 0.1765 0.2431 0.1734 0.1019 0.2543 0.0508 
 02M_012-001 0.5427 0.0805 0.2067 0.1042 0.0610 0.0049 
 03M_016-002 0.3385 0.0133 0.3925 0.0182 0.0129 0.2246 
 03M_034-002 0.4855 0.2068 0.2324 0.0227 0.0390 0.0136 
 04C_055-004 0.4611 0.0178 0.0997 0.2776 0.0916 0.0522 
 04C_126-005 0.2793 0.3776 0.1189 0.1074 0.1000 0.0168 
 04M_034-013 0.4438 0.0090 0.2574 0.0858 0.0588 0.1451 
 05M_002-001 0.1417 0.0581 0.1157 0.1991 0.3266 0.1588 
 05M_004-003 0.2072 0.2134 0.0086 0.1228 0.3535 0.0944 
 05M_012-004 0.2067 0.2368 0.0384 0.1098 0.2072 0.2011 
 06C_127-002 0.3162 0.1453 0.0252 0.4234 0.0060 0.0840 
 12288_AF_23 0.4346 0.1960 0.0095 0.2079 0.0349 0.1172 
    12601AB1 0.3691 0.0910 0.4863 0.0451 0.0046 0.0039 
   12636_A_2 0.4570 0.2101 0.2156 0.0339 0.0065 0.0770 
  15119_AC_5 0.2007 0.5382 0.2206 0.0024 0.0198 0.0183 
     1512C16 0.0188 0.1886 0.2211 0.1976 0.0582 0.3156 
   15144_A_3 0.0114 0.6228 0.0403 0.2906 0.0297 0.0052 
     1563C14 0.0132 0.0346 0.4478 0.2294 0.1999 0.0751 
     2182EF7 0.1074 0.3588 0.0391 0.1830 0.0416 0.2700 
     3681AD1 0.0970 0.3181 0.0496 0.1003 0.3515 0.0835 
     5008AB6 0.0323 0.3261 0.1137 0.2945 0.2251 0.0084 
    8204_A_4 0.1887 0.3587 0.0177 0.2886 0.0204 0.1260 
       AGRIA 0.0821 0.0037 0.0271 0.3097 0.4647 0.1126 
       AILSA 0.5419 0.0119 0.1359 0.2513 0.0055 0.0535 
      ALMERA 0.0838 0.0282 0.0186 0.2313 0.4179 0.2202 
       ALPHA 0.0578 0.0649 0.2307 0.1525 0.3793 0.1149 
      ALWARA 0.0341 0.2935 0.0475 0.2972 0.3067 0.0211 
      AMADRA 0.2137 0.0181 0.1706 0.2639 0.3003 0.0335 
       AMOUR 0.3916 0.4322 0.0509 0.0738 0.0217 0.0298 
        ANNA 0.0152 0.7613 0.1427 0.0058 0.0138 0.0612 
   ANNABELLE 0.0161 0.0207 0.0348 0.4211 0.4238 0.0835 
        ANYA 0.0394 0.0626 0.2095 0.4912 0.1214 0.0758 
       ARGOS 0.2357 0.5023 0.0079 0.0476 0.1132 0.0933 
     ARIELLE 0.0282 0.0632 0.0953 0.3108 0.3652 0.1374 
      ARKULA 0.0126 0.1386 0.1251 0.2038 0.4139 0.1060 
      ARMADA 0.1166 0.0923 0.1318 0.1728 0.3591 0.1273 
   AVALANCHE 0.4421 0.0801 0.0210 0.0065 0.2657 0.1845 
     BAILLIE 0.4776 0.1383 0.0233 0.0966 0.1668 0.0974 
    BALMORAL 0.0404 0.4579 0.0198 0.0101 0.2163 0.2555 
     BAMBINO 0.4896 0.2466 0.0385 0.1071 0.0850 0.0332 
       BARNA 0.1024 0.4043 0.0500 0.3070 0.0853 0.0510 
 BELLE_DE_FO 0.0022 0.0656 0.8341 0.0075 0.0129 0.0778 
       BENOL 0.5668 0.0452 0.2214 0.0762 0.0807 0.0098 
       BF_15 0.0033 0.0569 0.7020 0.0679 0.1432 0.0268 
      BINTJE 0.0674 0.0890 0.3258 0.1096 0.2080 0.2003 
 BIONICA_EX_ 0.1300 0.2109 0.1442 0.1789 0.2464 0.0895 
 BLUE_DANUBE 0.0153 0.1647 0.1501 0.0079 0.5122 0.1497 
      BONNIE 0.2535 0.2224 0.0259 0.2327 0.1720 0.0935 
      BOUNTY 0.4441 0.2918 0.0263 0.0939 0.1068 0.0371 
 BRITISH_QUE 0.0080 0.0423 0.3685 0.0034 0.1418 0.4359 
     BRODICK 0.5458 0.1129 0.0178 0.2937 0.0105 0.0192 
      BRODIE 0.0846 0.5160 0.0744 0.1313 0.0049 0.1887 
      BUCHAN 0.1395 0.4399 0.0424 0.2585 0.0030 0.1167 
      BURREN 0.0749 0.4609 0.1137 0.2064 0.1275 0.0166 
     CABARET 0.4919 0.1072 0.3024 0.0121 0.0105 0.0760 
      CAESAR 0.0777 0.0700 0.0029 0.3711 0.3764 0.1019 
        CARA 0.1246 0.7105 0.0435 0.0950 0.0127 0.0137 
 CARLINGFORD 0.1415 0.2079 0.0156 0.2979 0.0222 0.3149 
  CASABLANCA 0.3304 0.2851 0.0033 0.0043 0.2387 0.1381 
      CELINE 0.1033 0.2765 0.0875 0.1111 0.3933 0.0282 
  CHALLENGER 0.2017 0.0053 0.0964 0.2191 0.2895 0.1881 
   CHARLOTTE 0.1330 0.0165 0.1408 0.6531 0.0499 0.0066 
     CHICAGO 0.4903 0.0125 0.0968 0.1512 0.2426 0.0065 
   CHIEFTAIN 0.0564 0.0835 0.0857 0.4002 0.0068 0.3674 
      CHOPIN 0.0530 0.0509 0.0259 0.2430 0.3824 0.2447 
      CLARET 0.0988 0.6132 0.0370 0.1936 0.0149 0.0426 
      CORINE 0.1877 0.2417 0.0877 0.0074 0.3028 0.1728 
      COSMOS 0.1476 0.0231 0.0546 0.0828 0.4547 0.2372 
     COURAGE 0.0795 0.1433 0.0953 0.2083 0.3169 0.1568 
     COURLAN 0.1252 0.1140 0.0576 0.3242 0.1148 0.2642 
 CRAIGS_ROYA 0.2230 0.3596 0.0585 0.1339 0.0044 0.2206 
 CRAIGS_SNOW 0.1639 0.0721 0.2957 0.0861 0.0456 0.3367 
     CRAMOND 0.4938 0.1618 0.0196 0.1256 0.1157 0.0835 
 CRISPS_FOR_ 0.1266 0.0435 0.0555 0.3343 0.2870 0.1531 
    CROMWELL 0.5933 0.0418 0.2685 0.0119 0.0793 0.0052 
       D22/1 0.4995 0.1035 0.1927 0.0040 0.0474 0.1528 
       D23/3 0.3668 0.0266 0.3134 0.0673 0.0406 0.1854 
      D47-11 0.6427 0.0113 0.2850 0.0031 0.0433 0.0146 
       D49/1 0.7269 0.0024 0.2047 0.0152 0.0413 0.0095 
       DAISY 0.4534 0.0097 0.2332 0.1153 0.1701 0.0183 
 DARK_RED_NO 0.0605 0.1090 0.1040 0.2957 0.0308 0.4000 
     DARWINA 0.1143 0.0204 0.1139 0.1365 0.4184 0.1965 
     DESIREE 0.0036 0.2269 0.1374 0.3780 0.1943 0.0597 
       DITTA 0.0203 0.0100 0.1284 0.3036 0.3538 0.1839 
 DR._MCINTOS 0.1104 0.1574 0.0241 0.1808 0.0179 0.5094 
       DRAGA 0.1839 0.0854 0.0066 0.0985 0.2864 0.3393 
 DUKE_OF_YOR 0.0031 0.0077 0.3435 0.0056 0.2248 0.4154 
 DUNBAR_STAN 0.1731 0.0645 0.2555 0.0430 0.0080 0.4559 
     DUNDROD 0.4606 0.0737 0.1911 0.1734 0.0198 0.0814 
     ECLIPSE 0.0313 0.0033 0.3880 0.2823 0.0033 0.2918 
        EDEN 0.6574 0.0208 0.2590 0.0283 0.0090 0.0255 
 EDZELL_BLUE 0.0590 0.1500 0.3247 0.1424 0.1858 0.1381 
   ELISABETH 0.1806 0.0147 0.0099 0.5026 0.2345 0.0578 
     EMPEROR 0.2222 0.0068 0.0120 0.2913 0.1499 0.3179 
         EOS 0.2955 0.0222 0.0210 0.3787 0.1301 0.1525 
     EPICURE 0.0105 0.0328 0.3619 0.2461 0.0214 0.3272 
  ERNTESTOLZ 0.0435 0.0478 0.2366 0.1814 0.2772 0.2135 
      ESCORT 0.1837 0.0785 0.0115 0.3384 0.3749 0.0130 
   ESMERALDA 0.1596 0.1111 0.1623 0.2484 0.2926 0.0260 
      ESTIMA 0.1546 0.0099 0.0695 0.2275 0.3099 0.2286 
 EVE_BALFOUR 0.1661 0.4255 0.2230 0.0963 0.0133 0.0757 
   EXCALIBUR 0.4660 0.3955 0.0045 0.0959 0.0341 0.0039 
     EXQUISA 0.0040 0.1061 0.1637 0.4313 0.2889 0.0059 
    FESTIVAL 0.1681 0.0316 0.0086 0.3446 0.3943 0.0527 
      FIANNA 0.0560 0.2174 0.0092 0.1483 0.3281 0.2410 
   FIFTYFOLD 0.0566 0.0679 0.5493 0.1685 0.0212 0.1366 
     FONTANE 0.2081 0.0048 0.0155 0.2101 0.3962 0.1652 
   FORTYFOLD 0.0030 0.0221 0.5424 0.0052 0.2338 0.1935 
 FRONTIER_RU 0.1127 0.0059 0.1333 0.2806 0.0325 0.4351 
     G.81071 0.1926 0.2179 0.0703 0.2113 0.0951 0.2128 
     G.88661 0.2720 0.0402 0.0050 0.2529 0.0907 0.3392 
    G.886611 0.2660 0.0641 0.0029 0.3862 0.0089 0.2719 
  G.8867Y%12 0.1135 0.1497 0.0043 0.3618 0.0287 0.3420 
     G.88839 0.0073 0.0073 0.0207 0.5570 0.4030 0.0048 
     G.88842 0.0218 0.1446 0.0131 0.3269 0.3628 0.1308 
   GALACTICA 0.0061 0.3962 0.1490 0.0047 0.3366 0.1074 
      GEMSON 0.1381 0.2840 0.1299 0.1588 0.0121 0.2772 
  GL.76B/102 0.1414 0.0059 0.3536 0.1970 0.1875 0.1147 
   GL.76B/94 0.0030 0.1491 0.5329 0.0256 0.2725 0.0169 
  GL.77M/106 0.2454 0.2651 0.1842 0.2890 0.0058 0.0104 
   GL.78/166 0.0171 0.0447 0.6118 0.0089 0.2022 0.1154 
    GL.78/53 0.2052 0.0144 0.5489 0.2157 0.0091 0.0068 
    GL.78/97 0.1081 0.0215 0.5810 0.1480 0.1192 0.0222 
    GL.79/42 0.1439 0.0063 0.5493 0.2496 0.0468 0.0041 
    GL.79/45 0.0606 0.0977 0.5809 0.2236 0.0325 0.0047 
 GL.81_NT_25 0.4843 0.0313 0.3905 0.0028 0.0823 0.0088 
   GLADIATOR 0.1340 0.1247 0.0060 0.3311 0.2291 0.1750 
      GLAMIS 0.4370 0.0368 0.0413 0.2027 0.1221 0.1600 
 GOLDEN_MILL 0.4811 0.1962 0.1213 0.1739 0.0181 0.0094 
 GOLDEN_NUGG 0.1237 0.3159 0.0184 0.1634 0.3680 0.0106 
 GOLDEN_WOND 0.0382 0.0250 0.5594 0.1519 0.0890 0.1367 
     GRANOLA 0.1292 0.0132 0.1048 0.5623 0.1838 0.0067 
    H1H3_101 0.6120 0.0044 0.3664 0.0024 0.0058 0.0090 
      H1H3_3 0.4460 0.0880 0.1798 0.0422 0.0707 0.1732 
 HARBOROUGH_ 0.7224 0.0531 0.0186 0.1468 0.0283 0.0308 
   HARLEQUIN 0.1468 0.0384 0.1736 0.5380 0.0905 0.0127 
      HERMES 0.0525 0.1612 0.1283 0.2356 0.3428 0.0795 
 HIGHLAND_BU 0.0112 0.0229 0.8084 0.0063 0.1063 0.0449 
  HOME_GUARD 0.2027 0.1480 0.2048 0.1508 0.0130 0.2807 
     HORIZON 0.0866 0.1180 0.2502 0.0846 0.4284 0.0322 
   INNOVATOR 0.0055 0.1062 0.1380 0.0046 0.2657 0.4801 
 INTERNATION 0.0043 0.0079 0.8589 0.0041 0.0470 0.0777 
 ISLE_OF_JUR 0.4315 0.1652 0.1528 0.1164 0.0867 0.0473 
    JULIETTE 0.0328 0.0079 0.0551 0.5940 0.3037 0.0065 
     KARLENA 0.0298 0.2301 0.1821 0.0083 0.2832 0.2665 
 KERR'S_PINK 0.0881 0.0730 0.4305 0.0729 0.0065 0.3291 
     KESTREL 0.3800 0.3769 0.0067 0.2071 0.0047 0.0246 
       KIFLI 0.1110 0.0072 0.1850 0.5038 0.1862 0.0068 
 KING_EDWARD 0.0315 0.0028 0.7199 0.1311 0.0048 0.1099 
    KINGSTON 0.4690 0.1490 0.2093 0.0757 0.0918 0.0051 
 KUFRI_CHAND 0.1182 0.0647 0.1515 0.1481 0.1210 0.3965 
 KUFRI_JYOTI 0.0401 0.3699 0.1318 0.2119 0.1720 0.0743 
      KURODA 0.0445 0.1302 0.0142 0.1347 0.4808 0.1956 
 LADY_BALFOU 0.1911 0.3982 0.1431 0.0954 0.0307 0.1417 
 LADY_CHRIST 0.0842 0.0590 0.2848 0.0872 0.4094 0.0754 
 LADY_CLAIRE 0.0084 0.0196 0.2149 0.0063 0.7008 0.0500 
     LADY_JO 0.0128 0.0159 0.2839 0.0021 0.5507 0.1345 
 LADY_ROSETT 0.1530 0.0833 0.1307 0.1702 0.3246 0.1381 
    LIBERTAS 0.0033 0.1692 0.3028 0.0023 0.5145 0.0080 
       LINDA 0.0053 0.0082 0.2171 0.5568 0.2060 0.0067 
      LINTON 0.1941 0.0913 0.0440 0.2231 0.2579 0.1897 
 LINZER_DELI 0.0290 0.0134 0.1986 0.4500 0.2626 0.0464 
   LIONHEART 0.0900 0.1093 0.0211 0.1249 0.4431 0.2116 
   MADELEINE 0.0974 0.0415 0.0799 0.3994 0.3691 0.0127 
   MADINGLEY 0.1509 0.1323 0.0456 0.3303 0.2587 0.0822 
    MAJESTIC 0.0520 0.1579 0.0367 0.2031 0.0288 0.5216 
     MARABEL 0.0251 0.0318 0.0125 0.3450 0.4789 0.1067 
     MARFONA 0.1276 0.0700 0.1475 0.0160 0.4534 0.1855 
     MARILYN 0.0271 0.1369 0.0902 0.3899 0.3066 0.0493 
 MARIS_ANCHO 0.0846 0.0303 0.1721 0.2201 0.2587 0.2342 
  MARIS_BARD 0.2512 0.1482 0.1142 0.0022 0.2015 0.2827 
  MARIS_PEER 0.1747 0.1877 0.1388 0.1558 0.0106 0.3323 
 MARIS_PIPER 0.7680 0.0048 0.1803 0.0054 0.0357 0.0058 
     MARKIES 0.0226 0.0412 0.1269 0.3012 0.4641 0.0440 
      MAXINE 0.4232 0.1019 0.0199 0.1512 0.0205 0.2833 
      MEGARA 0.0902 0.0309 0.0768 0.2960 0.4919 0.0142 
      MELODY 0.0905 0.1624 0.1668 0.1753 0.3820 0.0229 
       MIDAS 0.4657 0.0056 0.1543 0.1653 0.2047 0.0044 
       MILVA 0.0223 0.0438 0.1950 0.3536 0.3565 0.0288 
        MIMI 0.3167 0.2029 0.1228 0.0894 0.2611 0.0071 
        MIRA 0.0075 0.1256 0.2307 0.0080 0.5480 0.0802 
       MOIRA 0.0588 0.1727 0.1266 0.2531 0.2572 0.1317 
    MONTROSE 0.5355 0.0664 0.2831 0.1051 0.0058 0.0041 
       MORAG 0.1680 0.3317 0.1818 0.1319 0.0106 0.1760 
      MORENE 0.0031 0.1448 0.1615 0.0111 0.5394 0.1401 
      MOZART 0.1204 0.0218 0.0025 0.4656 0.3419 0.0478 
 MYATT'S_ASH 0.0028 0.0087 0.7234 0.0048 0.1643 0.0960 
      NADINE 0.4603 0.1050 0.0105 0.2920 0.0614 0.0707 
       NAVAN 0.6759 0.0700 0.0802 0.0536 0.0291 0.0912 
 NDTX_4271_5 0.2371 0.0094 0.0103 0.4827 0.0039 0.2565 
      NICOLA 0.0033 0.0043 0.1686 0.4343 0.3615 0.0280 
     NOVELLA 0.0527 0.2103 0.0280 0.2523 0.3538 0.1029 
     OLYMPUS 0.3296 0.1253 0.1138 0.2838 0.0062 0.1413 
       OPERA 0.1525 0.1251 0.0089 0.2522 0.3574 0.1038 
   ORCHESTRA 0.1492 0.0259 0.0852 0.3577 0.3647 0.0173 
      ORIANA 0.0038 0.1781 0.0671 0.1542 0.3967 0.2000 
     OTHELLO 0.1606 0.5279 0.0079 0.1884 0.0043 0.1110 
     PALADIN 0.6352 0.0074 0.2441 0.0044 0.0441 0.0648 
       PANDA 0.1128 0.0189 0.0309 0.5540 0.2755 0.0080 
   PARAMOUNT 0.0193 0.4818 0.0511 0.2414 0.1670 0.0393 
    PATRONES 0.0735 0.0417 0.1908 0.1461 0.3279 0.2201 
 PENTLAND_AC 0.1607 0.1906 0.1454 0.1934 0.1260 0.1840 
 PENTLAND_BE 0.0120 0.1941 0.4183 0.0061 0.0782 0.2913 
 PENTLAND_CR 0.1546 0.2439 0.0933 0.1004 0.2294 0.1785 
 PENTLAND_DE 0.0661 0.2584 0.2204 0.1904 0.0093 0.2554 
 PENTLAND_IV 0.1190 0.1787 0.0366 0.3406 0.0033 0.3219 
 PENTLAND_JA 0.1108 0.1181 0.0712 0.0929 0.1710 0.4360 
 PENTLAND_MA 0.0082 0.3338 0.0924 0.1320 0.3030 0.1306 
 PENTLAND_SQ 0.1248 0.2094 0.1695 0.1976 0.0738 0.2250 
   PEPO_1978 0.1054 0.0165 0.1412 0.3512 0.3516 0.0342 
     PICASSO 0.1528 0.4998 0.0038 0.0402 0.2633 0.0402 
   PIMPERNEL 0.0445 0.1491 0.2103 0.1665 0.4246 0.0049 
     PIONEER 0.0188 0.0061 0.1683 0.6151 0.1735 0.0182 
       PIXIE 0.3823 0.2899 0.0059 0.2566 0.0418 0.0235 
    PREMIERE 0.0480 0.0638 0.2458 0.0042 0.4580 0.1801 
   PRODUCENT 0.2320 0.0108 0.1050 0.1605 0.4207 0.0711 
     PROVOST 0.0559 0.2147 0.1222 0.1820 0.1397 0.2855 
  R.P.LUSTRE 0.2057 0.0285 0.2299 0.3406 0.0114 0.1839 
 RANGER_RUSS 0.0029 0.0896 0.2031 0.0179 0.1473 0.5391 
       RATTE 0.1555 0.0145 0.4998 0.2814 0.0118 0.0370 
      RECORD 0.0051 0.1221 0.2926 0.0065 0.5615 0.0123 
   REMBRANDT 0.1383 0.0142 0.1189 0.1250 0.4212 0.1825 
    RIO_ROJO 0.0999 0.1453 0.0474 0.3206 0.0614 0.3254 
      ROBIJN 0.0035 0.0895 0.3178 0.0372 0.5289 0.0231 
      ROCKET 0.5031 0.0925 0.1983 0.0634 0.0191 0.1235 
   RODE_STAR 0.0089 0.0195 0.4106 0.2193 0.3399 0.0017 
      ROMANO 0.0410 0.3397 0.0176 0.2790 0.3112 0.0116 
       ROMEO 0.0431 0.3104 0.1887 0.3966 0.0085 0.0527 
     ROOSTER 0.1059 0.2916 0.1166 0.2037 0.1327 0.1495 
       ROYAL 0.3294 0.0155 0.1342 0.2770 0.2379 0.0060 
 ROYAL_KIDNE 0.0038 0.0522 0.3801 0.0046 0.0330 0.5264 
     RUBESSE 0.0508 0.1234 0.0638 0.3732 0.2192 0.1696 
 RUSSET_BURB 0.0380 0.0361 0.1124 0.1683 0.0960 0.5492 
 RUSSET_NORK 0.0707 0.0040 0.0328 0.3329 0.0038 0.5559 
      SAFARI 0.0515 0.2610 0.0122 0.1971 0.4193 0.0589 
     SANTANA 0.1617 0.0532 0.0841 0.0979 0.3910 0.2121 
       SANTE 0.1766 0.1194 0.1060 0.1671 0.4198 0.0111 
     SAPHIRE 0.1331 0.0679 0.0048 0.1105 0.4083 0.2753 
  SARPO_MIRA 0.0459 0.0957 0.1811 0.4072 0.2612 0.0089 
 SARPO_SHONA 0.0487 0.1103 0.1045 0.3867 0.3432 0.0066 
       SASSY 0.0898 0.0759 0.2272 0.1735 0.2819 0.1518 
     SATURNA 0.0259 0.0065 0.2917 0.2161 0.4548 0.0050 
        SAVA 0.1389 0.0111 0.0311 0.4008 0.2717 0.1463 
       SAXON 0.5430 0.1291 0.1555 0.1069 0.0420 0.0234 
 SCARBOROUGH 0.7276 0.0217 0.0863 0.1511 0.0041 0.0091 
 SEFTON_WOND 0.1549 0.0794 0.4150 0.0272 0.0062 0.3173 
    SERAFINA 0.0095 0.1082 0.1386 0.4857 0.2435 0.0145 
     SETANTA 0.3043 0.2564 0.0431 0.2889 0.0364 0.0710 
 SHARPE'S_EX 0.0817 0.0153 0.5972 0.1128 0.0754 0.1177 
     SHELAGH 0.1573 0.2933 0.2761 0.1206 0.1310 0.0216 
    SHELFORD 0.0182 0.1603 0.1836 0.2435 0.2864 0.1079 
     SHEPODY 0.0059 0.1971 0.1591 0.0028 0.2036 0.4316 
      SLANEY 0.2972 0.3989 0.0093 0.2318 0.0146 0.0483 
        SPEY 0.2909 0.4759 0.0038 0.1693 0.0405 0.0195 
      SPUNTA 0.1250 0.1450 0.2093 0.3975 0.0886 0.0346 
     STAMINA 0.6219 0.2091 0.0041 0.0134 0.0628 0.0887 
    STEMSTER 0.2874 0.1017 0.1969 0.1589 0.2270 0.0281 
 STORMONT_EN 0.1785 0.1632 0.1839 0.0683 0.2710 0.1350 
    STIRLING 0.1973 0.3578 0.0070 0.1983 0.0707 0.1688 
     SYLVANA 0.1184 0.0891 0.0472 0.2420 0.2630 0.2403 
         TAY 0.4284 0.2751 0.0114 0.2564 0.0089 0.0198 
      TIMATE 0.1359 0.0051 0.0517 0.3672 0.3913 0.0488 
      TOLUCA 0.0059 0.1693 0.0350 0.3731 0.3319 0.0848 
    TORRIDON 0.0654 0.3095 0.1064 0.1368 0.3158 0.0661 
 ULSTER_SCEP 0.3304 0.1453 0.0627 0.0394 0.0753 0.3468 
 UMATILLA_RU 0.2946 0.0710 0.4017 0.0427 0.1522 0.0378 
 VALES_EMERA 0.2622 0.0551 0.1065 0.4943 0.0270 0.0550 
 VALES_EVERE 0.2675 0.4004 0.1281 0.1389 0.0083 0.0568 
 VALES_RUSSE 0.0522 0.0166 0.2192 0.1898 0.0754 0.4470 
 VALES_SOVER 0.3343 0.5943 0.0050 0.0217 0.0356 0.0090 
       VALOR 0.3826 0.4670 0.0034 0.0758 0.0609 0.0103 
    VAN_GOGH 0.1130 0.0296 0.1598 0.1603 0.4761 0.0611 
     VANTAGE 0.0103 0.0743 0.2962 0.0048 0.3849 0.2294 
       VERDI 0.0970 0.0589 0.2192 0.2395 0.3626 0.0228 
    VICTORIA 0.0672 0.0267 0.0237 0.2029 0.4045 0.2749 
     VIVALDI 0.0035 0.1481 0.0181 0.1502 0.4314 0.2487 
       WILJA 0.0079 0.1391 0.1796 0.0018 0.5284 0.1432 
     WINSTON 0.4558 0.1920 0.0045 0.2712 0.0086 0.0679 
      XD2-21 0.1086 0.2455 0.1719 0.1631 0.0435 0.2674 
  YUKON_GOLD 0.2482 0.0091 0.0046 0.3581 0.0795 0.3005 
       ZORBA 0.0139 0.1777 0.1444 0.0170 0.3976 0.2494 
