  00C133-020 0.4895 0.0850 0.0318 0.3585 0.0163 0.0190 
 01C_071-002 0.1778 0.1058 0.1716 0.2388 0.0533 0.2527 
 02M_012-001 0.5472 0.1032 0.2037 0.0862 0.0051 0.0546 
 03M_016-002 0.3425 0.0204 0.3877 0.0168 0.2209 0.0116 
 03M_034-002 0.4898 0.0183 0.2307 0.2097 0.0136 0.0378 
 04C_055-004 0.4649 0.2759 0.1008 0.0178 0.0488 0.0918 
 04C_126-005 0.2787 0.1050 0.1192 0.3751 0.0186 0.1035 
 04M_034-013 0.4511 0.0875 0.2526 0.0106 0.1429 0.0554 
 05M_002-001 0.1413 0.2007 0.1172 0.0559 0.1575 0.3274 
 05M_004-003 0.2073 0.1256 0.0087 0.2069 0.0961 0.3554 
 05M_012-004 0.2071 0.1091 0.0369 0.2316 0.2024 0.2129 
 06C_127-002 0.3204 0.4131 0.0314 0.1506 0.0784 0.0061 
 12288_AF_23 0.4377 0.2073 0.0091 0.1953 0.1137 0.0369 
    12601AB1 0.3772 0.0381 0.4827 0.0921 0.0040 0.0059 
   12636_A_2 0.4615 0.0341 0.2145 0.2112 0.0716 0.0071 
  15119_AC_5 0.2035 0.0023 0.2186 0.5340 0.0215 0.0202 
     1512C16 0.0205 0.1948 0.2217 0.1849 0.3109 0.0671 
   15144_A_3 0.0120 0.2883 0.0459 0.6215 0.0062 0.0261 
     1563C14 0.0160 0.2309 0.4483 0.0375 0.0725 0.1949 
     2182EF7 0.1082 0.1820 0.0394 0.3528 0.2693 0.0482 
     3681AD1 0.0931 0.1004 0.0604 0.3115 0.0775 0.3571 
     5008AB6 0.0378 0.2900 0.1132 0.3214 0.0090 0.2287 
    8204_A_4 0.1926 0.2801 0.0176 0.3556 0.1264 0.0277 
       AGRIA 0.0771 0.3155 0.0319 0.0040 0.1058 0.4657 
       AILSA 0.5458 0.2459 0.1317 0.0125 0.0580 0.0060 
      ALMERA 0.0821 0.2346 0.0246 0.0212 0.2198 0.4178 
       ALPHA 0.0603 0.1492 0.2323 0.0619 0.1148 0.3814 
      ALWARA 0.0346 0.2982 0.0495 0.2908 0.0231 0.3037 
      AMADRA 0.2144 0.2636 0.1723 0.0230 0.0280 0.2986 
       AMOUR 0.3933 0.0748 0.0483 0.4296 0.0298 0.0242 
        ANNA 0.0176 0.0056 0.1378 0.7517 0.0734 0.0140 
   ANNABELLE 0.0169 0.4228 0.0301 0.0213 0.0840 0.4248 
        ANYA 0.0320 0.4909 0.2132 0.0687 0.0751 0.1200 
       ARGOS 0.2338 0.0520 0.0084 0.4968 0.0956 0.1135 
     ARIELLE 0.0280 0.3147 0.0975 0.0574 0.1394 0.3630 
      ARKULA 0.0161 0.2010 0.1310 0.1338 0.1008 0.4173 
      ARMADA 0.1175 0.1738 0.1353 0.0906 0.1227 0.3600 
   AVALANCHE 0.4413 0.0077 0.0230 0.0759 0.1802 0.2719 
     BAILLIE 0.4780 0.0939 0.0242 0.1381 0.0985 0.1673 
    BALMORAL 0.0357 0.0100 0.0214 0.4519 0.2551 0.2258 
     BAMBINO 0.4908 0.1103 0.0324 0.2389 0.0344 0.0931 
       BARNA 0.0987 0.3056 0.0503 0.4020 0.0596 0.0837 
 BELLE_DE_FO 0.0025 0.0073 0.8341 0.0690 0.0745 0.0127 
       BENOL 0.5686 0.0694 0.2178 0.0482 0.0103 0.0857 
       BF_15 0.0033 0.0695 0.7007 0.0585 0.0249 0.1431 
      BINTJE 0.0702 0.1082 0.3294 0.0916 0.1917 0.2088 
 BIONICA_EX_ 0.1348 0.1755 0.1406 0.2048 0.0897 0.2546 
 BLUE_DANUBE 0.0122 0.0072 0.1523 0.1643 0.1454 0.5186 
      BONNIE 0.2557 0.2301 0.0313 0.2187 0.0926 0.1717 
      BOUNTY 0.4440 0.0994 0.0292 0.2889 0.0354 0.1032 
 BRITISH_QUE 0.0080 0.0036 0.3697 0.0423 0.4296 0.1467 
     BRODICK 0.5510 0.2850 0.0200 0.1143 0.0190 0.0107 
      BRODIE 0.0862 0.1296 0.0748 0.5098 0.1940 0.0055 
      BUCHAN 0.1384 0.2557 0.0482 0.4369 0.1177 0.0032 
      BURREN 0.0738 0.2024 0.1117 0.4595 0.0206 0.1320 
     CABARET 0.4945 0.0105 0.2964 0.1080 0.0798 0.0106 
      CAESAR 0.0741 0.3678 0.0029 0.0807 0.0958 0.3787 
        CARA 0.1221 0.0941 0.0450 0.7081 0.0158 0.0148 
 CARLINGFORD 0.1426 0.2937 0.0196 0.2069 0.3146 0.0226 
  CASABLANCA 0.3268 0.0051 0.0032 0.2801 0.1375 0.2473 
      CELINE 0.1032 0.1100 0.0924 0.2743 0.0229 0.3972 
  CHALLENGER 0.1985 0.2198 0.0996 0.0052 0.1859 0.2910 
   CHARLOTTE 0.1388 0.6498 0.1436 0.0124 0.0065 0.0490 
     CHICAGO 0.4916 0.1476 0.0944 0.0122 0.0075 0.2466 
   CHIEFTAIN 0.0644 0.3984 0.0840 0.0807 0.3648 0.0077 
      CHOPIN 0.0511 0.2464 0.0274 0.0513 0.2390 0.3846 
      CLARET 0.1021 0.1911 0.0332 0.6101 0.0464 0.0172 
      CORINE 0.1881 0.0079 0.0940 0.2362 0.1692 0.3046 
      COSMOS 0.1412 0.0856 0.0573 0.0252 0.2350 0.4556 
     COURAGE 0.0757 0.2061 0.1020 0.1437 0.1549 0.3176 
     COURLAN 0.1284 0.3209 0.0639 0.1166 0.2597 0.1105 
 CRAIGS_ROYA 0.2257 0.1299 0.0591 0.3596 0.2205 0.0052 
 CRAIGS_SNOW 0.1670 0.0900 0.2956 0.0702 0.3317 0.0455 
     CRAMOND 0.4973 0.1208 0.0191 0.1580 0.0841 0.1207 
 CRISPS_FOR_ 0.1243 0.3336 0.0605 0.0502 0.1457 0.2857 
    CROMWELL 0.5947 0.0109 0.2645 0.0484 0.0055 0.0760 
       D22/1 0.5038 0.0040 0.1934 0.0999 0.1524 0.0465 
       D23/3 0.3699 0.0644 0.3126 0.0311 0.1841 0.0379 
      D47-11 0.6472 0.0027 0.2777 0.0122 0.0132 0.0470 
       D49/1 0.7299 0.0145 0.1970 0.0028 0.0119 0.0439 
       DAISY 0.4559 0.1140 0.2303 0.0109 0.0189 0.1700 
 DARK_RED_NO 0.0597 0.2913 0.1035 0.1081 0.3985 0.0390 
     DARWINA 0.1113 0.1373 0.1175 0.0182 0.1963 0.4194 
     DESIREE 0.0036 0.3785 0.1377 0.2324 0.0610 0.1868 
       DITTA 0.0195 0.3049 0.1300 0.0112 0.1831 0.3513 
 DR._MCINTOS 0.1095 0.1771 0.0251 0.1541 0.5068 0.0273 
       DRAGA 0.1805 0.0976 0.0069 0.0863 0.3368 0.2919 
 DUKE_OF_YOR 0.0033 0.0057 0.3456 0.0094 0.4093 0.2267 
 DUNBAR_STAN 0.1733 0.0387 0.2551 0.0760 0.4494 0.0075 
     DUNDROD 0.4651 0.1723 0.1892 0.0738 0.0837 0.0159 
     ECLIPSE 0.0328 0.2815 0.3894 0.0032 0.2898 0.0034 
        EDEN 0.6656 0.0198 0.2553 0.0283 0.0214 0.0096 
 EDZELL_BLUE 0.0589 0.1415 0.3251 0.1515 0.1369 0.1862 
   ELISABETH 0.1821 0.5023 0.0112 0.0127 0.0586 0.2330 
     EMPEROR 0.2230 0.2912 0.0139 0.0074 0.3148 0.1497 
         EOS 0.2959 0.3721 0.0196 0.0269 0.1496 0.1358 
     EPICURE 0.0117 0.2413 0.3641 0.0350 0.3225 0.0254 
  ERNTESTOLZ 0.0395 0.1843 0.2398 0.0511 0.2079 0.2775 
      ESCORT 0.1819 0.3361 0.0163 0.0756 0.0142 0.3760 
   ESMERALDA 0.1591 0.2498 0.1610 0.1093 0.0271 0.2938 
      ESTIMA 0.1545 0.2281 0.0641 0.0096 0.2256 0.3182 
 EVE_BALFOUR 0.1686 0.0924 0.2208 0.4239 0.0793 0.0150 
   EXCALIBUR 0.4676 0.0968 0.0053 0.3956 0.0050 0.0296 
     EXQUISA 0.0043 0.4321 0.1661 0.1104 0.0062 0.2809 
    FESTIVAL 0.1664 0.3427 0.0093 0.0349 0.0497 0.3971 
      FIANNA 0.0627 0.1482 0.0084 0.2116 0.2382 0.3309 
   FIFTYFOLD 0.0640 0.1642 0.5476 0.0647 0.1362 0.0232 
     FONTANE 0.2068 0.2112 0.0208 0.0038 0.1584 0.3989 
   FORTYFOLD 0.0031 0.0046 0.5423 0.0219 0.1938 0.2343 
 FRONTIER_RU 0.1118 0.2775 0.1339 0.0066 0.4317 0.0386 
     G.81071 0.1964 0.2049 0.0692 0.2172 0.2113 0.1010 
     G.88661 0.2740 0.2476 0.0060 0.0388 0.3346 0.0989 
    G.886611 0.2697 0.3816 0.0033 0.0633 0.2702 0.0119 
  G.8867Y%12 0.1146 0.3619 0.0044 0.1502 0.3400 0.0289 
     G.88839 0.0082 0.5551 0.0226 0.0078 0.0052 0.4011 
     G.88842 0.0246 0.3278 0.0130 0.1412 0.1285 0.3650 
   GALACTICA 0.0067 0.0051 0.1509 0.3858 0.1147 0.3368 
      GEMSON 0.1369 0.1551 0.1322 0.2851 0.2750 0.0158 
  GL.76B/102 0.1433 0.1953 0.3547 0.0051 0.1202 0.1815 
   GL.76B/94 0.0033 0.0254 0.5333 0.1475 0.0178 0.2728 
  GL.77M/106 0.2504 0.2829 0.1813 0.2665 0.0118 0.0071 
   GL.78/166 0.0217 0.0108 0.6091 0.0443 0.1161 0.1980 
    GL.78/53 0.2112 0.2091 0.5461 0.0145 0.0077 0.0114 
    GL.78/97 0.1097 0.1432 0.5792 0.0274 0.0255 0.1150 
    GL.79/42 0.1515 0.2423 0.5507 0.0063 0.0038 0.0454 
    GL.79/45 0.0659 0.2176 0.5807 0.1011 0.0044 0.0304 
 GL.81_NT_25 0.4876 0.0030 0.3843 0.0318 0.0086 0.0846 
   GLADIATOR 0.1339 0.3310 0.0070 0.1237 0.1734 0.2311 
      GLAMIS 0.4405 0.2012 0.0387 0.0329 0.1599 0.1269 
 GOLDEN_MILL 0.4874 0.1644 0.1197 0.2034 0.0100 0.0151 
 GOLDEN_NUGG 0.1192 0.1588 0.0239 0.3120 0.0116 0.3745 
 GOLDEN_WOND 0.0413 0.1467 0.5595 0.0300 0.1319 0.0905 
     GRANOLA 0.1343 0.5589 0.1081 0.0151 0.0064 0.1773 
    H1H3_101 0.6171 0.0023 0.3608 0.0041 0.0093 0.0064 
      H1H3_3 0.4527 0.0393 0.1794 0.0830 0.1717 0.0740 
 HARBOROUGH_ 0.7249 0.1416 0.0176 0.0540 0.0315 0.0304 
   HARLEQUIN 0.1511 0.5350 0.1764 0.0425 0.0141 0.0808 
      HERMES 0.0525 0.2376 0.1322 0.1581 0.0769 0.3426 
 HIGHLAND_BU 0.0130 0.0063 0.8075 0.0249 0.0445 0.1038 
  HOME_GUARD 0.2089 0.1425 0.2071 0.1517 0.2746 0.0152 
     HORIZON 0.0855 0.0809 0.2492 0.1165 0.0354 0.4324 
   INNOVATOR 0.0063 0.0049 0.1400 0.1029 0.4753 0.2706 
 INTERNATION 0.0040 0.0038 0.8554 0.0090 0.0802 0.0476 
 ISLE_OF_JUR 0.4337 0.1077 0.1520 0.1695 0.0543 0.0829 
    JULIETTE 0.0301 0.5955 0.0586 0.0082 0.0067 0.3009 
     KARLENA 0.0273 0.0106 0.1835 0.2289 0.2615 0.2882 
 KERR'S_PINK 0.0942 0.0692 0.4326 0.0734 0.3243 0.0064 
     KESTREL 0.3807 0.2059 0.0075 0.3796 0.0211 0.0052 
       KIFLI 0.1193 0.5058 0.1826 0.0070 0.0085 0.1767 
 KING_EDWARD 0.0354 0.1271 0.7177 0.0030 0.1120 0.0048 
    KINGSTON 0.4723 0.0711 0.2067 0.1489 0.0055 0.0955 
 KUFRI_CHAND 0.1173 0.1465 0.1566 0.0670 0.3882 0.1244 
 KUFRI_JYOTI 0.0403 0.2111 0.1348 0.3682 0.0704 0.1751 
      KURODA 0.0420 0.1362 0.0167 0.1281 0.1943 0.4827 
 LADY_BALFOU 0.1928 0.0933 0.1414 0.3952 0.1462 0.0309 
 LADY_CHRIST 0.0831 0.0891 0.2858 0.0584 0.0713 0.4123 
 LADY_CLAIRE 0.0069 0.0065 0.2184 0.0151 0.0452 0.7078 
     LADY_JO 0.0120 0.0021 0.2846 0.0194 0.1249 0.5571 
 LADY_ROSETT 0.1531 0.1717 0.1301 0.0848 0.1344 0.3258 
    LIBERTAS 0.0042 0.0025 0.3041 0.1654 0.0070 0.5168 
       LINDA 0.0072 0.5604 0.2185 0.0092 0.0068 0.1979 
      LINTON 0.1896 0.2282 0.0477 0.0936 0.1844 0.2566 
 LINZER_DELI 0.0310 0.4457 0.1991 0.0136 0.0529 0.2577 
   LIONHEART 0.0851 0.1282 0.0212 0.1123 0.2081 0.4451 
   MADELEINE 0.0964 0.3976 0.0866 0.0429 0.0130 0.3635 
   MADINGLEY 0.1484 0.3282 0.0513 0.1332 0.0842 0.2548 
    MAJESTIC 0.0582 0.2007 0.0381 0.1576 0.5132 0.0322 
     MARABEL 0.0247 0.3454 0.0100 0.0312 0.1071 0.4815 
     MARFONA 0.1231 0.0182 0.1473 0.0655 0.1852 0.4606 
     MARILYN 0.0265 0.3870 0.0909 0.1365 0.0545 0.3046 
 MARIS_ANCHO 0.0835 0.2178 0.1733 0.0328 0.2317 0.2609 
  MARIS_BARD 0.2516 0.0022 0.1165 0.1440 0.2811 0.2046 
  MARIS_PEER 0.1731 0.1570 0.1406 0.1902 0.3307 0.0086 
 MARIS_PIPER 0.7719 0.0048 0.1756 0.0054 0.0052 0.0371 
     MARKIES 0.0243 0.3032 0.1333 0.0418 0.0340 0.4634 
      MAXINE 0.4276 0.1547 0.0137 0.1017 0.2836 0.0187 
      MEGARA 0.0817 0.3008 0.0803 0.0327 0.0142 0.4904 
      MELODY 0.0862 0.1785 0.1703 0.1600 0.0178 0.3871 
       MIDAS 0.4670 0.1609 0.1566 0.0060 0.0040 0.2055 
       MILVA 0.0208 0.3510 0.1997 0.0441 0.0293 0.3551 
        MIMI 0.3173 0.0888 0.1225 0.2006 0.0069 0.2639 
        MIRA 0.0083 0.0084 0.2275 0.1196 0.0839 0.5522 
       MOIRA 0.0573 0.2507 0.1306 0.1750 0.1303 0.2561 
    MONTROSE 0.5448 0.0962 0.2803 0.0701 0.0039 0.0047 
       MORAG 0.1696 0.1342 0.1799 0.3306 0.1761 0.0095 
      MORENE 0.0038 0.0101 0.1633 0.1402 0.1391 0.5434 
      MOZART 0.1188 0.4659 0.0025 0.0236 0.0453 0.3438 
 MYATT'S_ASH 0.0027 0.0054 0.7224 0.0099 0.0957 0.1639 
      NADINE 0.4617 0.2867 0.0096 0.1082 0.0660 0.0677 
       NAVAN 0.6779 0.0525 0.0752 0.0735 0.0911 0.0297 
 NDTX_4271_5 0.2395 0.4780 0.0116 0.0100 0.2569 0.0041 
      NICOLA 0.0037 0.4349 0.1741 0.0044 0.0310 0.3519 
     NOVELLA 0.0571 0.2489 0.0292 0.2031 0.1043 0.3575 
     OLYMPUS 0.3323 0.2775 0.1157 0.1310 0.1367 0.0068 
       OPERA 0.1496 0.2508 0.0163 0.1269 0.1000 0.3564 
   ORCHESTRA 0.1480 0.3566 0.0840 0.0282 0.0154 0.3677 
      ORIANA 0.0034 0.1511 0.0729 0.1746 0.1991 0.3989 
     OTHELLO 0.1581 0.1871 0.0080 0.5250 0.1172 0.0046 
     PALADIN 0.6402 0.0039 0.2406 0.0098 0.0609 0.0446 
       PANDA 0.1107 0.5553 0.0358 0.0228 0.0074 0.2680 
   PARAMOUNT 0.0182 0.2389 0.0569 0.4784 0.0375 0.1702 
    PATRONES 0.0696 0.1495 0.1906 0.0386 0.2185 0.3333 
 PENTLAND_AC 0.1600 0.1945 0.1458 0.1896 0.1798 0.1303 
 PENTLAND_BE 0.0108 0.0060 0.4171 0.1923 0.2919 0.0819 
 PENTLAND_CR 0.1591 0.0967 0.0904 0.2411 0.1747 0.2381 
 PENTLAND_DE 0.0695 0.1834 0.2222 0.2590 0.2549 0.0111 
 PENTLAND_IV 0.1212 0.3356 0.0370 0.1826 0.3197 0.0039 
 PENTLAND_JA 0.1123 0.0940 0.0686 0.1170 0.4330 0.1750 
 PENTLAND_MA 0.0091 0.1312 0.0956 0.3297 0.1288 0.3056 
 PENTLAND_SQ 0.1280 0.1910 0.1705 0.2090 0.2213 0.0803 
   PEPO_1978 0.1021 0.3500 0.1437 0.0181 0.0365 0.3496 
     PICASSO 0.1506 0.0393 0.0042 0.4930 0.0469 0.2659 
   PIMPERNEL 0.0425 0.1663 0.2113 0.1472 0.0044 0.4283 
     PIONEER 0.0226 0.6146 0.1723 0.0064 0.0167 0.1675 
       PIXIE 0.3845 0.2528 0.0055 0.2905 0.0228 0.0439 
    PREMIERE 0.0535 0.0049 0.2480 0.0552 0.1700 0.4683 
   PRODUCENT 0.2302 0.1595 0.1071 0.0131 0.0679 0.4223 
     PROVOST 0.0554 0.1830 0.1279 0.2097 0.2860 0.1380 
  R.P.LUSTRE 0.2106 0.3354 0.2319 0.0316 0.1783 0.0122 
 RANGER_RUSS 0.0028 0.0240 0.2077 0.0875 0.5348 0.1433 
       RATTE 0.1634 0.2735 0.4962 0.0120 0.0380 0.0169 
      RECORD 0.0051 0.0072 0.2923 0.1179 0.0136 0.5639 
   REMBRANDT 0.1331 0.1264 0.1254 0.0135 0.1793 0.4222 
    RIO_ROJO 0.1026 0.3194 0.0538 0.1431 0.3237 0.0574 
      ROBIJN 0.0035 0.0438 0.3164 0.0840 0.0267 0.5257 
      ROCKET 0.5097 0.0618 0.1950 0.0913 0.1247 0.0175 
   RODE_STAR 0.0112 0.2218 0.4107 0.0189 0.0020 0.3354 
      ROMANO 0.0397 0.2800 0.0159 0.3369 0.0138 0.3137 
       ROMEO 0.0426 0.3918 0.1913 0.3097 0.0560 0.0086 
     ROOSTER 0.1075 0.2024 0.1173 0.2887 0.1505 0.1336 
       ROYAL 0.3285 0.2785 0.1325 0.0181 0.0075 0.2349 
 ROYAL_KIDNE 0.0036 0.0062 0.3812 0.0497 0.5206 0.0387 
     RUBESSE 0.0508 0.3739 0.0680 0.1185 0.1701 0.2187 
 RUSSET_BURB 0.0385 0.1677 0.1169 0.0359 0.5438 0.0972 
 RUSSET_NORK 0.0701 0.3329 0.0362 0.0053 0.5521 0.0034 
      SAFARI 0.0527 0.1942 0.0140 0.2551 0.0585 0.4254 
     SANTANA 0.1589 0.1009 0.0830 0.0513 0.2114 0.3945 
       SANTE 0.1761 0.1635 0.1045 0.1205 0.0122 0.4233 
     SAPHIRE 0.1328 0.1101 0.0045 0.0631 0.2737 0.4157 
  SARPO_MIRA 0.0534 0.4069 0.1784 0.0940 0.0119 0.2555 
 SARPO_SHONA 0.0509 0.3877 0.1019 0.1149 0.0083 0.3364 
       SASSY 0.0890 0.1771 0.2297 0.0736 0.1496 0.2810 
     SATURNA 0.0238 0.2218 0.2923 0.0059 0.0043 0.4519 
        SAVA 0.1327 0.4040 0.0342 0.0105 0.1466 0.2720 
       SAXON 0.5463 0.1026 0.1559 0.1288 0.0208 0.0456 
 SCARBOROUGH 0.7341 0.1415 0.0837 0.0241 0.0112 0.0054 
 SEFTON_WOND 0.1598 0.0245 0.4161 0.0752 0.3171 0.0073 
    SERAFINA 0.0095 0.4849 0.1374 0.1065 0.0166 0.2450 
     SETANTA 0.3085 0.2787 0.0495 0.2561 0.0667 0.0406 
 SHARPE'S_EX 0.0813 0.1138 0.5978 0.0178 0.1179 0.0714 
     SHELAGH 0.1603 0.1193 0.2753 0.2946 0.0184 0.1321 
    SHELFORD 0.0164 0.2474 0.1878 0.1631 0.1012 0.2841 
     SHEPODY 0.0071 0.0031 0.1574 0.1903 0.4286 0.2135 
      SLANEY 0.2992 0.2278 0.0078 0.3963 0.0572 0.0117 
        SPEY 0.2915 0.1649 0.0033 0.4751 0.0194 0.0458 
      SPUNTA 0.1262 0.3961 0.2070 0.1500 0.0360 0.0848 
     STAMINA 0.6211 0.0131 0.0035 0.2069 0.0881 0.0673 
    STEMSTER 0.2895 0.1574 0.1965 0.1033 0.0273 0.2259 
 STORMONT_EN 0.1780 0.0641 0.1853 0.1644 0.1344 0.2738 
    STIRLING 0.1927 0.1957 0.0079 0.3592 0.1674 0.0771 
     SYLVANA 0.1170 0.2395 0.0535 0.0897 0.2364 0.2638 
         TAY 0.4343 0.2519 0.0119 0.2766 0.0168 0.0086 
      TIMATE 0.1368 0.3686 0.0497 0.0050 0.0498 0.3901 
      TOLUCA 0.0069 0.3733 0.0401 0.1715 0.0798 0.3284 
    TORRIDON 0.0653 0.1362 0.1066 0.3051 0.0670 0.3198 
 ULSTER_SCEP 0.3324 0.0420 0.0654 0.1379 0.3431 0.0792 
 UMATILLA_RU 0.3006 0.0400 0.3985 0.0633 0.0429 0.1547 
 VALES_EMERA 0.2645 0.4885 0.1091 0.0526 0.0568 0.0285 
 VALES_EVERE 0.2707 0.1355 0.1265 0.3956 0.0633 0.0086 
 VALES_RUSSE 0.0538 0.1922 0.2242 0.0163 0.4420 0.0715 
 VALES_SOVER 0.3345 0.0173 0.0037 0.5874 0.0109 0.0462 
       VALOR 0.3845 0.0746 0.0035 0.4621 0.0101 0.0651 
    VAN_GOGH 0.1136 0.1608 0.1605 0.0281 0.0540 0.4830 
     VANTAGE 0.0092 0.0055 0.2979 0.0682 0.2274 0.3918 
       VERDI 0.0974 0.2412 0.2196 0.0542 0.0254 0.3621 
    VICTORIA 0.0582 0.2055 0.0294 0.0338 0.2679 0.4052 
     VIVALDI 0.0039 0.1519 0.0198 0.1470 0.2429 0.4345 
       WILJA 0.0073 0.0021 0.1822 0.1303 0.1418 0.5363 
     WINSTON 0.4552 0.2683 0.0046 0.1952 0.0679 0.0087 
      XD2-21 0.1091 0.1576 0.1720 0.2469 0.2642 0.0501 
  YUKON_GOLD 0.2504 0.3545 0.0037 0.0105 0.2995 0.0814 
       ZORBA 0.0102 0.0181 0.1479 0.1719 0.2493 0.4026 
