  00C133-020 0.5088 0.3625 0.0134 0.0127 0.1026 
 01C_071-002 0.2051 0.2630 0.1518 0.2993 0.0806 
 02M_012-001 0.6170 0.0375 0.1399 0.0993 0.1062 
 03M_016-002 0.3779 0.0988 0.4362 0.0454 0.0417 
 03M_034-002 0.5313 0.2140 0.1812 0.0421 0.0314 
 04C_055-004 0.4838 0.0298 0.0639 0.1175 0.3050 
 04C_126-005 0.3077 0.3688 0.0913 0.1138 0.1184 
 04M_034-013 0.4767 0.0424 0.2627 0.0915 0.1268 
 05M_002-001 0.1441 0.1376 0.1379 0.3639 0.2164 
 05M_004-003 0.1959 0.2906 0.0076 0.3593 0.1465 
 05M_012-004 0.1908 0.3543 0.0900 0.2096 0.1554 
 06C_127-002 0.3238 0.1647 0.0376 0.0095 0.4645 
 12288_AF_23 0.4332 0.2662 0.0152 0.0326 0.2528 
    12601AB1 0.4761 0.0249 0.4350 0.0109 0.0530 
   12636_A_2 0.4954 0.2335 0.2142 0.0096 0.0474 
  15119_AC_5 0.2396 0.5383 0.1911 0.0284 0.0027 
     1512C16 0.0183 0.3356 0.3213 0.0994 0.2254 
   15144_A_3 0.0296 0.5740 0.0354 0.0818 0.2792 
     1563C14 0.0255 0.0361 0.4441 0.2689 0.2253 
     2182EF7 0.0847 0.4984 0.1252 0.0597 0.2319 
     3681AD1 0.0963 0.3760 0.0481 0.3710 0.1086 
     5008AB6 0.0559 0.2983 0.0929 0.2618 0.2910 
    8204_A_4 0.1784 0.4263 0.0403 0.0219 0.3331 
       AGRIA 0.0742 0.0121 0.0505 0.5145 0.3488 
       AILSA 0.5662 0.0259 0.1259 0.0079 0.2742 
      ALMERA 0.0593 0.1844 0.0596 0.4519 0.2448 
       ALPHA 0.0581 0.1305 0.2296 0.4200 0.1618 
      ALWARA 0.0489 0.2748 0.0351 0.3535 0.2878 
      AMADRA 0.2261 0.0262 0.1415 0.3308 0.2754 
       AMOUR 0.4118 0.4442 0.0379 0.0211 0.0850 
        ANNA 0.0197 0.7951 0.1613 0.0181 0.0058 
   ANNABELLE 0.0144 0.0562 0.0333 0.4616 0.4345 
        ANYA 0.0479 0.0628 0.2220 0.1682 0.4991 
       ARGOS 0.2379 0.5791 0.0111 0.1201 0.0518 
     ARIELLE 0.0237 0.1303 0.1163 0.4085 0.3211 
      ARKULA 0.0139 0.2023 0.1295 0.4410 0.2134 
      ARMADA 0.1078 0.1783 0.1348 0.3840 0.1950 
   AVALANCHE 0.4436 0.2222 0.0401 0.2803 0.0138 
     BAILLIE 0.4890 0.2110 0.0148 0.1774 0.1078 
    BALMORAL 0.0243 0.6291 0.0914 0.2344 0.0208 
     BAMBINO 0.5027 0.2741 0.0146 0.0796 0.1289 
       BARNA 0.1078 0.4166 0.0472 0.1014 0.3270 
 BELLE_DE_FO 0.0038 0.0583 0.8588 0.0732 0.0060 
       BENOL 0.6129 0.0564 0.1589 0.0961 0.0756 
       BF_15 0.0049 0.0289 0.6946 0.2184 0.0531 
      BINTJE 0.0768 0.1772 0.3671 0.2541 0.1248 
 BIONICA_EX_ 0.1372 0.2679 0.1371 0.2684 0.1894 
 BLUE_DANUBE 0.0162 0.2705 0.1467 0.5590 0.0075 
      BONNIE 0.2498 0.2811 0.0299 0.1735 0.2657 
      BOUNTY 0.4585 0.3222 0.0171 0.0910 0.1112 
 BRITISH_QUE 0.0081 0.2843 0.4921 0.2098 0.0057 
     BRODICK 0.5486 0.1151 0.0099 0.0105 0.3159 
      BRODIE 0.0785 0.6036 0.1479 0.0069 0.1630 
      BUCHAN 0.1333 0.4872 0.0912 0.0041 0.2842 
      BURREN 0.0918 0.4476 0.1009 0.1572 0.2026 
     CABARET 0.5301 0.1488 0.2930 0.0124 0.0158 
      CAESAR 0.0395 0.1632 0.0043 0.3818 0.4111 
        CARA 0.1461 0.6983 0.0471 0.0174 0.0910 
 CARLINGFORD 0.1071 0.4026 0.1106 0.0280 0.3517 
  CASABLANCA 0.3156 0.4391 0.0050 0.2292 0.0111 
      CELINE 0.1100 0.2995 0.0634 0.4068 0.1203 
  CHALLENGER 0.2082 0.0439 0.1531 0.3267 0.2681 
   CHARLOTTE 0.1379 0.0078 0.1126 0.0763 0.6653 
     CHICAGO 0.5266 0.0161 0.0336 0.2716 0.1521 
   CHIEFTAIN 0.0290 0.2720 0.2162 0.0096 0.4733 
      CHOPIN 0.0314 0.2126 0.0748 0.3974 0.2838 
      CLARET 0.1159 0.6125 0.0415 0.0301 0.2000 
      CORINE 0.1933 0.3611 0.1122 0.3229 0.0105 
      COSMOS 0.1217 0.1910 0.1003 0.4670 0.1201 
     COURAGE 0.0768 0.2245 0.1167 0.3476 0.2343 
     COURLAN 0.1027 0.2603 0.1486 0.1395 0.3488 
 CRAIGS_ROYA 0.2097 0.4821 0.1312 0.0056 0.1715 
 CRAIGS_SNOW 0.1537 0.2502 0.3911 0.0846 0.1205 
     CRAMOND 0.4969 0.2317 0.0131 0.0985 0.1597 
 CRISPS_FOR_ 0.1095 0.1356 0.0774 0.3048 0.3727 
    CROMWELL 0.6678 0.0194 0.1857 0.1169 0.0103 
       D22/1 0.5195 0.2142 0.1954 0.0663 0.0046 
       D23/3 0.3916 0.1163 0.3373 0.0765 0.0784 
      D47-11 0.7038 0.0147 0.2125 0.0658 0.0032 
       D49/1 0.7719 0.0040 0.1392 0.0715 0.0133 
       DAISY 0.4874 0.0162 0.1805 0.1979 0.1179 
 DARK_RED_NO 0.0264 0.3149 0.2444 0.0739 0.3403 
     DARWINA 0.1043 0.1458 0.1384 0.4523 0.1591 
     DESIREE 0.0046 0.2193 0.1471 0.2546 0.3744 
       DITTA 0.0185 0.0773 0.1638 0.4129 0.3275 
 DR._MCINTOS 0.0470 0.4837 0.1908 0.0253 0.2532 
       DRAGA 0.1518 0.3390 0.0430 0.3042 0.1620 
 DUKE_OF_YOR 0.0037 0.2276 0.4667 0.2879 0.0141 
 DUNBAR_STAN 0.1551 0.3008 0.4270 0.0134 0.1037 
     DUNDROD 0.4964 0.0935 0.1835 0.0317 0.1948 
     ECLIPSE 0.0604 0.0518 0.5201 0.0083 0.3594 
        EDEN 0.7154 0.0300 0.2120 0.0126 0.0300 
 EDZELL_BLUE 0.0746 0.1944 0.3506 0.2371 0.1433 
   ELISABETH 0.1588 0.0287 0.0114 0.2434 0.5578 
     EMPEROR 0.1948 0.1703 0.0927 0.1788 0.3635 
         EOS 0.2768 0.1126 0.0404 0.1352 0.4350 
     EPICURE 0.0105 0.1852 0.4545 0.0618 0.2879 
  ERNTESTOLZ 0.0334 0.1683 0.2813 0.3243 0.1928 
      ESCORT 0.1718 0.0794 0.0065 0.3842 0.3581 
   ESMERALDA 0.1678 0.1160 0.1379 0.3096 0.2688 
      ESTIMA 0.1470 0.1020 0.1345 0.3450 0.2715 
 EVE_BALFOUR 0.1978 0.4380 0.2377 0.0226 0.1038 
   EXCALIBUR 0.4876 0.3842 0.0037 0.0222 0.1023 
     EXQUISA 0.0074 0.0445 0.1397 0.3754 0.4330 
    FESTIVAL 0.1446 0.0679 0.0080 0.4015 0.3781 
      FIANNA 0.0479 0.3821 0.0384 0.3488 0.1829 
   FIFTYFOLD 0.0965 0.0935 0.5721 0.0738 0.1641 
     FONTANE 0.2024 0.0581 0.0526 0.4305 0.2566 
   FORTYFOLD 0.0046 0.1085 0.5744 0.3066 0.0059 
 FRONTIER_RU 0.0895 0.1909 0.2896 0.0833 0.3467 
     G.81071 0.1715 0.3471 0.1280 0.1066 0.2468 
     G.88661 0.2301 0.2937 0.0279 0.0826 0.3658 
    G.886611 0.2172 0.2659 0.0123 0.0087 0.4959 
  G.8867Y%12 0.0628 0.4059 0.0281 0.0302 0.4731 
     G.88839 0.0071 0.0058 0.0072 0.4590 0.5209 
     G.88842 0.0147 0.2431 0.0210 0.3815 0.3397 
   GALACTICA 0.0097 0.4492 0.1622 0.3738 0.0052 
      GEMSON 0.1228 0.4393 0.2185 0.0229 0.1965 
  GL.76B/102 0.1732 0.0168 0.3518 0.2647 0.1936 
   GL.76B/94 0.0058 0.1266 0.5022 0.3561 0.0094 
  GL.77M/106 0.2855 0.2246 0.1716 0.0119 0.3064 
   GL.78/166 0.0562 0.0685 0.5870 0.2802 0.0081 
    GL.78/53 0.2524 0.0075 0.5085 0.0309 0.2006 
    GL.78/97 0.1560 0.0145 0.5358 0.1893 0.1043 
    GL.79/42 0.1873 0.0034 0.4955 0.0928 0.2210 
    GL.79/45 0.1485 0.0157 0.5254 0.1096 0.2007 
 GL.81_NT_25 0.5403 0.0262 0.3152 0.1152 0.0032 
   GLADIATOR 0.1187 0.2312 0.0177 0.2512 0.3812 
      GLAMIS 0.4364 0.1405 0.0546 0.1306 0.2380 
 GOLDEN_MILL 0.5243 0.1735 0.0813 0.0208 0.2000 
 GOLDEN_NUGG 0.1264 0.3136 0.0155 0.3655 0.1789 
 GOLDEN_WOND 0.0578 0.0493 0.5874 0.1521 0.1533 
     GRANOLA 0.1339 0.0087 0.0689 0.2164 0.5721 
    H1H3_101 0.6813 0.0051 0.3013 0.0097 0.0026 
      H1H3_3 0.4524 0.1988 0.2068 0.0678 0.0743 
 HARBOROUGH_ 0.7210 0.0889 0.0092 0.0108 0.1701 
   HARLEQUIN 0.1606 0.0199 0.1558 0.1269 0.5368 
      HERMES 0.0679 0.1924 0.1237 0.3977 0.2183 
 HIGHLAND_BU 0.0226 0.0206 0.7820 0.1696 0.0052 
  HOME_GUARD 0.1831 0.3017 0.3056 0.0190 0.1907 
     HORIZON 0.1005 0.1343 0.2148 0.4697 0.0807 
   INNOVATOR 0.0053 0.3942 0.2986 0.2948 0.0071 
 INTERNATION 0.0068 0.0139 0.8574 0.1178 0.0040 
 ISLE_OF_JUR 0.4543 0.1958 0.1211 0.0935 0.1352 
    JULIETTE 0.0276 0.0069 0.0247 0.3551 0.5856 
     KARLENA 0.0335 0.3737 0.2432 0.3387 0.0110 
 KERR'S_PINK 0.0946 0.2335 0.5528 0.0210 0.0981 
     KESTREL 0.3777 0.3795 0.0071 0.0057 0.2300 
       KIFLI 0.1360 0.0055 0.1307 0.2439 0.4839 
 KING_EDWARD 0.0695 0.0061 0.7710 0.0124 0.1410 
    KINGSTON 0.5191 0.1247 0.1510 0.1105 0.0947 
 KUFRI_CHAND 0.0883 0.2946 0.2676 0.1555 0.1940 
 KUFRI_JYOTI 0.0475 0.3845 0.1457 0.1954 0.2270 
      KURODA 0.0298 0.2643 0.0354 0.5231 0.1474 
 LADY_BALFOU 0.1971 0.4673 0.1712 0.0420 0.1224 
 LADY_CHRIST 0.0961 0.0958 0.2691 0.4524 0.0865 
 LADY_CLAIRE 0.0121 0.0542 0.1748 0.7541 0.0048 
     LADY_JO 0.0176 0.1033 0.2721 0.6042 0.0029 
 LADY_ROSETT 0.1553 0.1459 0.1348 0.3580 0.2060 
    LIBERTAS 0.0087 0.1581 0.2594 0.5712 0.0026 
       LINDA 0.0069 0.0065 0.1877 0.2631 0.5358 
      LINTON 0.1835 0.2010 0.0848 0.2887 0.2420 
 LINZER_DELI 0.0359 0.0204 0.1789 0.3214 0.4434 
   LIONHEART 0.0666 0.2457 0.0693 0.4499 0.1685 
   MADELEINE 0.0981 0.0350 0.0531 0.3954 0.4184 
   MADINGLEY 0.1591 0.1581 0.0458 0.3099 0.3272 
    MAJESTIC 0.0202 0.4475 0.2194 0.0460 0.2669 
     MARABEL 0.0140 0.1207 0.0094 0.4951 0.3608 
     MARFONA 0.1154 0.1974 0.1769 0.4767 0.0336 
     MARILYN 0.0261 0.1481 0.0865 0.3462 0.3930 
 MARIS_ANCHO 0.0734 0.1580 0.2251 0.2928 0.2506 
  MARIS_BARD 0.2350 0.3580 0.1927 0.2107 0.0037 
  MARIS_PEER 0.1568 0.3814 0.2462 0.0192 0.1964 
 MARIS_PIPER 0.8303 0.0067 0.1015 0.0560 0.0055 
     MARKIES 0.0264 0.0478 0.1150 0.5078 0.3029 
      MAXINE 0.4102 0.2732 0.0849 0.0201 0.2116 
      MEGARA 0.0848 0.0365 0.0415 0.5311 0.3061 
      MELODY 0.1117 0.1593 0.1391 0.4214 0.1685 
       MIDAS 0.5088 0.0047 0.0818 0.2515 0.1532 
       MILVA 0.0234 0.0510 0.1692 0.3996 0.3568 
        MIMI 0.3539 0.1889 0.0694 0.2784 0.1095 
        MIRA 0.0111 0.1837 0.2069 0.5910 0.0074 
       MOIRA 0.0526 0.2456 0.1500 0.2906 0.2612 
    MONTROSE 0.6161 0.0264 0.2318 0.0083 0.1174 
       MORAG 0.1727 0.4211 0.2443 0.0096 0.1523 
      MORENE 0.0040 0.2349 0.1706 0.5750 0.0156 
      MOZART 0.0784 0.0660 0.0030 0.3384 0.5143 
 MYATT'S_ASH 0.0046 0.0184 0.7245 0.2475 0.0049 
      NADINE 0.4557 0.1471 0.0079 0.0546 0.3347 
       NAVAN 0.6920 0.1456 0.0480 0.0284 0.0860 
 NDTX_4271_5 0.2129 0.1219 0.0946 0.0059 0.5647 
      NICOLA 0.0038 0.0055 0.1601 0.4212 0.4093 
     NOVELLA 0.0407 0.2783 0.0367 0.3778 0.2664 
     OLYMPUS 0.3358 0.1849 0.1485 0.0059 0.3249 
       OPERA 0.1441 0.1910 0.0143 0.3723 0.2784 
   ORCHESTRA 0.1553 0.0251 0.0540 0.4021 0.3635 
      ORIANA 0.0044 0.2910 0.1063 0.4425 0.1558 
     OTHELLO 0.1574 0.5939 0.0210 0.0055 0.2222 
     PALADIN 0.6834 0.0270 0.2125 0.0709 0.0062 
       PANDA 0.1082 0.0159 0.0128 0.3222 0.5409 
   PARAMOUNT 0.0201 0.4873 0.0566 0.1948 0.2412 
    PATRONES 0.0591 0.1747 0.2318 0.3697 0.1648 
 PENTLAND_AC 0.1561 0.2781 0.1987 0.1457 0.2214 
 PENTLAND_BE 0.0133 0.3400 0.5022 0.1356 0.0089 
 PENTLAND_CR 0.1418 0.3654 0.1273 0.2384 0.1271 
 PENTLAND_DE 0.0622 0.3953 0.3088 0.0132 0.2205 
 PENTLAND_IV 0.0843 0.3522 0.1611 0.0042 0.3982 
 PENTLAND_JA 0.0631 0.3886 0.2057 0.1885 0.1541 
 PENTLAND_MA 0.0086 0.4208 0.1199 0.3345 0.1161 
 PENTLAND_SQ 0.1103 0.3384 0.2322 0.0948 0.2243 
   PEPO_1978 0.1096 0.0292 0.1116 0.4059 0.3437 
     PICASSO 0.1422 0.5549 0.0035 0.2482 0.0511 
   PIMPERNEL 0.0875 0.0996 0.1553 0.4935 0.1640 
     PIONEER 0.0186 0.0059 0.1477 0.2148 0.6130 
       PIXIE 0.3701 0.3092 0.0056 0.0265 0.2885 
    PREMIERE 0.0445 0.1894 0.2724 0.4877 0.0060 
   PRODUCENT 0.2356 0.0408 0.0890 0.4504 0.1842 
     PROVOST 0.0352 0.3846 0.2064 0.1602 0.2135 
  R.P.LUSTRE 0.2048 0.1116 0.2812 0.0217 0.3808 
 RANGER_RUSS 0.0028 0.3812 0.3780 0.2017 0.0363 
       RATTE 0.1956 0.0078 0.4799 0.0465 0.2701 
      RECORD 0.0087 0.1201 0.2463 0.6181 0.0068 
   REMBRANDT 0.1311 0.1061 0.1573 0.4549 0.1506 
    RIO_ROJO 0.0644 0.3086 0.1628 0.0909 0.3733 
      ROBIJN 0.0061 0.0976 0.2749 0.5974 0.0241 
      ROCKET 0.5254 0.1690 0.1979 0.0193 0.0884 
   RODE_STAR 0.0450 0.0052 0.3227 0.4395 0.1876 
      ROMANO 0.0496 0.3263 0.0111 0.3268 0.2863 
       ROMEO 0.0721 0.2888 0.2064 0.0177 0.4150 
     ROOSTER 0.1051 0.3576 0.1550 0.1510 0.2313 
       ROYAL 0.3616 0.0126 0.0741 0.2877 0.2640 
 ROYAL_KIDNE 0.0038 0.3323 0.5670 0.0841 0.0127 
     RUBESSE 0.0371 0.2037 0.1100 0.2417 0.4075 
 RUSSET_BURB 0.0150 0.3411 0.2969 0.1263 0.2208 
 RUSSET_NORK 0.0367 0.2501 0.2670 0.0069 0.4392 
      SAFARI 0.0350 0.3264 0.0104 0.4195 0.2087 
     SANTANA 0.1430 0.1924 0.1225 0.4142 0.1280 
       SANTE 0.1869 0.1240 0.0653 0.4317 0.1921 
     SAPHIRE 0.0961 0.2798 0.0255 0.4181 0.1805 
  SARPO_MIRA 0.0886 0.0354 0.1449 0.3296 0.4015 
 SARPO_SHONA 0.0778 0.0672 0.0606 0.4090 0.3854 
       SASSY 0.0973 0.1376 0.2482 0.3287 0.1883 
     SATURNA 0.0416 0.0063 0.2270 0.5357 0.1894 
        SAVA 0.1237 0.0634 0.0689 0.3089 0.4352 
       SAXON 0.5717 0.1478 0.1157 0.0324 0.1323 
 SCARBOROUGH 0.7598 0.0283 0.0381 0.0051 0.1686 
 SEFTON_WOND 0.1571 0.2404 0.5301 0.0134 0.0590 
    SERAFINA 0.0172 0.0708 0.1198 0.3002 0.4920 
     SETANTA 0.3125 0.2760 0.0520 0.0410 0.3185 
 SHARPE'S_EX 0.1057 0.0330 0.6085 0.1441 0.1087 
     SHELAGH 0.1857 0.2796 0.2523 0.1585 0.1239 
    SHELFORD 0.0308 0.1949 0.1933 0.3554 0.2256 
     SHEPODY 0.0060 0.4653 0.2942 0.2303 0.0042 
      SLANEY 0.2937 0.4323 0.0085 0.0148 0.2507 
        SPEY 0.2898 0.4990 0.0040 0.0254 0.1819 
      SPUNTA 0.1324 0.1297 0.2102 0.1206 0.4071 
     STAMINA 0.6212 0.3103 0.0040 0.0509 0.0136 
    STEMSTER 0.3290 0.0933 0.1560 0.2703 0.1515 
 STORMONT_EN 0.1829 0.2485 0.1914 0.2973 0.0800 
    STIRLING 0.1670 0.4875 0.0141 0.0615 0.2699 
     SYLVANA 0.0891 0.2388 0.1211 0.2805 0.2705 
         TAY 0.4307 0.2756 0.0087 0.0071 0.2780 
      TIMATE 0.1338 0.0092 0.0408 0.4252 0.3910 
      TOLUCA 0.0063 0.2061 0.0423 0.3698 0.3755 
    TORRIDON 0.0761 0.3483 0.1050 0.3398 0.1309 
 ULSTER_SCEP 0.2977 0.3644 0.1715 0.0678 0.0986 
 UMATILLA_RU 0.3434 0.0720 0.3556 0.1967 0.0323 
 VALES_EMERA 0.2581 0.0715 0.1082 0.0422 0.5199 
 VALES_EVERE 0.2773 0.4241 0.1309 0.0081 0.1597 
 VALES_RUSSE 0.0362 0.2377 0.3593 0.1307 0.2362 
 VALES_SOVER 0.3468 0.5959 0.0034 0.0286 0.0253 
       VALOR 0.3803 0.4859 0.0033 0.0325 0.0980 
    VAN_GOGH 0.1155 0.0735 0.1329 0.5059 0.1721 
     VANTAGE 0.0144 0.1979 0.3416 0.4393 0.0068 
       VERDI 0.1283 0.0550 0.1738 0.4243 0.2186 
    VICTORIA 0.0433 0.1791 0.1052 0.4228 0.2496 
     VIVALDI 0.0039 0.2997 0.0710 0.4468 0.1786 
       WILJA 0.0085 0.2442 0.1848 0.5599 0.0025 
     WINSTON 0.4415 0.2393 0.0051 0.0078 0.3063 
      XD2-21 0.0952 0.3742 0.2606 0.0727 0.1973 
  YUKON_GOLD 0.2380 0.1706 0.0257 0.0987 0.4670 
       ZORBA 0.0094 0.3406 0.2016 0.4295 0.0189 
