  00C133-020 0.5906 0.0248 0.0301 0.3545 
 01C_071-002 0.2341 0.1976 0.2728 0.2955 
 02M_012-001 0.6332 0.1999 0.1419 0.0251 
 03M_016-002 0.3674 0.4891 0.0182 0.1252 
 03M_034-002 0.5650 0.2163 0.0281 0.1906 
 04C_055-004 0.5189 0.1102 0.3227 0.0482 
 04C_126-005 0.3806 0.1084 0.1207 0.3904 
 04M_034-013 0.4863 0.3242 0.1213 0.0681 
 05M_002-001 0.1694 0.1965 0.4279 0.2062 
 05M_004-003 0.2489 0.0248 0.3826 0.3437 
 05M_012-004 0.2464 0.1257 0.2008 0.4270 
 06C_127-002 0.4367 0.0631 0.2807 0.2195 
 12288_AF_23 0.5037 0.0308 0.1547 0.3109 
    12601AB1 0.4883 0.4818 0.0132 0.0167 
   12636_A_2 0.5394 0.2305 0.0117 0.2185 
  15119_AC_5 0.2895 0.2046 0.0051 0.5008 
     1512C16 0.0808 0.3341 0.1529 0.4321 
   15144_A_3 0.1559 0.0265 0.2156 0.6020 
     1563C14 0.0377 0.5113 0.3392 0.1119 
     2182EF7 0.1883 0.1215 0.1045 0.5857 
     3681AD1 0.1214 0.1106 0.3018 0.4663 
     5008AB6 0.1354 0.1178 0.3989 0.3478 
    8204_A_4 0.3005 0.0403 0.1698 0.4895 
       AGRIA 0.1124 0.1272 0.7159 0.0445 
       AILSA 0.6330 0.1748 0.1485 0.0437 
      ALMERA 0.0860 0.1189 0.5319 0.2632 
       ALPHA 0.0583 0.3081 0.4022 0.2313 
      ALWARA 0.1036 0.0661 0.4794 0.3509 
      AMADRA 0.2458 0.2078 0.4724 0.0740 
       AMOUR 0.4938 0.0479 0.0296 0.4286 
        ANNA 0.1102 0.1059 0.0051 0.7788 
   ANNABELLE 0.0423 0.0850 0.7278 0.1449 
        ANYA 0.1273 0.2382 0.5008 0.1337 
       ARGOS 0.3197 0.0140 0.0730 0.5934 
     ARIELLE 0.0526 0.1685 0.5632 0.2156 
      ARKULA 0.0266 0.1918 0.4719 0.3097 
      ARMADA 0.1316 0.1900 0.4115 0.2669 
   AVALANCHE 0.4433 0.1184 0.1655 0.2728 
     BAILLIE 0.5252 0.0498 0.1968 0.2282 
    BALMORAL 0.1118 0.0864 0.1022 0.6996 
     BAMBINO 0.5617 0.0385 0.1134 0.2865 
       BARNA 0.2136 0.0535 0.2583 0.4746 
 BELLE_DE_FO 0.0046 0.8966 0.0077 0.0912 
       BENOL 0.6278 0.2155 0.1151 0.0415 
       BF_15 0.0066 0.7564 0.1507 0.0862 
      BINTJE 0.0886 0.4292 0.2198 0.2624 
 BIONICA_EX_ 0.1839 0.1813 0.3033 0.3316 
 BLUE_DANUBE 0.0387 0.2259 0.3826 0.3527 
      BONNIE 0.3221 0.0571 0.2909 0.3300 
      BOUNTY 0.5186 0.0395 0.1110 0.3308 
 BRITISH_QUE 0.0096 0.5549 0.0244 0.4111 
     BRODICK 0.6489 0.0226 0.2069 0.1217 
      BRODIE 0.2037 0.1222 0.0103 0.6637 
      BUCHAN 0.2910 0.0940 0.0553 0.5597 
      BURREN 0.1861 0.1076 0.2236 0.4827 
     CABARET 0.5449 0.3285 0.0095 0.1170 
      CAESAR 0.1125 0.0077 0.6310 0.2487 
        CARA 0.2570 0.0306 0.0110 0.7014 
 CARLINGFORD 0.2137 0.1090 0.1849 0.4924 
  CASABLANCA 0.3678 0.0106 0.1272 0.4943 
      CELINE 0.1329 0.1203 0.3688 0.3780 
  CHALLENGER 0.2222 0.2179 0.4377 0.1221 
   CHARLOTTE 0.2473 0.1303 0.6057 0.0167 
     CHICAGO 0.5342 0.1038 0.3412 0.0207 
   CHIEFTAIN 0.1478 0.2190 0.2382 0.3950 
      CHOPIN 0.0637 0.1251 0.5048 0.3064 
      CLARET 0.2402 0.0329 0.0758 0.6512 
      CORINE 0.2309 0.1695 0.1847 0.4149 
      COSMOS 0.1134 0.1748 0.4145 0.2973 
     COURAGE 0.1139 0.1678 0.3997 0.3186 
     COURLAN 0.1846 0.1621 0.3237 0.3295 
 CRAIGS_ROYA 0.3235 0.1283 0.0109 0.5372 
 CRAIGS_SNOW 0.1887 0.4294 0.0571 0.3249 
     CRAMOND 0.5535 0.0334 0.1597 0.2534 
 CRISPS_FOR_ 0.1620 0.1259 0.4977 0.2144 
    CROMWELL 0.6551 0.2632 0.0667 0.0150 
       D22/1 0.5248 0.2539 0.0112 0.2102 
       D23/3 0.4008 0.3965 0.0461 0.1567 
      D47-11 0.6594 0.3166 0.0095 0.0144 
       D49/1 0.7411 0.2151 0.0393 0.0045 
       DAISY 0.4834 0.2583 0.2316 0.0267 
 DARK_RED_NO 0.1124 0.2429 0.2259 0.4188 
     DARWINA 0.0993 0.2197 0.4410 0.2400 
     DESIREE 0.0183 0.1809 0.4648 0.3361 
       DITTA 0.0348 0.2264 0.5636 0.1752 
 DR._MCINTOS 0.1483 0.1775 0.0743 0.5999 
       DRAGA 0.1944 0.0720 0.2949 0.4387 
 DUKE_OF_YOR 0.0043 0.5172 0.1314 0.3471 
 DUNBAR_STAN 0.1956 0.4289 0.0133 0.3623 
     DUNDROD 0.5348 0.2287 0.1246 0.1119 
     ECLIPSE 0.1445 0.5471 0.1749 0.1336 
        EDEN 0.7159 0.2572 0.0115 0.0154 
 EDZELL_BLUE 0.1016 0.4057 0.2233 0.2693 
   ELISABETH 0.2379 0.0263 0.6151 0.1208 
     EMPEROR 0.2657 0.1221 0.3643 0.2479 
         EOS 0.3362 0.0770 0.4009 0.1859 
     EPICURE 0.0602 0.4784 0.1741 0.2873 
  ERNTESTOLZ 0.0539 0.3361 0.3575 0.2525 
      ESCORT 0.2232 0.0255 0.6012 0.1501 
   ESMERALDA 0.2010 0.1927 0.4223 0.1841 
      ESTIMA 0.1638 0.1944 0.4471 0.1947 
 EVE_BALFOUR 0.2770 0.2393 0.0227 0.4610 
   EXCALIBUR 0.5938 0.0047 0.0741 0.3274 
     EXQUISA 0.0202 0.1946 0.6505 0.1348 
    FESTIVAL 0.2017 0.0295 0.6301 0.1387 
      FIANNA 0.0916 0.0761 0.3506 0.4816 
   FIFTYFOLD 0.1331 0.6161 0.1075 0.1433 
     FONTANE 0.2175 0.1224 0.5388 0.1213 
   FORTYFOLD 0.0045 0.6612 0.1231 0.2112 
 FRONTIER_RU 0.1650 0.3047 0.2551 0.2752 
     G.81071 0.2483 0.1421 0.1888 0.4208 
     G.88661 0.2996 0.0458 0.2576 0.3970 
    G.886611 0.3413 0.0170 0.2602 0.3815 
  G.8867Y%12 0.1841 0.0249 0.2673 0.5237 
     G.88839 0.0244 0.0383 0.8935 0.0437 
     G.88842 0.0496 0.0472 0.5608 0.3423 
   GALACTICA 0.0316 0.2351 0.1908 0.5425 
      GEMSON 0.2114 0.2205 0.0527 0.5154 
  GL.76B/102 0.1779 0.4267 0.3522 0.0432 
   GL.76B/94 0.0086 0.5778 0.2296 0.1840 
  GL.77M/106 0.3892 0.1913 0.1619 0.2576 
   GL.78/166 0.0483 0.6888 0.1376 0.1253 
    GL.78/53 0.2869 0.5682 0.1356 0.0092 
    GL.78/97 0.1550 0.6156 0.1955 0.0339 
    GL.79/42 0.2071 0.5676 0.2191 0.0062 
    GL.79/45 0.1668 0.5959 0.1912 0.0461 
 GL.81_NT_25 0.5169 0.4322 0.0154 0.0356 
   GLADIATOR 0.1958 0.0347 0.4516 0.3180 
      GLAMIS 0.4790 0.0977 0.2444 0.1789 
 GOLDEN_MILL 0.5988 0.1130 0.1173 0.1708 
 GOLDEN_NUGG 0.1753 0.0406 0.3870 0.3970 
 GOLDEN_WOND 0.0830 0.6452 0.1586 0.1131 
     GRANOLA 0.2159 0.1193 0.6404 0.0243 
    H1H3_101 0.6167 0.3745 0.0039 0.0049 
      H1H3_3 0.4771 0.2464 0.0513 0.2251 
 HARBOROUGH_ 0.7938 0.0230 0.1140 0.0692 
   HARLEQUIN 0.2413 0.1868 0.5215 0.0503 
      HERMES 0.1029 0.1751 0.4704 0.2516 
 HIGHLAND_BU 0.0211 0.8785 0.0270 0.0734 
  HOME_GUARD 0.2659 0.3190 0.0546 0.3605 
     HORIZON 0.0924 0.3065 0.4008 0.2003 
   INNOVATOR 0.0108 0.3551 0.0955 0.5386 
 INTERNATION 0.0064 0.9433 0.0111 0.0392 
 ISLE_OF_JUR 0.4982 0.1620 0.1275 0.2123 
    JULIETTE 0.1111 0.0680 0.8011 0.0199 
     KARLENA 0.0775 0.2864 0.1860 0.4502 
 KERR'S_PINK 0.1387 0.5689 0.0140 0.2783 
     KESTREL 0.5240 0.0127 0.0403 0.4230 
       KIFLI 0.1974 0.1770 0.6152 0.0104 
 KING_EDWARD 0.1193 0.8202 0.0483 0.0123 
    KINGSTON 0.5481 0.2143 0.1176 0.1200 
 KUFRI_CHAND 0.1381 0.2969 0.1775 0.3875 
 KUFRI_JYOTI 0.1264 0.1688 0.2396 0.4652 
      KURODA 0.0488 0.0957 0.4916 0.3639 
 LADY_BALFOU 0.2737 0.1805 0.0277 0.5181 
 LADY_CHRIST 0.0748 0.3627 0.3824 0.1801 
 LADY_CLAIRE 0.0132 0.2815 0.5927 0.1126 
     LADY_JO 0.0213 0.4172 0.3403 0.2212 
 LADY_ROSETT 0.1749 0.1969 0.3859 0.2424 
    LIBERTAS 0.0115 0.3968 0.3105 0.2812 
       LINDA 0.0474 0.2481 0.6820 0.0226 
      LINTON 0.2219 0.1277 0.3815 0.2689 
 LINZER_DELI 0.0808 0.2333 0.6124 0.0735 
   LIONHEART 0.0817 0.1367 0.4358 0.3458 
   MADELEINE 0.1440 0.1103 0.6483 0.0974 
   MADINGLEY 0.2097 0.0906 0.4877 0.2119 
    MAJESTIC 0.1095 0.2049 0.1275 0.5582 
     MARABEL 0.0511 0.0436 0.7033 0.2019 
     MARFONA 0.0726 0.2699 0.3238 0.3336 
     MARILYN 0.0873 0.1230 0.5692 0.2205 
 MARIS_ANCHO 0.1118 0.2708 0.3767 0.2406 
  MARIS_BARD 0.2644 0.2638 0.0224 0.4495 
  MARIS_PEER 0.2368 0.2561 0.0442 0.4629 
 MARIS_PIPER 0.7907 0.1872 0.0162 0.0059 
     MARKIES 0.0486 0.1840 0.6448 0.1227 
      MAXINE 0.4752 0.1067 0.0967 0.3214 
      MEGARA 0.1038 0.1225 0.6687 0.1050 
      MELODY 0.1288 0.2095 0.4380 0.2236 
       MIDAS 0.5030 0.1658 0.3227 0.0085 
       MILVA 0.0529 0.2288 0.6018 0.1164 
        MIMI 0.3759 0.1336 0.2722 0.2183 
        MIRA 0.0167 0.2900 0.4482 0.2450 
       MOIRA 0.1111 0.1859 0.3845 0.3186 
    MONTROSE 0.6607 0.2828 0.0340 0.0226 
       MORAG 0.2592 0.2449 0.0237 0.4721 
      MORENE 0.0063 0.2440 0.4177 0.3319 
      MOZART 0.1519 0.0058 0.6935 0.1488 
 MYATT'S_ASH 0.0058 0.8127 0.1008 0.0806 
      NADINE 0.5319 0.0212 0.2748 0.1721 
       NAVAN 0.7249 0.0941 0.0349 0.1460 
 NDTX_4271_5 0.3388 0.1196 0.2954 0.2462 
      NICOLA 0.0083 0.2358 0.7262 0.0297 
     NOVELLA 0.1012 0.0749 0.4725 0.3514 
     OLYMPUS 0.4356 0.1763 0.1326 0.2554 
       OPERA 0.1921 0.0541 0.4980 0.2558 
   ORCHESTRA 0.1925 0.1178 0.6218 0.0678 
      ORIANA 0.0077 0.1506 0.4426 0.3991 
     OTHELLO 0.3051 0.0206 0.0242 0.6501 
     PALADIN 0.6613 0.2933 0.0122 0.0333 
       PANDA 0.1757 0.0426 0.7384 0.0433 
   PARAMOUNT 0.1097 0.0695 0.2569 0.5639 
    PATRONES 0.0764 0.3002 0.3642 0.2592 
 PENTLAND_AC 0.2191 0.2281 0.2053 0.3476 
 PENTLAND_BE 0.0273 0.5360 0.0165 0.4202 
 PENTLAND_CR 0.1942 0.1626 0.2030 0.4403 
 PENTLAND_DE 0.1656 0.3061 0.0534 0.4749 
 PENTLAND_IV 0.2434 0.1579 0.1348 0.4638 
 PENTLAND_JA 0.1242 0.2250 0.1547 0.4961 
 PENTLAND_MA 0.0373 0.1476 0.3020 0.5132 
 PENTLAND_SQ 0.1920 0.2436 0.1536 0.4108 
   PEPO_1978 0.1424 0.1673 0.6245 0.0658 
     PICASSO 0.1939 0.0070 0.1856 0.6135 
   PIMPERNEL 0.0880 0.2436 0.4893 0.1791 
     PIONEER 0.0964 0.1969 0.6893 0.0175 
       PIXIE 0.4654 0.0094 0.1923 0.3329 
    PREMIERE 0.0494 0.3644 0.3049 0.2814 
   PRODUCENT 0.2295 0.1763 0.4898 0.1043 
     PROVOST 0.1086 0.2212 0.2013 0.4689 
  R.P.LUSTRE 0.2954 0.3086 0.2332 0.1628 
 RANGER_RUSS 0.0048 0.4042 0.0637 0.5272 
       RATTE 0.2338 0.5343 0.2103 0.0216 
      RECORD 0.0082 0.3582 0.4081 0.2255 
   REMBRANDT 0.1269 0.2419 0.4423 0.1889 
    RIO_ROJO 0.1607 0.1685 0.2595 0.4113 
      ROBIJN 0.0070 0.3609 0.4831 0.1490 
      ROCKET 0.5491 0.2438 0.0266 0.1805 
   RODE_STAR 0.0466 0.4229 0.5172 0.0133 
      ROMANO 0.1154 0.0276 0.4480 0.4091 
       ROMEO 0.1954 0.2015 0.2553 0.3478 
     ROOSTER 0.1813 0.1675 0.2211 0.4301 
       ROYAL 0.3827 0.1459 0.4548 0.0166 
 ROYAL_KIDNE 0.0052 0.5694 0.0075 0.4180 
     RUBESSE 0.1171 0.1384 0.4577 0.2868 
 RUSSET_BURB 0.0619 0.3084 0.1767 0.4530 
 RUSSET_NORK 0.1618 0.2608 0.2041 0.3733 
      SAFARI 0.0829 0.0407 0.4441 0.4323 
     SANTANA 0.1478 0.1908 0.3853 0.2761 
       SANTE 0.1974 0.1462 0.4660 0.1904 
     SAPHIRE 0.1211 0.0724 0.4212 0.3852 
  SARPO_MIRA 0.1280 0.2006 0.5779 0.0936 
 SARPO_SHONA 0.1219 0.1186 0.6343 0.1252 
       SASSY 0.1107 0.3149 0.3480 0.2263 
     SATURNA 0.0452 0.3335 0.6073 0.0140 
        SAVA 0.1801 0.1100 0.5754 0.1345 
       SAXON 0.6103 0.1583 0.0867 0.1447 
 SCARBOROUGH 0.8211 0.0896 0.0640 0.0253 
 SEFTON_WOND 0.1822 0.5394 0.0084 0.2699 
    SERAFINA 0.0655 0.1568 0.6179 0.1598 
     SETANTA 0.4117 0.0614 0.2159 0.3109 
 SHARPE'S_EX 0.1150 0.6779 0.1219 0.0852 
     SHELAGH 0.2217 0.3009 0.1350 0.3424 
    SHELFORD 0.0565 0.2424 0.4384 0.2627 
     SHEPODY 0.0103 0.3586 0.0231 0.6080 
      SLANEY 0.4110 0.0152 0.1031 0.4707 
        SPEY 0.3933 0.0052 0.0860 0.5155 
      SPUNTA 0.2116 0.2304 0.3797 0.1784 
     STAMINA 0.6742 0.0075 0.0276 0.2907 
    STEMSTER 0.3421 0.2217 0.3088 0.1274 
 STORMONT_EN 0.1881 0.2612 0.2167 0.3341 
    STIRLING 0.2741 0.0205 0.1251 0.5803 
     SYLVANA 0.1481 0.1479 0.3875 0.3165 
         TAY 0.5483 0.0133 0.1331 0.3052 
      TIMATE 0.1766 0.1075 0.6850 0.0308 
      TOLUCA 0.0238 0.0845 0.5931 0.2986 
    TORRIDON 0.1025 0.1646 0.3077 0.4252 
 ULSTER_SCEP 0.3497 0.1889 0.0381 0.4233 
 UMATILLA_RU 0.3373 0.4337 0.1417 0.0873 
 VALES_EMERA 0.3500 0.1231 0.4119 0.1150 
 VALES_EVERE 0.3840 0.1323 0.0273 0.4565 
 VALES_RUSSE 0.0890 0.3855 0.1942 0.3314 
 VALES_SOVER 0.4190 0.0047 0.0111 0.5652 
       VALOR 0.4714 0.0046 0.0424 0.4816 
    VAN_GOGH 0.1145 0.2196 0.5219 0.1440 
     VANTAGE 0.0179 0.4368 0.2445 0.3007 
       VERDI 0.1415 0.2400 0.5199 0.0986 
    VICTORIA 0.0667 0.1585 0.4974 0.2774 
     VIVALDI 0.0078 0.1059 0.4677 0.4187 
       WILJA 0.0129 0.3128 0.2751 0.3992 
     WINSTON 0.5480 0.0104 0.1522 0.2893 
      XD2-21 0.1704 0.2688 0.1000 0.4608 
  YUKON_GOLD 0.3135 0.0445 0.3760 0.2659 
       ZORBA 0.0231 0.2476 0.3026 0.4267 
