  00C133-020 0.0303 0.0110 0.3686 0.0056 0.0057 0.0272 0.1528 0.1839 0.2147 
 01C_071-002 0.1390 0.0654 0.1400 0.1791 0.0406 0.1060 0.0088 0.0648 0.2563 
 02M_012-001 0.1958 0.0490 0.3912 0.0341 0.0043 0.0244 0.0024 0.2180 0.0807 
 03M_016-002 0.3502 0.0194 0.3094 0.0721 0.1877 0.0044 0.0176 0.0187 0.0204 
 03M_034-002 0.2076 0.0063 0.2875 0.0022 0.0071 0.1291 0.0355 0.2697 0.0550 
 04C_055-004 0.0875 0.2839 0.4260 0.0334 0.0189 0.0171 0.0843 0.0244 0.0245 
 04C_126-005 0.0943 0.0197 0.1739 0.0460 0.0065 0.0756 0.1646 0.1909 0.2284 
 04M_034-013 0.2386 0.1004 0.3559 0.0130 0.1260 0.0409 0.0121 0.1065 0.0067 
 05M_002-001 0.0682 0.1046 0.1270 0.3372 0.0644 0.0618 0.1533 0.0516 0.0320 
 05M_004-003 0.0043 0.0059 0.1214 0.2781 0.0199 0.1708 0.1191 0.1632 0.1173 
 05M_012-004 0.0270 0.0251 0.0801 0.0218 0.1510 0.2471 0.1245 0.2394 0.0840 
 06C_127-002 0.0160 0.2461 0.1354 0.0116 0.0446 0.0041 0.1778 0.3435 0.0210 
 12288_AF_23 0.0059 0.1738 0.3543 0.0047 0.0793 0.0359 0.0768 0.1171 0.1521 
    12601AB1 0.4519 0.0027 0.1013 0.0054 0.0032 0.0053 0.0034 0.4211 0.0056 
   12636_A_2 0.1960 0.0042 0.2777 0.0031 0.0577 0.0126 0.0779 0.3001 0.0708 
  15119_AC_5 0.1896 0.0019 0.2208 0.0053 0.0308 0.0269 0.0174 0.0049 0.5024 
     1512C16 0.1839 0.1217 0.0072 0.0391 0.2330 0.0436 0.1802 0.0935 0.0978 
   15144_A_3 0.0126 0.1787 0.0097 0.0832 0.0023 0.0025 0.1627 0.0186 0.5296 
     1563C14 0.3977 0.2207 0.0132 0.0995 0.0552 0.1131 0.0468 0.0064 0.0474 
     2182EF7 0.0221 0.0157 0.0129 0.0889 0.1366 0.0146 0.3403 0.2200 0.1490 
     3681AD1 0.0300 0.0100 0.0216 0.1645 0.0488 0.2701 0.0774 0.1587 0.2189 
     5008AB6 0.0644 0.1454 0.0034 0.1145 0.0030 0.1160 0.2322 0.1847 0.1365 
    8204_A_4 0.0152 0.1144 0.0398 0.0193 0.0549 0.0253 0.2590 0.3059 0.1662 
       AGRIA 0.0058 0.1372 0.0617 0.5679 0.0220 0.0719 0.0335 0.0973 0.0028 
       AILSA 0.1247 0.1761 0.4068 0.0112 0.0555 0.0037 0.0106 0.2031 0.0082 
      ALMERA 0.0072 0.1777 0.0960 0.2602 0.1000 0.1739 0.1704 0.0038 0.0109 
       ALPHA 0.2009 0.1823 0.0182 0.0039 0.1138 0.4217 0.0052 0.0238 0.0304 
      ALWARA 0.0312 0.3189 0.0320 0.0220 0.0159 0.2350 0.0850 0.0126 0.2475 
      AMADRA 0.1548 0.2319 0.1376 0.0858 0.0161 0.2474 0.0071 0.1100 0.0094 
       AMOUR 0.0351 0.0268 0.3017 0.0208 0.0240 0.0167 0.0199 0.1527 0.4023 
        ANNA 0.0999 0.0016 0.0056 0.0106 0.0144 0.0113 0.1932 0.0987 0.5648 
   ANNABELLE 0.0109 0.3284 0.0090 0.2415 0.0058 0.1911 0.1862 0.0230 0.0041 
        ANYA 0.1709 0.3947 0.0075 0.1038 0.0327 0.0169 0.1334 0.1129 0.0273 
       ARGOS 0.0047 0.0184 0.2506 0.0826 0.0150 0.0131 0.1901 0.0058 0.4198 
     ARIELLE 0.0440 0.2726 0.0533 0.2591 0.0840 0.1427 0.0615 0.0030 0.0799 
      ARKULA 0.1037 0.1948 0.0102 0.0328 0.0517 0.3841 0.1707 0.0158 0.0362 
      ARMADA 0.1158 0.2060 0.1221 0.0107 0.0445 0.3380 0.1394 0.0051 0.0184 
   AVALANCHE 0.0139 0.0084 0.4113 0.0957 0.1364 0.2078 0.0091 0.0228 0.0945 
     BAILLIE 0.0202 0.0717 0.4211 0.0729 0.0490 0.0981 0.0766 0.0735 0.1170 
    BALMORAL 0.0072 0.0035 0.0233 0.0956 0.1858 0.1634 0.1074 0.0583 0.3554 
     BAMBINO 0.0375 0.0625 0.4079 0.0241 0.0104 0.0692 0.0809 0.1193 0.1882 
       BARNA 0.0267 0.2885 0.0797 0.0030 0.0561 0.0995 0.0256 0.0605 0.3605 
 BELLE_DE_FO 0.7527 0.0038 0.0017 0.0673 0.0740 0.0034 0.0313 0.0014 0.0643 
       BENOL 0.1680 0.0023 0.3209 0.1111 0.0023 0.0077 0.0648 0.3200 0.0028 
       BF_15 0.6308 0.0345 0.0021 0.1531 0.0172 0.0489 0.0558 0.0029 0.0546 
      BINTJE 0.2794 0.0895 0.0719 0.1002 0.1237 0.1338 0.1503 0.0102 0.0410 
 BIONICA_EX_ 0.1191 0.0275 0.0103 0.0943 0.0173 0.2350 0.2024 0.2623 0.0318 
 BLUE_DANUBE 0.1266 0.0093 0.0124 0.1318 0.0870 0.4191 0.1099 0.0051 0.0988 
      BONNIE 0.0215 0.1848 0.1657 0.0036 0.0448 0.1980 0.1120 0.1528 0.1168 
      BOUNTY 0.0236 0.0226 0.3552 0.0353 0.0073 0.0838 0.1533 0.1371 0.1819 
 BRITISH_QUE 0.2997 0.0018 0.0215 0.1549 0.2580 0.0121 0.2434 0.0012 0.0073 
     BRODICK 0.0146 0.0976 0.2224 0.0124 0.0264 0.0473 0.0100 0.5607 0.0085 
      BRODIE 0.0634 0.0457 0.0302 0.0053 0.1586 0.0080 0.1343 0.1431 0.4115 
      BUCHAN 0.0263 0.1562 0.0995 0.0049 0.1182 0.0030 0.0978 0.1356 0.3586 
      BURREN 0.0892 0.1146 0.0389 0.1298 0.0100 0.0278 0.0694 0.1099 0.4105 
     CABARET 0.2741 0.0054 0.4065 0.0055 0.0216 0.0053 0.1744 0.0891 0.0180 
      CAESAR 0.0017 0.2536 0.0125 0.1467 0.0867 0.2914 0.0078 0.1651 0.0345 
        CARA 0.0328 0.0233 0.0881 0.0074 0.0113 0.0179 0.0853 0.1172 0.6167 
 CARLINGFORD 0.0078 0.2111 0.1037 0.0094 0.2026 0.0167 0.2865 0.0986 0.0638 
  CASABLANCA 0.0027 0.0026 0.2582 0.0318 0.0847 0.2425 0.0449 0.1235 0.2091 
      CELINE 0.0570 0.0760 0.0337 0.0230 0.0051 0.3516 0.3264 0.0788 0.0484 
  CHALLENGER 0.0765 0.1553 0.1534 0.2026 0.1020 0.1429 0.0771 0.0873 0.0027 
   CHARLOTTE 0.0889 0.4449 0.0303 0.1852 0.0039 0.0044 0.0174 0.2165 0.0086 
     CHICAGO 0.0858 0.1292 0.4030 0.0955 0.0046 0.1626 0.0038 0.1032 0.0122 
   CHIEFTAIN 0.0473 0.2610 0.0138 0.0703 0.2979 0.0045 0.1160 0.1639 0.0254 
      CHOPIN 0.0113 0.2100 0.0149 0.1181 0.1463 0.2755 0.1408 0.0743 0.0088 
      CLARET 0.0201 0.1419 0.1008 0.0095 0.0258 0.0095 0.1067 0.0507 0.5350 
      CORINE 0.0417 0.0025 0.0948 0.2147 0.1151 0.1614 0.0526 0.1709 0.1463 
      COSMOS 0.0371 0.1106 0.1065 0.0489 0.1942 0.4484 0.0087 0.0344 0.0112 
     COURAGE 0.0714 0.2099 0.0471 0.0082 0.1147 0.3089 0.1491 0.0547 0.0360 
     COURLAN 0.0116 0.1952 0.0706 0.1980 0.2456 0.0137 0.0031 0.1251 0.1370 
 CRAIGS_ROYA 0.0431 0.0886 0.1884 0.0053 0.1652 0.0044 0.1081 0.0802 0.3166 
 CRAIGS_SNOW 0.2463 0.0774 0.1725 0.0863 0.2385 0.0081 0.0916 0.0053 0.0740 
     CRAMOND 0.0138 0.0091 0.2874 0.0089 0.0272 0.1413 0.1743 0.3289 0.0092 
 CRISPS_FOR_ 0.0377 0.3087 0.0831 0.0303 0.1332 0.2743 0.0280 0.0795 0.0251 
    CROMWELL 0.2355 0.0123 0.5534 0.0924 0.0026 0.0057 0.0146 0.0054 0.0782 
       D22/1 0.1767 0.0035 0.5017 0.0329 0.0778 0.0110 0.1267 0.0023 0.0674 
       D23/3 0.2824 0.0593 0.3435 0.0364 0.1037 0.0068 0.1467 0.0076 0.0136 
      D47-11 0.2871 0.0037 0.6063 0.0194 0.0088 0.0375 0.0094 0.0097 0.0182 
       D49/1 0.2062 0.0743 0.6666 0.0031 0.0057 0.0206 0.0074 0.0136 0.0025 
       DAISY 0.2172 0.0920 0.3567 0.0608 0.0105 0.1347 0.0053 0.1156 0.0072 
 DARK_RED_NO 0.0479 0.2271 0.0521 0.0984 0.3313 0.0075 0.0833 0.0415 0.1108 
     DARWINA 0.0790 0.1361 0.1146 0.1420 0.1326 0.3215 0.0624 0.0049 0.0068 
     DESIREE 0.0989 0.4064 0.0034 0.0084 0.0600 0.1377 0.0845 0.0034 0.1974 
       DITTA 0.0701 0.2331 0.0426 0.3324 0.0891 0.0850 0.1344 0.0039 0.0093 
 DR._MCINTOS 0.0092 0.1166 0.0707 0.0031 0.3465 0.0525 0.3245 0.0699 0.0070 
       DRAGA 0.0038 0.0178 0.1143 0.1775 0.2574 0.2139 0.0268 0.1406 0.0479 
 DUKE_OF_YOR 0.2923 0.0038 0.0022 0.1372 0.2842 0.1280 0.1465 0.0027 0.0030 
 DUNBAR_STAN 0.2166 0.0589 0.1704 0.0088 0.3704 0.0077 0.1159 0.0064 0.0448 
     DUNDROD 0.1515 0.1331 0.3998 0.0640 0.0746 0.0038 0.0070 0.0747 0.0916 
     ECLIPSE 0.3563 0.2904 0.0156 0.0028 0.2750 0.0040 0.0099 0.0435 0.0024 
        EDEN 0.2417 0.0062 0.4957 0.0029 0.0105 0.0109 0.0059 0.2203 0.0059 
 EDZELL_BLUE 0.2826 0.0922 0.0209 0.0969 0.1021 0.1212 0.1117 0.0832 0.0892 
   ELISABETH 0.0065 0.4222 0.1160 0.0148 0.0056 0.1507 0.2251 0.0559 0.0031 
     EMPEROR 0.0048 0.1595 0.1658 0.2396 0.2497 0.0208 0.0098 0.1440 0.0060 
         EOS 0.0152 0.3317 0.2107 0.0084 0.1239 0.1403 0.0228 0.1375 0.0095 
     EPICURE 0.3090 0.2319 0.0046 0.0032 0.2520 0.0367 0.1080 0.0473 0.0073 
  ERNTESTOLZ 0.1848 0.1065 0.0260 0.2508 0.1435 0.1110 0.0922 0.0539 0.0314 
      ESCORT 0.0119 0.2849 0.0948 0.0503 0.0074 0.3397 0.0232 0.1612 0.0266 
   ESMERALDA 0.1398 0.2299 0.0969 0.0096 0.0198 0.2978 0.0737 0.0922 0.0401 
      ESTIMA 0.0608 0.2450 0.1164 0.0147 0.1529 0.2934 0.0755 0.0371 0.0042 
 EVE_BALFOUR 0.2061 0.0163 0.0256 0.0057 0.0907 0.0368 0.0432 0.2543 0.3214 
   EXCALIBUR 0.0033 0.0107 0.3497 0.0418 0.0023 0.0222 0.0717 0.2243 0.2740 
     EXQUISA 0.1149 0.4010 0.0038 0.1863 0.0034 0.1075 0.0634 0.0066 0.1132 
    FESTIVAL 0.0055 0.2783 0.0956 0.0897 0.0105 0.3067 0.1074 0.1010 0.0054 
      FIANNA 0.0048 0.0994 0.0348 0.1126 0.1410 0.2449 0.1822 0.0596 0.1206 
   FIFTYFOLD 0.4975 0.1630 0.0392 0.0204 0.1349 0.0113 0.0328 0.0282 0.0726 
     FONTANE 0.0081 0.0987 0.1873 0.3690 0.0804 0.1469 0.0382 0.0678 0.0036 
   FORTYFOLD 0.4883 0.0034 0.0019 0.1551 0.1637 0.1529 0.0115 0.0105 0.0127 
 FRONTIER_RU 0.0907 0.2522 0.0957 0.0590 0.3961 0.0183 0.0070 0.0722 0.0088 
     G.81071 0.0479 0.1069 0.0751 0.0154 0.1460 0.1315 0.1953 0.2137 0.0682 
     G.88661 0.0031 0.1669 0.1881 0.0078 0.2221 0.1307 0.1535 0.1223 0.0056 
    G.886611 0.0022 0.2579 0.1713 0.0025 0.1590 0.0166 0.2244 0.1618 0.0045 
  G.8867Y%12 0.0030 0.2587 0.0873 0.0059 0.1968 0.0345 0.3171 0.0756 0.0212 
     G.88839 0.0128 0.5015 0.0036 0.0890 0.0019 0.1853 0.1952 0.0081 0.0026 
     G.88842 0.0064 0.2602 0.0104 0.1247 0.0487 0.2434 0.2247 0.0440 0.0375 
   GALACTICA 0.1207 0.0040 0.0101 0.1708 0.0770 0.2029 0.0283 0.0030 0.3832 
      GEMSON 0.0939 0.0675 0.1164 0.0618 0.1671 0.0048 0.2740 0.0626 0.1517 
  GL.76B/102 0.3020 0.2077 0.1386 0.1604 0.1247 0.0404 0.0033 0.0126 0.0104 
   GL.76B/94 0.4910 0.0293 0.0022 0.1278 0.0169 0.1703 0.0056 0.0038 0.1530 
  GL.77M/106 0.1766 0.1458 0.0804 0.0195 0.0170 0.0051 0.0444 0.3233 0.1879 
   GL.78/166 0.5678 0.0161 0.0283 0.1381 0.0756 0.0519 0.0648 0.0026 0.0547 
    GL.78/53 0.5149 0.1722 0.1009 0.0210 0.0139 0.0033 0.0027 0.1520 0.0189 
    GL.78/97 0.5449 0.1221 0.0452 0.0923 0.0355 0.0358 0.0045 0.0793 0.0403 
    GL.79/42 0.5213 0.2461 0.0836 0.0066 0.0043 0.0462 0.0071 0.0797 0.0051 
    GL.79/45 0.5490 0.2369 0.0194 0.0045 0.0034 0.0148 0.0334 0.0520 0.0866 
 GL.81_NT_25 0.3529 0.0019 0.4537 0.1039 0.0028 0.0063 0.0502 0.0040 0.0243 
   GLADIATOR 0.0032 0.2722 0.0958 0.0702 0.1626 0.1789 0.0040 0.0946 0.1185 
      GLAMIS 0.0282 0.1804 0.4082 0.0650 0.0775 0.0196 0.1880 0.0226 0.0106 
 GOLDEN_MILL 0.0901 0.0131 0.2144 0.0258 0.0060 0.0275 0.1193 0.4703 0.0334 
 GOLDEN_NUGG 0.0063 0.0584 0.0216 0.0263 0.0025 0.2641 0.4934 0.1159 0.0115 
 GOLDEN_WOND 0.4970 0.1465 0.0075 0.0050 0.1663 0.1149 0.0033 0.0419 0.0178 
     GRANOLA 0.0770 0.4184 0.0389 0.1939 0.0047 0.0288 0.0158 0.2033 0.0192 
    H1H3_101 0.3470 0.0018 0.5874 0.0428 0.0058 0.0022 0.0031 0.0030 0.0069 
      H1H3_3 0.1588 0.0086 0.3312 0.0387 0.0822 0.0244 0.2008 0.1474 0.0079 
 HARBOROUGH_ 0.0086 0.0036 0.3754 0.0259 0.0145 0.0256 0.0040 0.5395 0.0030 
   HARLEQUIN 0.1191 0.3529 0.0665 0.2192 0.0097 0.0037 0.0184 0.1553 0.0552 
      HERMES 0.0592 0.1874 0.0713 0.2759 0.0687 0.1033 0.0044 0.0050 0.2248 
 HIGHLAND_BU 0.7510 0.0027 0.0022 0.0181 0.0048 0.0568 0.1242 0.0378 0.0023 
  HOME_GUARD 0.1849 0.0660 0.1401 0.0228 0.2008 0.0211 0.1746 0.1325 0.0571 
     HORIZON 0.2053 0.0651 0.0817 0.1433 0.0063 0.3036 0.1673 0.0066 0.0208 
   INNOVATOR 0.0911 0.0034 0.0049 0.1396 0.3846 0.2212 0.0942 0.0218 0.0392 
 INTERNATION 0.7883 0.0024 0.0024 0.1323 0.0494 0.0066 0.0100 0.0029 0.0058 
 ISLE_OF_JUR 0.1293 0.0856 0.3712 0.0585 0.0119 0.0223 0.1464 0.0562 0.1187 
    JULIETTE 0.0038 0.3165 0.0074 0.4907 0.0017 0.0030 0.0923 0.0808 0.0038 
     KARLENA 0.1250 0.0045 0.0272 0.2348 0.2288 0.1102 0.0036 0.0161 0.2497 
 KERR'S_PINK 0.3965 0.0572 0.0612 0.0081 0.2715 0.0065 0.1101 0.0483 0.0406 
     KESTREL 0.0058 0.1745 0.3371 0.0026 0.0247 0.0045 0.0232 0.0716 0.3561 
       KIFLI 0.1553 0.4653 0.0531 0.1316 0.0154 0.0255 0.0032 0.1379 0.0128 
 KING_EDWARD 0.6797 0.1520 0.0168 0.0038 0.1245 0.0038 0.0048 0.0120 0.0026 
    KINGSTON 0.1914 0.0080 0.3033 0.0605 0.0031 0.0604 0.0994 0.2470 0.0268 
 KUFRI_CHAND 0.1085 0.0920 0.1269 0.1674 0.2708 0.0148 0.1762 0.0160 0.0274 
 KUFRI_JYOTI 0.0997 0.0765 0.0049 0.1126 0.0169 0.0932 0.1906 0.2008 0.2047 
      KURODA 0.0054 0.0978 0.0533 0.2427 0.1245 0.3121 0.0474 0.0109 0.1059 
 LADY_BALFOU 0.1302 0.0326 0.1356 0.0214 0.0825 0.0222 0.1636 0.1132 0.2988 
 LADY_CHRIST 0.2632 0.0854 0.0130 0.0493 0.0712 0.3957 0.0086 0.0962 0.0174 
 LADY_CLAIRE 0.1376 0.0018 0.0044 0.4497 0.0041 0.3569 0.0362 0.0031 0.0062 
     LADY_JO 0.2625 0.0021 0.0101 0.1281 0.0726 0.4915 0.0252 0.0030 0.0049 
 LADY_ROSETT 0.1080 0.1904 0.1099 0.0041 0.1102 0.3495 0.0577 0.0433 0.0269 
    LIBERTAS 0.2891 0.0040 0.0026 0.0139 0.0097 0.5423 0.0053 0.0035 0.1296 
       LINDA 0.1493 0.4207 0.0053 0.3355 0.0052 0.0044 0.0058 0.0197 0.0542 
      LINTON 0.0129 0.1764 0.1849 0.2293 0.1633 0.0541 0.0044 0.0160 0.1587 
 LINZER_DELI 0.1466 0.3788 0.0084 0.1572 0.0369 0.1276 0.0410 0.0959 0.0077 
   LIONHEART 0.0143 0.0746 0.0309 0.1623 0.1329 0.3593 0.0772 0.1119 0.0365 
   MADELEINE 0.0505 0.3258 0.0353 0.1492 0.0052 0.2512 0.0674 0.1018 0.0137 
   MADINGLEY 0.0103 0.2648 0.1227 0.2226 0.0962 0.0408 0.0022 0.0367 0.2038 
    MAJESTIC 0.0132 0.1222 0.0181 0.0303 0.3651 0.0311 0.2872 0.1107 0.0222 
     MARABEL 0.0042 0.2822 0.0119 0.2254 0.0520 0.2996 0.0707 0.0369 0.0170 
     MARFONA 0.1317 0.0364 0.1018 0.0598 0.1407 0.4404 0.0415 0.0138 0.0337 
     MARILYN 0.0386 0.2733 0.0087 0.2685 0.0178 0.1186 0.0716 0.1045 0.0984 
 MARIS_ANCHO 0.1512 0.2202 0.0620 0.0389 0.1568 0.2062 0.1250 0.0312 0.0084 
  MARIS_BARD 0.1116 0.0018 0.2140 0.0092 0.1719 0.2396 0.2069 0.0297 0.0153 
  MARIS_PEER 0.0916 0.0609 0.1637 0.0951 0.2003 0.0027 0.2442 0.0372 0.1043 
 MARIS_PIPER 0.1762 0.0043 0.7136 0.0618 0.0025 0.0077 0.0087 0.0198 0.0054 
     MARKIES 0.0770 0.2300 0.0206 0.3003 0.0224 0.2610 0.0070 0.0290 0.0527 
      MAXINE 0.0086 0.1303 0.3966 0.0237 0.1912 0.0055 0.1427 0.0309 0.0705 
      MEGARA 0.0381 0.1966 0.0497 0.3272 0.0040 0.2508 0.0437 0.0753 0.0145 
      MELODY 0.1373 0.1356 0.0524 0.1801 0.0140 0.2414 0.0570 0.0554 0.1270 
       MIDAS 0.1425 0.1699 0.4389 0.1193 0.0029 0.0954 0.0034 0.0164 0.0112 
       MILVA 0.1537 0.2717 0.0058 0.2086 0.0125 0.1822 0.0727 0.0772 0.0156 
        MIMI 0.1004 0.0714 0.1994 0.0046 0.0028 0.2666 0.1971 0.1327 0.0250 
        MIRA 0.1851 0.0083 0.0060 0.1565 0.0093 0.3925 0.2262 0.0037 0.0124 
       MOIRA 0.1005 0.1913 0.0422 0.1271 0.0573 0.1355 0.2246 0.0386 0.0829 
    MONTROSE 0.2684 0.0050 0.2680 0.0081 0.0034 0.0049 0.0025 0.4283 0.0113 
       MORAG 0.1497 0.0246 0.0546 0.0038 0.0860 0.0077 0.3673 0.2147 0.0916 
      MORENE 0.1324 0.0095 0.0024 0.1374 0.0844 0.4758 0.0912 0.0047 0.0622 
      MOZART 0.0018 0.3406 0.0062 0.0772 0.0186 0.2955 0.0091 0.2460 0.0050 
 MYATT'S_ASH 0.6686 0.0032 0.0022 0.1760 0.0561 0.0426 0.0420 0.0024 0.0070 
      NADINE 0.0062 0.2342 0.3808 0.0202 0.0349 0.0290 0.0891 0.1292 0.0764 
       NAVAN 0.0854 0.0686 0.6150 0.0049 0.0201 0.0172 0.1327 0.0332 0.0229 
 NDTX_4271_5 0.0044 0.3897 0.1649 0.0023 0.2227 0.0041 0.0477 0.1589 0.0052 
      NICOLA 0.1103 0.3667 0.0048 0.3915 0.0202 0.0611 0.0339 0.0038 0.0078 
     NOVELLA 0.0141 0.1903 0.0386 0.0957 0.0321 0.2769 0.2374 0.0425 0.0724 
     OLYMPUS 0.1011 0.1274 0.1448 0.0133 0.1223 0.0065 0.1022 0.3640 0.0183 
       OPERA 0.0056 0.1547 0.0716 0.1973 0.0662 0.2325 0.0128 0.1622 0.0970 
   ORCHESTRA 0.0470 0.2722 0.1106 0.2191 0.0046 0.1690 0.1010 0.0669 0.0094 
      ORIANA 0.0226 0.1379 0.0037 0.1958 0.1114 0.2244 0.1892 0.0033 0.1116 
     OTHELLO 0.0058 0.1076 0.1355 0.0049 0.0949 0.0033 0.0688 0.0926 0.4866 
     PALADIN 0.2296 0.0027 0.5440 0.0293 0.0508 0.0326 0.0043 0.1006 0.0062 
       PANDA 0.0072 0.4404 0.0981 0.2759 0.0042 0.0408 0.0179 0.0671 0.0485 
   PARAMOUNT 0.0367 0.1977 0.0057 0.0040 0.0220 0.1883 0.1038 0.0868 0.3550 
    PATRONES 0.1541 0.1310 0.0720 0.1386 0.1439 0.2338 0.0874 0.0102 0.0291 
 PENTLAND_AC 0.1133 0.1630 0.1446 0.0367 0.0688 0.0404 0.3646 0.0122 0.0563 
 PENTLAND_BE 0.3707 0.0065 0.0138 0.0164 0.1931 0.0480 0.2391 0.0022 0.1102 
 PENTLAND_CR 0.0646 0.0032 0.0069 0.1098 0.0631 0.1834 0.2510 0.2993 0.0187 
 PENTLAND_DE 0.1803 0.0747 0.0052 0.0040 0.1854 0.0134 0.2472 0.2064 0.0835 
 PENTLAND_IV 0.0236 0.2143 0.0554 0.0043 0.2104 0.0026 0.3233 0.1436 0.0226 
 PENTLAND_JA 0.0395 0.0105 0.0227 0.1330 0.2995 0.1081 0.2028 0.1669 0.0170 
 PENTLAND_MA 0.0477 0.0316 0.0055 0.1895 0.0345 0.1612 0.3312 0.0471 0.1516 
 PENTLAND_SQ 0.1379 0.0205 0.0063 0.0883 0.1105 0.0309 0.3093 0.2818 0.0144 
   PEPO_1978 0.1075 0.3168 0.0974 0.2279 0.0086 0.1188 0.0851 0.0177 0.0202 
     PICASSO 0.0026 0.0382 0.1479 0.0345 0.0258 0.2266 0.0108 0.0238 0.4899 
   PIMPERNEL 0.1863 0.1521 0.0088 0.0557 0.0035 0.3858 0.0081 0.0878 0.1119 
     PIONEER 0.0875 0.3249 0.0037 0.4381 0.0034 0.0021 0.0252 0.1123 0.0029 
       PIXIE 0.0039 0.1550 0.2517 0.0034 0.0331 0.0973 0.0060 0.2311 0.2186 
    PREMIERE 0.2373 0.0039 0.0184 0.0466 0.0770 0.4427 0.1589 0.0101 0.0051 
   PRODUCENT 0.0759 0.1306 0.1692 0.1337 0.0443 0.3431 0.0151 0.0839 0.0042 
     PROVOST 0.0931 0.0910 0.0083 0.1067 0.2005 0.0647 0.1794 0.1448 0.1114 
  R.P.LUSTRE 0.2005 0.2668 0.1418 0.0094 0.1037 0.0044 0.1770 0.0895 0.0068 
 RANGER_RUSS 0.1378 0.0170 0.0031 0.1977 0.4528 0.0317 0.0380 0.0021 0.1197 
       RATTE 0.4478 0.1915 0.0125 0.0133 0.0739 0.0073 0.0028 0.2459 0.0051 
      RECORD 0.2736 0.0164 0.0035 0.0226 0.0101 0.5873 0.0073 0.0028 0.0765 
   REMBRANDT 0.0729 0.0121 0.0717 0.3879 0.0900 0.1758 0.0648 0.1200 0.0050 
    RIO_ROJO 0.0197 0.2640 0.0398 0.0133 0.3098 0.0792 0.0067 0.1367 0.1308 
      ROBIJN 0.2692 0.1110 0.0020 0.0895 0.0182 0.4336 0.0116 0.0029 0.0620 
      ROCKET 0.1810 0.0673 0.4106 0.0020 0.0877 0.0463 0.0638 0.1107 0.0307 
   RODE_STAR 0.3687 0.2880 0.0046 0.0063 0.0015 0.2956 0.0023 0.0059 0.0272 
      ROMANO 0.0056 0.2606 0.0099 0.0036 0.0076 0.3113 0.1038 0.0850 0.2125 
       ROMEO 0.1587 0.2808 0.0064 0.0044 0.0348 0.0057 0.1484 0.1535 0.2073 
     ROOSTER 0.0923 0.0525 0.0053 0.0389 0.0837 0.1244 0.2455 0.2701 0.0873 
       ROYAL 0.1011 0.2502 0.3041 0.1813 0.0053 0.0512 0.0024 0.0242 0.0800 
 ROYAL_KIDNE 0.3273 0.0032 0.0025 0.0525 0.4062 0.0254 0.1716 0.0044 0.0068 
     RUBESSE 0.0312 0.2532 0.0169 0.1582 0.1100 0.1192 0.1423 0.1204 0.0487 
 RUSSET_BURB 0.0779 0.1660 0.0181 0.0466 0.4771 0.0804 0.0436 0.0515 0.0389 
 RUSSET_NORK 0.0141 0.2951 0.0632 0.0317 0.4957 0.0029 0.0154 0.0723 0.0095 
      SAFARI 0.0065 0.1073 0.0073 0.0559 0.0063 0.3941 0.2459 0.1255 0.0512 
     SANTANA 0.0512 0.0819 0.1038 0.1162 0.1944 0.3317 0.0025 0.0707 0.0476 
       SANTE 0.0877 0.1209 0.0602 0.0138 0.0057 0.4164 0.1422 0.1446 0.0085 
     SAPHIRE 0.0027 0.0185 0.0364 0.1647 0.2108 0.3603 0.0192 0.1775 0.0098 
  SARPO_MIRA 0.1456 0.4295 0.0630 0.0629 0.0143 0.1352 0.0066 0.0055 0.1374 
 SARPO_SHONA 0.0758 0.4096 0.0561 0.0877 0.0088 0.2061 0.0201 0.0134 0.1224 
       SASSY 0.1935 0.1789 0.0663 0.0896 0.1190 0.2099 0.0503 0.0404 0.0520 
     SATURNA 0.2485 0.2609 0.0218 0.1305 0.0038 0.3159 0.0032 0.0052 0.0102 
        SAVA 0.0133 0.3356 0.1448 0.2086 0.0624 0.0513 0.1692 0.0086 0.0063 
       SAXON 0.1479 0.0145 0.4135 0.0158 0.0037 0.0321 0.1757 0.1858 0.0109 
 SCARBOROUGH 0.0856 0.0210 0.4439 0.0029 0.0056 0.0084 0.0058 0.4245 0.0023 
 SEFTON_WOND 0.3827 0.0075 0.0802 0.0062 0.2500 0.0086 0.1488 0.1038 0.0123 
    SERAFINA 0.0928 0.4119 0.0039 0.1077 0.0129 0.1384 0.0507 0.1060 0.0757 
     SETANTA 0.0286 0.0979 0.0387 0.0101 0.0719 0.1144 0.0498 0.4932 0.0954 
 SHARPE'S_EX 0.5447 0.0896 0.0838 0.1085 0.1092 0.0162 0.0105 0.0080 0.0296 
     SHELAGH 0.2490 0.0433 0.0969 0.0680 0.0108 0.0987 0.1060 0.1178 0.2094 
    SHELFORD 0.1095 0.2219 0.0248 0.2407 0.1140 0.0456 0.0020 0.0028 0.2386 
     SHEPODY 0.1108 0.0020 0.0055 0.1060 0.3936 0.1998 0.0069 0.0112 0.1642 
      SLANEY 0.0061 0.1058 0.2375 0.0462 0.0114 0.0045 0.1581 0.1228 0.3077 
        SPEY 0.0026 0.0477 0.2193 0.0370 0.0047 0.0153 0.1992 0.1397 0.3345 
      SPUNTA 0.1708 0.3060 0.0450 0.0742 0.0587 0.0373 0.0075 0.1623 0.1382 
     STAMINA 0.0029 0.0070 0.5932 0.0355 0.0285 0.0247 0.1083 0.0208 0.1792 
    STEMSTER 0.1647 0.1867 0.2752 0.0879 0.0150 0.1283 0.0377 0.0090 0.0955 
 STORMONT_EN 0.1667 0.1046 0.1569 0.0056 0.0865 0.2861 0.0571 0.0082 0.1282 
    STIRLING 0.0055 0.0150 0.0512 0.0865 0.0724 0.0510 0.2429 0.2972 0.1783 
     SYLVANA 0.0257 0.2244 0.1063 0.0864 0.1877 0.2052 0.0593 0.0338 0.0712 
         TAY 0.0101 0.0950 0.1776 0.0033 0.0119 0.0246 0.0728 0.4681 0.1366 
      TIMATE 0.0255 0.3377 0.1103 0.1737 0.0422 0.2482 0.0046 0.0531 0.0048 
      TOLUCA 0.0107 0.3112 0.0038 0.2038 0.0429 0.1508 0.1008 0.0339 0.1419 
    TORRIDON 0.0729 0.0339 0.0174 0.1883 0.0266 0.2081 0.0898 0.1458 0.2171 
 ULSTER_SCEP 0.0444 0.0187 0.2777 0.0057 0.1766 0.0728 0.3512 0.0467 0.0061 
 UMATILLA_RU 0.3825 0.0583 0.2266 0.0392 0.0116 0.0839 0.1106 0.0665 0.0210 
 VALES_EMERA 0.0769 0.3529 0.1630 0.0779 0.0410 0.0096 0.0506 0.2049 0.0231 
 VALES_EVERE 0.1137 0.0162 0.0952 0.0096 0.0391 0.0168 0.1232 0.3240 0.2622 
 VALES_RUSSE 0.1625 0.1276 0.0115 0.1499 0.3999 0.0133 0.0102 0.1090 0.0161 
 VALES_SOVER 0.0030 0.0065 0.2644 0.0035 0.0087 0.0388 0.0063 0.1061 0.5629 
       VALOR 0.0026 0.0088 0.2636 0.0045 0.0050 0.1004 0.0621 0.2072 0.3459 
    VAN_GOGH 0.1332 0.1359 0.0706 0.1373 0.0139 0.3646 0.0862 0.0530 0.0053 
     VANTAGE 0.2547 0.0129 0.0129 0.0818 0.1934 0.3579 0.0097 0.0025 0.0742 
       VERDI 0.1824 0.2357 0.0860 0.1896 0.0136 0.1772 0.0160 0.0265 0.0730 
    VICTORIA 0.0089 0.0785 0.0310 0.3606 0.1401 0.1473 0.1319 0.0936 0.0083 
     VIVALDI 0.0084 0.1535 0.0029 0.1300 0.1475 0.3193 0.1636 0.0056 0.0692 
       WILJA 0.1625 0.0019 0.0091 0.0824 0.0833 0.5013 0.0935 0.0017 0.0642 
     WINSTON 0.0034 0.2202 0.3841 0.0021 0.0200 0.0094 0.1674 0.0855 0.1078 
      XD2-21 0.1321 0.1280 0.0725 0.0032 0.1859 0.0709 0.2355 0.0629 0.1090 
  YUKON_GOLD 0.0024 0.2299 0.1146 0.0821 0.2658 0.0425 0.0049 0.2512 0.0066 
       ZORBA 0.0954 0.0040 0.0088 0.2522 0.1334 0.2139 0.2174 0.0253 0.0496 
