  00C133-020 0.3506 0.0312 0.5919 0.0263 
 01C_071-002 0.3022 0.2708 0.2314 0.1957 
 02M_012-001 0.0249 0.1387 0.6358 0.2006 
 03M_016-002 0.1280 0.0138 0.3684 0.4898 
 03M_034-002 0.1893 0.0302 0.5662 0.2144 
 04C_055-004 0.0479 0.3280 0.5163 0.1077 
 04C_126-005 0.3853 0.1240 0.3810 0.1098 
 04M_034-013 0.0729 0.1143 0.4886 0.3242 
 05M_002-001 0.2055 0.4303 0.1679 0.1963 
 05M_004-003 0.3454 0.3815 0.2426 0.0305 
 05M_012-004 0.4294 0.2061 0.2435 0.1210 
 06C_127-002 0.2133 0.2876 0.4356 0.0635 
 12288_AF_23 0.3053 0.1609 0.5068 0.0270 
    12601AB1 0.0166 0.0121 0.4922 0.4791 
   12636_A_2 0.2085 0.0115 0.5498 0.2303 
  15119_AC_5 0.5018 0.0043 0.2937 0.2002 
     1512C16 0.4310 0.1544 0.0808 0.3339 
   15144_A_3 0.5990 0.2203 0.1554 0.0253 
     1563C14 0.1192 0.3341 0.0370 0.5097 
     2182EF7 0.5868 0.1011 0.1907 0.1214 
     3681AD1 0.4693 0.3034 0.1171 0.1103 
     5008AB6 0.3513 0.3987 0.1309 0.1191 
    8204_A_4 0.4847 0.1789 0.2998 0.0366 
       AGRIA 0.0489 0.7191 0.1003 0.1317 
       AILSA 0.0472 0.1480 0.6325 0.1723 
      ALMERA 0.2656 0.5365 0.0773 0.1206 
       ALPHA 0.2316 0.4053 0.0543 0.3087 
      ALWARA 0.3556 0.4775 0.0950 0.0720 
      AMADRA 0.0708 0.4775 0.2460 0.2057 
       AMOUR 0.4287 0.0281 0.4982 0.0450 
        ANNA 0.7778 0.0053 0.1116 0.1053 
   ANNABELLE 0.1401 0.7344 0.0410 0.0845 
        ANYA 0.1347 0.5032 0.1262 0.2359 
       ARGOS 0.5926 0.0716 0.3222 0.0136 
     ARIELLE 0.2175 0.5629 0.0487 0.1709 
      ARKULA 0.3078 0.4726 0.0259 0.1938 
      ARMADA 0.2630 0.4147 0.1289 0.1934 
   AVALANCHE 0.2682 0.1682 0.4455 0.1181 
     BAILLIE 0.2239 0.2011 0.5243 0.0507 
    BALMORAL 0.7011 0.0957 0.1118 0.0914 
     BAMBINO 0.2842 0.1137 0.5640 0.0381 
       BARNA 0.4721 0.2587 0.2128 0.0564 
 BELLE_DE_FO 0.0945 0.0070 0.0042 0.8943 
       BENOL 0.0358 0.1210 0.6287 0.2144 
       BF_15 0.0951 0.1425 0.0059 0.7565 
      BINTJE 0.2637 0.2200 0.0882 0.4282 
 BIONICA_EX_ 0.3309 0.3049 0.1832 0.1810 
 BLUE_DANUBE 0.3601 0.3822 0.0304 0.2273 
      BONNIE 0.3292 0.2899 0.3218 0.0591 
      BOUNTY 0.3267 0.1148 0.5186 0.0398 
 BRITISH_QUE 0.4152 0.0187 0.0105 0.5555 
     BRODICK 0.1149 0.2127 0.6517 0.0207 
      BRODIE 0.6609 0.0119 0.2026 0.1246 
      BUCHAN 0.5578 0.0514 0.2946 0.0962 
      BURREN 0.4831 0.2243 0.1840 0.1086 
     CABARET 0.1133 0.0096 0.5480 0.3292 
      CAESAR 0.2507 0.6373 0.1035 0.0084 
        CARA 0.6983 0.0136 0.2605 0.0276 
 CARLINGFORD 0.4910 0.1860 0.2121 0.1109 
  CASABLANCA 0.4903 0.1306 0.3679 0.0112 
      CELINE 0.3754 0.3746 0.1272 0.1229 
  CHALLENGER 0.1189 0.4421 0.2223 0.2167 
   CHARLOTTE 0.0171 0.6142 0.2417 0.1270 
     CHICAGO 0.0196 0.3452 0.5310 0.1042 
   CHIEFTAIN 0.3951 0.2365 0.1437 0.2247 
      CHOPIN 0.3076 0.5068 0.0602 0.1254 
      CLARET 0.6499 0.0745 0.2436 0.0321 
      CORINE 0.4094 0.1889 0.2327 0.1690 
      COSMOS 0.3031 0.4129 0.1104 0.1736 
     COURAGE 0.3210 0.4011 0.1100 0.1680 
     COURLAN 0.3285 0.3248 0.1844 0.1623 
 CRAIGS_ROYA 0.5326 0.0144 0.3262 0.1268 
 CRAIGS_SNOW 0.3216 0.0602 0.1895 0.4286 
     CRAMOND 0.2515 0.1596 0.5569 0.0320 
 CRISPS_FOR_ 0.2126 0.5010 0.1613 0.1251 
    CROMWELL 0.0160 0.0617 0.6574 0.2649 
       D22/1 0.2076 0.0097 0.5298 0.2529 
       D23/3 0.1592 0.0445 0.3987 0.3975 
      D47-11 0.0136 0.0093 0.6623 0.3148 
       D49/1 0.0040 0.0434 0.7419 0.2108 
       DAISY 0.0241 0.2345 0.4862 0.2552 
 DARK_RED_NO 0.4220 0.2278 0.1053 0.2449 
     DARWINA 0.2409 0.4371 0.0996 0.2223 
     DESIREE 0.3381 0.4629 0.0157 0.1832 
       DITTA 0.1774 0.5610 0.0323 0.2293 
 DR._MCINTOS 0.6007 0.0724 0.1475 0.1794 
       DRAGA 0.4375 0.2920 0.1933 0.0772 
 DUKE_OF_YOR 0.3499 0.1268 0.0049 0.5185 
 DUNBAR_STAN 0.3646 0.0111 0.1971 0.4272 
     DUNDROD 0.1077 0.1250 0.5369 0.2304 
     ECLIPSE 0.1383 0.1740 0.1426 0.5451 
        EDEN 0.0150 0.0107 0.7175 0.2569 
 EDZELL_BLUE 0.2725 0.2175 0.1016 0.4084 
   ELISABETH 0.1180 0.6188 0.2321 0.0312 
     EMPEROR 0.2489 0.3670 0.2594 0.1246 
         EOS 0.1862 0.4055 0.3341 0.0742 
     EPICURE 0.2893 0.1732 0.0580 0.4795 
  ERNTESTOLZ 0.2524 0.3589 0.0521 0.3366 
      ESCORT 0.1530 0.6046 0.2180 0.0244 
   ESMERALDA 0.1870 0.4200 0.1976 0.1954 
      ESTIMA 0.1905 0.4486 0.1673 0.1936 
 EVE_BALFOUR 0.4581 0.0214 0.2808 0.2397 
   EXCALIBUR 0.3287 0.0705 0.5962 0.0046 
     EXQUISA 0.1287 0.6567 0.0189 0.1957 
    FESTIVAL 0.1425 0.6367 0.1945 0.0263 
      FIANNA 0.4803 0.3594 0.0878 0.0726 
   FIFTYFOLD 0.1424 0.1088 0.1350 0.6137 
     FONTANE 0.1219 0.5393 0.2123 0.1265 
   FORTYFOLD 0.2234 0.1100 0.0053 0.6613 
 FRONTIER_RU 0.2766 0.2533 0.1645 0.3056 
     G.81071 0.4183 0.1945 0.2467 0.1405 
     G.88661 0.3977 0.2507 0.2965 0.0551 
    G.886611 0.3803 0.2656 0.3376 0.0165 
  G.8867Y%12 0.5195 0.2720 0.1824 0.0262 
     G.88839 0.0394 0.8993 0.0239 0.0374 
     G.88842 0.3421 0.5670 0.0460 0.0449 
   GALACTICA 0.5449 0.1912 0.0291 0.2348 
      GEMSON 0.5173 0.0466 0.2128 0.2233 
  GL.76B/102 0.0505 0.3455 0.1759 0.4282 
   GL.76B/94 0.1934 0.2199 0.0074 0.5793 
  GL.77M/106 0.2568 0.1606 0.3927 0.1899 
   GL.78/166 0.1282 0.1330 0.0487 0.6901 
    GL.78/53 0.0104 0.1334 0.2876 0.5686 
    GL.78/97 0.0324 0.1942 0.1575 0.6159 
    GL.79/42 0.0062 0.2215 0.2057 0.5665 
    GL.79/45 0.0441 0.1905 0.1702 0.5953 
 GL.81_NT_25 0.0375 0.0127 0.5204 0.4294 
   GLADIATOR 0.3226 0.4514 0.1892 0.0368 
      GLAMIS 0.1743 0.2451 0.4786 0.1021 
 GOLDEN_MILL 0.1646 0.1267 0.6035 0.1053 
 GOLDEN_NUGG 0.3918 0.3949 0.1711 0.0422 
 GOLDEN_WOND 0.1114 0.1595 0.0843 0.6448 
     GRANOLA 0.0276 0.6458 0.2109 0.1157 
    H1H3_101 0.0048 0.0039 0.6177 0.3736 
      H1H3_3 0.2284 0.0452 0.4796 0.2468 
 HARBOROUGH_ 0.0622 0.1194 0.7947 0.0238 
   HARLEQUIN 0.0499 0.5265 0.2357 0.1879 
      HERMES 0.2567 0.4720 0.0949 0.1765 
 HIGHLAND_BU 0.0778 0.0240 0.0212 0.8770 
  HOME_GUARD 0.3613 0.0510 0.2675 0.3201 
     HORIZON 0.2003 0.4033 0.0904 0.3060 
   INNOVATOR 0.5436 0.0914 0.0088 0.3562 
 INTERNATION 0.0391 0.0103 0.0083 0.9424 
 ISLE_OF_JUR 0.2061 0.1318 0.5004 0.1617 
    JULIETTE 0.0226 0.8100 0.1023 0.0650 
     KARLENA 0.4597 0.1788 0.0692 0.2924 
 KERR'S_PINK 0.2795 0.0148 0.1406 0.5652 
     KESTREL 0.4201 0.0434 0.5245 0.0120 
       KIFLI 0.0096 0.6203 0.1931 0.1770 
 KING_EDWARD 0.0110 0.0465 0.1219 0.8207 
    KINGSTON 0.1103 0.1292 0.5511 0.2093 
 KUFRI_CHAND 0.3859 0.1776 0.1366 0.3000 
 KUFRI_JYOTI 0.4638 0.2441 0.1250 0.1671 
      KURODA 0.3667 0.4935 0.0374 0.1024 
 LADY_BALFOU 0.5120 0.0317 0.2770 0.1793 
 LADY_CHRIST 0.1812 0.3872 0.0707 0.3609 
 LADY_CLAIRE 0.1107 0.5940 0.0128 0.2824 
     LADY_JO 0.2255 0.3359 0.0199 0.4188 
 LADY_ROSETT 0.2385 0.3919 0.1721 0.1974 
    LIBERTAS 0.2870 0.3080 0.0116 0.3934 
       LINDA 0.0246 0.6878 0.0415 0.2461 
      LINTON 0.2712 0.3836 0.2156 0.1296 
 LINZER_DELI 0.0766 0.6154 0.0743 0.2337 
   LIONHEART 0.3480 0.4366 0.0781 0.1373 
   MADELEINE 0.0992 0.6491 0.1377 0.1139 
   MADINGLEY 0.2171 0.4894 0.2027 0.0908 
    MAJESTIC 0.5555 0.1294 0.1104 0.2047 
     MARABEL 0.2076 0.7129 0.0400 0.0395 
     MARFONA 0.3362 0.3264 0.0658 0.2716 
     MARILYN 0.2206 0.5702 0.0822 0.1269 
 MARIS_ANCHO 0.2391 0.3784 0.1080 0.2744 
  MARIS_BARD 0.4471 0.0196 0.2675 0.2657 
  MARIS_PEER 0.4656 0.0378 0.2402 0.2564 
 MARIS_PIPER 0.0060 0.0142 0.7932 0.1866 
     MARKIES 0.1232 0.6457 0.0451 0.1860 
      MAXINE 0.3188 0.0956 0.4756 0.1100 
      MEGARA 0.1073 0.6776 0.0941 0.1210 
      MELODY 0.2284 0.4389 0.1244 0.2082 
       MIDAS 0.0085 0.3250 0.5015 0.1649 
       MILVA 0.1141 0.6112 0.0457 0.2290 
        MIMI 0.2129 0.2794 0.3788 0.1289 
        MIRA 0.2453 0.4478 0.0164 0.2905 
       MOIRA 0.3184 0.3867 0.1058 0.1890 
    MONTROSE 0.0215 0.0398 0.6609 0.2778 
       MORAG 0.4671 0.0240 0.2618 0.2471 
      MORENE 0.3309 0.4195 0.0067 0.2429 
      MOZART 0.1466 0.7016 0.1470 0.0049 
 MYATT'S_ASH 0.0926 0.0863 0.0056 0.8155 
      NADINE 0.1712 0.2789 0.5284 0.0215 
       NAVAN 0.1374 0.0407 0.7274 0.0945 
 NDTX_4271_5 0.2463 0.2961 0.3375 0.1201 
      NICOLA 0.0297 0.7245 0.0079 0.2379 
     NOVELLA 0.3506 0.4781 0.0977 0.0736 
     OLYMPUS 0.2538 0.1324 0.4389 0.1749 
       OPERA 0.2550 0.5037 0.1860 0.0553 
   ORCHESTRA 0.0676 0.6235 0.1898 0.1191 
      ORIANA 0.3988 0.4442 0.0089 0.1480 
     OTHELLO 0.6474 0.0273 0.3062 0.0191 
     PALADIN 0.0270 0.0128 0.6665 0.2938 
       PANDA 0.0420 0.7423 0.1711 0.0446 
   PARAMOUNT 0.5620 0.2590 0.1081 0.0709 
    PATRONES 0.2649 0.3682 0.0677 0.2992 
 PENTLAND_AC 0.3438 0.2093 0.2216 0.2253 
 PENTLAND_BE 0.4201 0.0144 0.0305 0.5349 
 PENTLAND_CR 0.4404 0.2073 0.1942 0.1581 
 PENTLAND_DE 0.4729 0.0546 0.1680 0.3045 
 PENTLAND_IV 0.4613 0.1390 0.2408 0.1588 
 PENTLAND_JA 0.4995 0.1525 0.1212 0.2268 
 PENTLAND_MA 0.5119 0.3070 0.0335 0.1476 
 PENTLAND_SQ 0.4083 0.1562 0.1922 0.2433 
   PEPO_1978 0.0719 0.6231 0.1374 0.1676 
     PICASSO 0.6121 0.1877 0.1926 0.0076 
   PIMPERNEL 0.1785 0.4940 0.0847 0.2428 
     PIONEER 0.0185 0.6960 0.0909 0.1946 
       PIXIE 0.3289 0.1976 0.4645 0.0090 
    PREMIERE 0.2844 0.3047 0.0464 0.3644 
   PRODUCENT 0.1083 0.4903 0.2246 0.1768 
     PROVOST 0.4713 0.2011 0.1033 0.2243 
  R.P.LUSTRE 0.1651 0.2347 0.2923 0.3078 
 RANGER_RUSS 0.5311 0.0575 0.0041 0.4073 
       RATTE 0.0214 0.2134 0.2345 0.5307 
      RECORD 0.2279 0.4070 0.0074 0.3577 
   REMBRANDT 0.1905 0.4451 0.1225 0.2418 
    RIO_ROJO 0.4145 0.2566 0.1597 0.1693 
      ROBIJN 0.1519 0.4801 0.0073 0.3607 
      ROCKET 0.1833 0.0220 0.5544 0.2403 
   RODE_STAR 0.0120 0.5185 0.0465 0.4230 
      ROMANO 0.4062 0.4506 0.1144 0.0287 
       ROMEO 0.3503 0.2558 0.1924 0.2015 
     ROOSTER 0.4280 0.2211 0.1825 0.1684 
       ROYAL 0.0199 0.4557 0.3797 0.1447 
 ROYAL_KIDNE 0.4199 0.0069 0.0050 0.5682 
     RUBESSE 0.2875 0.4604 0.1137 0.1384 
 RUSSET_BURB 0.4558 0.1697 0.0638 0.3107 
 RUSSET_NORK 0.3742 0.1995 0.1622 0.2641 
      SAFARI 0.4317 0.4525 0.0811 0.0347 
     SANTANA 0.2776 0.3860 0.1479 0.1885 
       SANTE 0.1886 0.4729 0.1936 0.1448 
     SAPHIRE 0.3858 0.4236 0.1217 0.0689 
  SARPO_MIRA 0.1012 0.5761 0.1221 0.2006 
 SARPO_SHONA 0.1238 0.6359 0.1187 0.1216 
       SASSY 0.2310 0.3492 0.1071 0.3127 
     SATURNA 0.0167 0.6068 0.0415 0.3350 
        SAVA 0.1373 0.5771 0.1747 0.1110 
       SAXON 0.1411 0.0875 0.6143 0.1572 
 SCARBOROUGH 0.0226 0.0698 0.8251 0.0824 
 SEFTON_WOND 0.2684 0.0072 0.1870 0.5373 
    SERAFINA 0.1630 0.6244 0.0582 0.1544 
     SETANTA 0.3075 0.2175 0.4131 0.0619 
 SHARPE'S_EX 0.0957 0.1137 0.1141 0.6765 
     SHELAGH 0.3411 0.1357 0.2215 0.3017 
    SHELFORD 0.2643 0.4394 0.0524 0.2439 
     SHEPODY 0.6094 0.0192 0.0104 0.3610 
      SLANEY 0.4644 0.1102 0.4135 0.0119 
        SPEY 0.5138 0.0874 0.3933 0.0055 
      SPUNTA 0.1809 0.3803 0.2092 0.2296 
     STAMINA 0.2890 0.0267 0.6759 0.0084 
    STEMSTER 0.1304 0.3055 0.3409 0.2231 
 STORMONT_EN 0.3340 0.2147 0.1875 0.2637 
    STIRLING 0.5716 0.1363 0.2718 0.0203 
     SYLVANA 0.3188 0.3876 0.1424 0.1512 
         TAY 0.2972 0.1374 0.5520 0.0134 
      TIMATE 0.0316 0.6917 0.1698 0.1068 
      TOLUCA 0.2981 0.5955 0.0202 0.0862 
    TORRIDON 0.4259 0.3119 0.1017 0.1605 
 ULSTER_SCEP 0.4216 0.0383 0.3500 0.1902 
 UMATILLA_RU 0.0898 0.1370 0.3386 0.4346 
 VALES_EMERA 0.1172 0.4151 0.3497 0.1180 
 VALES_EVERE 0.4541 0.0269 0.3891 0.1300 
 VALES_RUSSE 0.3342 0.1904 0.0892 0.3861 
 VALES_SOVER 0.5624 0.0109 0.4217 0.0050 
       VALOR 0.4742 0.0490 0.4720 0.0048 
    VAN_GOGH 0.1459 0.5238 0.1111 0.2193 
     VANTAGE 0.3108 0.2364 0.0148 0.4380 
       VERDI 0.0999 0.5242 0.1338 0.2421 
    VICTORIA 0.2803 0.4965 0.0615 0.1618 
     VIVALDI 0.4159 0.4721 0.0070 0.1050 
       WILJA 0.4021 0.2736 0.0122 0.3121 
     WINSTON 0.2820 0.1605 0.5480 0.0094 
      XD2-21 0.4602 0.0957 0.1753 0.2689 
  YUKON_GOLD 0.2699 0.3769 0.3068 0.0464 
       ZORBA 0.4247 0.3044 0.0235 0.2474 
