  00C133-020 0.0068 0.0273 0.0087 0.2673 0.0723 0.0133 0.3841 0.2203 
 01C_071-002 0.1825 0.1473 0.1175 0.2477 0.0819 0.0203 0.1650 0.0379 
 02M_012-001 0.0340 0.1917 0.0758 0.0605 0.0124 0.0041 0.4415 0.1799 
 03M_016-002 0.0568 0.3407 0.0310 0.0149 0.0049 0.2085 0.3327 0.0105 
 03M_034-002 0.0023 0.1973 0.0032 0.0373 0.1770 0.0075 0.3206 0.2549 
 04C_055-004 0.0209 0.0695 0.2815 0.0318 0.0541 0.0539 0.4370 0.0514 
 04C_126-005 0.0648 0.1070 0.0164 0.2822 0.1140 0.0099 0.1920 0.2137 
 04M_034-013 0.0160 0.2216 0.0864 0.0058 0.0570 0.1344 0.3810 0.0978 
 05M_002-001 0.3767 0.0744 0.1329 0.0538 0.0478 0.1187 0.1261 0.0696 
 05M_004-003 0.3634 0.0072 0.0123 0.1642 0.1247 0.0213 0.1295 0.1773 
 05M_012-004 0.1066 0.0352 0.0118 0.1141 0.2191 0.1677 0.0901 0.2553 
 06C_127-002 0.0125 0.0200 0.2379 0.0785 0.0089 0.1086 0.1556 0.3780 
 12288_AF_23 0.0064 0.0056 0.1376 0.1822 0.0648 0.1072 0.3537 0.1423 
    12601AB1 0.0058 0.4521 0.0034 0.0050 0.0040 0.0023 0.1564 0.3710 
   12636_A_2 0.0051 0.1944 0.0041 0.1095 0.0129 0.0760 0.3141 0.2839 
  15119_AC_5 0.0080 0.1888 0.0022 0.5057 0.0354 0.0217 0.2345 0.0038 
     1512C16 0.0616 0.1995 0.0964 0.1328 0.0677 0.3030 0.0074 0.1316 
   15144_A_3 0.0575 0.0272 0.2179 0.6311 0.0032 0.0045 0.0120 0.0467 
     1563C14 0.1123 0.4143 0.2277 0.0603 0.0884 0.0760 0.0137 0.0073 
     2182EF7 0.1257 0.0355 0.0106 0.2464 0.0546 0.2396 0.0189 0.2687 
     3681AD1 0.2533 0.0582 0.0152 0.2442 0.2141 0.0313 0.0299 0.1539 
     5008AB6 0.1048 0.1057 0.1395 0.1924 0.2056 0.0074 0.0045 0.2401 
    8204_A_4 0.0553 0.0169 0.0812 0.2414 0.0709 0.1295 0.0489 0.3558 
       AGRIA 0.6313 0.0091 0.1867 0.0034 0.0089 0.0252 0.0400 0.0953 
       AILSA 0.0074 0.1073 0.1780 0.0061 0.0040 0.0616 0.4314 0.2042 
      ALMERA 0.2715 0.0103 0.2054 0.0281 0.2179 0.1650 0.0937 0.0080 
       ALPHA 0.0172 0.2240 0.1709 0.0213 0.4094 0.0954 0.0362 0.0256 
      ALWARA 0.0184 0.0307 0.3169 0.2818 0.2743 0.0287 0.0359 0.0133 
      AMADRA 0.1151 0.1601 0.2306 0.0128 0.2194 0.0118 0.1543 0.0959 
       AMOUR 0.0297 0.0391 0.0296 0.4046 0.0085 0.0215 0.3169 0.1500 
        ANNA 0.0178 0.1197 0.0019 0.6389 0.0351 0.0473 0.0074 0.1319 
   ANNABELLE 0.2345 0.0163 0.3366 0.0078 0.2875 0.0445 0.0115 0.0613 
        ANYA 0.0742 0.1805 0.3948 0.0730 0.0425 0.0914 0.0105 0.1330 
       ARGOS 0.0903 0.0059 0.0377 0.5043 0.0334 0.0665 0.2495 0.0122 
     ARIELLE 0.2439 0.0480 0.3030 0.0872 0.1577 0.1092 0.0468 0.0041 
      ARKULA 0.0690 0.1171 0.1663 0.0581 0.4495 0.0705 0.0097 0.0598 
      ARMADA 0.0217 0.1160 0.1851 0.0357 0.4059 0.0934 0.1309 0.0114 
   AVALANCHE 0.1432 0.0156 0.0119 0.0810 0.1797 0.1258 0.4296 0.0132 
     BAILLIE 0.0862 0.0140 0.0826 0.1287 0.1055 0.0689 0.4407 0.0734 
    BALMORAL 0.1428 0.0152 0.0050 0.3819 0.1607 0.2037 0.0275 0.0632 
     BAMBINO 0.0333 0.0272 0.0586 0.2118 0.0940 0.0244 0.4230 0.1277 
       BARNA 0.0027 0.0323 0.2547 0.3742 0.1311 0.0570 0.0656 0.0825 
 BELLE_DE_FO 0.0250 0.7868 0.0063 0.0711 0.0090 0.0976 0.0021 0.0022 
       BENOL 0.1419 0.1697 0.0030 0.0040 0.0055 0.0030 0.3625 0.3105 
       BF_15 0.1061 0.6587 0.0602 0.0569 0.0802 0.0315 0.0029 0.0036 
      BINTJE 0.1393 0.2980 0.0877 0.0791 0.1337 0.1735 0.0723 0.0164 
 BIONICA_EX_ 0.1674 0.1425 0.0209 0.0916 0.2437 0.0313 0.0190 0.2836 
 BLUE_DANUBE 0.2166 0.1463 0.0080 0.1244 0.3949 0.0856 0.0196 0.0045 
      BONNIE 0.0092 0.0196 0.1589 0.1488 0.2335 0.0849 0.1759 0.1692 
      BOUNTY 0.0831 0.0249 0.0276 0.2475 0.0710 0.0196 0.3713 0.1550 
 BRITISH_QUE 0.1934 0.3162 0.0025 0.0347 0.0374 0.3854 0.0287 0.0018 
     BRODICK 0.0180 0.0252 0.0797 0.0099 0.0462 0.0160 0.2736 0.5313 
      BRODIE 0.0064 0.0796 0.0285 0.4635 0.0124 0.2098 0.0253 0.1745 
      BUCHAN 0.0030 0.0365 0.1455 0.4039 0.0047 0.1442 0.0869 0.1753 
      BURREN 0.1420 0.1026 0.1339 0.4457 0.0171 0.0099 0.0425 0.1063 
     CABARET 0.0084 0.2708 0.0060 0.0541 0.0172 0.0787 0.4372 0.1277 
      CAESAR 0.2157 0.0023 0.2582 0.0464 0.2479 0.0519 0.0103 0.1674 
        CARA 0.0124 0.0467 0.0210 0.6610 0.0281 0.0135 0.0824 0.1348 
 CARLINGFORD 0.0074 0.0091 0.1698 0.1247 0.1201 0.3103 0.0841 0.1746 
  CASABLANCA 0.0984 0.0028 0.0027 0.2295 0.2085 0.0747 0.2767 0.1067 
      CELINE 0.0885 0.0873 0.0225 0.1484 0.4604 0.0149 0.0372 0.1409 
  CHALLENGER 0.2526 0.0743 0.1623 0.0040 0.1160 0.1438 0.1570 0.0900 
   CHARLOTTE 0.1049 0.1125 0.4716 0.0118 0.0088 0.0051 0.0342 0.2509 
     CHICAGO 0.1046 0.0712 0.1564 0.0120 0.1351 0.0038 0.4322 0.0847 
   CHIEFTAIN 0.0873 0.0517 0.2354 0.0654 0.0048 0.3522 0.0116 0.1915 
      CHOPIN 0.1438 0.0175 0.1922 0.0119 0.3219 0.1931 0.0191 0.1006 
      CLARET 0.0068 0.0242 0.1465 0.5930 0.0152 0.0493 0.0940 0.0710 
      CORINE 0.2930 0.0735 0.0028 0.1747 0.0960 0.0897 0.1238 0.1466 
      COSMOS 0.0910 0.0447 0.1073 0.0077 0.4335 0.1721 0.1232 0.0206 
     COURAGE 0.0278 0.0886 0.1760 0.0805 0.3473 0.1524 0.0468 0.0805 
     COURLAN 0.1865 0.0279 0.2361 0.1297 0.0066 0.2215 0.0753 0.1165 
 CRAIGS_ROYA 0.0074 0.0501 0.0668 0.3541 0.0053 0.2221 0.1852 0.1090 
 CRAIGS_SNOW 0.0963 0.2456 0.0791 0.0840 0.0071 0.3058 0.1721 0.0099 
     CRAMOND 0.0285 0.0167 0.0074 0.0214 0.1957 0.0529 0.3251 0.3524 
 CRISPS_FOR_ 0.0549 0.0408 0.2975 0.0295 0.2662 0.1316 0.0885 0.0910 
    CROMWELL 0.0814 0.2146 0.0273 0.0783 0.0054 0.0035 0.5853 0.0042 
       D22/1 0.0429 0.1616 0.0044 0.1166 0.0227 0.1309 0.5182 0.0026 
       D23/3 0.0471 0.2792 0.0708 0.0355 0.0084 0.1780 0.3618 0.0192 
      D47-11 0.0218 0.2592 0.0044 0.0108 0.0387 0.0104 0.6475 0.0071 
       D49/1 0.0045 0.1697 0.0647 0.0024 0.0397 0.0082 0.6993 0.0116 
       DAISY 0.0684 0.2106 0.1022 0.0054 0.1143 0.0132 0.3863 0.0996 
 DARK_RED_NO 0.0810 0.0583 0.2356 0.1129 0.0107 0.3824 0.0515 0.0675 
     DARWINA 0.1942 0.0902 0.1386 0.0105 0.2990 0.1419 0.1176 0.0079 
     DESIREE 0.0068 0.1082 0.3821 0.2297 0.1781 0.0872 0.0026 0.0052 
       DITTA 0.3340 0.0847 0.2699 0.0154 0.0977 0.1568 0.0341 0.0074 
 DR._MCINTOS 0.0037 0.0106 0.0534 0.0362 0.1975 0.4835 0.0528 0.1622 
       DRAGA 0.2398 0.0046 0.0264 0.0525 0.1595 0.2585 0.1270 0.1317 
 DUKE_OF_YOR 0.1533 0.3094 0.0036 0.0048 0.1648 0.3581 0.0032 0.0028 
 DUNBAR_STAN 0.0108 0.2216 0.0551 0.0752 0.0088 0.4400 0.1758 0.0126 
     DUNDROD 0.0495 0.1434 0.1501 0.0801 0.0040 0.0739 0.4203 0.0787 
     ECLIPSE 0.0027 0.3480 0.2410 0.0021 0.0055 0.3132 0.0139 0.0735 
        EDEN 0.0040 0.2247 0.0078 0.0046 0.0132 0.0119 0.5378 0.1961 
 EDZELL_BLUE 0.1404 0.3031 0.0903 0.1189 0.1016 0.1258 0.0221 0.0978 
   ELISABETH 0.0099 0.0072 0.3773 0.0059 0.2903 0.0443 0.1052 0.1598 
     EMPEROR 0.2438 0.0056 0.1705 0.0051 0.0087 0.2526 0.1527 0.1611 
         EOS 0.0096 0.0119 0.3003 0.0115 0.1609 0.1384 0.2120 0.1555 
     EPICURE 0.0035 0.3180 0.1752 0.0072 0.0971 0.3160 0.0042 0.0788 
  ERNTESTOLZ 0.2612 0.2084 0.1296 0.0553 0.1012 0.1640 0.0253 0.0552 
      ESCORT 0.0912 0.0114 0.2717 0.0301 0.3246 0.0082 0.0994 0.1633 
   ESMERALDA 0.0105 0.1498 0.1924 0.0397 0.3633 0.0205 0.0964 0.1274 
      ESTIMA 0.0206 0.0582 0.2187 0.0049 0.3354 0.1913 0.1277 0.0432 
 EVE_BALFOUR 0.0081 0.2197 0.0138 0.3368 0.0461 0.0858 0.0542 0.2353 
   EXCALIBUR 0.0612 0.0038 0.0078 0.3120 0.0167 0.0026 0.3431 0.2528 
     EXQUISA 0.1480 0.1349 0.4013 0.1161 0.1715 0.0066 0.0046 0.0171 
    FESTIVAL 0.1451 0.0070 0.2600 0.0086 0.3305 0.0175 0.1012 0.1302 
      FIANNA 0.1691 0.0071 0.0883 0.1561 0.2712 0.1868 0.0324 0.0891 
   FIFTYFOLD 0.0236 0.5111 0.1560 0.0706 0.0090 0.1560 0.0421 0.0316 
     FONTANE 0.4462 0.0089 0.1397 0.0057 0.0601 0.0913 0.1776 0.0705 
   FORTYFOLD 0.2083 0.5141 0.0045 0.0144 0.0891 0.1583 0.0023 0.0091 
 FRONTIER_RU 0.0504 0.0986 0.2544 0.0082 0.0095 0.4190 0.0934 0.0666 
     G.81071 0.0119 0.0680 0.0769 0.1079 0.2022 0.1918 0.0846 0.2567 
     G.88661 0.0133 0.0039 0.1136 0.0074 0.2089 0.2800 0.1678 0.2051 
    G.886611 0.0030 0.0029 0.1891 0.0090 0.1308 0.2521 0.1460 0.2671 
  G.8867Y%12 0.0078 0.0032 0.1898 0.0770 0.1609 0.3177 0.0525 0.1911 
     G.88839 0.0285 0.0123 0.5054 0.0047 0.3744 0.0040 0.0048 0.0658 
     G.88842 0.0959 0.0083 0.2438 0.0676 0.3719 0.0981 0.0094 0.1050 
   GALACTICA 0.2166 0.1336 0.0061 0.3844 0.1679 0.0790 0.0097 0.0026 
      GEMSON 0.0797 0.1029 0.0613 0.2464 0.0106 0.2739 0.1049 0.1203 
  GL.76B/102 0.1298 0.3201 0.2344 0.0059 0.0451 0.1019 0.1511 0.0118 
   GL.76B/94 0.1492 0.5099 0.0560 0.1285 0.1395 0.0089 0.0029 0.0053 
  GL.77M/106 0.0142 0.1870 0.1462 0.2064 0.0063 0.0133 0.1060 0.3205 
   GL.78/166 0.1442 0.5822 0.0368 0.0652 0.0374 0.0902 0.0417 0.0022 
    GL.78/53 0.0105 0.5226 0.1834 0.0094 0.0035 0.0078 0.1230 0.1396 
    GL.78/97 0.0893 0.5637 0.1439 0.0327 0.0231 0.0230 0.0720 0.0523 
    GL.79/42 0.0108 0.5332 0.2267 0.0059 0.0301 0.0039 0.0957 0.0937 
    GL.79/45 0.0056 0.5609 0.2057 0.0850 0.0317 0.0048 0.0275 0.0789 
 GL.81_NT_25 0.1239 0.3408 0.0026 0.0370 0.0047 0.0047 0.4830 0.0032 
   GLADIATOR 0.1248 0.0043 0.2802 0.1288 0.1270 0.1430 0.0948 0.0970 
      GLAMIS 0.0445 0.0196 0.1751 0.0295 0.0960 0.1554 0.4153 0.0646 
 GOLDEN_MILL 0.0336 0.1091 0.0109 0.0541 0.0482 0.0072 0.2555 0.4815 
 GOLDEN_NUGG 0.1236 0.0262 0.0208 0.1672 0.4111 0.0058 0.0197 0.2254 
 GOLDEN_WOND 0.0066 0.5297 0.1433 0.0152 0.1028 0.1471 0.0148 0.0406 
     GRANOLA 0.1487 0.0850 0.4333 0.0129 0.0482 0.0058 0.0386 0.2275 
    H1H3_101 0.0278 0.3235 0.0023 0.0061 0.0024 0.0064 0.6291 0.0025 
      H1H3_3 0.0727 0.1518 0.0068 0.0250 0.0594 0.1482 0.3550 0.1811 
 HARBOROUGH_ 0.0444 0.0108 0.0039 0.0033 0.0126 0.0069 0.4224 0.4957 
   HARLEQUIN 0.1650 0.1328 0.3883 0.0696 0.0032 0.0115 0.0649 0.1647 
      HERMES 0.2795 0.0805 0.2599 0.2252 0.0435 0.0287 0.0797 0.0030 
 HIGHLAND_BU 0.0199 0.7837 0.0034 0.0033 0.0992 0.0141 0.0035 0.0728 
  HOME_GUARD 0.0479 0.1963 0.0403 0.1132 0.0299 0.2631 0.1337 0.1756 
     HORIZON 0.2125 0.2254 0.0607 0.0704 0.3188 0.0132 0.0853 0.0137 
   INNOVATOR 0.2222 0.1141 0.0030 0.0448 0.1788 0.4135 0.0066 0.0170 
 INTERNATION 0.1329 0.8174 0.0027 0.0059 0.0046 0.0300 0.0031 0.0035 
 ISLE_OF_JUR 0.0414 0.1347 0.0808 0.1452 0.0822 0.0350 0.3932 0.0875 
    JULIETTE 0.4548 0.0086 0.3882 0.0077 0.0030 0.0027 0.0064 0.1286 
     KARLENA 0.3013 0.1580 0.0101 0.2547 0.0308 0.2040 0.0349 0.0062 
 KERR'S_PINK 0.0139 0.4083 0.0515 0.0655 0.0061 0.3333 0.0616 0.0596 
     KESTREL 0.0031 0.0050 0.1559 0.3773 0.0053 0.0254 0.3218 0.1063 
       KIFLI 0.0606 0.1875 0.4958 0.0113 0.0398 0.0079 0.0719 0.1254 
 KING_EDWARD 0.0035 0.6826 0.1321 0.0023 0.0043 0.1340 0.0283 0.0130 
    KINGSTON 0.0993 0.1931 0.0061 0.0520 0.0584 0.0035 0.3322 0.2553 
 KUFRI_CHAND 0.1934 0.1195 0.0924 0.0655 0.0189 0.3496 0.1194 0.0413 
 KUFRI_JYOTI 0.1766 0.1198 0.0580 0.2490 0.1030 0.0474 0.0043 0.2419 
      KURODA 0.3165 0.0076 0.1167 0.1137 0.2641 0.1218 0.0483 0.0113 
 LADY_BALFOU 0.0437 0.1323 0.0192 0.3457 0.0376 0.1425 0.1444 0.1346 
 LADY_CHRIST 0.1391 0.2838 0.0785 0.0142 0.3378 0.0378 0.0348 0.0740 
 LADY_CLAIRE 0.5528 0.1572 0.0030 0.0060 0.2670 0.0050 0.0063 0.0027 
     LADY_JO 0.2365 0.2751 0.0019 0.0060 0.4133 0.0529 0.0120 0.0024 
 LADY_ROSETT 0.0177 0.1246 0.1536 0.0386 0.3597 0.1263 0.1117 0.0679 
    LIBERTAS 0.1542 0.2974 0.0027 0.1046 0.4294 0.0047 0.0041 0.0029 
       LINDA 0.2627 0.1632 0.4817 0.0411 0.0049 0.0069 0.0052 0.0344 
      LINTON 0.2535 0.0166 0.2233 0.1545 0.0133 0.1404 0.1882 0.0102 
 LINZER_DELI 0.1227 0.1679 0.3796 0.0093 0.1533 0.0457 0.0080 0.1134 
   LIONHEART 0.2544 0.0225 0.0654 0.0452 0.3190 0.1428 0.0398 0.1108 
   MADELEINE 0.1610 0.0631 0.3138 0.0130 0.2713 0.0083 0.0345 0.1350 
   MADINGLEY 0.2144 0.0164 0.3321 0.2022 0.0214 0.0507 0.1391 0.0237 
    MAJESTIC 0.0653 0.0170 0.0786 0.0858 0.0915 0.4806 0.0194 0.1618 
     MARABEL 0.2168 0.0061 0.2822 0.0157 0.3507 0.0586 0.0115 0.0585 
     MARFONA 0.1449 0.1372 0.0311 0.0263 0.4007 0.1371 0.1096 0.0130 
     MARILYN 0.2560 0.0600 0.2897 0.1098 0.1310 0.0300 0.0084 0.1151 
 MARIS_ANCHO 0.0465 0.1523 0.1985 0.0142 0.2647 0.2074 0.0637 0.0526 
  MARIS_BARD 0.0654 0.1050 0.0014 0.0484 0.2650 0.2343 0.2355 0.0449 
  MARIS_PEER 0.1086 0.0975 0.0666 0.1798 0.0033 0.3070 0.1548 0.0825 
 MARIS_PIPER 0.0639 0.1438 0.0083 0.0050 0.0070 0.0043 0.7536 0.0143 
     MARKIES 0.3544 0.0903 0.2522 0.0443 0.1994 0.0134 0.0190 0.0270 
      MAXINE 0.0243 0.0081 0.1168 0.1146 0.0150 0.2590 0.3965 0.0657 
      MEGARA 0.3934 0.0550 0.2174 0.0199 0.1831 0.0054 0.0423 0.0837 
      MELODY 0.2171 0.1514 0.1519 0.1353 0.2190 0.0118 0.0579 0.0555 
       MIDAS 0.1135 0.1284 0.2049 0.0075 0.0678 0.0027 0.4586 0.0166 
       MILVA 0.2038 0.1694 0.2741 0.0170 0.2110 0.0146 0.0065 0.1037 
        MIMI 0.0154 0.1230 0.0362 0.1033 0.3253 0.0053 0.2187 0.1730 
        MIRA 0.2265 0.2129 0.0085 0.0375 0.4584 0.0407 0.0093 0.0061 
       MOIRA 0.1249 0.1064 0.1933 0.1254 0.2021 0.1233 0.0451 0.0795 
    MONTROSE 0.0086 0.2661 0.0071 0.0067 0.0032 0.0027 0.3273 0.3784 
       MORAG 0.0084 0.1746 0.0105 0.1969 0.0740 0.1877 0.0544 0.2935 
      MORENE 0.2314 0.1533 0.0083 0.0747 0.4414 0.0813 0.0032 0.0066 
      MOZART 0.1292 0.0020 0.3193 0.0056 0.2725 0.0135 0.0091 0.2488 
 MYATT'S_ASH 0.1880 0.6966 0.0036 0.0103 0.0248 0.0719 0.0025 0.0024 
      NADINE 0.0132 0.0066 0.2120 0.0908 0.0643 0.0699 0.3753 0.1679 
       NAVAN 0.0044 0.0519 0.0519 0.0390 0.0857 0.0706 0.6378 0.0586 
 NDTX_4271_5 0.0033 0.0062 0.3491 0.0070 0.0058 0.2644 0.1584 0.2058 
      NICOLA 0.3463 0.1239 0.4134 0.0063 0.0661 0.0350 0.0047 0.0044 
     NOVELLA 0.1164 0.0192 0.1755 0.1300 0.3573 0.0736 0.0299 0.0981 
     OLYMPUS 0.0234 0.1154 0.1053 0.0472 0.0068 0.1484 0.1695 0.3839 
       OPERA 0.2637 0.0098 0.1709 0.1077 0.1657 0.0601 0.0816 0.1405 
   ORCHESTRA 0.2246 0.0585 0.2989 0.0214 0.1894 0.0085 0.1108 0.0879 
      ORIANA 0.2024 0.0304 0.1458 0.1471 0.2887 0.1769 0.0041 0.0046 
     OTHELLO 0.0066 0.0067 0.1070 0.5173 0.0037 0.1176 0.1220 0.1192 
     PALADIN 0.0643 0.2143 0.0034 0.0051 0.0151 0.0354 0.5862 0.0761 
       PANDA 0.2288 0.0102 0.4853 0.0543 0.0467 0.0066 0.0885 0.0796 
   PARAMOUNT 0.0061 0.0475 0.1661 0.3851 0.2352 0.0376 0.0060 0.1164 
    PATRONES 0.1715 0.1645 0.1441 0.0433 0.2143 0.1802 0.0715 0.0107 
 PENTLAND_AC 0.0603 0.1139 0.1299 0.1486 0.1303 0.1985 0.1439 0.0745 
 PENTLAND_BE 0.0115 0.3788 0.0062 0.1512 0.1324 0.2970 0.0183 0.0046 
 PENTLAND_CR 0.1958 0.0905 0.0027 0.0909 0.1781 0.1085 0.0113 0.3222 
 PENTLAND_DE 0.0057 0.1984 0.0343 0.1383 0.0893 0.2720 0.0061 0.2559 
 PENTLAND_IV 0.0043 0.0321 0.1881 0.1275 0.0166 0.3483 0.0544 0.2288 
 PENTLAND_JA 0.1917 0.0486 0.0099 0.0439 0.1048 0.3794 0.0343 0.1873 
 PENTLAND_MA 0.2057 0.0700 0.0363 0.2226 0.2465 0.0982 0.0052 0.1156 
 PENTLAND_SQ 0.1396 0.1605 0.0133 0.0813 0.0627 0.2044 0.0084 0.3297 
   PEPO_1978 0.2044 0.1125 0.3460 0.0182 0.1595 0.0226 0.1026 0.0342 
     PICASSO 0.0765 0.0028 0.0530 0.4898 0.2009 0.0158 0.1430 0.0182 
   PIMPERNEL 0.1294 0.2047 0.1547 0.1037 0.3164 0.0029 0.0126 0.0757 
     PIONEER 0.3573 0.1020 0.3815 0.0034 0.0026 0.0071 0.0043 0.1419 
       PIXIE 0.0078 0.0059 0.1391 0.2254 0.0978 0.0155 0.2549 0.2537 
    PREMIERE 0.1287 0.2465 0.0034 0.0079 0.4550 0.1033 0.0461 0.0089 
   PRODUCENT 0.2052 0.0924 0.1274 0.0049 0.2905 0.0209 0.1772 0.0815 
     PROVOST 0.1311 0.1126 0.0698 0.1442 0.0969 0.2606 0.0107 0.1741 
  R.P.LUSTRE 0.0058 0.1951 0.2482 0.0212 0.0343 0.2041 0.1495 0.1418 
 RANGER_RUSS 0.1979 0.1475 0.0362 0.1111 0.0091 0.4933 0.0027 0.0022 
       RATTE 0.0108 0.4816 0.1821 0.0075 0.0083 0.0472 0.0422 0.2203 
      RECORD 0.1392 0.2783 0.0138 0.0490 0.5054 0.0065 0.0049 0.0030 
   REMBRANDT 0.4977 0.0969 0.0319 0.0070 0.0756 0.0991 0.0768 0.1151 
    RIO_ROJO 0.0321 0.0306 0.2466 0.1283 0.0643 0.3020 0.0518 0.1442 
      ROBIJN 0.1332 0.2893 0.1098 0.0374 0.4134 0.0114 0.0029 0.0026 
      ROCKET 0.0024 0.1668 0.0289 0.0312 0.0976 0.1158 0.4334 0.1237 
   RODE_STAR 0.0133 0.3905 0.2841 0.0175 0.2790 0.0017 0.0079 0.0059 
      ROMANO 0.0087 0.0153 0.2194 0.2365 0.3796 0.0092 0.0135 0.1178 
       ROMEO 0.0039 0.1707 0.2681 0.2724 0.0117 0.0801 0.0076 0.1856 
     ROOSTER 0.0800 0.1170 0.0310 0.1620 0.1679 0.1319 0.0079 0.3023 
       ROYAL 0.1718 0.0966 0.3003 0.0615 0.0291 0.0037 0.3222 0.0149 
 ROYAL_KIDNE 0.0943 0.3388 0.0028 0.0169 0.0310 0.5040 0.0032 0.0089 
     RUBESSE 0.1868 0.0492 0.2466 0.0923 0.1210 0.1412 0.0163 0.1466 
 RUSSET_BURB 0.0590 0.0859 0.1432 0.0285 0.0851 0.5170 0.0243 0.0570 
 RUSSET_NORK 0.0131 0.0168 0.2772 0.0072 0.0030 0.5466 0.0466 0.0896 
      SAFARI 0.1419 0.0111 0.0683 0.1232 0.4460 0.0195 0.0110 0.1790 
     SANTANA 0.1999 0.0771 0.1059 0.0438 0.2550 0.1535 0.1367 0.0281 
       SANTE 0.0926 0.1087 0.0809 0.0278 0.4339 0.0055 0.0759 0.1748 
     SAPHIRE 0.2714 0.0039 0.0204 0.0146 0.2898 0.1928 0.0433 0.1638 
  SARPO_MIRA 0.0314 0.1589 0.4423 0.1487 0.1354 0.0121 0.0647 0.0065 
 SARPO_SHONA 0.0767 0.0893 0.4118 0.1421 0.2080 0.0090 0.0451 0.0178 
       SASSY 0.1455 0.1994 0.1706 0.0585 0.1754 0.1321 0.0798 0.0387 
     SATURNA 0.1662 0.2568 0.2768 0.0071 0.2570 0.0035 0.0294 0.0032 
        SAVA 0.2048 0.0174 0.3470 0.0182 0.1046 0.1368 0.1326 0.0386 
       SAXON 0.0232 0.1412 0.0127 0.0440 0.0959 0.0144 0.4407 0.2279 
 SCARBOROUGH 0.0025 0.0733 0.0131 0.0026 0.0124 0.0067 0.4923 0.3970 
 SEFTON_WOND 0.0121 0.3964 0.0049 0.0380 0.0155 0.3190 0.0875 0.1266 
    SERAFINA 0.0782 0.1107 0.3985 0.0751 0.1886 0.0145 0.0038 0.1305 
     SETANTA 0.0238 0.0556 0.0707 0.1137 0.1149 0.0596 0.0825 0.4792 
 SHARPE'S_EX 0.0929 0.5619 0.1031 0.0225 0.0115 0.1161 0.0821 0.0099 
     SHELAGH 0.1108 0.2688 0.0460 0.2448 0.0798 0.0120 0.1116 0.1263 
    SHELFORD 0.2327 0.1292 0.2929 0.2363 0.0152 0.0577 0.0339 0.0022 
     SHEPODY 0.1883 0.1339 0.0024 0.1601 0.1330 0.3687 0.0065 0.0072 
      SLANEY 0.0492 0.0071 0.1173 0.3769 0.0088 0.0383 0.2363 0.1661 
        SPEY 0.0836 0.0030 0.0420 0.4203 0.0318 0.0105 0.2154 0.1935 
      SPUNTA 0.0478 0.1870 0.3172 0.1437 0.0411 0.0456 0.0654 0.1521 
     STAMINA 0.0502 0.0025 0.0072 0.2143 0.0347 0.0541 0.6032 0.0339 
    STEMSTER 0.0870 0.1564 0.1863 0.1027 0.1446 0.0210 0.2922 0.0097 
 STORMONT_EN 0.0174 0.1695 0.0927 0.1299 0.2947 0.1134 0.1708 0.0115 
    STIRLING 0.1296 0.0069 0.0115 0.2397 0.0791 0.1355 0.0546 0.3431 
     SYLVANA 0.0862 0.0295 0.2137 0.0680 0.2332 0.2121 0.1101 0.0471 
         TAY 0.0060 0.0154 0.0648 0.1641 0.0547 0.0206 0.2216 0.4528 
      TIMATE 0.1879 0.0320 0.3608 0.0056 0.2214 0.0291 0.1148 0.0485 
      TOLUCA 0.1743 0.0183 0.3249 0.1597 0.2055 0.0667 0.0043 0.0464 
    TORRIDON 0.2452 0.0913 0.0385 0.2353 0.1899 0.0303 0.0181 0.1514 
 ULSTER_SCEP 0.0132 0.0368 0.0081 0.0416 0.1779 0.3161 0.2837 0.1225 
 UMATILLA_RU 0.0443 0.3839 0.0582 0.0429 0.1087 0.0427 0.2548 0.0644 
 VALES_EMERA 0.0387 0.0861 0.3560 0.0404 0.0166 0.0572 0.1680 0.2371 
 VALES_EVERE 0.0213 0.1321 0.0109 0.3134 0.0186 0.0592 0.1156 0.3289 
 VALES_RUSSE 0.1572 0.1770 0.1343 0.0097 0.0070 0.4081 0.0176 0.0889 
 VALES_SOVER 0.0060 0.0033 0.0143 0.5659 0.0373 0.0053 0.2868 0.0809 
       VALOR 0.0162 0.0030 0.0057 0.3842 0.0916 0.0045 0.2670 0.2277 
    VAN_GOGH 0.1887 0.1476 0.1212 0.0066 0.3709 0.0171 0.0740 0.0738 
     VANTAGE 0.1517 0.2720 0.0154 0.0520 0.2998 0.1882 0.0189 0.0022 
       VERDI 0.1565 0.1899 0.2639 0.0650 0.1979 0.0165 0.0937 0.0166 
    VICTORIA 0.4488 0.0120 0.1010 0.0164 0.0972 0.1955 0.0266 0.1026 
     VIVALDI 0.1425 0.0097 0.1452 0.0839 0.3999 0.2036 0.0041 0.0111 
       WILJA 0.1825 0.1677 0.0020 0.0759 0.4671 0.0893 0.0138 0.0017 
     WINSTON 0.0026 0.0035 0.1771 0.1639 0.0467 0.0830 0.3776 0.1456 
      XD2-21 0.0035 0.1431 0.0799 0.1551 0.1605 0.2755 0.0650 0.1174 
  YUKON_GOLD 0.1044 0.0033 0.2243 0.0072 0.0275 0.2595 0.1296 0.2442 
       ZORBA 0.3174 0.1206 0.0044 0.1009 0.2267 0.1838 0.0079 0.0381 
