  00C133-020 0.1812 0.0736 0.7452 
 01C_071-002 0.4339 0.2430 0.3231 
 02M_012-001 0.0921 0.2856 0.6223 
 03M_016-002 0.0640 0.5383 0.3977 
 03M_034-002 0.0834 0.2815 0.6351 
 04C_055-004 0.2892 0.1926 0.5182 
 04C_126-005 0.3190 0.1490 0.5320 
 04M_034-013 0.1296 0.3832 0.4872 
 05M_002-001 0.5338 0.2476 0.2186 
 05M_004-003 0.5623 0.0676 0.3701 
 05M_012-004 0.4492 0.1439 0.4069 
 06C_127-002 0.3606 0.1252 0.5142 
 12288_AF_23 0.3014 0.0707 0.6279 
    12601AB1 0.0113 0.5324 0.4563 
   12636_A_2 0.0517 0.2989 0.6494 
  15119_AC_5 0.1485 0.2730 0.5785 
     1512C16 0.4344 0.3474 0.2182 
   15144_A_3 0.5649 0.0389 0.3962 
     1563C14 0.4080 0.5358 0.0562 
     2182EF7 0.4681 0.1272 0.4047 
     3681AD1 0.5933 0.1332 0.2735 
     5008AB6 0.5848 0.1596 0.2556 
    8204_A_4 0.4564 0.0617 0.4819 
       AGRIA 0.7144 0.1887 0.0969 
       AILSA 0.1115 0.2560 0.6325 
      ALMERA 0.6794 0.1689 0.1517 
       ALPHA 0.5384 0.3421 0.1194 
      ALWARA 0.6774 0.1089 0.2137 
      AMADRA 0.4848 0.2609 0.2543 
       AMOUR 0.2317 0.0793 0.6891 
        ANNA 0.3751 0.1355 0.4894 
   ANNABELLE 0.7907 0.1458 0.0634 
        ANYA 0.5651 0.2746 0.1604 
       ARGOS 0.4079 0.0215 0.5707 
     ARIELLE 0.6829 0.2131 0.1040 
      ARKULA 0.6681 0.2221 0.1098 
      ARMADA 0.5594 0.2384 0.2022 
   AVALANCHE 0.3012 0.1681 0.5306 
     BAILLIE 0.2862 0.1166 0.5971 
    BALMORAL 0.5382 0.0753 0.3865 
     BAMBINO 0.2286 0.1010 0.6705 
       BARNA 0.5313 0.0822 0.3866 
 BELLE_DE_FO 0.0701 0.9198 0.0102 
       BENOL 0.0723 0.3004 0.6273 
       BF_15 0.2241 0.7664 0.0095 
      BINTJE 0.3958 0.4481 0.1561 
 BIONICA_EX_ 0.4954 0.2174 0.2872 
 BLUE_DANUBE 0.6163 0.2519 0.1318 
      BONNIE 0.4591 0.1044 0.4365 
      BOUNTY 0.2632 0.0869 0.6500 
 BRITISH_QUE 0.3240 0.5489 0.1270 
     BRODICK 0.2097 0.0901 0.7002 
      BRODIE 0.3735 0.1501 0.4764 
      BUCHAN 0.3776 0.1089 0.5136 
      BURREN 0.4991 0.1261 0.3748 
     CABARET 0.0205 0.3902 0.5893 
      CAESAR 0.7791 0.0213 0.1996 
        CARA 0.3926 0.0471 0.5603 
 CARLINGFORD 0.4886 0.1296 0.3817 
  CASABLANCA 0.3989 0.0231 0.5780 
      CELINE 0.5934 0.1497 0.2569 
  CHALLENGER 0.4875 0.2692 0.2433 
   CHARLOTTE 0.5541 0.2079 0.2380 
     CHICAGO 0.2823 0.2014 0.5164 
   CHIEFTAIN 0.4826 0.2400 0.2773 
      CHOPIN 0.6823 0.1637 0.1540 
      CLARET 0.4569 0.0471 0.4960 
      CORINE 0.4270 0.1935 0.3795 
      COSMOS 0.5981 0.2067 0.1951 
     COURAGE 0.5977 0.1999 0.2024 
     COURLAN 0.5119 0.1919 0.2962 
 CRAIGS_ROYA 0.2974 0.1488 0.5537 
 CRAIGS_SNOW 0.2619 0.4493 0.2888 
     CRAMOND 0.2585 0.0925 0.6490 
 CRISPS_FOR_ 0.6035 0.1694 0.2271 
    CROMWELL 0.0264 0.3579 0.6157 
       D22/1 0.0532 0.3272 0.6196 
       D23/3 0.1189 0.4409 0.4402 
      D47-11 0.0085 0.3795 0.6120 
       D49/1 0.0112 0.3239 0.6649 
       DAISY 0.1944 0.3389 0.4667 
 DARK_RED_NO 0.4992 0.2585 0.2423 
     DARWINA 0.5789 0.2619 0.1592 
     DESIREE 0.6810 0.2109 0.1081 
       DITTA 0.6651 0.2680 0.0669 
 DR._MCINTOS 0.4672 0.1858 0.3469 
       DRAGA 0.5581 0.1018 0.3401 
 DUKE_OF_YOR 0.4362 0.5272 0.0366 
 DUNBAR_STAN 0.2034 0.4537 0.3429 
     DUNDROD 0.1514 0.2930 0.5556 
     ECLIPSE 0.2705 0.5611 0.1683 
        EDEN 0.0084 0.3269 0.6647 
 EDZELL_BLUE 0.3954 0.4341 0.1706 
   ELISABETH 0.6529 0.0810 0.2661 
     EMPEROR 0.4917 0.1643 0.3440 
         EOS 0.4798 0.1277 0.3925 
     EPICURE 0.3819 0.4944 0.1236 
  ERNTESTOLZ 0.5191 0.3635 0.1174 
      ESCORT 0.6567 0.0784 0.2649 
   ESMERALDA 0.5053 0.2440 0.2507 
      ESTIMA 0.5490 0.2394 0.2115 
 EVE_BALFOUR 0.2677 0.2688 0.4635 
   EXCALIBUR 0.2282 0.0100 0.7618 
     EXQUISA 0.7182 0.2431 0.0387 
    FESTIVAL 0.6798 0.0844 0.2358 
      FIANNA 0.6514 0.0966 0.2520 
   FIFTYFOLD 0.2044 0.6363 0.1593 
     FONTANE 0.5799 0.1773 0.2428 
   FORTYFOLD 0.3150 0.6708 0.0142 
 FRONTIER_RU 0.4228 0.3288 0.2484 
     G.81071 0.4336 0.1670 0.3994 
     G.88661 0.4786 0.0812 0.4402 
    G.886611 0.4781 0.0364 0.4855 
  G.8867Y%12 0.5865 0.0416 0.3719 
     G.88839 0.8754 0.1010 0.0236 
     G.88842 0.7598 0.0827 0.1575 
   GALACTICA 0.5401 0.2312 0.2287 
      GEMSON 0.3698 0.2314 0.3988 
  GL.76B/102 0.3580 0.4811 0.1609 
   GL.76B/94 0.3802 0.5985 0.0212 
  GL.77M/106 0.2774 0.2342 0.4883 
   GL.78/166 0.2282 0.7142 0.0577 
    GL.78/53 0.0998 0.6253 0.2748 
    GL.78/97 0.2041 0.6515 0.1444 
    GL.79/42 0.1840 0.6172 0.1988 
    GL.79/45 0.2033 0.6348 0.1619 
 GL.81_NT_25 0.0138 0.4928 0.4934 
   GLADIATOR 0.6308 0.0727 0.2965 
      GLAMIS 0.3031 0.1700 0.5269 
 GOLDEN_MILL 0.1545 0.1815 0.6639 
 GOLDEN_NUGG 0.6206 0.0665 0.3129 
 GOLDEN_WOND 0.2362 0.6635 0.1003 
     GRANOLA 0.6084 0.1783 0.2133 
    H1H3_101 0.0041 0.4612 0.5347 
      H1H3_3 0.1485 0.2943 0.5572 
 HARBOROUGH_ 0.0834 0.1013 0.8153 
   HARLEQUIN 0.5044 0.2442 0.2515 
      HERMES 0.6134 0.2225 0.1641 
 HIGHLAND_BU 0.0849 0.8911 0.0240 
  HOME_GUARD 0.2677 0.3390 0.3934 
     HORIZON 0.5240 0.3476 0.1284 
   INNOVATOR 0.5069 0.3414 0.1517 
 INTERNATION 0.0355 0.9546 0.0099 
 ISLE_OF_JUR 0.2174 0.2220 0.5606 
    JULIETTE 0.7645 0.1453 0.0902 
     KARLENA 0.4735 0.2905 0.2360 
 KERR'S_PINK 0.1839 0.5894 0.2267 
     KESTREL 0.2637 0.0239 0.7124 
       KIFLI 0.5632 0.2619 0.1749 
 KING_EDWARD 0.0597 0.8415 0.0988 
    KINGSTON 0.1444 0.2721 0.5835 
 KUFRI_CHAND 0.4327 0.3163 0.2510 
 KUFRI_JYOTI 0.5312 0.1859 0.2829 
      KURODA 0.7179 0.1326 0.1494 
 LADY_BALFOU 0.3210 0.1968 0.4821 
 LADY_CHRIST 0.4912 0.3944 0.1144 
 LADY_CLAIRE 0.6494 0.3363 0.0143 
     LADY_JO 0.5034 0.4513 0.0453 
 LADY_ROSETT 0.5300 0.2337 0.2363 
    LIBERTAS 0.5291 0.4222 0.0487 
       LINDA 0.6632 0.2968 0.0400 
      LINTON 0.5231 0.1703 0.3066 
 LINZER_DELI 0.6345 0.2803 0.0852 
   LIONHEART 0.6426 0.1684 0.1890 
   MADELEINE 0.6711 0.1726 0.1563 
   MADINGLEY 0.5897 0.1447 0.2656 
    MAJESTIC 0.4848 0.2175 0.2977 
     MARABEL 0.8082 0.0999 0.0918 
     MARFONA 0.5376 0.2939 0.1685 
     MARILYN 0.6908 0.1683 0.1409 
 MARIS_ANCHO 0.5230 0.3063 0.1706 
  MARIS_BARD 0.2720 0.2827 0.4453 
  MARIS_PEER 0.3212 0.2712 0.4076 
 MARIS_PIPER 0.0076 0.2696 0.7229 
     MARKIES 0.7047 0.2389 0.0564 
      MAXINE 0.2571 0.1515 0.5914 
      MEGARA 0.7017 0.1809 0.1175 
      MELODY 0.5621 0.2516 0.1863 
       MIDAS 0.2558 0.2669 0.4773 
       MILVA 0.6565 0.2739 0.0696 
        MIMI 0.3669 0.1851 0.4480 
        MIRA 0.6080 0.3389 0.0531 
       MOIRA 0.5649 0.2269 0.2083 
    MONTROSE 0.0182 0.3479 0.6338 
       MORAG 0.2850 0.2736 0.4414 
      MORENE 0.6845 0.2809 0.0346 
      MOZART 0.7720 0.0142 0.2138 
 MYATT'S_ASH 0.1779 0.8140 0.0080 
      NADINE 0.3275 0.0772 0.5953 
       NAVAN 0.0591 0.1751 0.7658 
 NDTX_4271_5 0.4219 0.1528 0.4253 
      NICOLA 0.7071 0.2839 0.0090 
     NOVELLA 0.6776 0.1113 0.2112 
     OLYMPUS 0.2569 0.2147 0.5285 
       OPERA 0.6247 0.1021 0.2731 
   ORCHESTRA 0.6280 0.1795 0.1925 
      ORIANA 0.7339 0.1904 0.0757 
     OTHELLO 0.3911 0.0301 0.5787 
     PALADIN 0.0121 0.3532 0.6347 
       PANDA 0.7144 0.1148 0.1708 
   PARAMOUNT 0.6055 0.0820 0.3125 
    PATRONES 0.5257 0.3331 0.1412 
 PENTLAND_AC 0.4063 0.2566 0.3371 
 PENTLAND_BE 0.2806 0.5320 0.1875 
 PENTLAND_CR 0.4620 0.1829 0.3551 
 PENTLAND_DE 0.3449 0.3255 0.3296 
 PENTLAND_IV 0.4101 0.1753 0.4146 
 PENTLAND_JA 0.4762 0.2246 0.2992 
 PENTLAND_MA 0.6341 0.1607 0.2052 
 PENTLAND_SQ 0.3980 0.2648 0.3372 
   PEPO_1978 0.6313 0.2315 0.1372 
     PICASSO 0.5546 0.0114 0.4341 
   PIMPERNEL 0.5890 0.2838 0.1271 
     PIONEER 0.6560 0.2664 0.0776 
       PIXIE 0.3590 0.0238 0.6172 
    PREMIERE 0.4913 0.3862 0.1225 
   PRODUCENT 0.5213 0.2350 0.2437 
     PROVOST 0.4972 0.2362 0.2666 
  R.P.LUSTRE 0.3143 0.3485 0.3371 
 RANGER_RUSS 0.5097 0.3999 0.0904 
       RATTE 0.2054 0.5690 0.2255 
      RECORD 0.5835 0.3955 0.0210 
   REMBRANDT 0.5512 0.2831 0.1657 
    RIO_ROJO 0.5202 0.1829 0.2970 
      ROBIJN 0.5858 0.4025 0.0117 
      ROCKET 0.0874 0.3003 0.6123 
   RODE_STAR 0.4851 0.4862 0.0288 
      ROMANO 0.6837 0.0586 0.2577 
       ROMEO 0.4482 0.2288 0.3230 
     ROOSTER 0.4643 0.1922 0.3435 
       ROYAL 0.3995 0.2358 0.3647 
 ROYAL_KIDNE 0.2958 0.5811 0.1232 
     RUBESSE 0.6207 0.1707 0.2087 
 RUSSET_BURB 0.4707 0.3199 0.2094 
 RUSSET_NORK 0.4428 0.2803 0.2769 
      SAFARI 0.7103 0.0639 0.2258 
     SANTANA 0.5466 0.2216 0.2319 
       SANTE 0.5652 0.1886 0.2463 
     SAPHIRE 0.6481 0.0977 0.2542 
  SARPO_MIRA 0.6060 0.2480 0.1460 
 SARPO_SHONA 0.6823 0.1797 0.1380 
       SASSY 0.4818 0.3500 0.1682 
     SATURNA 0.5791 0.3924 0.0285 
        SAVA 0.6298 0.1619 0.2083 
       SAXON 0.1125 0.2316 0.6560 
 SCARBOROUGH 0.0218 0.1765 0.8017 
 SEFTON_WOND 0.1236 0.5749 0.3015 
    SERAFINA 0.6952 0.1991 0.1056 
     SETANTA 0.3583 0.1090 0.5327 
 SHARPE'S_EX 0.1792 0.6980 0.1228 
     SHELAGH 0.3457 0.3246 0.3297 
    SHELFORD 0.5889 0.2826 0.1284 
     SHEPODY 0.4499 0.3352 0.2149 
      SLANEY 0.3681 0.0263 0.6056 
        SPEY 0.3799 0.0104 0.6097 
      SPUNTA 0.4622 0.2658 0.2719 
     STAMINA 0.1607 0.0253 0.8141 
    STEMSTER 0.3519 0.2917 0.3564 
 STORMONT_EN 0.4208 0.2924 0.2868 
    STIRLING 0.4839 0.0247 0.4914 
     SYLVANA 0.5711 0.1840 0.2449 
         TAY 0.2664 0.0468 0.6868 
      TIMATE 0.6640 0.1730 0.1630 
      TOLUCA 0.7742 0.1262 0.0996 
    TORRIDON 0.5667 0.1874 0.2458 
 ULSTER_SCEP 0.2648 0.2214 0.5138 
 UMATILLA_RU 0.1695 0.4901 0.3404 
 VALES_EMERA 0.4309 0.1851 0.3839 
 VALES_EVERE 0.2686 0.1670 0.5645 
 VALES_RUSSE 0.4150 0.4025 0.1825 
 VALES_SOVER 0.2992 0.0095 0.6913 
       VALOR 0.3033 0.0078 0.6889 
    VAN_GOGH 0.5900 0.2721 0.1380 
     VANTAGE 0.4718 0.4582 0.0699 
       VERDI 0.5529 0.3064 0.1407 
    VICTORIA 0.6613 0.1924 0.1463 
     VIVALDI 0.7839 0.1485 0.0675 
       WILJA 0.5654 0.3318 0.1028 
     WINSTON 0.2925 0.0285 0.6791 
      XD2-21 0.3838 0.2843 0.3319 
  YUKON_GOLD 0.5143 0.0852 0.4006 
       ZORBA 0.5884 0.2567 0.1549 
