  00C133-020 0.0125 0.2797 0.0205 0.0251 0.2492 0.0098 0.4032 
 01C_071-002 0.1391 0.2590 0.1526 0.1955 0.0283 0.0387 0.1868 
 02M_012-001 0.0797 0.0653 0.1693 0.0268 0.1740 0.0036 0.4814 
 03M_016-002 0.0486 0.0152 0.3381 0.0044 0.0096 0.2241 0.3600 
 03M_034-002 0.0030 0.0749 0.2001 0.0545 0.3018 0.0078 0.3578 
 04C_055-004 0.2773 0.0360 0.0600 0.0357 0.0837 0.0607 0.4465 
 04C_126-005 0.0195 0.2920 0.1124 0.1198 0.2376 0.0128 0.2060 
 04M_034-013 0.0711 0.0075 0.2182 0.0450 0.1147 0.1393 0.4044 
 05M_002-001 0.1917 0.0609 0.1027 0.2953 0.0597 0.1599 0.1298 
 05M_004-003 0.0739 0.1671 0.0079 0.3550 0.1749 0.0843 0.1369 
 05M_012-004 0.0105 0.1287 0.0466 0.2552 0.2787 0.1907 0.0896 
 06C_127-002 0.2243 0.0748 0.0339 0.0093 0.4152 0.0827 0.1597 
 12288_AF_23 0.1320 0.2055 0.0075 0.0185 0.1773 0.1028 0.3564 
    12601AB1 0.0026 0.0047 0.4389 0.0037 0.3413 0.0020 0.2067 
   12636_A_2 0.0041 0.1139 0.1877 0.0072 0.2908 0.0516 0.3447 
  15119_AC_5 0.0021 0.5177 0.1829 0.0139 0.0044 0.0219 0.2571 
     1512C16 0.0932 0.1534 0.2274 0.0698 0.1426 0.3069 0.0067 
   15144_A_3 0.2436 0.6371 0.0479 0.0087 0.0457 0.0052 0.0118 
     1563C14 0.2298 0.0700 0.4377 0.1549 0.0096 0.0811 0.0169 
     2182EF7 0.0155 0.2405 0.0516 0.1161 0.2884 0.2669 0.0211 
     3681AD1 0.0222 0.2571 0.0683 0.3826 0.1521 0.0776 0.0401 
     5008AB6 0.1152 0.2090 0.1250 0.2738 0.2615 0.0089 0.0066 
    8204_A_4 0.0565 0.2405 0.0289 0.1045 0.3900 0.1274 0.0522 
       AGRIA 0.3169 0.0038 0.0305 0.4198 0.0729 0.1120 0.0440 
       AILSA 0.1717 0.0095 0.0957 0.0041 0.2201 0.0464 0.4525 
      ALMERA 0.2426 0.0326 0.0160 0.3796 0.0130 0.2290 0.0872 
       ALPHA 0.1224 0.0572 0.2292 0.3835 0.0584 0.1078 0.0415 
      ALWARA 0.2862 0.3201 0.0513 0.2561 0.0225 0.0260 0.0377 
      AMADRA 0.2217 0.0175 0.1605 0.2885 0.1174 0.0268 0.1676 
       AMOUR 0.0366 0.4063 0.0276 0.0155 0.1566 0.0176 0.3399 
        ANNA 0.0023 0.6428 0.1352 0.0200 0.1473 0.0410 0.0114 
   ANNABELLE 0.3487 0.0091 0.0306 0.4323 0.0947 0.0749 0.0097 
        ANYA 0.3838 0.0717 0.2126 0.0868 0.1572 0.0792 0.0087 
       ARGOS 0.0624 0.5112 0.0064 0.0667 0.0220 0.0830 0.2482 
     ARIELLE 0.3404 0.1078 0.0818 0.2869 0.0055 0.1415 0.0361 
      ARKULA 0.1209 0.0994 0.1294 0.4514 0.0994 0.0904 0.0092 
      ARMADA 0.1498 0.0734 0.1189 0.3705 0.0393 0.1221 0.1260 
   AVALANCHE 0.0235 0.0997 0.0111 0.2316 0.0149 0.1707 0.4485 
     BAILLIE 0.0963 0.1408 0.0100 0.1297 0.0834 0.0824 0.4575 
    BALMORAL 0.0066 0.4052 0.0233 0.2243 0.0655 0.2473 0.0279 
     BAMBINO 0.0749 0.2227 0.0164 0.0685 0.1486 0.0303 0.4385 
       BARNA 0.2278 0.4075 0.0552 0.0627 0.1316 0.0519 0.0633 
 BELLE_DE_FO 0.0075 0.0895 0.8179 0.0085 0.0024 0.0719 0.0023 
       BENOL 0.0055 0.0049 0.1778 0.0773 0.3082 0.0052 0.4211 
       BF_15 0.0738 0.0704 0.6911 0.1253 0.0044 0.0313 0.0037 
      BINTJE 0.0929 0.1005 0.3120 0.2032 0.0250 0.1933 0.0732 
 BIONICA_EX_ 0.0242 0.1054 0.1559 0.3165 0.3013 0.0692 0.0275 
 BLUE_DANUBE 0.0094 0.1493 0.1466 0.5142 0.0054 0.1472 0.0279 
      BONNIE 0.1247 0.1670 0.0299 0.1996 0.2147 0.0898 0.1743 
      BOUNTY 0.0356 0.2467 0.0190 0.1107 0.1749 0.0282 0.3849 
 BRITISH_QUE 0.0035 0.0481 0.3456 0.1317 0.0020 0.4409 0.0282 
     BRODICK 0.0621 0.0087 0.0272 0.0365 0.5573 0.0145 0.2937 
      BRODIE 0.0202 0.4732 0.0951 0.0059 0.1897 0.1958 0.0202 
      BUCHAN 0.1372 0.4076 0.0590 0.0031 0.2004 0.1235 0.0690 
      BURREN 0.1533 0.4442 0.1183 0.1096 0.1103 0.0154 0.0491 
     CABARET 0.0047 0.0644 0.2542 0.0091 0.1308 0.0735 0.4633 
      CAESAR 0.2694 0.0617 0.0028 0.3804 0.1887 0.0868 0.0102 
        CARA 0.0189 0.6638 0.0528 0.0170 0.1547 0.0133 0.0795 
 CARLINGFORD 0.1565 0.1601 0.0174 0.0443 0.2244 0.3272 0.0700 
  CASABLANCA 0.0029 0.2339 0.0024 0.2438 0.1173 0.1211 0.2785 
      CELINE 0.0113 0.1875 0.1009 0.4554 0.1815 0.0265 0.0370 
  CHALLENGER 0.1890 0.0041 0.0913 0.2805 0.0939 0.1805 0.1607 
   CHARLOTTE 0.5012 0.0117 0.1490 0.0204 0.2841 0.0058 0.0279 
     CHICAGO 0.1715 0.0137 0.0578 0.1996 0.0890 0.0066 0.4618 
   CHIEFTAIN 0.2617 0.0592 0.0812 0.0059 0.2122 0.3689 0.0109 
      CHOPIN 0.1744 0.0245 0.0209 0.4041 0.1245 0.2346 0.0170 
      CLARET 0.1359 0.6030 0.0383 0.0070 0.0888 0.0389 0.0881 
      CORINE 0.0046 0.1818 0.0827 0.2956 0.1283 0.1539 0.1532 
      COSMOS 0.0821 0.0209 0.0453 0.4495 0.0506 0.2284 0.1232 
     COURAGE 0.1298 0.1173 0.1072 0.3303 0.1205 0.1558 0.0391 
     COURLAN 0.2984 0.1490 0.0605 0.0399 0.1209 0.2586 0.0728 
 CRAIGS_ROYA 0.0629 0.3586 0.0574 0.0042 0.1288 0.2135 0.1745 
 CRAIGS_SNOW 0.1082 0.0974 0.2629 0.0144 0.0101 0.3314 0.1756 
     CRAMOND 0.0061 0.0356 0.0110 0.1678 0.3746 0.0653 0.3396 
 CRISPS_FOR_ 0.2776 0.0528 0.0566 0.2707 0.1266 0.1397 0.0761 
    CROMWELL 0.0580 0.0882 0.2032 0.0161 0.0042 0.0042 0.6260 
       D22/1 0.0062 0.1271 0.1447 0.0212 0.0045 0.1505 0.5458 
       D23/3 0.0820 0.0364 0.2709 0.0161 0.0234 0.1899 0.3813 
      D47-11 0.0047 0.0147 0.2264 0.0310 0.0075 0.0168 0.6989 
       D49/1 0.0565 0.0027 0.1427 0.0192 0.0246 0.0116 0.7426 
       DAISY 0.1058 0.0080 0.2001 0.1403 0.1100 0.0178 0.4180 
 DARK_RED_NO 0.2429 0.1206 0.0839 0.0172 0.0857 0.4102 0.0395 
     DARWINA 0.1566 0.0183 0.1007 0.3957 0.0134 0.1962 0.1192 
     DESIREE 0.3429 0.2793 0.1448 0.1503 0.0116 0.0676 0.0034 
       DITTA 0.3266 0.0175 0.1254 0.2999 0.0103 0.1945 0.0258 
 DR._MCINTOS 0.0383 0.0830 0.0266 0.0792 0.2193 0.5129 0.0408 
       DRAGA 0.0549 0.0708 0.0055 0.2875 0.1290 0.3253 0.1271 
 DUKE_OF_YOR 0.0047 0.0055 0.3383 0.2407 0.0039 0.4038 0.0031 
 DUNBAR_STAN 0.0508 0.0812 0.2233 0.0058 0.0156 0.4530 0.1704 
     DUNDROD 0.1707 0.0896 0.1378 0.0061 0.0775 0.0739 0.4444 
     ECLIPSE 0.1978 0.0027 0.3774 0.0036 0.1063 0.2980 0.0142 
        EDEN 0.0057 0.0058 0.1938 0.0054 0.2011 0.0090 0.5793 
 EDZELL_BLUE 0.0930 0.1358 0.3251 0.1801 0.1005 0.1361 0.0295 
   ELISABETH 0.3460 0.0094 0.0089 0.2560 0.2367 0.0592 0.0836 
     EMPEROR 0.2386 0.0073 0.0083 0.1146 0.1715 0.3090 0.1509 
         EOS 0.2735 0.0229 0.0200 0.1269 0.2034 0.1490 0.2044 
     EPICURE 0.1395 0.0172 0.3581 0.0285 0.1264 0.3262 0.0042 
  ERNTESTOLZ 0.1674 0.0572 0.2351 0.2555 0.0529 0.2101 0.0217 
      ESCORT 0.2436 0.0489 0.0174 0.3810 0.2036 0.0123 0.0932 
   ESMERALDA 0.1578 0.0801 0.1610 0.3054 0.1781 0.0218 0.0959 
      ESTIMA 0.1866 0.0086 0.0692 0.3071 0.0840 0.2260 0.1185 
 EVE_BALFOUR 0.0104 0.3441 0.2262 0.0239 0.2413 0.0773 0.0768 
   EXCALIBUR 0.0177 0.3139 0.0035 0.0324 0.2690 0.0035 0.3600 
     EXQUISA 0.3839 0.1321 0.1710 0.2762 0.0263 0.0061 0.0044 
    FESTIVAL 0.2469 0.0144 0.0092 0.4164 0.1697 0.0447 0.0988 
      FIANNA 0.0876 0.1790 0.0078 0.3557 0.1034 0.2342 0.0322 
   FIFTYFOLD 0.1411 0.0755 0.5326 0.0118 0.0387 0.1409 0.0593 
     FONTANE 0.2219 0.0055 0.0166 0.3520 0.0602 0.1626 0.1812 
   FORTYFOLD 0.0049 0.0204 0.5421 0.2318 0.0051 0.1918 0.0038 
 FRONTIER_RU 0.2537 0.0086 0.1191 0.0133 0.0813 0.4406 0.0834 
     G.81071 0.0562 0.1315 0.0756 0.1473 0.2971 0.2043 0.0880 
     G.88661 0.0957 0.0130 0.0042 0.1404 0.2671 0.3252 0.1545 
    G.886611 0.1806 0.0190 0.0037 0.0313 0.3513 0.2789 0.1352 
  G.8867Y%12 0.1818 0.0982 0.0045 0.0826 0.2653 0.3454 0.0222 
     G.88839 0.4432 0.0060 0.0178 0.4003 0.1245 0.0044 0.0038 
     G.88842 0.2159 0.0878 0.0118 0.3965 0.1518 0.1277 0.0086 
   GALACTICA 0.0105 0.3978 0.1518 0.3119 0.0029 0.1105 0.0145 
      GEMSON 0.0823 0.2577 0.1269 0.0160 0.1373 0.2849 0.0950 
  GL.76B/102 0.2354 0.0063 0.3270 0.1250 0.0162 0.1271 0.1629 
   GL.76B/94 0.0390 0.1460 0.5272 0.2601 0.0052 0.0194 0.0031 
  GL.77M/106 0.1444 0.1982 0.1891 0.0063 0.3260 0.0115 0.1245 
   GL.78/166 0.0277 0.0614 0.5820 0.1459 0.0025 0.1128 0.0679 
    GL.78/53 0.1607 0.0083 0.5265 0.0049 0.1462 0.0055 0.1479 
    GL.78/97 0.1336 0.0253 0.5690 0.0831 0.0581 0.0303 0.1006 
    GL.79/42 0.1834 0.0052 0.5391 0.0435 0.1087 0.0035 0.1167 
    GL.79/45 0.1496 0.0793 0.5710 0.0439 0.1032 0.0047 0.0483 
 GL.81_NT_25 0.0050 0.0513 0.3380 0.0526 0.0042 0.0091 0.5396 
   GLADIATOR 0.2798 0.1465 0.0052 0.1938 0.1179 0.1737 0.0831 
      GLAMIS 0.1818 0.0431 0.0144 0.0902 0.0917 0.1640 0.4148 
 GOLDEN_MILL 0.0103 0.0555 0.1052 0.0424 0.4988 0.0068 0.2811 
 GOLDEN_NUGG 0.0141 0.1950 0.0369 0.4515 0.2744 0.0082 0.0200 
 GOLDEN_WOND 0.1188 0.0326 0.5587 0.0740 0.0660 0.1288 0.0212 
     GRANOLA 0.4404 0.0119 0.1125 0.1451 0.2509 0.0060 0.0332 
    H1H3_101 0.0036 0.0061 0.2923 0.0036 0.0024 0.0092 0.6829 
      H1H3_3 0.0097 0.0300 0.1543 0.0801 0.1942 0.1603 0.3715 
 HARBOROUGH_ 0.0045 0.0035 0.0080 0.0185 0.5068 0.0082 0.4505 
   HARLEQUIN 0.4515 0.0780 0.1746 0.0199 0.1856 0.0129 0.0775 
      HERMES 0.3112 0.2321 0.1002 0.2194 0.0035 0.0576 0.0762 
 HIGHLAND_BU 0.0024 0.0039 0.7925 0.1064 0.0773 0.0124 0.0051 
  HOME_GUARD 0.0559 0.1157 0.2069 0.0193 0.1972 0.2775 0.1274 
     HORIZON 0.0628 0.0959 0.2351 0.4476 0.0234 0.0350 0.1001 
   INNOVATOR 0.0036 0.0700 0.1366 0.2960 0.0130 0.4750 0.0058 
 INTERNATION 0.0048 0.0099 0.8512 0.0512 0.0036 0.0734 0.0059 
 ISLE_OF_JUR 0.0897 0.1466 0.1190 0.0762 0.1098 0.0495 0.4092 
    JULIETTE 0.5301 0.0098 0.0570 0.2372 0.1488 0.0064 0.0106 
     KARLENA 0.0281 0.2504 0.1736 0.2333 0.0052 0.2530 0.0564 
 KERR'S_PINK 0.0406 0.0671 0.4200 0.0070 0.0658 0.3347 0.0648 
     KESTREL 0.1370 0.3808 0.0046 0.0038 0.1474 0.0170 0.3094 
       KIFLI 0.4867 0.0098 0.1860 0.0993 0.1330 0.0099 0.0751 
 KING_EDWARD 0.1107 0.0028 0.7060 0.0035 0.0192 0.1194 0.0384 
    KINGSTON 0.0084 0.0463 0.1841 0.1244 0.2654 0.0049 0.3667 
 KUFRI_CHAND 0.1234 0.0732 0.1398 0.1111 0.0452 0.3938 0.1134 
 KUFRI_JYOTI 0.0425 0.2578 0.1463 0.2373 0.2574 0.0536 0.0052 
      KURODA 0.1472 0.1356 0.0108 0.4510 0.0127 0.1902 0.0524 
 LADY_BALFOU 0.0146 0.3479 0.1382 0.0587 0.1482 0.1430 0.1493 
 LADY_CHRIST 0.0537 0.0327 0.2883 0.4267 0.0861 0.0636 0.0489 
 LADY_CLAIRE 0.0185 0.0192 0.2153 0.6910 0.0029 0.0393 0.0137 
     LADY_JO 0.0024 0.0115 0.2819 0.5644 0.0027 0.1138 0.0232 
 LADY_ROSETT 0.1072 0.0736 0.1322 0.3380 0.1095 0.1299 0.1096 
    LIBERTAS 0.0025 0.1529 0.3028 0.5265 0.0027 0.0065 0.0062 
       LINDA 0.5443 0.0453 0.2174 0.1288 0.0500 0.0084 0.0059 
      LINTON 0.2833 0.1606 0.0218 0.1550 0.0085 0.1829 0.1880 
 LINZER_DELI 0.3755 0.0170 0.2003 0.2162 0.1398 0.0432 0.0080 
   LIONHEART 0.0697 0.0729 0.0273 0.4677 0.1235 0.2042 0.0347 
   MADELEINE 0.3081 0.0305 0.0825 0.3645 0.1731 0.0128 0.0285 
   MADINGLEY 0.3685 0.2062 0.0365 0.1493 0.0174 0.0728 0.1493 
    MAJESTIC 0.0744 0.0988 0.0377 0.0797 0.1849 0.5140 0.0106 
     MARABEL 0.2873 0.0259 0.0085 0.4727 0.0941 0.1005 0.0109 
     MARFONA 0.0249 0.0658 0.1381 0.4585 0.0236 0.1779 0.1111 
     MARILYN 0.3147 0.1177 0.0938 0.2873 0.1322 0.0456 0.0087 
 MARIS_ANCHO 0.1638 0.0230 0.1685 0.2700 0.0882 0.2266 0.0599 
  MARIS_BARD 0.0015 0.0785 0.0983 0.2504 0.0569 0.2707 0.2437 
  MARIS_PEER 0.1085 0.1851 0.1205 0.0079 0.0906 0.3332 0.1542 
 MARIS_PIPER 0.0249 0.0072 0.1215 0.0190 0.0139 0.0060 0.8076 
     MARKIES 0.2907 0.0698 0.1289 0.4306 0.0261 0.0352 0.0187 
      MAXINE 0.1212 0.1199 0.0067 0.0084 0.0842 0.2696 0.3900 
      MEGARA 0.2611 0.0278 0.0857 0.4718 0.0885 0.0121 0.0531 
      MELODY 0.1616 0.1592 0.1679 0.3640 0.0596 0.0189 0.0688 
       MIDAS 0.2212 0.0091 0.1103 0.1537 0.0158 0.0037 0.4862 
       MILVA 0.2776 0.0222 0.1928 0.3486 0.1233 0.0287 0.0068 
        MIMI 0.0153 0.1282 0.1151 0.2962 0.2093 0.0058 0.2301 
        MIRA 0.0074 0.0776 0.2263 0.5885 0.0094 0.0778 0.0130 
       MOIRA 0.1904 0.1405 0.1237 0.2628 0.1056 0.1377 0.0392 
    MONTROSE 0.0055 0.0058 0.2450 0.0044 0.3690 0.0025 0.3678 
       MORAG 0.0083 0.2145 0.1855 0.0338 0.3134 0.1755 0.0690 
      MORENE 0.0095 0.1150 0.1697 0.5648 0.0077 0.1300 0.0033 
      MOZART 0.3008 0.0071 0.0027 0.3653 0.2867 0.0282 0.0091 
 MYATT'S_ASH 0.0096 0.0099 0.7140 0.1547 0.0025 0.1057 0.0035 
      NADINE 0.2080 0.1101 0.0075 0.0410 0.2001 0.0552 0.3781 
       NAVAN 0.0486 0.0574 0.0343 0.0166 0.1023 0.0884 0.6524 
 NDTX_4271_5 0.3204 0.0094 0.0097 0.0036 0.2601 0.2629 0.1340 
      NICOLA 0.4745 0.0089 0.1719 0.2895 0.0050 0.0460 0.0041 
     NOVELLA 0.1696 0.1646 0.0289 0.3785 0.1368 0.1015 0.0202 
     OLYMPUS 0.0970 0.0485 0.1223 0.0074 0.3992 0.1373 0.1883 
       OPERA 0.1972 0.1164 0.0156 0.3423 0.1514 0.0958 0.0813 
   ORCHESTRA 0.3232 0.0289 0.0775 0.3328 0.1047 0.0178 0.1151 
      ORIANA 0.1463 0.1834 0.0589 0.3902 0.0067 0.2103 0.0042 
     OTHELLO 0.1088 0.5208 0.0085 0.0032 0.1368 0.1125 0.1094 
     PALADIN 0.0049 0.0071 0.1952 0.0293 0.0768 0.0580 0.6288 
       PANDA 0.5317 0.0669 0.0231 0.1934 0.0940 0.0084 0.0826 
   PARAMOUNT 0.1270 0.4318 0.0698 0.1770 0.1587 0.0302 0.0055 
    PATRONES 0.1580 0.0596 0.1736 0.3017 0.0122 0.2180 0.0769 
 PENTLAND_AC 0.1262 0.1671 0.1322 0.1385 0.1053 0.1919 0.1388 
 PENTLAND_BE 0.0042 0.1798 0.4002 0.0863 0.0069 0.2977 0.0248 
 PENTLAND_CR 0.0032 0.0910 0.1015 0.2988 0.3400 0.1489 0.0166 
 PENTLAND_DE 0.0213 0.1658 0.2347 0.0246 0.2869 0.2588 0.0079 
 PENTLAND_IV 0.1671 0.1311 0.0505 0.0043 0.2806 0.3366 0.0298 
 PENTLAND_JA 0.0136 0.0520 0.0733 0.2080 0.1958 0.4279 0.0296 
 PENTLAND_MA 0.0397 0.2445 0.1024 0.3434 0.1330 0.1319 0.0051 
 PENTLAND_SQ 0.0140 0.0851 0.1886 0.1353 0.3512 0.2143 0.0116 
   PEPO_1978 0.3515 0.0209 0.1282 0.3035 0.0516 0.0435 0.1008 
     PICASSO 0.0596 0.5047 0.0030 0.2335 0.0255 0.0328 0.1409 
   PIMPERNEL 0.1210 0.1297 0.2154 0.4188 0.0938 0.0037 0.0177 
     PIONEER 0.5213 0.0058 0.1747 0.0976 0.1777 0.0166 0.0063 
       PIXIE 0.1320 0.2424 0.0053 0.0464 0.2987 0.0183 0.2570 
    PREMIERE 0.0030 0.0167 0.2382 0.5107 0.0146 0.1553 0.0614 
   PRODUCENT 0.1386 0.0065 0.0988 0.4113 0.1003 0.0579 0.1864 
     PROVOST 0.0608 0.1535 0.1340 0.1667 0.1899 0.2836 0.0116 
  R.P.LUSTRE 0.2345 0.0276 0.2199 0.0099 0.1795 0.1832 0.1454 
 RANGER_RUSS 0.0778 0.1173 0.1865 0.0707 0.0022 0.5422 0.0033 
       RATTE 0.1569 0.0087 0.4985 0.0118 0.2275 0.0293 0.0673 
      RECORD 0.0086 0.1096 0.2889 0.5716 0.0043 0.0098 0.0070 
   REMBRANDT 0.1055 0.0091 0.1233 0.4121 0.0916 0.1736 0.0847 
    RIO_ROJO 0.2292 0.1520 0.0450 0.0402 0.1684 0.3298 0.0354 
      ROBIJN 0.0643 0.0872 0.3080 0.5104 0.0038 0.0225 0.0037 
      ROCKET 0.0162 0.0589 0.1642 0.0175 0.1622 0.1232 0.4578 
   RODE_STAR 0.2300 0.0450 0.4065 0.2987 0.0082 0.0018 0.0098 
      ROMANO 0.1720 0.3007 0.0175 0.3303 0.1563 0.0092 0.0141 
       ROMEO 0.2486 0.2797 0.2000 0.0055 0.2114 0.0467 0.0081 
     ROOSTER 0.0258 0.1760 0.1389 0.1877 0.3249 0.1365 0.0101 
       ROYAL 0.3311 0.0647 0.0950 0.1482 0.0145 0.0063 0.3403 
 ROYAL_KIDNE 0.0032 0.0233 0.3739 0.0618 0.0119 0.5225 0.0035 
     RUBESSE 0.2719 0.1038 0.0717 0.2144 0.1610 0.1654 0.0117 
 RUSSET_BURB 0.1332 0.0446 0.1127 0.0733 0.0733 0.5469 0.0159 
 RUSSET_NORK 0.2692 0.0066 0.0288 0.0031 0.1039 0.5656 0.0228 
      SAFARI 0.0446 0.1569 0.0163 0.4918 0.2269 0.0556 0.0080 
     SANTANA 0.1133 0.0615 0.0778 0.3681 0.0340 0.2038 0.1415 
       SANTE 0.0455 0.0531 0.1171 0.4710 0.2147 0.0102 0.0883 
     SAPHIRE 0.0388 0.0248 0.0051 0.4446 0.1733 0.2642 0.0492 
  SARPO_MIRA 0.4213 0.1752 0.1720 0.1519 0.0087 0.0090 0.0619 
 SARPO_SHONA 0.3891 0.1689 0.0982 0.2589 0.0295 0.0083 0.0472 
       SASSY 0.1551 0.0806 0.2159 0.2658 0.0499 0.1505 0.0822 
     SATURNA 0.2574 0.0130 0.2774 0.3980 0.0039 0.0063 0.0441 
        SAVA 0.3689 0.0230 0.0303 0.2349 0.0623 0.1584 0.1223 
       SAXON 0.0165 0.0435 0.1269 0.0733 0.2543 0.0177 0.4677 
 SCARBOROUGH 0.0082 0.0028 0.0456 0.0041 0.4128 0.0055 0.5211 
 SEFTON_WOND 0.0040 0.0421 0.4073 0.0075 0.1312 0.3160 0.0919 
    SERAFINA 0.3758 0.0913 0.1384 0.2187 0.1596 0.0124 0.0039 
     SETANTA 0.0474 0.1198 0.0716 0.1088 0.5045 0.0499 0.0981 
 SHARPE'S_EX 0.1160 0.0311 0.5822 0.0413 0.0136 0.1158 0.0999 
     SHELAGH 0.0456 0.2494 0.2752 0.1469 0.1308 0.0238 0.1283 
    SHELFORD 0.3354 0.2450 0.1566 0.1422 0.0024 0.0839 0.0345 
     SHEPODY 0.0028 0.1781 0.1588 0.2199 0.0068 0.4254 0.0082 
      SLANEY 0.1354 0.3722 0.0087 0.0125 0.1861 0.0526 0.2325 
        SPEY 0.0699 0.4255 0.0036 0.0521 0.2145 0.0183 0.2160 
      SPUNTA 0.3092 0.1481 0.2065 0.0614 0.1701 0.0387 0.0659 
     STAMINA 0.0137 0.2286 0.0025 0.0288 0.0397 0.0736 0.6131 
    STEMSTER 0.1811 0.1292 0.1621 0.1763 0.0125 0.0287 0.3099 
 STORMONT_EN 0.0631 0.1649 0.1716 0.2677 0.0249 0.1279 0.1799 
    STIRLING 0.0139 0.2357 0.0101 0.1565 0.3668 0.1588 0.0582 
     SYLVANA 0.2011 0.0945 0.0400 0.2558 0.0736 0.2399 0.0952 
         TAY 0.0476 0.1644 0.0160 0.0247 0.4908 0.0157 0.2408 
      TIMATE 0.3679 0.0060 0.0418 0.3418 0.0747 0.0564 0.1113 
      TOLUCA 0.3193 0.1722 0.0365 0.3164 0.0619 0.0888 0.0050 
    TORRIDON 0.0526 0.2523 0.1173 0.3409 0.1562 0.0619 0.0188 
 ULSTER_SCEP 0.0062 0.0666 0.0328 0.1128 0.1577 0.3416 0.2824 
 UMATILLA_RU 0.0318 0.0463 0.3740 0.1502 0.0766 0.0392 0.2819 
 VALES_EMERA 0.3623 0.0386 0.1010 0.0159 0.2707 0.0465 0.1651 
 VALES_EVERE 0.0122 0.3070 0.1407 0.0129 0.3454 0.0539 0.1278 
 VALES_RUSSE 0.1616 0.0224 0.2139 0.0387 0.0895 0.4504 0.0234 
 VALES_SOVER 0.0132 0.5698 0.0031 0.0181 0.0872 0.0064 0.3023 
       VALOR 0.0072 0.3926 0.0029 0.0681 0.2558 0.0064 0.2670 
    VAN_GOGH 0.1110 0.0127 0.1587 0.4924 0.1000 0.0421 0.0830 
     VANTAGE 0.0113 0.0948 0.2794 0.3615 0.0026 0.2292 0.0214 
       VERDI 0.2721 0.0838 0.2091 0.2923 0.0176 0.0247 0.1004 
    VICTORIA 0.1628 0.0208 0.0261 0.4030 0.0940 0.2657 0.0276 
     VIVALDI 0.1113 0.1276 0.0169 0.4669 0.0202 0.2531 0.0040 
       WILJA 0.0023 0.1194 0.1738 0.5407 0.0022 0.1413 0.0202 
     WINSTON 0.1647 0.1885 0.0038 0.0085 0.1992 0.0618 0.3734 
      XD2-21 0.0527 0.2054 0.1707 0.0792 0.1614 0.2719 0.0587 
  YUKON_GOLD 0.2370 0.0077 0.0041 0.0606 0.2695 0.2954 0.1259 
       ZORBA 0.0100 0.1269 0.1462 0.4223 0.0378 0.2452 0.0117 
