  00C133-020 0.0763 0.1845 0.7392 
 01C_071-002 0.2416 0.4406 0.3179 
 02M_012-001 0.2884 0.0933 0.6182 
 03M_016-002 0.5429 0.0650 0.3920 
 03M_034-002 0.2846 0.0825 0.6328 
 04C_055-004 0.1928 0.2939 0.5133 
 04C_126-005 0.1493 0.3246 0.5261 
 04M_034-013 0.3848 0.1335 0.4816 
 05M_002-001 0.2431 0.5430 0.2139 
 05M_004-003 0.0657 0.5737 0.3606 
 05M_012-004 0.1424 0.4583 0.3993 
 06C_127-002 0.1229 0.3694 0.5076 
 12288_AF_23 0.0757 0.3044 0.6199 
    12601AB1 0.5338 0.0118 0.4544 
   12636_A_2 0.3012 0.0538 0.6450 
  15119_AC_5 0.2754 0.1525 0.5720 
     1512C16 0.3455 0.4447 0.2098 
   15144_A_3 0.0395 0.5721 0.3884 
     1563C14 0.5292 0.4145 0.0564 
     2182EF7 0.1239 0.4788 0.3973 
     3681AD1 0.1314 0.6043 0.2643 
     5008AB6 0.1559 0.5973 0.2468 
    8204_A_4 0.0591 0.4635 0.4774 
       AGRIA 0.1803 0.7282 0.0915 
       AILSA 0.2584 0.1142 0.6273 
      ALMERA 0.1603 0.6905 0.1492 
       ALPHA 0.3390 0.5483 0.1126 
      ALWARA 0.1056 0.6882 0.2062 
      AMADRA 0.2590 0.4924 0.2486 
       AMOUR 0.0830 0.2319 0.6851 
        ANNA 0.1374 0.3786 0.4840 
   ANNABELLE 0.1387 0.8064 0.0550 
        ANYA 0.2691 0.5729 0.1580 
       ARGOS 0.0219 0.4137 0.5644 
     ARIELLE 0.2071 0.6941 0.0988 
      ARKULA 0.2146 0.6795 0.1060 
      ARMADA 0.2305 0.5694 0.2001 
   AVALANCHE 0.1699 0.3069 0.5232 
     BAILLIE 0.1171 0.2912 0.5916 
    BALMORAL 0.0727 0.5483 0.3790 
     BAMBINO 0.0981 0.2353 0.6666 
       BARNA 0.0776 0.5427 0.3797 
 BELLE_DE_FO 0.9178 0.0731 0.0092 
       BENOL 0.3010 0.0765 0.6226 
       BF_15 0.7623 0.2292 0.0084 
      BINTJE 0.4450 0.4046 0.1504 
 BIONICA_EX_ 0.2146 0.5045 0.2808 
 BLUE_DANUBE 0.2499 0.6280 0.1221 
      BONNIE 0.1021 0.4658 0.4321 
      BOUNTY 0.0843 0.2739 0.6419 
 BRITISH_QUE 0.5473 0.3311 0.1216 
     BRODICK 0.0913 0.2149 0.6938 
      BRODIE 0.1498 0.3801 0.4700 
      BUCHAN 0.1069 0.3846 0.5086 
      BURREN 0.1220 0.5088 0.3693 
     CABARET 0.3937 0.0201 0.5862 
      CAESAR 0.0161 0.7925 0.1914 
        CARA 0.0429 0.4023 0.5547 
 CARLINGFORD 0.1246 0.5007 0.3747 
  CASABLANCA 0.0248 0.4048 0.5705 
      CELINE 0.1473 0.6024 0.2504 
  CHALLENGER 0.2644 0.5002 0.2354 
   CHARLOTTE 0.2040 0.5626 0.2334 
     CHICAGO 0.1995 0.2901 0.5104 
   CHIEFTAIN 0.2356 0.4946 0.2698 
      CHOPIN 0.1601 0.6933 0.1465 
      CLARET 0.0420 0.4642 0.4937 
      CORINE 0.1909 0.4339 0.3752 
      COSMOS 0.2043 0.6067 0.1890 
     COURAGE 0.1991 0.6046 0.1963 
     COURLAN 0.1910 0.5206 0.2885 
 CRAIGS_ROYA 0.1499 0.3063 0.5437 
 CRAIGS_SNOW 0.4484 0.2651 0.2865 
     CRAMOND 0.0940 0.2661 0.6399 
 CRISPS_FOR_ 0.1669 0.6168 0.2163 
    CROMWELL 0.3608 0.0292 0.6099 
       D22/1 0.3306 0.0552 0.6142 
       D23/3 0.4414 0.1240 0.4346 
      D47-11 0.3839 0.0076 0.6085 
       D49/1 0.3275 0.0111 0.6613 
       DAISY 0.3383 0.1997 0.4620 
 DARK_RED_NO 0.2583 0.5080 0.2336 
     DARWINA 0.2591 0.5871 0.1538 
     DESIREE 0.2072 0.6932 0.0997 
       DITTA 0.2621 0.6793 0.0586 
 DR._MCINTOS 0.1825 0.4764 0.3411 
       DRAGA 0.1006 0.5667 0.3328 
 DUKE_OF_YOR 0.5226 0.4471 0.0303 
 DUNBAR_STAN 0.4517 0.2117 0.3366 
     DUNDROD 0.2948 0.1513 0.5540 
     ECLIPSE 0.5599 0.2766 0.1635 
        EDEN 0.3317 0.0080 0.6603 
 EDZELL_BLUE 0.4303 0.4044 0.1653 
   ELISABETH 0.0787 0.6627 0.2586 
     EMPEROR 0.1620 0.5031 0.3349 
         EOS 0.1278 0.4876 0.3846 
     EPICURE 0.4911 0.3904 0.1184 
  ERNTESTOLZ 0.3561 0.5255 0.1184 
      ESCORT 0.0728 0.6656 0.2616 
   ESMERALDA 0.2393 0.5141 0.2467 
      ESTIMA 0.2390 0.5598 0.2012 
 EVE_BALFOUR 0.2709 0.2710 0.4581 
   EXCALIBUR 0.0090 0.2341 0.7569 
     EXQUISA 0.2376 0.7277 0.0346 
    FESTIVAL 0.0746 0.6951 0.2304 
      FIANNA 0.0924 0.6630 0.2446 
   FIFTYFOLD 0.6328 0.2109 0.1563 
     FONTANE 0.1739 0.5909 0.2352 
   FORTYFOLD 0.6641 0.3218 0.0141 
 FRONTIER_RU 0.3297 0.4298 0.2405 
     G.81071 0.1654 0.4436 0.3910 
     G.88661 0.0807 0.4848 0.4344 
    G.886611 0.0366 0.4843 0.4791 
  G.8867Y%12 0.0386 0.5950 0.3664 
     G.88839 0.0908 0.8899 0.0193 
     G.88842 0.0795 0.7705 0.1500 
   GALACTICA 0.2236 0.5519 0.2245 
      GEMSON 0.2322 0.3726 0.3952 
  GL.76B/102 0.4775 0.3662 0.1563 
   GL.76B/94 0.5962 0.3854 0.0184 
  GL.77M/106 0.2352 0.2828 0.4820 
   GL.78/166 0.7109 0.2334 0.0557 
    GL.78/53 0.6259 0.1019 0.2722 
    GL.78/97 0.6488 0.2087 0.1426 
    GL.79/42 0.6162 0.1918 0.1920 
    GL.79/45 0.6325 0.2068 0.1607 
 GL.81_NT_25 0.4951 0.0146 0.4904 
   GLADIATOR 0.0680 0.6404 0.2916 
      GLAMIS 0.1693 0.3107 0.5199 
 GOLDEN_MILL 0.1845 0.1594 0.6561 
 GOLDEN_NUGG 0.0598 0.6334 0.3068 
 GOLDEN_WOND 0.6623 0.2392 0.0985 
     GRANOLA 0.1758 0.6195 0.2047 
    H1H3_101 0.4638 0.0044 0.5318 
      H1H3_3 0.2961 0.1535 0.5504 
 HARBOROUGH_ 0.1016 0.0876 0.8108 
   HARLEQUIN 0.2416 0.5129 0.2455 
      HERMES 0.2165 0.6234 0.1602 
 HIGHLAND_BU 0.8869 0.0916 0.0215 
  HOME_GUARD 0.3374 0.2780 0.3846 
     HORIZON 0.3444 0.5314 0.1242 
   INNOVATOR 0.3378 0.5185 0.1438 
 INTERNATION 0.9524 0.0389 0.0087 
 ISLE_OF_JUR 0.2232 0.2198 0.5570 
    JULIETTE 0.1378 0.7751 0.0871 
     KARLENA 0.2874 0.4841 0.2285 
 KERR'S_PINK 0.5871 0.1904 0.2225 
     KESTREL 0.0256 0.2704 0.7040 
       KIFLI 0.2597 0.5704 0.1699 
 KING_EDWARD 0.8417 0.0615 0.0968 
    KINGSTON 0.2757 0.1461 0.5781 
 KUFRI_CHAND 0.3159 0.4375 0.2467 
 KUFRI_JYOTI 0.1828 0.5416 0.2756 
      KURODA 0.1287 0.7309 0.1404 
 LADY_BALFOU 0.1979 0.3272 0.4749 
 LADY_CHRIST 0.3895 0.4994 0.1112 
 LADY_CLAIRE 0.3318 0.6558 0.0124 
     LADY_JO 0.4490 0.5115 0.0395 
 LADY_ROSETT 0.2340 0.5384 0.2276 
    LIBERTAS 0.4177 0.5385 0.0438 
       LINDA 0.2916 0.6743 0.0341 
      LINTON 0.1706 0.5312 0.2982 
 LINZER_DELI 0.2749 0.6456 0.0795 
   LIONHEART 0.1605 0.6557 0.1838 
   MADELEINE 0.1665 0.6839 0.1497 
   MADINGLEY 0.1423 0.5996 0.2582 
    MAJESTIC 0.2120 0.4965 0.2914 
     MARABEL 0.0953 0.8221 0.0826 
     MARFONA 0.2895 0.5461 0.1644 
     MARILYN 0.1641 0.6986 0.1373 
 MARIS_ANCHO 0.3025 0.5325 0.1650 
  MARIS_BARD 0.2836 0.2783 0.4381 
  MARIS_PEER 0.2699 0.3276 0.4025 
 MARIS_PIPER 0.2738 0.0081 0.7181 
     MARKIES 0.2328 0.7169 0.0504 
      MAXINE 0.1519 0.2597 0.5884 
      MEGARA 0.1745 0.7165 0.1090 
      MELODY 0.2501 0.5741 0.1759 
       MIDAS 0.2670 0.2639 0.4692 
       MILVA 0.2682 0.6655 0.0663 
        MIMI 0.1848 0.3742 0.4410 
        MIRA 0.3324 0.6253 0.0423 
       MOIRA 0.2192 0.5777 0.2030 
    MONTROSE 0.3544 0.0162 0.6294 
       MORAG 0.2721 0.2917 0.4362 
      MORENE 0.2740 0.6935 0.0325 
      MOZART 0.0113 0.7857 0.2030 
 MYATT'S_ASH 0.8124 0.1806 0.0070 
      NADINE 0.0784 0.3315 0.5901 
       NAVAN 0.1754 0.0615 0.7630 
 NDTX_4271_5 0.1510 0.4295 0.4194 
      NICOLA 0.2743 0.7175 0.0082 
     NOVELLA 0.1060 0.6908 0.2033 
     OLYMPUS 0.2180 0.2615 0.5204 
       OPERA 0.0979 0.6365 0.2656 
   ORCHESTRA 0.1742 0.6401 0.1857 
      ORIANA 0.1817 0.7470 0.0713 
     OTHELLO 0.0289 0.3990 0.5721 
     PALADIN 0.3579 0.0116 0.6305 
       PANDA 0.1096 0.7253 0.1651 
   PARAMOUNT 0.0792 0.6134 0.3073 
    PATRONES 0.3283 0.5378 0.1339 
 PENTLAND_AC 0.2545 0.4167 0.3288 
 PENTLAND_BE 0.5295 0.2874 0.1831 
 PENTLAND_CR 0.1800 0.4735 0.3465 
 PENTLAND_DE 0.3233 0.3496 0.3271 
 PENTLAND_IV 0.1751 0.4203 0.4046 
 PENTLAND_JA 0.2225 0.4851 0.2924 
 PENTLAND_MA 0.1520 0.6488 0.1992 
 PENTLAND_SQ 0.2622 0.4083 0.3294 
   PEPO_1978 0.2276 0.6405 0.1319 
     PICASSO 0.0111 0.5636 0.4253 
   PIMPERNEL 0.2787 0.6009 0.1204 
     PIONEER 0.2594 0.6697 0.0709 
       PIXIE 0.0264 0.3650 0.6085 
    PREMIERE 0.3841 0.5008 0.1151 
   PRODUCENT 0.2310 0.5307 0.2383 
     PROVOST 0.2321 0.5085 0.2595 
  R.P.LUSTRE 0.3473 0.3238 0.3289 
 RANGER_RUSS 0.3961 0.5197 0.0842 
       RATTE 0.5681 0.2096 0.2223 
      RECORD 0.3876 0.5938 0.0187 
   REMBRANDT 0.2803 0.5614 0.1583 
    RIO_ROJO 0.1823 0.5294 0.2884 
      ROBIJN 0.3963 0.5936 0.0101 
      ROCKET 0.3004 0.0921 0.6075 
   RODE_STAR 0.4791 0.4928 0.0281 
      ROMANO 0.0546 0.6967 0.2486 
       ROMEO 0.2272 0.4553 0.3175 
     ROOSTER 0.1912 0.4720 0.3368 
       ROYAL 0.2330 0.4082 0.3588 
 ROYAL_KIDNE 0.5773 0.3060 0.1167 
     RUBESSE 0.1669 0.6318 0.2013 
 RUSSET_BURB 0.3187 0.4782 0.2030 
 RUSSET_NORK 0.2764 0.4551 0.2685 
      SAFARI 0.0604 0.7223 0.2173 
     SANTANA 0.2187 0.5557 0.2256 
       SANTE 0.1867 0.5752 0.2381 
     SAPHIRE 0.0915 0.6619 0.2466 
  SARPO_MIRA 0.2414 0.6148 0.1438 
 SARPO_SHONA 0.1745 0.6918 0.1337 
       SASSY 0.3461 0.4925 0.1614 
     SATURNA 0.3870 0.5908 0.0222 
        SAVA 0.1564 0.6437 0.1999 
       SAXON 0.2320 0.1156 0.6524 
 SCARBOROUGH 0.1810 0.0211 0.7979 
 SEFTON_WOND 0.5733 0.1297 0.2970 
    SERAFINA 0.1946 0.7088 0.0966 
     SETANTA 0.1076 0.3661 0.5263 
 SHARPE'S_EX 0.6964 0.1827 0.1209 
     SHELAGH 0.3213 0.3535 0.3251 
    SHELFORD 0.2773 0.6017 0.1210 
     SHEPODY 0.3325 0.4594 0.2081 
      SLANEY 0.0279 0.3732 0.5989 
        SPEY 0.0101 0.3870 0.6028 
      SPUNTA 0.2611 0.4714 0.2676 
     STAMINA 0.0304 0.1627 0.8069 
    STEMSTER 0.2901 0.3567 0.3532 
 STORMONT_EN 0.2909 0.4271 0.2820 
    STIRLING 0.0251 0.4885 0.4864 
     SYLVANA 0.1816 0.5798 0.2385 
         TAY 0.0420 0.2765 0.6816 
      TIMATE 0.1698 0.6789 0.1513 
      TOLUCA 0.1218 0.7867 0.0915 
    TORRIDON 0.1818 0.5787 0.2395 
 ULSTER_SCEP 0.2207 0.2716 0.5078 
 UMATILLA_RU 0.4896 0.1790 0.3313 
 VALES_EMERA 0.1864 0.4350 0.3786 
 VALES_EVERE 0.1665 0.2738 0.5597 
 VALES_RUSSE 0.4034 0.4229 0.1737 
 VALES_SOVER 0.0092 0.3028 0.6880 
       VALOR 0.0083 0.3063 0.6854 
    VAN_GOGH 0.2685 0.6044 0.1271 
     VANTAGE 0.4547 0.4844 0.0609 
       VERDI 0.3020 0.5615 0.1365 
    VICTORIA 0.1866 0.6764 0.1370 
     VIVALDI 0.1436 0.7913 0.0651 
       WILJA 0.3299 0.5756 0.0945 
     WINSTON 0.0309 0.2962 0.6729 
      XD2-21 0.2811 0.3956 0.3233 
  YUKON_GOLD 0.0790 0.5236 0.3974 
       ZORBA 0.2555 0.6001 0.1444 
