  00C133-020 0.0137 0.0185 0.3559 0.0840 0.4901 0.0377 
 01C_071-002 0.0468 0.2493 0.2448 0.1100 0.1761 0.1730 
 02M_012-001 0.0046 0.0557 0.0803 0.1054 0.5432 0.2108 
 03M_016-002 0.2238 0.0130 0.0131 0.0215 0.3346 0.3939 
 03M_034-002 0.0143 0.0453 0.2034 0.0175 0.4888 0.2307 
 04C_055-004 0.0500 0.0883 0.0198 0.2763 0.4605 0.1052 
 04C_126-005 0.0187 0.1022 0.3760 0.1066 0.2778 0.1186 
 04M_034-013 0.1455 0.0505 0.0088 0.0877 0.4478 0.2596 
 05M_002-001 0.1626 0.3239 0.0584 0.2009 0.1389 0.1152 
 05M_004-003 0.1017 0.3540 0.2064 0.1220 0.2067 0.0092 
 05M_012-004 0.2089 0.2124 0.2247 0.1065 0.2095 0.0380 
 06C_127-002 0.0754 0.0076 0.1494 0.4173 0.3209 0.0294 
 12288_AF_23 0.1170 0.0353 0.1924 0.2075 0.4374 0.0104 
    12601AB1 0.0040 0.0051 0.0953 0.0381 0.3714 0.4863 
   12636_A_2 0.0713 0.0081 0.2101 0.0322 0.4599 0.2185 
  15119_AC_5 0.0241 0.0198 0.5376 0.0026 0.1990 0.2169 
     1512C16 0.3163 0.0560 0.1894 0.1982 0.0202 0.2200 
   15144_A_3 0.0063 0.0322 0.6254 0.2886 0.0103 0.0370 
     1563C14 0.0714 0.1942 0.0416 0.2324 0.0137 0.4467 
     2182EF7 0.2765 0.0457 0.3483 0.1810 0.1106 0.0379 
     3681AD1 0.0842 0.3547 0.3100 0.1020 0.0946 0.0545 
     5008AB6 0.0115 0.2234 0.3228 0.2926 0.0354 0.1143 
    8204_A_4 0.1329 0.0302 0.3491 0.2800 0.1928 0.0150 
       AGRIA 0.1135 0.4639 0.0035 0.3098 0.0803 0.0290 
       AILSA 0.0564 0.0058 0.0110 0.2465 0.5442 0.1361 
      ALMERA 0.2264 0.4163 0.0235 0.2339 0.0763 0.0236 
       ALPHA 0.1165 0.3796 0.0580 0.1516 0.0628 0.2314 
      ALWARA 0.0242 0.3077 0.2931 0.2961 0.0352 0.0437 
      AMADRA 0.0344 0.2982 0.0189 0.2614 0.2140 0.1731 
       AMOUR 0.0286 0.0241 0.4345 0.0677 0.3942 0.0509 
        ANNA 0.0745 0.0181 0.7523 0.0055 0.0159 0.1336 
   ANNABELLE 0.0900 0.4235 0.0174 0.4172 0.0146 0.0372 
        ANYA 0.0778 0.1173 0.0631 0.4896 0.0432 0.2089 
       ARGOS 0.0953 0.1145 0.4985 0.0468 0.2360 0.0089 
     ARIELLE 0.1438 0.3652 0.0563 0.3136 0.0237 0.0973 
      ARKULA 0.1085 0.4153 0.1313 0.2018 0.0191 0.1241 
      ARMADA 0.1322 0.3643 0.0818 0.1696 0.1164 0.1357 
   AVALANCHE 0.1829 0.2678 0.0749 0.0070 0.4415 0.0258 
     BAILLIE 0.1006 0.1701 0.1337 0.0942 0.4774 0.0239 
    BALMORAL 0.2628 0.2210 0.4509 0.0099 0.0348 0.0205 
     BAMBINO 0.0398 0.0886 0.2385 0.1077 0.4896 0.0359 
       BARNA 0.0585 0.0880 0.4024 0.3023 0.1054 0.0434 
 BELLE_DE_FO 0.0756 0.0138 0.0699 0.0070 0.0023 0.8314 
       BENOL 0.0103 0.0816 0.0466 0.0700 0.5646 0.2269 
       BF_15 0.0279 0.1434 0.0584 0.0683 0.0030 0.6991 
      BINTJE 0.2005 0.2065 0.0899 0.1117 0.0657 0.3257 
 BIONICA_EX_ 0.0949 0.2504 0.2049 0.1724 0.1364 0.1410 
 BLUE_DANUBE 0.1521 0.5146 0.1631 0.0079 0.0115 0.1509 
      BONNIE 0.0999 0.1761 0.2162 0.2302 0.2548 0.0229 
      BOUNTY 0.0393 0.1082 0.2866 0.0936 0.4442 0.0281 
 BRITISH_QUE 0.4356 0.1425 0.0411 0.0037 0.0086 0.3685 
     BRODICK 0.0178 0.0102 0.1132 0.2879 0.5500 0.0209 
      BRODIE 0.1942 0.0046 0.5150 0.1300 0.0853 0.0709 
      BUCHAN 0.1175 0.0031 0.4401 0.2558 0.1437 0.0397 
      BURREN 0.0166 0.1339 0.4589 0.2007 0.0807 0.1092 
     CABARET 0.0788 0.0118 0.1050 0.0106 0.4899 0.3039 
      CAESAR 0.1034 0.3759 0.0732 0.3676 0.0766 0.0034 
        CARA 0.0194 0.0166 0.7111 0.0948 0.1266 0.0315 
 CARLINGFORD 0.3232 0.0236 0.2020 0.2927 0.1412 0.0173 
  CASABLANCA 0.1388 0.2454 0.2780 0.0040 0.3308 0.0030 
      CELINE 0.0300 0.3956 0.2748 0.1085 0.1026 0.0885 
  CHALLENGER 0.1874 0.2874 0.0052 0.2153 0.1989 0.1057 
   CHARLOTTE 0.0060 0.0458 0.0146 0.6512 0.1409 0.1414 
     CHICAGO 0.0081 0.2423 0.0128 0.1455 0.4881 0.1032 
   CHIEFTAIN 0.3753 0.0071 0.0835 0.3974 0.0594 0.0774 
      CHOPIN 0.2507 0.3816 0.0453 0.2447 0.0526 0.0251 
      CLARET 0.0459 0.0192 0.6109 0.1899 0.1022 0.0318 
      CORINE 0.1757 0.3023 0.2342 0.0086 0.1875 0.0918 
      COSMOS 0.2351 0.4536 0.0208 0.0804 0.1483 0.0617 
     COURAGE 0.1580 0.3142 0.1384 0.2068 0.0806 0.1020 
     COURLAN 0.2613 0.1080 0.1194 0.3202 0.1271 0.0640 
 CRAIGS_ROYA 0.2244 0.0043 0.3578 0.1325 0.2275 0.0535 
 CRAIGS_SNOW 0.3363 0.0441 0.0730 0.0890 0.1609 0.2967 
     CRAMOND 0.0909 0.1194 0.1531 0.1220 0.4978 0.0168 
 CRISPS_FOR_ 0.1512 0.2879 0.0443 0.3327 0.1311 0.0529 
    CROMWELL 0.0051 0.0735 0.0474 0.0119 0.5889 0.2732 
       D22/1 0.1540 0.0458 0.1019 0.0037 0.4971 0.1975 
       D23/3 0.1892 0.0363 0.0284 0.0642 0.3648 0.3172 
      D47-11 0.0142 0.0425 0.0107 0.0027 0.6398 0.2901 
       D49/1 0.0098 0.0388 0.0027 0.0128 0.7230 0.2129 
       DAISY 0.0131 0.1690 0.0101 0.1167 0.4530 0.2381 
 DARK_RED_NO 0.4046 0.0293 0.1097 0.2951 0.0594 0.1019 
     DARWINA 0.1952 0.4145 0.0188 0.1387 0.1126 0.1202 
     DESIREE 0.0627 0.1922 0.2318 0.3772 0.0033 0.1329 
       DITTA 0.1853 0.3514 0.0108 0.3010 0.0214 0.1301 
 DR._MCINTOS 0.5200 0.0242 0.1493 0.1775 0.1049 0.0240 
       DRAGA 0.3425 0.2915 0.0825 0.0949 0.1821 0.0066 
 DUKE_OF_YOR 0.4184 0.2198 0.0095 0.0058 0.0033 0.3432 
 DUNBAR_STAN 0.4557 0.0085 0.0710 0.0413 0.1689 0.2545 
     DUNDROD 0.0850 0.0162 0.0751 0.1713 0.4596 0.1929 
     ECLIPSE 0.2958 0.0033 0.0030 0.2799 0.0325 0.3856 
        EDEN 0.0222 0.0097 0.0262 0.0228 0.6581 0.2609 
 EDZELL_BLUE 0.1414 0.1826 0.1534 0.1433 0.0568 0.3225 
   ELISABETH 0.0623 0.2318 0.0132 0.4992 0.1838 0.0098 
     EMPEROR 0.3209 0.1494 0.0080 0.2853 0.2231 0.0133 
         EOS 0.1568 0.1325 0.0202 0.3735 0.2973 0.0197 
     EPICURE 0.3306 0.0238 0.0297 0.2448 0.0121 0.3590 
  ERNTESTOLZ 0.2137 0.2748 0.0474 0.1832 0.0425 0.2383 
      ESCORT 0.0140 0.3761 0.0688 0.3373 0.1882 0.0155 
   ESMERALDA 0.0287 0.2917 0.1043 0.2492 0.1642 0.1619 
      ESTIMA 0.2256 0.3082 0.0086 0.2289 0.1535 0.0753 
 EVE_BALFOUR 0.0812 0.0139 0.4267 0.0961 0.1647 0.2174 
   EXCALIBUR 0.0048 0.0421 0.3922 0.0847 0.4718 0.0044 
     EXQUISA 0.0064 0.2871 0.1109 0.4278 0.0052 0.1627 
    FESTIVAL 0.0570 0.3932 0.0313 0.3400 0.1673 0.0111 
      FIANNA 0.2428 0.3287 0.2105 0.1464 0.0615 0.0101 
   FIFTYFOLD 0.1418 0.0147 0.0691 0.1675 0.0595 0.5474 
     FONTANE 0.1655 0.3923 0.0054 0.2106 0.2044 0.0218 
   FORTYFOLD 0.1932 0.2335 0.0207 0.0056 0.0035 0.5434 
 FRONTIER_RU 0.4380 0.0319 0.0061 0.2778 0.1123 0.1339 
     G.81071 0.2173 0.0973 0.2156 0.2060 0.1963 0.0675 
     G.88661 0.3434 0.0943 0.0367 0.2447 0.2758 0.0051 
    G.886611 0.2782 0.0107 0.0569 0.3794 0.2717 0.0030 
  G.8867Y%12 0.3469 0.0300 0.1458 0.3545 0.1188 0.0039 
     G.88839 0.0049 0.3995 0.0077 0.5579 0.0089 0.0211 
     G.88842 0.1369 0.3635 0.1383 0.3263 0.0224 0.0126 
   GALACTICA 0.1124 0.3359 0.3878 0.0056 0.0065 0.1518 
      GEMSON 0.2807 0.0192 0.2860 0.1523 0.1346 0.1273 
  GL.76B/102 0.1175 0.1828 0.0062 0.1978 0.1403 0.3554 
   GL.76B/94 0.0155 0.2712 0.1493 0.0268 0.0027 0.5344 
  GL.77M/106 0.0121 0.0072 0.2687 0.2835 0.2462 0.1823 
   GL.78/166 0.1159 0.1946 0.0511 0.0096 0.0153 0.6135 
    GL.78/53 0.0082 0.0081 0.0173 0.2134 0.2048 0.5483 
    GL.78/97 0.0276 0.1078 0.0273 0.1475 0.1066 0.5832 
    GL.79/42 0.0041 0.0349 0.0084 0.2548 0.1469 0.5510 
    GL.79/45 0.0047 0.0250 0.1039 0.2238 0.0636 0.5791 
 GL.81_NT_25 0.0076 0.0836 0.0354 0.0031 0.4790 0.3912 
   GLADIATOR 0.1726 0.2334 0.1229 0.3265 0.1380 0.0065 
      GLAMIS 0.1656 0.1211 0.0331 0.2007 0.4373 0.0423 
 GOLDEN_MILL 0.0106 0.0160 0.1960 0.1731 0.4863 0.1180 
 GOLDEN_NUGG 0.0118 0.3741 0.3087 0.1618 0.1240 0.0196 
 GOLDEN_WOND 0.1361 0.0889 0.0275 0.1509 0.0386 0.5580 
     GRANOLA 0.0077 0.1791 0.0151 0.5581 0.1339 0.1061 
    H1H3_101 0.0105 0.0065 0.0043 0.0022 0.6069 0.3695 
      H1H3_3 0.1770 0.0670 0.0834 0.0419 0.4476 0.1831 
 HARBOROUGH_ 0.0314 0.0316 0.0521 0.1389 0.7245 0.0214 
   HARLEQUIN 0.0146 0.0791 0.0484 0.5350 0.1486 0.1744 
      HERMES 0.0779 0.3384 0.1633 0.2362 0.0535 0.1306 
 HIGHLAND_BU 0.0491 0.1033 0.0233 0.0070 0.0097 0.8076 
  HOME_GUARD 0.2846 0.0120 0.1513 0.1448 0.2030 0.2044 
     HORIZON 0.0343 0.4305 0.1179 0.0808 0.0850 0.2516 
   INNOVATOR 0.4847 0.2662 0.0995 0.0051 0.0072 0.1372 
 INTERNATION 0.0770 0.0484 0.0103 0.0040 0.0043 0.8560 
 ISLE_OF_JUR 0.0563 0.0818 0.1582 0.1168 0.4340 0.1528 
    JULIETTE 0.0066 0.3027 0.0100 0.5927 0.0321 0.0559 
     KARLENA 0.2668 0.2850 0.2322 0.0099 0.0207 0.1854 
 KERR'S_PINK 0.3278 0.0062 0.0779 0.0703 0.0872 0.4305 
     KESTREL 0.0255 0.0048 0.3761 0.2040 0.3827 0.0069 
       KIFLI 0.0077 0.1792 0.0082 0.5052 0.1147 0.1850 
 KING_EDWARD 0.1129 0.0039 0.0028 0.1308 0.0310 0.7186 
    KINGSTON 0.0067 0.0922 0.1482 0.0688 0.4719 0.2122 
 KUFRI_CHAND 0.3959 0.1196 0.0674 0.1467 0.1158 0.1545 
 KUFRI_JYOTI 0.0820 0.1761 0.3652 0.2103 0.0384 0.1280 
      KURODA 0.1992 0.4818 0.1228 0.1339 0.0445 0.0178 
 LADY_BALFOU 0.1511 0.0338 0.3921 0.0925 0.1926 0.1378 
 LADY_CHRIST 0.0725 0.4101 0.0610 0.0892 0.0809 0.2863 
 LADY_CLAIRE 0.0428 0.7037 0.0194 0.0064 0.0068 0.2208 
     LADY_JO 0.1284 0.5541 0.0171 0.0021 0.0097 0.2886 
 LADY_ROSETT 0.1380 0.3248 0.0787 0.1739 0.1537 0.1309 
    LIBERTAS 0.0085 0.5163 0.1655 0.0029 0.0040 0.3029 
       LINDA 0.0084 0.2000 0.0093 0.5615 0.0061 0.2148 
      LINTON 0.1869 0.2566 0.0945 0.2269 0.1924 0.0427 
 LINZER_DELI 0.0477 0.2583 0.0158 0.4503 0.0312 0.1967 
   LIONHEART 0.2161 0.4413 0.1038 0.1249 0.0900 0.0240 
   MADELEINE 0.0155 0.3640 0.0396 0.3986 0.0995 0.0829 
   MADINGLEY 0.0824 0.2587 0.1343 0.3296 0.1475 0.0476 
    MAJESTIC 0.5291 0.0301 0.1504 0.1998 0.0550 0.0356 
     MARABEL 0.1136 0.4770 0.0303 0.3413 0.0275 0.0103 
     MARFONA 0.1882 0.4552 0.0609 0.0218 0.1222 0.1517 
     MARILYN 0.0541 0.3092 0.1326 0.3876 0.0304 0.0861 
 MARIS_ANCHO 0.2395 0.2582 0.0270 0.2177 0.0851 0.1725 
  MARIS_BARD 0.2904 0.2021 0.1390 0.0023 0.2506 0.1155 
  MARIS_PEER 0.3354 0.0076 0.1925 0.1516 0.1752 0.1377 
 MARIS_PIPER 0.0052 0.0365 0.0047 0.0046 0.7646 0.1846 
     MARKIES 0.0446 0.4632 0.0401 0.2984 0.0241 0.1297 
      MAXINE 0.2858 0.0186 0.1028 0.1496 0.4234 0.0198 
      MEGARA 0.0133 0.4894 0.0331 0.2970 0.0839 0.0833 
      MELODY 0.0252 0.3838 0.1596 0.1759 0.0893 0.1662 
       MIDAS 0.0042 0.2033 0.0054 0.1624 0.4640 0.1606 
       MILVA 0.0334 0.3575 0.0390 0.3529 0.0196 0.1976 
        MIMI 0.0076 0.2622 0.1995 0.0957 0.3132 0.1219 
        MIRA 0.0902 0.5499 0.1150 0.0094 0.0078 0.2277 
       MOIRA 0.1348 0.2565 0.1697 0.2509 0.0614 0.1266 
    MONTROSE 0.0038 0.0053 0.0660 0.1019 0.5369 0.2861 
       MORAG 0.1821 0.0094 0.3323 0.1344 0.1634 0.1784 
      MORENE 0.1469 0.5416 0.1364 0.0111 0.0036 0.1604 
      MOZART 0.0503 0.3436 0.0181 0.4615 0.1240 0.0025 
 MYATT'S_ASH 0.0961 0.1639 0.0091 0.0057 0.0029 0.7224 
      NADINE 0.0762 0.0571 0.1039 0.2900 0.4618 0.0109 
       NAVAN 0.0925 0.0318 0.0655 0.0479 0.6778 0.0844 
 NDTX_4271_5 0.2622 0.0040 0.0091 0.4750 0.2398 0.0100 
      NICOLA 0.0300 0.3548 0.0042 0.4354 0.0031 0.1725 
     NOVELLA 0.1067 0.3561 0.2008 0.2511 0.0556 0.0297 
     OLYMPUS 0.1394 0.0060 0.1291 0.2783 0.3306 0.1165 
       OPERA 0.1015 0.3571 0.1259 0.2472 0.1547 0.0136 
   ORCHESTRA 0.0170 0.3619 0.0314 0.3550 0.1492 0.0856 
      ORIANA 0.2063 0.3914 0.1723 0.1615 0.0039 0.0646 
     OTHELLO 0.1170 0.0042 0.5267 0.1839 0.1604 0.0078 
     PALADIN 0.0650 0.0408 0.0093 0.0042 0.6341 0.2466 
       PANDA 0.0092 0.2727 0.0191 0.5542 0.1158 0.0289 
   PARAMOUNT 0.0401 0.1761 0.4802 0.2371 0.0192 0.0473 
    PATRONES 0.2216 0.3283 0.0379 0.1521 0.0692 0.1909 
 PENTLAND_AC 0.1881 0.1253 0.1894 0.1959 0.1599 0.1414 
 PENTLAND_BE 0.2961 0.0811 0.1901 0.0064 0.0111 0.4152 
 PENTLAND_CR 0.1809 0.2343 0.2344 0.0995 0.1568 0.0940 
 PENTLAND_DE 0.2575 0.0103 0.2570 0.1858 0.0719 0.2174 
 PENTLAND_IV 0.3237 0.0036 0.1799 0.3337 0.1195 0.0396 
 PENTLAND_JA 0.4425 0.1708 0.1147 0.0945 0.1123 0.0652 
 PENTLAND_MA 0.1350 0.3015 0.3289 0.1381 0.0107 0.0858 
 PENTLAND_SQ 0.2310 0.0816 0.2027 0.1910 0.1280 0.1659 
   PEPO_1978 0.0464 0.3447 0.0119 0.3481 0.1070 0.1418 
     PICASSO 0.0420 0.2673 0.4943 0.0382 0.1548 0.0034 
   PIMPERNEL 0.0049 0.4255 0.1492 0.1669 0.0437 0.2099 
     PIONEER 0.0194 0.1701 0.0056 0.6141 0.0216 0.1692 
       PIXIE 0.0253 0.0461 0.2876 0.2501 0.3851 0.0058 
    PREMIERE 0.1818 0.4613 0.0616 0.0048 0.0457 0.2448 
   PRODUCENT 0.0728 0.4193 0.0100 0.1585 0.2299 0.1095 
     PROVOST 0.2918 0.1398 0.2074 0.1805 0.0576 0.1228 
  R.P.LUSTRE 0.1889 0.0110 0.0273 0.3331 0.2083 0.2315 
 RANGER_RUSS 0.5407 0.1424 0.0858 0.0220 0.0027 0.2064 
       RATTE 0.0385 0.0163 0.0127 0.2789 0.1575 0.4961 
      RECORD 0.0125 0.5638 0.1146 0.0077 0.0057 0.2956 
   REMBRANDT 0.1850 0.4166 0.0111 0.1258 0.1360 0.1255 
    RIO_ROJO 0.3275 0.0525 0.1482 0.3200 0.1025 0.0493 
      ROBIJN 0.0228 0.5230 0.0842 0.0505 0.0043 0.3152 
      ROCKET 0.1288 0.0152 0.0876 0.0591 0.5058 0.2035 
   RODE_STAR 0.0019 0.3340 0.0238 0.2226 0.0103 0.4074 
      ROMANO 0.0147 0.3155 0.3373 0.2780 0.0400 0.0146 
       ROMEO 0.0531 0.0090 0.3081 0.3933 0.0501 0.1864 
     ROOSTER 0.1541 0.1315 0.2875 0.2002 0.1076 0.1191 
       ROYAL 0.0064 0.2330 0.0178 0.2775 0.3259 0.1394 
 ROYAL_KIDNE 0.5314 0.0340 0.0456 0.0050 0.0034 0.3806 
     RUBESSE 0.1750 0.2161 0.1195 0.3726 0.0535 0.0633 
 RUSSET_BURB 0.5526 0.0892 0.0375 0.1666 0.0391 0.1150 
 RUSSET_NORK 0.5606 0.0043 0.0061 0.3305 0.0638 0.0347 
      SAFARI 0.0672 0.4217 0.2510 0.1934 0.0558 0.0108 
     SANTANA 0.2129 0.3900 0.0490 0.1025 0.1576 0.0880 
       SANTE 0.0126 0.4218 0.1152 0.1644 0.1794 0.1066 
     SAPHIRE 0.2808 0.4101 0.0592 0.1117 0.1335 0.0047 
  SARPO_MIRA 0.0088 0.2548 0.1007 0.4078 0.0500 0.1779 
 SARPO_SHONA 0.0086 0.3372 0.1151 0.3901 0.0488 0.1003 
       SASSY 0.1539 0.2809 0.0732 0.1753 0.0886 0.2281 
     SATURNA 0.0052 0.4505 0.0068 0.2193 0.0239 0.2943 
        SAVA 0.1483 0.2665 0.0111 0.4004 0.1313 0.0423 
       SAXON 0.0282 0.0435 0.1249 0.1022 0.5437 0.1573 
 SCARBOROUGH 0.0121 0.0049 0.0234 0.1407 0.7281 0.0908 
 SEFTON_WOND 0.3209 0.0061 0.0770 0.0226 0.1581 0.4153 
    SERAFINA 0.0153 0.2447 0.1077 0.4848 0.0102 0.1372 
     SETANTA 0.0750 0.0352 0.2529 0.2812 0.3092 0.0465 
 SHARPE'S_EX 0.1149 0.0709 0.0207 0.1130 0.0834 0.5971 
     SHELAGH 0.0241 0.1319 0.2941 0.1198 0.1568 0.2734 
    SHELFORD 0.1042 0.2856 0.1616 0.2473 0.0167 0.1846 
     SHEPODY 0.4343 0.2042 0.1920 0.0028 0.0056 0.1612 
      SLANEY 0.0565 0.0143 0.3944 0.2266 0.2997 0.0085 
        SPEY 0.0235 0.0453 0.4727 0.1622 0.2932 0.0032 
      SPUNTA 0.0397 0.0870 0.1466 0.3947 0.1255 0.2065 
     STAMINA 0.0864 0.0674 0.2072 0.0120 0.6228 0.0042 
    STEMSTER 0.0245 0.2233 0.1041 0.1619 0.2866 0.1996 
 STORMONT_EN 0.1396 0.2697 0.1630 0.0657 0.1781 0.1840 
    STIRLING 0.1785 0.0703 0.3504 0.1950 0.2000 0.0058 
     SYLVANA 0.2389 0.2654 0.0897 0.2368 0.1188 0.0504 
         TAY 0.0176 0.0087 0.2745 0.2517 0.4363 0.0112 
      TIMATE 0.0498 0.3889 0.0047 0.3664 0.1376 0.0527 
      TOLUCA 0.0913 0.3269 0.1661 0.3723 0.0061 0.0372 
    TORRIDON 0.0719 0.3180 0.3026 0.1329 0.0700 0.1046 
 ULSTER_SCEP 0.3569 0.0636 0.1362 0.0447 0.3295 0.0691 
 UMATILLA_RU 0.0330 0.1542 0.0652 0.0461 0.2963 0.4053 
 VALES_EMERA 0.0564 0.0254 0.0548 0.4893 0.2640 0.1100 
 VALES_EVERE 0.0608 0.0098 0.3984 0.1344 0.2727 0.1240 
 VALES_RUSSE 0.4489 0.0697 0.0142 0.1903 0.0561 0.2208 
 VALES_SOVER 0.0095 0.0427 0.5867 0.0204 0.3361 0.0046 
       VALOR 0.0100 0.0679 0.4588 0.0715 0.3885 0.0033 
    VAN_GOGH 0.0630 0.4810 0.0246 0.1565 0.1126 0.1624 
     VANTAGE 0.2277 0.3883 0.0727 0.0057 0.0096 0.2961 
       VERDI 0.0212 0.3606 0.0550 0.2397 0.1007 0.2228 
    VICTORIA 0.2792 0.4051 0.0267 0.2029 0.0580 0.0280 
     VIVALDI 0.2548 0.4342 0.1371 0.1514 0.0043 0.0183 
       WILJA 0.1459 0.5313 0.1300 0.0018 0.0076 0.1833 
     WINSTON 0.0716 0.0078 0.1894 0.2681 0.4584 0.0046 
      XD2-21 0.2713 0.0464 0.2445 0.1606 0.1084 0.1688 
  YUKON_GOLD 0.3017 0.0775 0.0108 0.3518 0.2539 0.0043 
       ZORBA 0.2560 0.4005 0.1721 0.0165 0.0094 0.1456 
