  00C133-020 0.3527 0.0266 0.5947 0.0259 
 01C_071-002 0.3007 0.2692 0.2341 0.1960 
 02M_012-001 0.0282 0.1401 0.6337 0.1980 
 03M_016-002 0.1269 0.0151 0.3690 0.4890 
 03M_034-002 0.1892 0.0301 0.5684 0.2123 
 04C_055-004 0.0509 0.3228 0.5179 0.1085 
 04C_126-005 0.3847 0.1259 0.3826 0.1068 
 04M_034-013 0.0701 0.1205 0.4881 0.3213 
 05M_002-001 0.2083 0.4260 0.1673 0.1984 
 05M_004-003 0.3436 0.3807 0.2452 0.0305 
 05M_012-004 0.4286 0.2053 0.2467 0.1194 
 06C_127-002 0.2160 0.2815 0.4359 0.0666 
 12288_AF_23 0.3063 0.1575 0.5086 0.0276 
    12601AB1 0.0155 0.0144 0.4894 0.4806 
   12636_A_2 0.2154 0.0102 0.5446 0.2297 
  15119_AC_5 0.4993 0.0047 0.2953 0.2007 
     1512C16 0.4307 0.1478 0.0863 0.3353 
   15144_A_3 0.6026 0.2140 0.1573 0.0261 
     1563C14 0.1194 0.3307 0.0379 0.5120 
     2182EF7 0.5849 0.1023 0.1927 0.1201 
     3681AD1 0.4689 0.3004 0.1185 0.1122 
     5008AB6 0.3515 0.3969 0.1341 0.1175 
    8204_A_4 0.4859 0.1739 0.3040 0.0362 
       AGRIA 0.0536 0.7138 0.1049 0.1277 
       AILSA 0.0504 0.1485 0.6298 0.1713 
      ALMERA 0.2698 0.5301 0.0804 0.1198 
       ALPHA 0.2344 0.4019 0.0550 0.3087 
      ALWARA 0.3532 0.4773 0.1020 0.0675 
      AMADRA 0.0783 0.4683 0.2459 0.2075 
       AMOUR 0.4269 0.0324 0.4961 0.0446 
        ANNA 0.7796 0.0048 0.1124 0.1032 
   ANNABELLE 0.1450 0.7267 0.0411 0.0872 
        ANYA 0.1360 0.5009 0.1259 0.2373 
       ARGOS 0.5936 0.0698 0.3223 0.0143 
     ARIELLE 0.2190 0.5567 0.0529 0.1714 
      ARKULA 0.3109 0.4713 0.0272 0.1906 
      ARMADA 0.2693 0.4084 0.1300 0.1924 
   AVALANCHE 0.2718 0.1686 0.4428 0.1168 
     BAILLIE 0.2263 0.2023 0.5228 0.0485 
    BALMORAL 0.6978 0.1009 0.1109 0.0903 
     BAMBINO 0.2895 0.1101 0.5616 0.0388 
       BARNA 0.4759 0.2572 0.2135 0.0535 
 BELLE_DE_FO 0.0942 0.0070 0.0041 0.8946 
       BENOL 0.0385 0.1180 0.6281 0.2154 
       BF_15 0.0911 0.1446 0.0058 0.7585 
      BINTJE 0.2661 0.2159 0.0894 0.4286 
 BIONICA_EX_ 0.3337 0.3024 0.1846 0.1793 
 BLUE_DANUBE 0.3568 0.3790 0.0367 0.2275 
      BONNIE 0.3299 0.2945 0.3226 0.0529 
      BOUNTY 0.3258 0.1158 0.5183 0.0401 
 BRITISH_QUE 0.4158 0.0180 0.0115 0.5548 
     BRODICK 0.1208 0.2073 0.6507 0.0212 
      BRODIE 0.6593 0.0102 0.2089 0.1216 
      BUCHAN 0.5576 0.0539 0.2954 0.0931 
      BURREN 0.4817 0.2224 0.1884 0.1075 
     CABARET 0.1149 0.0089 0.5496 0.3266 
      CAESAR 0.2518 0.6297 0.1099 0.0086 
        CARA 0.6962 0.0119 0.2616 0.0303 
 CARLINGFORD 0.4913 0.1897 0.2135 0.1055 
  CASABLANCA 0.4927 0.1274 0.3683 0.0115 
      CELINE 0.3734 0.3733 0.1338 0.1195 
  CHALLENGER 0.1171 0.4409 0.2240 0.2179 
   CHARLOTTE 0.0207 0.6068 0.2440 0.1285 
     CHICAGO 0.0211 0.3419 0.5324 0.1046 
   CHIEFTAIN 0.3947 0.2353 0.1471 0.2229 
      CHOPIN 0.3076 0.5068 0.0596 0.1260 
      CLARET 0.6536 0.0695 0.2424 0.0345 
      CORINE 0.4113 0.1855 0.2350 0.1681 
      COSMOS 0.3025 0.4110 0.1139 0.1726 
     COURAGE 0.3225 0.3934 0.1137 0.1705 
     COURLAN 0.3311 0.3225 0.1842 0.1622 
 CRAIGS_ROYA 0.5317 0.0140 0.3271 0.1272 
 CRAIGS_SNOW 0.3266 0.0550 0.1902 0.4282 
     CRAMOND 0.2560 0.1589 0.5542 0.0309 
 CRISPS_FOR_ 0.2168 0.4995 0.1600 0.1238 
    CROMWELL 0.0154 0.0643 0.6558 0.2645 
       D22/1 0.2110 0.0092 0.5269 0.2528 
       D23/3 0.1591 0.0440 0.4009 0.3960 
      D47-11 0.0146 0.0091 0.6623 0.3140 
       D49/1 0.0047 0.0433 0.7405 0.2115 
       DAISY 0.0235 0.2345 0.4854 0.2565 
 DARK_RED_NO 0.4251 0.2224 0.1066 0.2459 
     DARWINA 0.2423 0.4381 0.0993 0.2203 
     DESIREE 0.3398 0.4595 0.0163 0.1844 
       DITTA 0.1778 0.5607 0.0342 0.2272 
 DR._MCINTOS 0.6015 0.0719 0.1477 0.1789 
       DRAGA 0.4376 0.2903 0.1950 0.0771 
 DUKE_OF_YOR 0.3479 0.1314 0.0042 0.5165 
 DUNBAR_STAN 0.3642 0.0116 0.1982 0.4260 
     DUNDROD 0.1137 0.1271 0.5331 0.2261 
     ECLIPSE 0.1374 0.1745 0.1436 0.5445 
        EDEN 0.0160 0.0113 0.7172 0.2555 
 EDZELL_BLUE 0.2741 0.2138 0.1029 0.4093 
   ELISABETH 0.1146 0.6191 0.2374 0.0289 
     EMPEROR 0.2506 0.3637 0.2623 0.1235 
         EOS 0.1896 0.3995 0.3360 0.0749 
     EPICURE 0.2911 0.1698 0.0614 0.4777 
  ERNTESTOLZ 0.2545 0.3520 0.0588 0.3348 
      ESCORT 0.1522 0.6000 0.2215 0.0263 
   ESMERALDA 0.1907 0.4166 0.1988 0.1939 
      ESTIMA 0.1966 0.4423 0.1656 0.1955 
 EVE_BALFOUR 0.4579 0.0235 0.2786 0.2399 
   EXCALIBUR 0.3321 0.0677 0.5947 0.0055 
     EXQUISA 0.1340 0.6505 0.0197 0.1958 
    FESTIVAL 0.1392 0.6320 0.2002 0.0286 
      FIANNA 0.4868 0.3504 0.0915 0.0714 
   FIFTYFOLD 0.1450 0.1059 0.1352 0.6139 
     FONTANE 0.1263 0.5341 0.2159 0.1237 
   FORTYFOLD 0.2182 0.1157 0.0054 0.6607 
 FRONTIER_RU 0.2779 0.2504 0.1675 0.3042 
     G.81071 0.4219 0.1916 0.2450 0.1416 
     G.88661 0.3994 0.2531 0.2986 0.0489 
    G.886611 0.3817 0.2602 0.3407 0.0175 
  G.8867Y%12 0.5183 0.2694 0.1875 0.0248 
     G.88839 0.0447 0.8896 0.0270 0.0388 
     G.88842 0.3419 0.5591 0.0553 0.0437 
   GALACTICA 0.5445 0.1889 0.0311 0.2355 
      GEMSON 0.5172 0.0463 0.2152 0.2213 
  GL.76B/102 0.0451 0.3492 0.1774 0.4283 
   GL.76B/94 0.1903 0.2202 0.0087 0.5808 
  GL.77M/106 0.2593 0.1563 0.3912 0.1932 
   GL.78/166 0.1339 0.1292 0.0456 0.6912 
    GL.78/53 0.0110 0.1303 0.2904 0.5683 
    GL.78/97 0.0366 0.1919 0.1549 0.6165 
    GL.79/42 0.0057 0.2160 0.2092 0.5690 
    GL.79/45 0.0448 0.1856 0.1726 0.5969 
 GL.81_NT_25 0.0404 0.0123 0.5160 0.4312 
   GLADIATOR 0.3226 0.4468 0.1915 0.0392 
      GLAMIS 0.1781 0.2404 0.4809 0.1007 
 GOLDEN_MILL 0.1632 0.1254 0.6046 0.1067 
 GOLDEN_NUGG 0.3911 0.3944 0.1738 0.0407 
 GOLDEN_WOND 0.1147 0.1566 0.0858 0.6428 
     GRANOLA 0.0276 0.6412 0.2142 0.1170 
    H1H3_101 0.0044 0.0037 0.6185 0.3735 
      H1H3_3 0.2245 0.0479 0.4812 0.2464 
 HARBOROUGH_ 0.0604 0.1213 0.7954 0.0229 
   HARLEQUIN 0.0516 0.5187 0.2395 0.1901 
      HERMES 0.2568 0.4666 0.0991 0.1775 
 HIGHLAND_BU 0.0727 0.0263 0.0246 0.8763 
  HOME_GUARD 0.3647 0.0511 0.2660 0.3182 
     HORIZON 0.1991 0.4003 0.0941 0.3065 
   INNOVATOR 0.5397 0.0967 0.0108 0.3528 
 INTERNATION 0.0377 0.0120 0.0062 0.9441 
 ISLE_OF_JUR 0.2098 0.1300 0.5004 0.1598 
    JULIETTE 0.0230 0.8038 0.1072 0.0660 
     KARLENA 0.4581 0.1762 0.0754 0.2902 
 KERR'S_PINK 0.2801 0.0156 0.1396 0.5647 
     KESTREL 0.4209 0.0417 0.5248 0.0126 
       KIFLI 0.0097 0.6169 0.1972 0.1762 
 KING_EDWARD 0.0117 0.0441 0.1229 0.8213 
    KINGSTON 0.1105 0.1284 0.5511 0.2100 
 KUFRI_CHAND 0.3906 0.1730 0.1379 0.2985 
 KUFRI_JYOTI 0.4613 0.2429 0.1268 0.1690 
      KURODA 0.3727 0.4875 0.0432 0.0965 
 LADY_BALFOU 0.5115 0.0310 0.2779 0.1797 
 LADY_CHRIST 0.1782 0.3812 0.0776 0.3630 
 LADY_CLAIRE 0.1184 0.5854 0.0118 0.2844 
     LADY_JO 0.2258 0.3328 0.0211 0.4204 
 LADY_ROSETT 0.2466 0.3817 0.1710 0.2007 
    LIBERTAS 0.2844 0.3053 0.0139 0.3964 
       LINDA 0.0258 0.6816 0.0454 0.2472 
      LINTON 0.2729 0.3788 0.2179 0.1304 
 LINZER_DELI 0.0842 0.6042 0.0768 0.2348 
   LIONHEART 0.3470 0.4331 0.0814 0.1384 
   MADELEINE 0.1016 0.6439 0.1418 0.1127 
   MADINGLEY 0.2166 0.4846 0.2087 0.0900 
    MAJESTIC 0.5589 0.1267 0.1083 0.2061 
     MARABEL 0.2076 0.7057 0.0426 0.0441 
     MARFONA 0.3427 0.3195 0.0702 0.2677 
     MARILYN 0.2213 0.5682 0.0858 0.1248 
 MARIS_ANCHO 0.2404 0.3787 0.1086 0.2723 
  MARIS_BARD 0.4486 0.0214 0.2647 0.2652 
  MARIS_PEER 0.4638 0.0425 0.2378 0.2559 
 MARIS_PIPER 0.0058 0.0151 0.7911 0.1880 
     MARKIES 0.1307 0.6393 0.0423 0.1877 
      MAXINE 0.3230 0.0937 0.4749 0.1083 
      MEGARA 0.1113 0.6699 0.0961 0.1227 
      MELODY 0.2241 0.4393 0.1263 0.2103 
       MIDAS 0.0087 0.3243 0.5032 0.1638 
       MILVA 0.1188 0.6022 0.0484 0.2306 
        MIMI 0.2152 0.2753 0.3760 0.1335 
        MIRA 0.2480 0.4435 0.0152 0.2932 
       MOIRA 0.3191 0.3837 0.1083 0.1889 
    MONTROSE 0.0221 0.0373 0.6619 0.2787 
       MORAG 0.4689 0.0231 0.2638 0.2442 
      MORENE 0.3347 0.4135 0.0060 0.2458 
      MOZART 0.1493 0.6949 0.1503 0.0055 
 MYATT'S_ASH 0.0898 0.0927 0.0055 0.8120 
      NADINE 0.1746 0.2757 0.5311 0.0187 
       NAVAN 0.1438 0.0389 0.7246 0.0927 
 NDTX_4271_5 0.2480 0.2944 0.3383 0.1193 
      NICOLA 0.0319 0.7223 0.0082 0.2376 
     NOVELLA 0.3542 0.4745 0.0998 0.0714 
     OLYMPUS 0.2514 0.1376 0.4374 0.1736 
       OPERA 0.2605 0.4969 0.1889 0.0537 
   ORCHESTRA 0.0740 0.6200 0.1908 0.1152 
      ORIANA 0.4007 0.4407 0.0085 0.1501 
     OTHELLO 0.6509 0.0213 0.3073 0.0204 
     PALADIN 0.0301 0.0137 0.6641 0.2921 
       PANDA 0.0385 0.7405 0.1775 0.0435 
   PARAMOUNT 0.5659 0.2567 0.1108 0.0666 
    PATRONES 0.2694 0.3613 0.0696 0.2997 
 PENTLAND_AC 0.3425 0.2078 0.2227 0.2270 
 PENTLAND_BE 0.4204 0.0138 0.0296 0.5361 
 PENTLAND_CR 0.4421 0.2040 0.1976 0.1563 
 PENTLAND_DE 0.4738 0.0488 0.1711 0.3063 
 PENTLAND_IV 0.4626 0.1378 0.2411 0.1585 
 PENTLAND_JA 0.4978 0.1516 0.1277 0.2228 
 PENTLAND_MA 0.5138 0.3058 0.0335 0.1469 
 PENTLAND_SQ 0.4086 0.1549 0.1953 0.2413 
   PEPO_1978 0.0712 0.6212 0.1407 0.1669 
     PICASSO 0.6120 0.1865 0.1950 0.0065 
   PIMPERNEL 0.1825 0.4890 0.0860 0.2424 
     PIONEER 0.0218 0.6884 0.0937 0.1961 
       PIXIE 0.3308 0.1943 0.4666 0.0082 
    PREMIERE 0.2874 0.3031 0.0459 0.3636 
   PRODUCENT 0.1082 0.4874 0.2273 0.1771 
     PROVOST 0.4713 0.1980 0.1077 0.2230 
  R.P.LUSTRE 0.1642 0.2335 0.2953 0.3070 
 RANGER_RUSS 0.5332 0.0561 0.0047 0.4060 
       RATTE 0.0231 0.2093 0.2364 0.5312 
      RECORD 0.2285 0.4024 0.0082 0.3608 
   REMBRANDT 0.1953 0.4380 0.1234 0.2433 
    RIO_ROJO 0.4127 0.2560 0.1653 0.1660 
      ROBIJN 0.1553 0.4773 0.0070 0.3605 
      ROCKET 0.1841 0.0224 0.5528 0.2407 
   RODE_STAR 0.0124 0.5154 0.0469 0.4253 
      ROMANO 0.4073 0.4444 0.1175 0.0308 
       ROMEO 0.3493 0.2550 0.1924 0.2033 
     ROOSTER 0.4299 0.2187 0.1827 0.1687 
       ROYAL 0.0202 0.4502 0.3811 0.1485 
 ROYAL_KIDNE 0.4199 0.0076 0.0049 0.5676 
     RUBESSE 0.2899 0.4573 0.1163 0.1365 
 RUSSET_BURB 0.4571 0.1682 0.0663 0.3084 
 RUSSET_NORK 0.3781 0.1992 0.1622 0.2605 
      SAFARI 0.4360 0.4462 0.0795 0.0383 
     SANTANA 0.2821 0.3824 0.1469 0.1886 
       SANTE 0.1892 0.4704 0.1974 0.1430 
     SAPHIRE 0.3852 0.4205 0.1238 0.0706 
  SARPO_MIRA 0.1069 0.5701 0.1236 0.1994 
 SARPO_SHONA 0.1324 0.6289 0.1184 0.1202 
       SASSY 0.2281 0.3441 0.1119 0.3158 
     SATURNA 0.0163 0.6066 0.0428 0.3343 
        SAVA 0.1360 0.5734 0.1784 0.1123 
       SAXON 0.1404 0.0879 0.6129 0.1587 
 SCARBOROUGH 0.0236 0.0676 0.8215 0.0873 
 SEFTON_WOND 0.2715 0.0066 0.1869 0.5350 
    SERAFINA 0.1647 0.6199 0.0601 0.1554 
     SETANTA 0.3076 0.2184 0.4137 0.0604 
 SHARPE'S_EX 0.0943 0.1135 0.1144 0.6778 
     SHELAGH 0.3419 0.1331 0.2233 0.3017 
    SHELFORD 0.2663 0.4316 0.0550 0.2471 
     SHEPODY 0.6112 0.0205 0.0097 0.3586 
      SLANEY 0.4640 0.1114 0.4135 0.0111 
        SPEY 0.5143 0.0822 0.3978 0.0058 
      SPUNTA 0.1817 0.3762 0.2113 0.2308 
     STAMINA 0.2922 0.0283 0.6722 0.0073 
    STEMSTER 0.1322 0.3052 0.3387 0.2239 
 STORMONT_EN 0.3336 0.2099 0.1903 0.2662 
    STIRLING 0.5762 0.1303 0.2733 0.0202 
     SYLVANA 0.3215 0.3820 0.1460 0.1505 
         TAY 0.2986 0.1354 0.5521 0.0140 
      TIMATE 0.0274 0.6877 0.1740 0.1109 
      TOLUCA 0.2990 0.5911 0.0226 0.0873 
    TORRIDON 0.4275 0.3055 0.1032 0.1638 
 ULSTER_SCEP 0.4237 0.0374 0.3511 0.1877 
 UMATILLA_RU 0.0889 0.1370 0.3382 0.4359 
 VALES_EMERA 0.1151 0.4098 0.3523 0.1227 
 VALES_EVERE 0.4538 0.0294 0.3887 0.1280 
 VALES_RUSSE 0.3407 0.1836 0.0889 0.3868 
 VALES_SOVER 0.5636 0.0116 0.4205 0.0042 
       VALOR 0.4792 0.0396 0.4764 0.0049 
    VAN_GOGH 0.1478 0.5209 0.1104 0.2210 
     VANTAGE 0.3112 0.2315 0.0176 0.4397 
       VERDI 0.1052 0.5154 0.1391 0.2404 
    VICTORIA 0.2798 0.4920 0.0703 0.1580 
     VIVALDI 0.4195 0.4651 0.0075 0.1080 
       WILJA 0.4029 0.2719 0.0121 0.3131 
     WINSTON 0.2822 0.1583 0.5501 0.0094 
      XD2-21 0.4629 0.0925 0.1766 0.2681 
  YUKON_GOLD 0.2712 0.3762 0.3108 0.0418 
       ZORBA 0.4242 0.3017 0.0259 0.2481 
