  00C133-020 0.0767 0.7428 0.1805 
 01C_071-002 0.2358 0.3235 0.4406 
 02M_012-001 0.2860 0.6182 0.0958 
 03M_016-002 0.5383 0.3907 0.0710 
 03M_034-002 0.2806 0.6335 0.0859 
 04C_055-004 0.1891 0.5137 0.2971 
 04C_126-005 0.1488 0.5299 0.3213 
 04M_034-013 0.3837 0.4833 0.1331 
 05M_002-001 0.2384 0.2164 0.5453 
 05M_004-003 0.0623 0.3690 0.5687 
 05M_012-004 0.1365 0.4051 0.4584 
 06C_127-002 0.1226 0.5104 0.3669 
 12288_AF_23 0.0738 0.6222 0.3041 
    12601AB1 0.5334 0.4540 0.0126 
   12636_A_2 0.2969 0.6469 0.0562 
  15119_AC_5 0.2743 0.5786 0.1471 
     1512C16 0.3390 0.2120 0.4490 
   15144_A_3 0.0333 0.3934 0.5733 
     1563C14 0.5228 0.0512 0.4260 
     2182EF7 0.1232 0.4013 0.4755 
     3681AD1 0.1218 0.2748 0.6035 
     5008AB6 0.1478 0.2520 0.6002 
    8204_A_4 0.0581 0.4806 0.4613 
       AGRIA 0.1746 0.0945 0.7309 
       AILSA 0.2550 0.6275 0.1174 
      ALMERA 0.1568 0.1481 0.6951 
       ALPHA 0.3317 0.1158 0.5526 
      ALWARA 0.0979 0.2123 0.6898 
      AMADRA 0.2523 0.2557 0.4920 
       AMOUR 0.0817 0.6872 0.2311 
        ANNA 0.1321 0.4912 0.3767 
   ANNABELLE 0.1327 0.0600 0.8073 
        ANYA 0.2626 0.1600 0.5774 
       ARGOS 0.0216 0.5680 0.4105 
     ARIELLE 0.2009 0.0988 0.7002 
      ARKULA 0.2073 0.1095 0.6832 
      ARMADA 0.2280 0.2023 0.5697 
   AVALANCHE 0.1669 0.5291 0.3040 
     BAILLIE 0.1179 0.5966 0.2855 
    BALMORAL 0.0706 0.3842 0.5452 
     BAMBINO 0.0978 0.6697 0.2325 
       BARNA 0.0740 0.3848 0.5412 
 BELLE_DE_FO 0.9063 0.0101 0.0836 
       BENOL 0.3009 0.6222 0.0769 
       BF_15 0.7512 0.0088 0.2400 
      BINTJE 0.4361 0.1551 0.4089 
 BIONICA_EX_ 0.2081 0.2887 0.5032 
 BLUE_DANUBE 0.2412 0.1274 0.6314 
      BONNIE 0.1005 0.4358 0.4637 
      BOUNTY 0.0796 0.6495 0.2709 
 BRITISH_QUE 0.5394 0.1222 0.3384 
     BRODICK 0.0915 0.6969 0.2116 
      BRODIE 0.1444 0.4744 0.3812 
      BUCHAN 0.1036 0.5116 0.3848 
      BURREN 0.1179 0.3745 0.5075 
     CABARET 0.3921 0.5860 0.0219 
      CAESAR 0.0164 0.1972 0.7864 
        CARA 0.0415 0.5619 0.3966 
 CARLINGFORD 0.1233 0.3803 0.4964 
  CASABLANCA 0.0232 0.5750 0.4018 
      CELINE 0.1377 0.2560 0.6064 
  CHALLENGER 0.2608 0.2396 0.4996 
   CHARLOTTE 0.1967 0.2379 0.5654 
     CHICAGO 0.1985 0.5126 0.2888 
   CHIEFTAIN 0.2315 0.2713 0.4972 
      CHOPIN 0.1516 0.1505 0.6979 
      CLARET 0.0432 0.4955 0.4613 
      CORINE 0.1895 0.3792 0.4312 
      COSMOS 0.1979 0.1925 0.6096 
     COURAGE 0.1903 0.2013 0.6084 
     COURLAN 0.1865 0.2916 0.5218 
 CRAIGS_ROYA 0.1496 0.5502 0.3002 
 CRAIGS_SNOW 0.4448 0.2840 0.2712 
     CRAMOND 0.0901 0.6466 0.2633 
 CRISPS_FOR_ 0.1617 0.2209 0.6174 
    CROMWELL 0.3593 0.6116 0.0291 
       D22/1 0.3283 0.6157 0.0560 
       D23/3 0.4363 0.4330 0.1307 
      D47-11 0.3834 0.6073 0.0093 
       D49/1 0.3270 0.6597 0.0132 
       DAISY 0.3345 0.4639 0.2016 
 DARK_RED_NO 0.2513 0.2385 0.5101 
     DARWINA 0.2535 0.1569 0.5896 
     DESIREE 0.2000 0.1039 0.6962 
       DITTA 0.2553 0.0596 0.6851 
 DR._MCINTOS 0.1787 0.3468 0.4745 
       DRAGA 0.0945 0.3391 0.5664 
 DUKE_OF_YOR 0.5157 0.0330 0.4513 
 DUNBAR_STAN 0.4464 0.3361 0.2174 
     DUNDROD 0.2933 0.5553 0.1514 
     ECLIPSE 0.5547 0.1642 0.2811 
        EDEN 0.3307 0.6601 0.0092 
 EDZELL_BLUE 0.4201 0.1695 0.4105 
   ELISABETH 0.0714 0.2621 0.6664 
     EMPEROR 0.1578 0.3391 0.5031 
         EOS 0.1241 0.3891 0.4868 
     EPICURE 0.4834 0.1205 0.3961 
  ERNTESTOLZ 0.3491 0.1204 0.5305 
      ESCORT 0.0694 0.2636 0.6670 
   ESMERALDA 0.2345 0.2497 0.5157 
      ESTIMA 0.2301 0.2093 0.5605 
 EVE_BALFOUR 0.2668 0.4599 0.2733 
   EXCALIBUR 0.0086 0.7625 0.2289 
     EXQUISA 0.2276 0.0406 0.7319 
    FESTIVAL 0.0744 0.2326 0.6930 
      FIANNA 0.0869 0.2515 0.6616 
   FIFTYFOLD 0.6267 0.1525 0.2208 
     FONTANE 0.1680 0.2390 0.5930 
   FORTYFOLD 0.6551 0.0134 0.3315 
 FRONTIER_RU 0.3231 0.2441 0.4328 
     G.81071 0.1597 0.3960 0.4443 
     G.88661 0.0794 0.4370 0.4836 
    G.886611 0.0397 0.4824 0.4779 
  G.8867Y%12 0.0372 0.3704 0.5925 
     G.88839 0.0857 0.0220 0.8924 
     G.88842 0.0742 0.1556 0.7702 
   GALACTICA 0.2170 0.2275 0.5555 
      GEMSON 0.2280 0.3958 0.3762 
  GL.76B/102 0.4723 0.1573 0.3705 
   GL.76B/94 0.5877 0.0182 0.3941 
  GL.77M/106 0.2333 0.4858 0.2809 
   GL.78/166 0.7012 0.0555 0.2433 
    GL.78/53 0.6202 0.2702 0.1096 
    GL.78/97 0.6437 0.1422 0.2141 
    GL.79/42 0.6093 0.1920 0.1986 
    GL.79/45 0.6262 0.1548 0.2190 
 GL.81_NT_25 0.4921 0.4909 0.0170 
   GLADIATOR 0.0650 0.2924 0.6425 
      GLAMIS 0.1686 0.5235 0.3080 
 GOLDEN_MILL 0.1839 0.6609 0.1552 
 GOLDEN_NUGG 0.0553 0.3117 0.6330 
 GOLDEN_WOND 0.6556 0.0931 0.2513 
     GRANOLA 0.1703 0.2093 0.6205 
    H1H3_101 0.4673 0.5286 0.0041 
      H1H3_3 0.2933 0.5526 0.1541 
 HARBOROUGH_ 0.1003 0.8155 0.0841 
   HARLEQUIN 0.2322 0.2479 0.5199 
      HERMES 0.2108 0.1646 0.6246 
 HIGHLAND_BU 0.8782 0.0209 0.1009 
  HOME_GUARD 0.3348 0.3875 0.2777 
     HORIZON 0.3336 0.1294 0.5370 
   INNOVATOR 0.3284 0.1472 0.5243 
 INTERNATION 0.9470 0.0108 0.0421 
 ISLE_OF_JUR 0.2219 0.5591 0.2190 
    JULIETTE 0.1292 0.0912 0.7796 
     KARLENA 0.2818 0.2344 0.4838 
 KERR'S_PINK 0.5828 0.2227 0.1945 
     KESTREL 0.0246 0.7125 0.2629 
       KIFLI 0.2519 0.1715 0.5765 
 KING_EDWARD 0.8361 0.0969 0.0670 
    KINGSTON 0.2750 0.5805 0.1445 
 KUFRI_CHAND 0.3081 0.2488 0.4430 
 KUFRI_JYOTI 0.1770 0.2810 0.5420 
      KURODA 0.1194 0.1501 0.7305 
 LADY_BALFOU 0.1958 0.4778 0.3264 
 LADY_CHRIST 0.3816 0.1134 0.5049 
 LADY_CLAIRE 0.3235 0.0126 0.6639 
     LADY_JO 0.4393 0.0426 0.5181 
 LADY_ROSETT 0.2245 0.2350 0.5405 
    LIBERTAS 0.4086 0.0479 0.5435 
       LINDA 0.2829 0.0409 0.6761 
      LINTON 0.1619 0.3047 0.5334 
 LINZER_DELI 0.2679 0.0827 0.6494 
   LIONHEART 0.1575 0.1880 0.6544 
   MADELEINE 0.1637 0.1532 0.6831 
   MADINGLEY 0.1363 0.2629 0.6008 
    MAJESTIC 0.2073 0.2944 0.4983 
     MARABEL 0.0904 0.0890 0.8206 
     MARFONA 0.2830 0.1660 0.5509 
     MARILYN 0.1523 0.1413 0.7064 
 MARIS_ANCHO 0.2958 0.1685 0.5357 
  MARIS_BARD 0.2784 0.4412 0.2804 
  MARIS_PEER 0.2643 0.4063 0.3295 
 MARIS_PIPER 0.2750 0.7177 0.0073 
     MARKIES 0.2233 0.0569 0.7198 
      MAXINE 0.1498 0.5906 0.2596 
      MEGARA 0.1679 0.1157 0.7164 
      MELODY 0.2444 0.1818 0.5737 
       MIDAS 0.2647 0.4736 0.2616 
       MILVA 0.2604 0.0701 0.6694 
        MIMI 0.1797 0.4459 0.3744 
        MIRA 0.3244 0.0522 0.6234 
       MOIRA 0.2183 0.2039 0.5779 
    MONTROSE 0.3515 0.6293 0.0192 
       MORAG 0.2665 0.4393 0.2942 
      MORENE 0.2650 0.0350 0.7000 
      MOZART 0.0105 0.2099 0.7796 
 MYATT'S_ASH 0.8003 0.0070 0.1927 
      NADINE 0.0730 0.5966 0.3305 
       NAVAN 0.1785 0.7631 0.0585 
 NDTX_4271_5 0.1504 0.4209 0.4287 
      NICOLA 0.2677 0.0083 0.7240 
     NOVELLA 0.0979 0.2101 0.6920 
     OLYMPUS 0.2162 0.5222 0.2617 
       OPERA 0.0929 0.2695 0.6376 
   ORCHESTRA 0.1676 0.1901 0.6423 
      ORIANA 0.1773 0.0744 0.7483 
     OTHELLO 0.0312 0.5757 0.3931 
     PALADIN 0.3566 0.6308 0.0126 
       PANDA 0.1024 0.1709 0.7267 
   PARAMOUNT 0.0703 0.3139 0.6158 
    PATRONES 0.3205 0.1364 0.5432 
 PENTLAND_AC 0.2507 0.3308 0.4185 
 PENTLAND_BE 0.5241 0.1855 0.2904 
 PENTLAND_CR 0.1786 0.3526 0.4688 
 PENTLAND_DE 0.3183 0.3262 0.3555 
 PENTLAND_IV 0.1709 0.4094 0.4197 
 PENTLAND_JA 0.2180 0.2948 0.4872 
 PENTLAND_MA 0.1465 0.2072 0.6463 
 PENTLAND_SQ 0.2602 0.3300 0.4098 
   PEPO_1978 0.2222 0.1362 0.6417 
     PICASSO 0.0099 0.4313 0.5588 
   PIMPERNEL 0.2717 0.1230 0.6053 
     PIONEER 0.2531 0.0768 0.6701 
       PIXIE 0.0227 0.6124 0.3650 
    PREMIERE 0.3779 0.1151 0.5070 
   PRODUCENT 0.2235 0.2406 0.5359 
     PROVOST 0.2256 0.2651 0.5093 
  R.P.LUSTRE 0.3439 0.3333 0.3228 
 RANGER_RUSS 0.3902 0.0848 0.5249 
       RATTE 0.5615 0.2246 0.2139 
      RECORD 0.3809 0.0178 0.6013 
   REMBRANDT 0.2705 0.1627 0.5667 
    RIO_ROJO 0.1782 0.2926 0.5292 
      ROBIJN 0.3874 0.0113 0.6012 
      ROCKET 0.2999 0.6091 0.0910 
   RODE_STAR 0.4695 0.0299 0.5007 
      ROMANO 0.0485 0.2552 0.6964 
       ROMEO 0.2224 0.3202 0.4574 
     ROOSTER 0.1858 0.3402 0.4740 
       ROYAL 0.2304 0.3630 0.4066 
 ROYAL_KIDNE 0.5693 0.1174 0.3134 
     RUBESSE 0.1613 0.2055 0.6332 
 RUSSET_BURB 0.3109 0.2027 0.4864 
 RUSSET_NORK 0.2740 0.2720 0.4540 
      SAFARI 0.0531 0.2251 0.7218 
     SANTANA 0.2116 0.2292 0.5592 
       SANTE 0.1786 0.2450 0.5764 
     SAPHIRE 0.0897 0.2502 0.6602 
  SARPO_MIRA 0.2356 0.1447 0.6197 
 SARPO_SHONA 0.1636 0.1423 0.6942 
       SASSY 0.3389 0.1664 0.4947 
     SATURNA 0.3786 0.0261 0.5953 
        SAVA 0.1511 0.2044 0.6445 
       SAXON 0.2304 0.6509 0.1187 
 SCARBOROUGH 0.1816 0.7985 0.0199 
 SEFTON_WOND 0.5673 0.2966 0.1360 
    SERAFINA 0.1860 0.1022 0.7118 
     SETANTA 0.1068 0.5336 0.3596 
 SHARPE'S_EX 0.6897 0.1168 0.1936 
     SHELAGH 0.3182 0.3278 0.3540 
    SHELFORD 0.2727 0.1200 0.6073 
     SHEPODY 0.3279 0.2116 0.4606 
      SLANEY 0.0256 0.6056 0.3688 
        SPEY 0.0105 0.6080 0.3815 
      SPUNTA 0.2563 0.2707 0.4730 
     STAMINA 0.0286 0.8134 0.1580 
    STEMSTER 0.2859 0.3543 0.3598 
 STORMONT_EN 0.2849 0.2811 0.4340 
    STIRLING 0.0252 0.4904 0.4843 
     SYLVANA 0.1780 0.2398 0.5822 
         TAY 0.0448 0.6836 0.2715 
      TIMATE 0.1651 0.1580 0.6769 
      TOLUCA 0.1181 0.0949 0.7870 
    TORRIDON 0.1722 0.2452 0.5827 
 ULSTER_SCEP 0.2193 0.5128 0.2679 
 UMATILLA_RU 0.4844 0.3348 0.1809 
 VALES_EMERA 0.1783 0.3823 0.4394 
 VALES_EVERE 0.1642 0.5625 0.2733 
 VALES_RUSSE 0.3958 0.1781 0.4261 
 VALES_SOVER 0.0096 0.6909 0.2995 
       VALOR 0.0079 0.6918 0.3003 
    VAN_GOGH 0.2608 0.1357 0.6035 
     VANTAGE 0.4428 0.0688 0.4884 
       VERDI 0.2947 0.1395 0.5659 
    VICTORIA 0.1809 0.1445 0.6746 
     VIVALDI 0.1380 0.0704 0.7916 
       WILJA 0.3223 0.1003 0.5774 
     WINSTON 0.0285 0.6763 0.2953 
      XD2-21 0.2775 0.3263 0.3961 
  YUKON_GOLD 0.0774 0.3996 0.5230 
       ZORBA 0.2450 0.1515 0.6034 
