  00C133-020 0.5096 0.0123 0.3623 0.1010 0.0149 
 01C_071-002 0.2019 0.3002 0.2621 0.0831 0.1527 
 02M_012-001 0.6170 0.1009 0.0367 0.1051 0.1402 
 03M_016-002 0.3772 0.0447 0.0972 0.0429 0.4380 
 03M_034-002 0.5289 0.0473 0.2132 0.0252 0.1855 
 04C_055-004 0.4872 0.1274 0.0251 0.3018 0.0586 
 04C_126-005 0.3099 0.1109 0.3707 0.1157 0.0928 
 04M_034-013 0.4768 0.0939 0.0450 0.1234 0.2609 
 05M_002-001 0.1479 0.3684 0.1353 0.2134 0.1350 
 05M_004-003 0.1983 0.3588 0.2873 0.1461 0.0096 
 05M_012-004 0.1894 0.2117 0.3554 0.1517 0.0918 
 06C_127-002 0.3258 0.0082 0.1685 0.4615 0.0360 
 12288_AF_23 0.4335 0.0320 0.2694 0.2515 0.0136 
    12601AB1 0.4770 0.0086 0.0258 0.0509 0.4377 
   12636_A_2 0.4945 0.0102 0.2323 0.0516 0.2114 
  15119_AC_5 0.2392 0.0292 0.5339 0.0025 0.1952 
     1512C16 0.0188 0.0985 0.3343 0.2261 0.3224 
   15144_A_3 0.0289 0.0881 0.5718 0.2761 0.0350 
     1563C14 0.0310 0.2714 0.0338 0.2205 0.4433 
     2182EF7 0.0865 0.0607 0.4950 0.2255 0.1323 
     3681AD1 0.0946 0.3694 0.3728 0.1115 0.0518 
     5008AB6 0.0561 0.2695 0.2961 0.2837 0.0946 
    8204_A_4 0.1801 0.0212 0.4203 0.3294 0.0489 
       AGRIA 0.0829 0.5193 0.0090 0.3437 0.0450 
       AILSA 0.5705 0.0081 0.0233 0.2736 0.1244 
      ALMERA 0.0618 0.4538 0.1802 0.2449 0.0593 
       ALPHA 0.0619 0.4190 0.1299 0.1596 0.2297 
      ALWARA 0.0481 0.3554 0.2781 0.2815 0.0368 
      AMADRA 0.2290 0.3294 0.0279 0.2725 0.1413 
       AMOUR 0.4140 0.0233 0.4418 0.0825 0.0385 
        ANNA 0.0229 0.0147 0.7911 0.0063 0.1649 
   ANNABELLE 0.0191 0.4687 0.0496 0.4299 0.0327 
        ANYA 0.0513 0.1749 0.0609 0.4937 0.2192 
       ARGOS 0.2359 0.1204 0.5752 0.0580 0.0105 
     ARIELLE 0.0234 0.4122 0.1309 0.3153 0.1182 
      ARKULA 0.0164 0.4460 0.2040 0.2083 0.1254 
      ARMADA 0.1151 0.3827 0.1760 0.1909 0.1353 
   AVALANCHE 0.4443 0.2737 0.2239 0.0118 0.0463 
     BAILLIE 0.4890 0.1759 0.2113 0.1080 0.0159 
    BALMORAL 0.0262 0.2345 0.6243 0.0195 0.0955 
     BAMBINO 0.5011 0.0829 0.2758 0.1240 0.0162 
       BARNA 0.1075 0.0999 0.4167 0.3245 0.0514 
 BELLE_DE_FO 0.0040 0.0701 0.0632 0.0057 0.8570 
       BENOL 0.6134 0.1005 0.0527 0.0749 0.1584 
       BF_15 0.0056 0.2254 0.0347 0.0386 0.6957 
      BINTJE 0.0765 0.2552 0.1769 0.1235 0.3678 
 BIONICA_EX_ 0.1398 0.2749 0.2649 0.1847 0.1356 
 BLUE_DANUBE 0.0167 0.5571 0.2682 0.0067 0.1514 
      BONNIE 0.2523 0.1731 0.2814 0.2619 0.0313 
      BOUNTY 0.4567 0.0973 0.3215 0.1075 0.0169 
 BRITISH_QUE 0.0079 0.2095 0.2837 0.0053 0.4935 
     BRODICK 0.5518 0.0104 0.1159 0.3114 0.0106 
      BRODIE 0.0805 0.0065 0.6024 0.1585 0.1522 
      BUCHAN 0.1338 0.0046 0.4859 0.2814 0.0943 
      BURREN 0.0930 0.1583 0.4451 0.1990 0.1046 
     CABARET 0.5296 0.0138 0.1488 0.0164 0.2914 
      CAESAR 0.0412 0.3830 0.1655 0.4054 0.0048 
        CARA 0.1485 0.0181 0.6943 0.0950 0.0440 
 CARLINGFORD 0.1136 0.0269 0.3993 0.3535 0.1067 
  CASABLANCA 0.3155 0.2305 0.4408 0.0087 0.0045 
      CELINE 0.1151 0.4087 0.3018 0.1099 0.0645 
  CHALLENGER 0.2094 0.3269 0.0471 0.2627 0.1539 
   CHARLOTTE 0.1389 0.0885 0.0065 0.6573 0.1088 
     CHICAGO 0.5279 0.2767 0.0161 0.1519 0.0274 
   CHIEFTAIN 0.0282 0.0094 0.2737 0.4706 0.2180 
      CHOPIN 0.0385 0.4005 0.2070 0.2777 0.0762 
      CLARET 0.1191 0.0238 0.6146 0.1961 0.0464 
      CORINE 0.1893 0.3257 0.3587 0.0100 0.1163 
      COSMOS 0.1240 0.4615 0.1907 0.1220 0.1018 
     COURAGE 0.0744 0.3497 0.2281 0.2278 0.1199 
     COURLAN 0.1060 0.1433 0.2572 0.3489 0.1445 
 CRAIGS_ROYA 0.2094 0.0056 0.4777 0.1749 0.1324 
 CRAIGS_SNOW 0.1557 0.0866 0.2468 0.1195 0.3914 
     CRAMOND 0.4977 0.1014 0.2331 0.1538 0.0141 
 CRISPS_FOR_ 0.1135 0.3040 0.1337 0.3679 0.0809 
    CROMWELL 0.6665 0.1197 0.0199 0.0086 0.1852 
       D22/1 0.5197 0.0594 0.2182 0.0051 0.1975 
       D23/3 0.3915 0.0743 0.1164 0.0789 0.3390 
      D47-11 0.7001 0.0695 0.0134 0.0033 0.2137 
       D49/1 0.7739 0.0628 0.0040 0.0174 0.1419 
       DAISY 0.4873 0.2021 0.0146 0.1135 0.1825 
 DARK_RED_NO 0.0313 0.0709 0.3150 0.3400 0.2428 
     DARWINA 0.0999 0.4520 0.1471 0.1593 0.1417 
     DESIREE 0.0043 0.2505 0.2232 0.3719 0.1501 
       DITTA 0.0196 0.4168 0.0737 0.3230 0.1668 
 DR._MCINTOS 0.0534 0.0257 0.4788 0.2512 0.1910 
       DRAGA 0.1546 0.3022 0.3364 0.1619 0.0450 
 DUKE_OF_YOR 0.0032 0.2880 0.2263 0.0130 0.4695 
 DUNBAR_STAN 0.1557 0.0148 0.2999 0.1002 0.4294 
     DUNDROD 0.4964 0.0268 0.1001 0.1923 0.1843 
     ECLIPSE 0.0654 0.0088 0.0487 0.3584 0.5188 
        EDEN 0.7117 0.0112 0.0378 0.0293 0.2099 
 EDZELL_BLUE 0.0795 0.2379 0.1906 0.1428 0.3492 
   ELISABETH 0.1634 0.2460 0.0281 0.5493 0.0131 
     EMPEROR 0.1963 0.1758 0.1670 0.3639 0.0970 
         EOS 0.2814 0.1352 0.1099 0.4321 0.0414 
     EPICURE 0.0110 0.0619 0.1842 0.2848 0.4581 
  ERNTESTOLZ 0.0418 0.3222 0.1662 0.1887 0.2811 
      ESCORT 0.1765 0.3840 0.0817 0.3510 0.0067 
   ESMERALDA 0.1680 0.3138 0.1201 0.2614 0.1366 
      ESTIMA 0.1521 0.3453 0.1041 0.2693 0.1293 
 EVE_BALFOUR 0.2038 0.0214 0.4374 0.0979 0.2396 
   EXCALIBUR 0.4859 0.0214 0.3860 0.1031 0.0036 
     EXQUISA 0.0077 0.3812 0.0444 0.4290 0.1376 
    FESTIVAL 0.1501 0.4027 0.0695 0.3697 0.0081 
      FIANNA 0.0510 0.3541 0.3784 0.1816 0.0349 
   FIFTYFOLD 0.0960 0.0788 0.0901 0.1625 0.5727 
     FONTANE 0.2066 0.4335 0.0520 0.2575 0.0503 
   FORTYFOLD 0.0054 0.3088 0.1058 0.0056 0.5744 
 FRONTIER_RU 0.0944 0.0777 0.1866 0.3486 0.2928 
     G.81071 0.1773 0.1091 0.3442 0.2427 0.1267 
     G.88661 0.2289 0.0784 0.2916 0.3651 0.0360 
    G.886611 0.2189 0.0088 0.2671 0.4943 0.0108 
  G.8867Y%12 0.0660 0.0302 0.4035 0.4733 0.0270 
     G.88839 0.0067 0.4645 0.0072 0.5144 0.0073 
     G.88842 0.0160 0.3863 0.2397 0.3420 0.0160 
   GALACTICA 0.0087 0.3748 0.4469 0.0056 0.1640 
      GEMSON 0.1244 0.0224 0.4370 0.1940 0.2222 
  GL.76B/102 0.1727 0.2610 0.0155 0.1992 0.3515 
   GL.76B/94 0.0068 0.3555 0.1220 0.0121 0.5037 
  GL.77M/106 0.2885 0.0099 0.2277 0.3020 0.1720 
   GL.78/166 0.0584 0.2815 0.0602 0.0095 0.5904 
    GL.78/53 0.2552 0.0319 0.0062 0.1993 0.5075 
    GL.78/97 0.1590 0.1860 0.0160 0.1025 0.5365 
    GL.79/42 0.1888 0.0952 0.0033 0.2192 0.4936 
    GL.79/45 0.1472 0.1131 0.0151 0.1980 0.5265 
 GL.81_NT_25 0.5420 0.1168 0.0188 0.0033 0.3190 
   GLADIATOR 0.1186 0.2516 0.2330 0.3791 0.0178 
      GLAMIS 0.4380 0.1348 0.1416 0.2356 0.0501 
 GOLDEN_MILL 0.5265 0.0223 0.1724 0.1938 0.0850 
 GOLDEN_NUGG 0.1300 0.3722 0.3166 0.1686 0.0125 
 GOLDEN_WOND 0.0588 0.1524 0.0464 0.1531 0.5893 
     GRANOLA 0.1381 0.2214 0.0084 0.5670 0.0651 
    H1H3_101 0.6809 0.0103 0.0052 0.0023 0.3013 
      H1H3_3 0.4519 0.0751 0.1994 0.0671 0.2065 
 HARBOROUGH_ 0.7211 0.0132 0.0914 0.1642 0.0100 
   HARLEQUIN 0.1665 0.1325 0.0177 0.5321 0.1511 
      HERMES 0.0684 0.4037 0.1897 0.2161 0.1221 
 HIGHLAND_BU 0.0212 0.1717 0.0190 0.0058 0.7822 
  HOME_GUARD 0.1827 0.0200 0.3025 0.1874 0.3073 
     HORIZON 0.1091 0.4757 0.1289 0.0696 0.2167 
   INNOVATOR 0.0056 0.2950 0.3907 0.0073 0.3014 
 INTERNATION 0.0065 0.1197 0.0131 0.0037 0.8570 
 ISLE_OF_JUR 0.4540 0.0944 0.1934 0.1366 0.1216 
    JULIETTE 0.0272 0.3645 0.0067 0.5784 0.0231 
     KARLENA 0.0333 0.3368 0.3725 0.0115 0.2458 
 KERR'S_PINK 0.0976 0.0190 0.2323 0.0975 0.5536 
     KESTREL 0.3743 0.0052 0.3812 0.2324 0.0069 
       KIFLI 0.1379 0.2470 0.0054 0.4790 0.1307 
 KING_EDWARD 0.0702 0.0118 0.0054 0.1402 0.7725 
    KINGSTON 0.5237 0.1137 0.1198 0.0909 0.1519 
 KUFRI_CHAND 0.0869 0.1587 0.2915 0.1936 0.2692 
 KUFRI_JYOTI 0.0484 0.1945 0.3831 0.2241 0.1500 
      KURODA 0.0319 0.5203 0.2651 0.1477 0.0350 
 LADY_BALFOU 0.1950 0.0440 0.4676 0.1188 0.1746 
 LADY_CHRIST 0.0994 0.4540 0.0920 0.0822 0.2723 
 LADY_CLAIRE 0.0126 0.7574 0.0483 0.0053 0.1764 
     LADY_JO 0.0185 0.6035 0.0994 0.0025 0.2761 
 LADY_ROSETT 0.1503 0.3557 0.1543 0.2033 0.1364 
    LIBERTAS 0.0084 0.5712 0.1547 0.0030 0.2627 
       LINDA 0.0074 0.2689 0.0061 0.5318 0.1858 
      LINTON 0.1850 0.2888 0.2032 0.2420 0.0810 
 LINZER_DELI 0.0386 0.3284 0.0170 0.4387 0.1773 
   LIONHEART 0.0683 0.4512 0.2443 0.1658 0.0704 
   MADELEINE 0.1047 0.4020 0.0313 0.4127 0.0493 
   MADINGLEY 0.1618 0.3123 0.1601 0.3243 0.0415 
    MAJESTIC 0.0217 0.0426 0.4478 0.2654 0.2225 
     MARABEL 0.0163 0.4972 0.1200 0.3561 0.0105 
     MARFONA 0.1167 0.4746 0.1988 0.0318 0.1782 
     MARILYN 0.0259 0.3486 0.1500 0.3882 0.0874 
 MARIS_ANCHO 0.0769 0.2941 0.1564 0.2486 0.2240 
  MARIS_BARD 0.2353 0.2099 0.3564 0.0035 0.1948 
  MARIS_PEER 0.1578 0.0168 0.3784 0.1981 0.2489 
 MARIS_PIPER 0.8284 0.0573 0.0059 0.0057 0.1027 
     MARKIES 0.0268 0.5112 0.0435 0.3026 0.1159 
      MAXINE 0.4081 0.0229 0.2747 0.2085 0.0858 
      MEGARA 0.0892 0.5345 0.0334 0.3039 0.0390 
      MELODY 0.1111 0.4255 0.1562 0.1637 0.1434 
       MIDAS 0.5106 0.2486 0.0050 0.1527 0.0832 
       MILVA 0.0275 0.4005 0.0512 0.3517 0.1689 
        MIMI 0.3566 0.2791 0.1916 0.1012 0.0716 
        MIRA 0.0099 0.5945 0.1814 0.0070 0.2072 
       MOIRA 0.0617 0.2924 0.2384 0.2587 0.1488 
    MONTROSE 0.6171 0.0076 0.0310 0.1133 0.2311 
       MORAG 0.1743 0.0146 0.4174 0.1501 0.2435 
      MORENE 0.0040 0.5728 0.2344 0.0148 0.1739 
      MOZART 0.0855 0.3407 0.0694 0.5014 0.0029 
 MYATT'S_ASH 0.0044 0.2499 0.0149 0.0055 0.7253 
      NADINE 0.4539 0.0605 0.1522 0.3255 0.0079 
       NAVAN 0.6925 0.0240 0.1467 0.0898 0.0470 
 NDTX_4271_5 0.2218 0.0054 0.1157 0.5665 0.0906 
      NICOLA 0.0039 0.4259 0.0054 0.4068 0.1580 
     NOVELLA 0.0483 0.3812 0.2747 0.2640 0.0318 
     OLYMPUS 0.3368 0.0086 0.1816 0.3215 0.1515 
       OPERA 0.1452 0.3734 0.1896 0.2722 0.0196 
   ORCHESTRA 0.1563 0.4027 0.0257 0.3534 0.0619 
      ORIANA 0.0045 0.4470 0.2875 0.1547 0.1062 
     OTHELLO 0.1558 0.0050 0.5911 0.2219 0.0263 
     PALADIN 0.6837 0.0652 0.0296 0.0054 0.2161 
       PANDA 0.1111 0.3259 0.0141 0.5345 0.0144 
   PARAMOUNT 0.0237 0.1943 0.4868 0.2377 0.0576 
    PATRONES 0.0643 0.3701 0.1709 0.1628 0.2320 
 PENTLAND_AC 0.1543 0.1521 0.2776 0.2191 0.1969 
 PENTLAND_BE 0.0145 0.1359 0.3382 0.0075 0.5039 
 PENTLAND_CR 0.1466 0.2412 0.3606 0.1244 0.1272 
 PENTLAND_DE 0.0661 0.0176 0.3912 0.2144 0.3107 
 PENTLAND_IV 0.0817 0.0054 0.3535 0.3987 0.1606 
 PENTLAND_JA 0.0679 0.1904 0.3831 0.1508 0.2077 
 PENTLAND_MA 0.0096 0.3401 0.4186 0.1108 0.1208 
 PENTLAND_SQ 0.1175 0.0930 0.3359 0.2200 0.2336 
   PEPO_1978 0.1163 0.4040 0.0294 0.3407 0.1097 
     PICASSO 0.1381 0.2463 0.5564 0.0553 0.0039 
   PIMPERNEL 0.0909 0.4921 0.1053 0.1580 0.1536 
     PIONEER 0.0194 0.2231 0.0056 0.6071 0.1448 
       PIXIE 0.3713 0.0251 0.3119 0.2858 0.0059 
    PREMIERE 0.0532 0.4880 0.1796 0.0058 0.2735 
   PRODUCENT 0.2327 0.4493 0.0445 0.1798 0.0937 
     PROVOST 0.0382 0.1610 0.3814 0.2099 0.2095 
  R.P.LUSTRE 0.2102 0.0218 0.1082 0.3780 0.2818 
 RANGER_RUSS 0.0030 0.1983 0.3781 0.0411 0.3794 
       RATTE 0.1949 0.0437 0.0099 0.2711 0.4804 
      RECORD 0.0084 0.6177 0.1193 0.0074 0.2471 
   REMBRANDT 0.1327 0.4582 0.1005 0.1504 0.1581 
    RIO_ROJO 0.0702 0.0887 0.3051 0.3725 0.1635 
      ROBIJN 0.0061 0.5961 0.0965 0.0228 0.2785 
      ROCKET 0.5263 0.0210 0.1631 0.0893 0.2002 
   RODE_STAR 0.0519 0.4370 0.0041 0.1814 0.3256 
      ROMANO 0.0459 0.3295 0.3292 0.2814 0.0140 
       ROMEO 0.0700 0.0165 0.2942 0.4100 0.2093 
     ROOSTER 0.1065 0.1555 0.3580 0.2260 0.1540 
       ROYAL 0.3655 0.2907 0.0114 0.2621 0.0704 
 ROYAL_KIDNE 0.0037 0.0857 0.3294 0.0127 0.5685 
     RUBESSE 0.0358 0.2462 0.2002 0.4056 0.1122 
 RUSSET_BURB 0.0142 0.1237 0.3408 0.2205 0.3009 
 RUSSET_NORK 0.0342 0.0075 0.2478 0.4399 0.2706 
      SAFARI 0.0353 0.4195 0.3288 0.2033 0.0131 
     SANTANA 0.1430 0.4123 0.1944 0.1258 0.1245 
       SANTE 0.1917 0.4365 0.1220 0.1840 0.0658 
     SAPHIRE 0.0944 0.4191 0.2791 0.1777 0.0296 
  SARPO_MIRA 0.0857 0.3286 0.0477 0.3948 0.1432 
 SARPO_SHONA 0.0827 0.4109 0.0661 0.3829 0.0575 
       SASSY 0.1008 0.3278 0.1333 0.1887 0.2494 
     SATURNA 0.0501 0.5351 0.0052 0.1838 0.2259 
        SAVA 0.1284 0.3099 0.0668 0.4298 0.0652 
       SAXON 0.5737 0.0399 0.1433 0.1284 0.1147 
 SCARBOROUGH 0.7572 0.0060 0.0299 0.1654 0.0416 
 SEFTON_WOND 0.1578 0.0135 0.2378 0.0587 0.5322 
    SERAFINA 0.0147 0.3023 0.0745 0.4877 0.1209 
     SETANTA 0.3156 0.0389 0.2823 0.3159 0.0473 
 SHARPE'S_EX 0.1065 0.1423 0.0326 0.1108 0.6079 
     SHELAGH 0.1869 0.1577 0.2786 0.1218 0.2550 
    SHELFORD 0.0261 0.3539 0.1967 0.2270 0.1963 
     SHEPODY 0.0053 0.2304 0.4623 0.0042 0.2977 
      SLANEY 0.2951 0.0142 0.4303 0.2498 0.0106 
        SPEY 0.2911 0.0285 0.5007 0.1759 0.0037 
      SPUNTA 0.1320 0.1245 0.1355 0.4020 0.2059 
     STAMINA 0.6176 0.0530 0.3095 0.0155 0.0044 
    STEMSTER 0.3307 0.2728 0.0925 0.1493 0.1547 
 STORMONT_EN 0.1825 0.2963 0.2471 0.0796 0.1944 
    STIRLING 0.1720 0.0626 0.4884 0.2612 0.0158 
     SYLVANA 0.0990 0.2784 0.2354 0.2688 0.1185 
         TAY 0.4332 0.0073 0.2769 0.2740 0.0085 
      TIMATE 0.1375 0.4269 0.0096 0.3894 0.0366 
      TOLUCA 0.0074 0.3703 0.2051 0.3683 0.0489 
    TORRIDON 0.0762 0.3440 0.3444 0.1298 0.1055 
 ULSTER_SCEP 0.3004 0.0647 0.3601 0.1017 0.1731 
 UMATILLA_RU 0.3448 0.1982 0.0653 0.0359 0.3558 
 VALES_EMERA 0.2648 0.0441 0.0718 0.5170 0.1022 
 VALES_EVERE 0.2807 0.0085 0.4242 0.1547 0.1318 
 VALES_RUSSE 0.0353 0.1306 0.2356 0.2357 0.3628 
 VALES_SOVER 0.3465 0.0276 0.5952 0.0266 0.0040 
       VALOR 0.3827 0.0290 0.4894 0.0955 0.0034 
    VAN_GOGH 0.1147 0.5109 0.0702 0.1694 0.1348 
     VANTAGE 0.0122 0.4396 0.1968 0.0072 0.3443 
       VERDI 0.1225 0.4251 0.0586 0.2191 0.1747 
    VICTORIA 0.0442 0.4269 0.1755 0.2481 0.1052 
     VIVALDI 0.0043 0.4492 0.2952 0.1807 0.0707 
       WILJA 0.0089 0.5579 0.2426 0.0025 0.1881 
     WINSTON 0.4395 0.0082 0.2459 0.3009 0.0054 
      XD2-21 0.1015 0.0702 0.3731 0.1949 0.2603 
  YUKON_GOLD 0.2338 0.0998 0.1784 0.4595 0.0284 
       ZORBA 0.0104 0.4321 0.3336 0.0218 0.2022 
