  00C133-020 0.0239 0.0236 0.5950 0.3575 
 01C_071-002 0.2705 0.1968 0.2348 0.2979 
 02M_012-001 0.1398 0.1981 0.6342 0.0279 
 03M_016-002 0.0167 0.4899 0.3675 0.1259 
 03M_034-002 0.0260 0.2150 0.5684 0.1907 
 04C_055-004 0.3236 0.1070 0.5164 0.0529 
 04C_126-005 0.1270 0.1086 0.3829 0.3815 
 04M_034-013 0.1213 0.3193 0.4886 0.0709 
 05M_002-001 0.4280 0.1961 0.1705 0.2054 
 05M_004-003 0.3809 0.0269 0.2485 0.3437 
 05M_012-004 0.2025 0.1208 0.2472 0.4295 
 06C_127-002 0.2791 0.0639 0.4361 0.2209 
 12288_AF_23 0.1562 0.0281 0.5066 0.3092 
    12601AB1 0.0137 0.4803 0.4910 0.0150 
   12636_A_2 0.0097 0.2287 0.5453 0.2163 
  15119_AC_5 0.0046 0.2013 0.2936 0.5005 
     1512C16 0.1478 0.3374 0.0815 0.4333 
   15144_A_3 0.2175 0.0275 0.1558 0.5991 
     1563C14 0.3364 0.5117 0.0399 0.1120 
     2182EF7 0.1018 0.1208 0.1905 0.5870 
     3681AD1 0.3000 0.1131 0.1203 0.4666 
     5008AB6 0.3976 0.1178 0.1337 0.3509 
    8204_A_4 0.1729 0.0413 0.3001 0.4857 
       AGRIA 0.7140 0.1292 0.1057 0.0511 
       AILSA 0.1507 0.1701 0.6336 0.0457 
      ALMERA 0.5288 0.1189 0.0826 0.2697 
       ALPHA 0.4025 0.3081 0.0604 0.2289 
      ALWARA 0.4808 0.0616 0.1042 0.3534 
      AMADRA 0.4753 0.2063 0.2455 0.0729 
       AMOUR 0.0243 0.0457 0.4968 0.4332 
        ANNA 0.0054 0.1043 0.1144 0.7759 
   ANNABELLE 0.7283 0.0839 0.0423 0.1455 
        ANYA 0.5017 0.2397 0.1276 0.1309 
       ARGOS 0.0667 0.0144 0.3245 0.5944 
     ARIELLE 0.5630 0.1692 0.0518 0.2160 
      ARKULA 0.4729 0.1918 0.0249 0.3105 
      ARMADA 0.4131 0.1916 0.1292 0.2662 
   AVALANCHE 0.1666 0.1179 0.4438 0.2718 
     BAILLIE 0.2003 0.0469 0.5264 0.2264 
    BALMORAL 0.0998 0.0907 0.1119 0.6976 
     BAMBINO 0.1138 0.0364 0.5648 0.2851 
       BARNA 0.2593 0.0552 0.2115 0.4740 
 BELLE_DE_FO 0.0076 0.8968 0.0044 0.0912 
       BENOL 0.1187 0.2128 0.6313 0.0372 
       BF_15 0.1496 0.7582 0.0063 0.0858 
      BINTJE 0.2131 0.4297 0.0860 0.2712 
 BIONICA_EX_ 0.3029 0.1781 0.1834 0.3355 
 BLUE_DANUBE 0.3824 0.2268 0.0383 0.3524 
      BONNIE 0.2860 0.0601 0.3200 0.3339 
      BOUNTY 0.1161 0.0375 0.5202 0.3262 
 BRITISH_QUE 0.0201 0.5565 0.0122 0.4112 
     BRODICK 0.2072 0.0203 0.6523 0.1202 
      BRODIE 0.0107 0.1224 0.2047 0.6622 
      BUCHAN 0.0571 0.0929 0.2958 0.5541 
      BURREN 0.2197 0.1103 0.1860 0.4841 
     CABARET 0.0095 0.3278 0.5462 0.1165 
      CAESAR 0.6315 0.0086 0.1079 0.2520 
        CARA 0.0133 0.0282 0.2618 0.6967 
 CARLINGFORD 0.1875 0.1064 0.2142 0.4919 
  CASABLANCA 0.1290 0.0129 0.3677 0.4904 
      CELINE 0.3694 0.1240 0.1249 0.3817 
  CHALLENGER 0.4393 0.2174 0.2219 0.1215 
   CHARLOTTE 0.6089 0.1261 0.2465 0.0184 
     CHICAGO 0.3422 0.1006 0.5353 0.0220 
   CHIEFTAIN 0.2366 0.2205 0.1465 0.3963 
      CHOPIN 0.5040 0.1214 0.0638 0.3107 
      CLARET 0.0729 0.0353 0.2410 0.6508 
      CORINE 0.1840 0.1725 0.2308 0.4128 
      COSMOS 0.4161 0.1714 0.1149 0.2976 
     COURAGE 0.3963 0.1682 0.1116 0.3240 
     COURLAN 0.3230 0.1619 0.1843 0.3308 
 CRAIGS_ROYA 0.0105 0.1290 0.3264 0.5341 
 CRAIGS_SNOW 0.0556 0.4292 0.1918 0.3234 
     CRAMOND 0.1605 0.0288 0.5564 0.2543 
 CRISPS_FOR_ 0.4987 0.1251 0.1594 0.2168 
    CROMWELL 0.0624 0.2633 0.6575 0.0167 
       D22/1 0.0101 0.2525 0.5288 0.2085 
       D23/3 0.0446 0.4005 0.4031 0.1518 
      D47-11 0.0096 0.3125 0.6639 0.0139 
       D49/1 0.0371 0.2136 0.7449 0.0045 
       DAISY 0.2351 0.2561 0.4869 0.0219 
 DARK_RED_NO 0.2284 0.2436 0.1084 0.4195 
     DARWINA 0.4391 0.2200 0.0980 0.2429 
     DESIREE 0.4635 0.1818 0.0169 0.3378 
       DITTA 0.5646 0.2249 0.0389 0.1717 
 DR._MCINTOS 0.0693 0.1795 0.1483 0.6028 
       DRAGA 0.2909 0.0748 0.1979 0.4364 
 DUKE_OF_YOR 0.1316 0.5188 0.0047 0.3448 
 DUNBAR_STAN 0.0123 0.4288 0.1974 0.3615 
     DUNDROD 0.1206 0.2296 0.5366 0.1132 
     ECLIPSE 0.1731 0.5476 0.1448 0.1345 
        EDEN 0.0115 0.2547 0.7172 0.0167 
 EDZELL_BLUE 0.2174 0.4112 0.0994 0.2720 
   ELISABETH 0.6197 0.0274 0.2352 0.1177 
     EMPEROR 0.3624 0.1244 0.2638 0.2494 
         EOS 0.3991 0.0749 0.3362 0.1899 
     EPICURE 0.1769 0.4800 0.0567 0.2864 
  ERNTESTOLZ 0.3565 0.3343 0.0569 0.2524 
      ESCORT 0.5988 0.0288 0.2196 0.1527 
   ESMERALDA 0.4189 0.1931 0.1994 0.1885 
      ESTIMA 0.4463 0.1914 0.1693 0.1930 
 EVE_BALFOUR 0.0227 0.2401 0.2777 0.4595 
   EXCALIBUR 0.0626 0.0051 0.5960 0.3364 
     EXQUISA 0.6504 0.1923 0.0251 0.1323 
    FESTIVAL 0.6308 0.0259 0.2002 0.1431 
      FIANNA 0.3544 0.0724 0.0867 0.4865 
   FIFTYFOLD 0.1064 0.6182 0.1337 0.1417 
     FONTANE 0.5389 0.1227 0.2169 0.1215 
   FORTYFOLD 0.1149 0.6639 0.0050 0.2162 
 FRONTIER_RU 0.2488 0.3065 0.1679 0.2768 
     G.81071 0.1930 0.1365 0.2499 0.4205 
     G.88661 0.2500 0.0517 0.2981 0.4002 
    G.886611 0.2586 0.0170 0.3394 0.3850 
  G.8867Y%12 0.2686 0.0267 0.1819 0.5228 
     G.88839 0.8975 0.0352 0.0257 0.0416 
     G.88842 0.5642 0.0427 0.0521 0.3410 
   GALACTICA 0.1941 0.2351 0.0332 0.5376 
      GEMSON 0.0457 0.2233 0.2164 0.5146 
  GL.76B/102 0.3511 0.4288 0.1802 0.0399 
   GL.76B/94 0.2265 0.5792 0.0090 0.1853 
  GL.77M/106 0.1566 0.1918 0.3935 0.2581 
   GL.78/166 0.1342 0.6936 0.0444 0.1278 
    GL.78/53 0.1327 0.5690 0.2888 0.0096 
    GL.78/97 0.1921 0.6166 0.1588 0.0326 
    GL.79/42 0.2140 0.5708 0.2095 0.0058 
    GL.79/45 0.1902 0.5985 0.1665 0.0447 
 GL.81_NT_25 0.0148 0.4321 0.5225 0.0306 
   GLADIATOR 0.4467 0.0358 0.1930 0.3245 
      GLAMIS 0.2416 0.0984 0.4784 0.1816 
 GOLDEN_MILL 0.1224 0.1088 0.6033 0.1655 
 GOLDEN_NUGG 0.3902 0.0377 0.1737 0.3984 
 GOLDEN_WOND 0.1574 0.6467 0.0854 0.1104 
     GRANOLA 0.6433 0.1174 0.2147 0.0245 
    H1H3_101 0.0040 0.3712 0.6195 0.0053 
      H1H3_3 0.0444 0.2470 0.4816 0.2270 
 HARBOROUGH_ 0.1182 0.0224 0.7939 0.0656 
   HARLEQUIN 0.5261 0.1883 0.2404 0.0452 
      HERMES 0.4710 0.1752 0.1018 0.2519 
 HIGHLAND_BU 0.0275 0.8786 0.0215 0.0724 
  HOME_GUARD 0.0539 0.3182 0.2672 0.3606 
     HORIZON 0.3974 0.3060 0.0938 0.2028 
   INNOVATOR 0.0892 0.3572 0.0103 0.5433 
 INTERNATION 0.0114 0.9486 0.0075 0.0325 
 ISLE_OF_JUR 0.1295 0.1597 0.4972 0.2137 
    JULIETTE 0.8083 0.0654 0.1055 0.0208 
     KARLENA 0.1792 0.2888 0.0788 0.4532 
 KERR'S_PINK 0.0145 0.5696 0.1396 0.2764 
     KESTREL 0.0419 0.0115 0.5244 0.4221 
       KIFLI 0.6178 0.1771 0.1949 0.0102 
 KING_EDWARD 0.0445 0.8223 0.1204 0.0128 
    KINGSTON 0.1263 0.2079 0.5515 0.1144 
 KUFRI_CHAND 0.1745 0.2991 0.1393 0.3871 
 KUFRI_JYOTI 0.2427 0.1653 0.1278 0.4641 
      KURODA 0.4916 0.0957 0.0462 0.3665 
 LADY_BALFOU 0.0303 0.1816 0.2765 0.5115 
 LADY_CHRIST 0.3819 0.3608 0.0760 0.1814 
 LADY_CLAIRE 0.5898 0.2814 0.0142 0.1146 
     LADY_JO 0.3356 0.4198 0.0184 0.2261 
 LADY_ROSETT 0.3807 0.2018 0.1693 0.2481 
    LIBERTAS 0.3084 0.3949 0.0104 0.2864 
       LINDA 0.6895 0.2472 0.0433 0.0200 
      LINTON 0.3799 0.1315 0.2205 0.2680 
 LINZER_DELI 0.6099 0.2340 0.0772 0.0789 
   LIONHEART 0.4355 0.1359 0.0838 0.3448 
   MADELEINE 0.6472 0.1115 0.1387 0.1025 
   MADINGLEY 0.4885 0.0877 0.2077 0.2162 
    MAJESTIC 0.1280 0.2030 0.1109 0.5580 
     MARABEL 0.7062 0.0401 0.0449 0.2088 
     MARFONA 0.3230 0.2701 0.0697 0.3371 
     MARILYN 0.5725 0.1226 0.0794 0.2254 
 MARIS_ANCHO 0.3766 0.2723 0.1078 0.2433 
  MARIS_BARD 0.0180 0.2677 0.2643 0.4500 
  MARIS_PEER 0.0406 0.2575 0.2398 0.4621 
 MARIS_PIPER 0.0130 0.1881 0.7934 0.0055 
     MARKIES 0.6425 0.1853 0.0430 0.1293 
      MAXINE 0.0959 0.1056 0.4757 0.3228 
      MEGARA 0.6733 0.1195 0.1010 0.1062 
      MELODY 0.4393 0.2116 0.1251 0.2240 
       MIDAS 0.3304 0.1597 0.5024 0.0075 
       MILVA 0.6036 0.2278 0.0513 0.1173 
        MIMI 0.2748 0.1324 0.3773 0.2155 
        MIRA 0.4418 0.2927 0.0169 0.2486 
       MOIRA 0.3873 0.1900 0.1084 0.3142 
    MONTROSE 0.0378 0.2768 0.6635 0.0219 
       MORAG 0.0224 0.2456 0.2619 0.4702 
      MORENE 0.4162 0.2444 0.0052 0.3341 
      MOZART 0.6957 0.0046 0.1501 0.1496 
 MYATT'S_ASH 0.0968 0.8160 0.0060 0.0813 
      NADINE 0.2727 0.0184 0.5296 0.1794 
       NAVAN 0.0375 0.0902 0.7254 0.1470 
 NDTX_4271_5 0.2978 0.1184 0.3383 0.2455 
      NICOLA 0.7274 0.2366 0.0081 0.0279 
     NOVELLA 0.4730 0.0743 0.0972 0.3555 
     OLYMPUS 0.1313 0.1758 0.4378 0.2551 
       OPERA 0.5016 0.0489 0.1900 0.2595 
   ORCHESTRA 0.6217 0.1156 0.1883 0.0744 
      ORIANA 0.4410 0.1490 0.0080 0.4020 
     OTHELLO 0.0263 0.0206 0.3044 0.6487 
     PALADIN 0.0128 0.2908 0.6654 0.0310 
       PANDA 0.7420 0.0428 0.1746 0.0407 
   PARAMOUNT 0.2556 0.0699 0.1092 0.5653 
    PATRONES 0.3617 0.3009 0.0739 0.2635 
 PENTLAND_AC 0.2095 0.2267 0.2213 0.3424 
 PENTLAND_BE 0.0130 0.5379 0.0307 0.4184 
 PENTLAND_CR 0.2042 0.1606 0.1949 0.4402 
 PENTLAND_DE 0.0538 0.3055 0.1692 0.4715 
 PENTLAND_IV 0.1380 0.1622 0.2408 0.4591 
 PENTLAND_JA 0.1480 0.2273 0.1255 0.4993 
 PENTLAND_MA 0.3061 0.1457 0.0356 0.5125 
 PENTLAND_SQ 0.1584 0.2430 0.1910 0.4076 
   PEPO_1978 0.6216 0.1678 0.1387 0.0719 
     PICASSO 0.1879 0.0063 0.1935 0.6122 
   PIMPERNEL 0.4920 0.2422 0.0848 0.1810 
     PIONEER 0.6935 0.1969 0.0906 0.0190 
       PIXIE 0.1926 0.0096 0.4651 0.3327 
    PREMIERE 0.3015 0.3664 0.0422 0.2900 
   PRODUCENT 0.4893 0.1746 0.2279 0.1082 
     PROVOST 0.2008 0.2233 0.1073 0.4686 
  R.P.LUSTRE 0.2314 0.3101 0.2946 0.1639 
 RANGER_RUSS 0.0551 0.4097 0.0042 0.5310 
       RATTE 0.2106 0.5328 0.2353 0.0213 
      RECORD 0.4066 0.3571 0.0071 0.2292 
   REMBRANDT 0.4447 0.2412 0.1252 0.1890 
    RIO_ROJO 0.2565 0.1644 0.1627 0.4164 
      ROBIJN 0.4808 0.3593 0.0079 0.1520 
      ROCKET 0.0234 0.2397 0.5517 0.1852 
   RODE_STAR 0.5201 0.4231 0.0451 0.0118 
      ROMANO 0.4479 0.0281 0.1139 0.4101 
       ROMEO 0.2564 0.2028 0.1940 0.3469 
     ROOSTER 0.2212 0.1698 0.1822 0.4268 
       ROYAL 0.4550 0.1450 0.3816 0.0184 
 ROYAL_KIDNE 0.0079 0.5694 0.0054 0.4173 
     RUBESSE 0.4596 0.1347 0.1157 0.2900 
 RUSSET_BURB 0.1663 0.3115 0.0654 0.4569 
 RUSSET_NORK 0.1991 0.2628 0.1619 0.3762 
      SAFARI 0.4474 0.0368 0.0821 0.4336 
     SANTANA 0.3873 0.1853 0.1473 0.2801 
       SANTE 0.4682 0.1429 0.1958 0.1931 
     SAPHIRE 0.4212 0.0692 0.1223 0.3873 
  SARPO_MIRA 0.5746 0.1976 0.1266 0.1012 
 SARPO_SHONA 0.6328 0.1216 0.1170 0.1286 
       SASSY 0.3438 0.3142 0.1139 0.2281 
     SATURNA 0.6090 0.3307 0.0451 0.0152 
        SAVA 0.5777 0.1078 0.1780 0.1365 
       SAXON 0.0823 0.1613 0.6145 0.1419 
 SCARBOROUGH 0.0665 0.0847 0.8247 0.0241 
 SEFTON_WOND 0.0074 0.5401 0.1848 0.2676 
    SERAFINA 0.6196 0.1516 0.0646 0.1643 
     SETANTA 0.2240 0.0526 0.4151 0.3084 
 SHARPE'S_EX 0.1163 0.6765 0.1138 0.0934 
     SHELAGH 0.1364 0.3023 0.2240 0.3373 
    SHELFORD 0.4367 0.2463 0.0566 0.2604 
     SHEPODY 0.0198 0.3609 0.0092 0.6101 
      SLANEY 0.1099 0.0120 0.4125 0.4657 
        SPEY 0.0813 0.0054 0.3974 0.5158 
      SPUNTA 0.3824 0.2275 0.2115 0.1786 
     STAMINA 0.0238 0.0083 0.6760 0.2919 
    STEMSTER 0.3044 0.2232 0.3404 0.1320 
 STORMONT_EN 0.2151 0.2641 0.1883 0.3325 
    STIRLING 0.1326 0.0209 0.2705 0.5759 
     SYLVANA 0.3852 0.1478 0.1464 0.3206 
         TAY 0.1305 0.0135 0.5516 0.3044 
      TIMATE 0.6884 0.1042 0.1730 0.0345 
      TOLUCA 0.5964 0.0789 0.0239 0.3008 
    TORRIDON 0.3090 0.1601 0.1089 0.4219 
 ULSTER_SCEP 0.0381 0.1909 0.3510 0.4200 
 UMATILLA_RU 0.1415 0.4356 0.3391 0.0838 
 VALES_EMERA 0.4131 0.1243 0.3524 0.1101 
 VALES_EVERE 0.0256 0.1301 0.3863 0.4579 
 VALES_RUSSE 0.1881 0.3851 0.0898 0.3370 
 VALES_SOVER 0.0116 0.0049 0.4224 0.5610 
       VALOR 0.0392 0.0048 0.4746 0.4815 
    VAN_GOGH 0.5217 0.2192 0.1098 0.1494 
     VANTAGE 0.2389 0.4384 0.0163 0.3064 
       VERDI 0.5209 0.2401 0.1364 0.1026 
    VICTORIA 0.4966 0.1602 0.0640 0.2792 
     VIVALDI 0.4666 0.1052 0.0074 0.4209 
       WILJA 0.2752 0.3123 0.0124 0.4001 
     WINSTON 0.1520 0.0097 0.5499 0.2884 
      XD2-21 0.0982 0.2684 0.1748 0.4585 
  YUKON_GOLD 0.3768 0.0396 0.3124 0.2711 
       ZORBA 0.3019 0.2467 0.0246 0.4269 
