  00C133-020 0.1557 0.2307 0.0217 0.0121 0.0061 0.0725 0.0032 0.3778 0.1140 0.0061 
 01C_071-002 0.0729 0.2578 0.0379 0.1420 0.1554 0.0103 0.0878 0.1058 0.0019 0.1284 
 02M_012-001 0.2520 0.0736 0.0100 0.0223 0.2143 0.0026 0.0045 0.3524 0.0085 0.0598 
 03M_016-002 0.0327 0.0137 0.1808 0.0038 0.2292 0.0074 0.2040 0.3007 0.0047 0.0230 
 03M_034-002 0.3235 0.0595 0.1160 0.1117 0.0254 0.0246 0.0042 0.3176 0.0159 0.0016 
 04C_055-004 0.0234 0.0120 0.0072 0.0192 0.1423 0.0252 0.0164 0.3729 0.1932 0.1881 
 04C_126-005 0.1711 0.2503 0.0706 0.0612 0.0405 0.1526 0.0050 0.1741 0.0674 0.0073 
 04M_034-013 0.1427 0.0063 0.1181 0.0430 0.1498 0.0146 0.1155 0.3448 0.0294 0.0357 
 05M_002-001 0.0197 0.0456 0.0876 0.1101 0.0685 0.2355 0.0908 0.1134 0.0085 0.2204 
 05M_004-003 0.0900 0.1614 0.0113 0.1388 0.0084 0.2907 0.0223 0.1349 0.0055 0.1367 
 05M_012-004 0.1858 0.0898 0.0192 0.1957 0.0246 0.1749 0.1224 0.0753 0.1081 0.0042 
 06C_127-002 0.3676 0.0692 0.0125 0.0041 0.0118 0.0662 0.0510 0.0856 0.1612 0.1708 
 12288_AF_23 0.0752 0.0699 0.0040 0.0575 0.0252 0.0081 0.0452 0.3137 0.3785 0.0226 
    12601AB1 0.4621 0.0041 0.1710 0.0033 0.2882 0.0026 0.0025 0.0618 0.0022 0.0021 
   12636_A_2 0.3423 0.1024 0.1453 0.0140 0.0267 0.0084 0.0240 0.2906 0.0438 0.0025 
  15119_AC_5 0.0030 0.4671 0.0771 0.0149 0.1670 0.0105 0.0240 0.2231 0.0118 0.0013 
     1512C16 0.0586 0.0960 0.2222 0.0827 0.0265 0.1106 0.1962 0.0076 0.1695 0.0302 
   15144_A_3 0.0038 0.5629 0.0833 0.0050 0.0040 0.0220 0.0024 0.0068 0.1394 0.1703 
     1563C14 0.0037 0.0174 0.2716 0.1490 0.2224 0.0179 0.0365 0.0096 0.1170 0.1549 
     2182EF7 0.1461 0.2094 0.0464 0.0039 0.0149 0.3180 0.1610 0.0098 0.0756 0.0149 
     3681AD1 0.0953 0.2275 0.0038 0.2147 0.1302 0.1884 0.0718 0.0115 0.0148 0.0421 
     5008AB6 0.1450 0.1709 0.0125 0.1065 0.1581 0.2308 0.0055 0.0032 0.0502 0.1173 
    8204_A_4 0.2174 0.2063 0.0219 0.0122 0.0112 0.2256 0.0599 0.0271 0.1845 0.0339 
       AGRIA 0.0118 0.0036 0.0829 0.1012 0.0063 0.3322 0.0261 0.0387 0.0018 0.3954 
       AILSA 0.2339 0.0104 0.0502 0.0039 0.0661 0.0028 0.0566 0.3850 0.0439 0.1472 
      ALMERA 0.0026 0.0135 0.0044 0.1695 0.0914 0.2296 0.1610 0.0578 0.0220 0.2482 
       ALPHA 0.0437 0.0124 0.1110 0.4350 0.1337 0.0037 0.0918 0.0163 0.1234 0.0290 
      ALWARA 0.0185 0.2159 0.0081 0.3092 0.0699 0.0060 0.0188 0.0085 0.1872 0.1579 
      AMADRA 0.0989 0.0096 0.0746 0.2533 0.1107 0.0382 0.0172 0.1266 0.0889 0.1820 
       AMOUR 0.1143 0.4124 0.0112 0.0124 0.0503 0.0107 0.0231 0.2811 0.0686 0.0160 
        ANNA 0.0290 0.6200 0.1257 0.0041 0.0217 0.1692 0.0154 0.0063 0.0067 0.0019 
   ANNABELLE 0.0203 0.0111 0.0430 0.2336 0.0267 0.2733 0.0190 0.0115 0.0150 0.3464 
        ANYA 0.1064 0.0260 0.2057 0.0816 0.0147 0.0682 0.0187 0.0065 0.1842 0.2881 
       ARGOS 0.0022 0.3966 0.0032 0.0073 0.0556 0.1093 0.0226 0.2053 0.1800 0.0179 
     ARIELLE 0.0028 0.0809 0.1121 0.2236 0.0074 0.1073 0.0833 0.0572 0.0179 0.3075 
      ARKULA 0.0111 0.0195 0.1330 0.3999 0.0157 0.1490 0.0385 0.0168 0.1556 0.0608 
      ARMADA 0.0066 0.0241 0.1035 0.3728 0.0258 0.0656 0.0446 0.1478 0.1292 0.0800 
   AVALANCHE 0.0370 0.1005 0.0083 0.2019 0.0247 0.0273 0.1484 0.4185 0.0067 0.0266 
     BAILLIE 0.0879 0.1184 0.0060 0.1268 0.0234 0.0237 0.0760 0.4210 0.0441 0.0728 
    BALMORAL 0.0180 0.3832 0.0104 0.1390 0.0497 0.1573 0.2105 0.0118 0.0167 0.0035 
     BAMBINO 0.1031 0.1936 0.0121 0.0531 0.0233 0.0279 0.0090 0.4054 0.1166 0.0557 
       BARNA 0.0185 0.3121 0.0561 0.1733 0.0058 0.0027 0.0182 0.0510 0.2772 0.0851 
 BELLE_DE_FO 0.0020 0.0658 0.7091 0.0127 0.1592 0.0122 0.0245 0.0048 0.0043 0.0056 
       BENOL 0.3293 0.0037 0.0263 0.0044 0.1511 0.1542 0.0034 0.3112 0.0018 0.0144 
       BF_15 0.0032 0.0440 0.6288 0.1038 0.0743 0.0493 0.0042 0.0063 0.0026 0.0835 
      BINTJE 0.0086 0.0328 0.2584 0.1488 0.0937 0.1263 0.1053 0.0878 0.0847 0.0536 
 BIONICA_EX_ 0.2311 0.0758 0.0555 0.1698 0.1073 0.2595 0.0291 0.0143 0.0255 0.0321 
 BLUE_DANUBE 0.0042 0.0983 0.0064 0.3520 0.2280 0.1748 0.1192 0.0062 0.0058 0.0052 
      BONNIE 0.1446 0.1234 0.0427 0.1926 0.0053 0.0563 0.0217 0.1457 0.2066 0.0611 
      BOUNTY 0.0948 0.1853 0.0135 0.0423 0.0211 0.1088 0.0066 0.3527 0.1493 0.0258 
 BRITISH_QUE 0.0013 0.0212 0.3524 0.0285 0.0389 0.2101 0.2574 0.0837 0.0028 0.0037 
     BRODICK 0.6008 0.0256 0.0051 0.0448 0.0048 0.0305 0.0216 0.1894 0.0281 0.0494 
      BRODIE 0.0663 0.4129 0.1190 0.0049 0.0076 0.0542 0.1123 0.0191 0.1996 0.0041 
      BUCHAN 0.0579 0.3592 0.0744 0.0033 0.0159 0.0165 0.0840 0.0685 0.2518 0.0685 
      BURREN 0.0360 0.4082 0.0465 0.0402 0.1142 0.0705 0.0302 0.0224 0.1038 0.1281 
     CABARET 0.0924 0.0116 0.1138 0.0031 0.1898 0.0809 0.0095 0.4131 0.0837 0.0021 
      CAESAR 0.0874 0.0435 0.0022 0.2832 0.0030 0.1390 0.0790 0.0079 0.1066 0.2482 
        CARA 0.0236 0.6134 0.0481 0.0079 0.0265 0.0388 0.0054 0.0692 0.1619 0.0052 
 CARLINGFORD 0.0459 0.0729 0.0129 0.0111 0.0332 0.1785 0.2261 0.0690 0.2724 0.0781 
  CASABLANCA 0.1042 0.2650 0.0021 0.1642 0.0032 0.1003 0.0973 0.2568 0.0029 0.0041 
      CELINE 0.0093 0.0159 0.0150 0.2264 0.1181 0.3150 0.0036 0.0130 0.2801 0.0036 
  CHALLENGER 0.0578 0.0024 0.1126 0.1548 0.0197 0.1680 0.0780 0.1509 0.0730 0.1826 
   CHARLOTTE 0.1934 0.0085 0.1445 0.0141 0.0105 0.0177 0.0042 0.0155 0.1471 0.4445 
     CHICAGO 0.1253 0.0362 0.0035 0.1341 0.1428 0.0132 0.0041 0.3680 0.0045 0.1686 
   CHIEFTAIN 0.0794 0.0117 0.1145 0.0045 0.0063 0.0573 0.2558 0.0076 0.2952 0.1677 
      CHOPIN 0.0418 0.0083 0.0075 0.2647 0.0541 0.2242 0.1675 0.0140 0.0654 0.1526 
      CLARET 0.0148 0.5415 0.0863 0.0249 0.0038 0.0067 0.0116 0.0815 0.1727 0.0562 
      CORINE 0.1214 0.1544 0.0037 0.1488 0.1568 0.1748 0.1646 0.0669 0.0034 0.0052 
      COSMOS 0.0838 0.0124 0.0330 0.4749 0.0061 0.0145 0.2027 0.1053 0.0211 0.0461 
     COURAGE 0.0586 0.0192 0.0658 0.3474 0.0462 0.0876 0.0926 0.0251 0.2305 0.0269 
     COURLAN 0.0987 0.1401 0.0417 0.0506 0.0293 0.0042 0.2726 0.0242 0.0915 0.2470 
 CRAIGS_ROYA 0.0119 0.2749 0.0856 0.0041 0.0088 0.0132 0.1357 0.1733 0.2867 0.0058 
 CRAIGS_SNOW 0.0048 0.0575 0.2313 0.0130 0.0873 0.0453 0.2178 0.1755 0.1090 0.0587 
     CRAMOND 0.3358 0.0224 0.0050 0.0793 0.0095 0.1808 0.0291 0.2881 0.0451 0.0050 
 CRISPS_FOR_ 0.0544 0.0134 0.0718 0.2873 0.0084 0.0259 0.0769 0.0700 0.2110 0.1809 
    CROMWELL 0.0109 0.0702 0.1063 0.0069 0.1776 0.0061 0.0031 0.5579 0.0102 0.0508 
       D22/1 0.0022 0.0583 0.0875 0.0102 0.1263 0.0488 0.0699 0.5315 0.0616 0.0038 
       D23/3 0.0056 0.0112 0.1617 0.0064 0.1778 0.0454 0.0939 0.3408 0.1167 0.0403 
      D47-11 0.0195 0.0101 0.0101 0.0107 0.3258 0.0071 0.0155 0.5938 0.0034 0.0040 
       D49/1 0.0598 0.0021 0.0208 0.0097 0.1999 0.0044 0.0046 0.6427 0.0265 0.0294 
       DAISY 0.1371 0.0055 0.0898 0.1382 0.1419 0.0089 0.0097 0.3583 0.0190 0.0917 
 DARK_RED_NO 0.0221 0.1242 0.0346 0.0099 0.1010 0.0427 0.3809 0.0132 0.0796 0.1918 
     DARWINA 0.0036 0.0050 0.0155 0.3017 0.1315 0.1177 0.1410 0.0951 0.0699 0.1190 
     DESIREE 0.0030 0.1136 0.1242 0.2743 0.0123 0.0026 0.0298 0.0024 0.2890 0.1489 
       DITTA 0.0029 0.0119 0.1478 0.1556 0.0067 0.2014 0.0954 0.0460 0.0041 0.3283 
 DR._MCINTOS 0.0279 0.0148 0.0603 0.0245 0.0082 0.2225 0.3486 0.0617 0.2269 0.0045 
       DRAGA 0.1260 0.0785 0.0040 0.2161 0.0043 0.1177 0.2937 0.0910 0.0066 0.0622 
 DUKE_OF_YOR 0.0026 0.0040 0.3381 0.1467 0.0241 0.1844 0.2888 0.0042 0.0020 0.0051 
 DUNBAR_STAN 0.0070 0.0649 0.2878 0.0055 0.0051 0.0405 0.2964 0.1936 0.0846 0.0145 
     DUNDROD 0.0800 0.0853 0.0590 0.0051 0.1267 0.0039 0.0849 0.3845 0.0358 0.1349 
     ECLIPSE 0.0337 0.0017 0.3121 0.0049 0.1049 0.0027 0.2481 0.0096 0.1803 0.1020 
        EDEN 0.2699 0.0044 0.0622 0.0074 0.1421 0.0027 0.0087 0.4927 0.0066 0.0033 
 EDZELL_BLUE 0.0741 0.0773 0.1993 0.1518 0.1625 0.0979 0.0873 0.0166 0.0831 0.0500 
   ELISABETH 0.0249 0.0028 0.0099 0.1415 0.0109 0.1858 0.0069 0.0878 0.2748 0.2550 
     EMPEROR 0.0987 0.0091 0.0050 0.0485 0.0276 0.1045 0.2868 0.1381 0.0465 0.2351 
         EOS 0.0997 0.0073 0.0244 0.1452 0.0053 0.0103 0.1025 0.1860 0.2363 0.1830 
     EPICURE 0.0470 0.0030 0.3075 0.1113 0.0642 0.0102 0.2040 0.0032 0.2350 0.0146 
  ERNTESTOLZ 0.0160 0.0685 0.1962 0.1221 0.0654 0.1808 0.1390 0.0249 0.0042 0.1827 
      ESCORT 0.1469 0.0226 0.0085 0.3470 0.0086 0.0403 0.0059 0.0656 0.1620 0.1925 
   ESMERALDA 0.0866 0.0241 0.1550 0.2981 0.0087 0.0655 0.0049 0.0972 0.1675 0.0924 
      ESTIMA 0.0820 0.0048 0.0756 0.3227 0.0072 0.0149 0.1435 0.0989 0.1300 0.1204 
 EVE_BALFOUR 0.2689 0.3502 0.1572 0.0394 0.0458 0.0102 0.0752 0.0293 0.0181 0.0057 
   EXCALIBUR 0.1359 0.3199 0.0030 0.0097 0.0025 0.1223 0.0022 0.3569 0.0174 0.0302 
     EXQUISA 0.0049 0.0875 0.0943 0.2090 0.1110 0.0815 0.0035 0.0033 0.0853 0.3198 
    FESTIVAL 0.0482 0.0050 0.0045 0.2949 0.0107 0.1696 0.0127 0.0981 0.1475 0.2088 
      FIANNA 0.0301 0.1398 0.0041 0.2099 0.0405 0.2266 0.1744 0.0179 0.0768 0.0798 
   FIFTYFOLD 0.0314 0.0395 0.3923 0.0230 0.1823 0.0052 0.0976 0.0319 0.1433 0.0534 
     FONTANE 0.0101 0.0051 0.0586 0.1593 0.0039 0.2319 0.0719 0.1857 0.0055 0.2681 
   FORTYFOLD 0.0076 0.0067 0.3154 0.1418 0.2788 0.1021 0.1395 0.0017 0.0032 0.0032 
 FRONTIER_RU 0.0661 0.0079 0.1252 0.0463 0.0158 0.0034 0.3953 0.0553 0.1018 0.1829 
     G.81071 0.1856 0.1098 0.0630 0.0804 0.0311 0.1845 0.1273 0.0612 0.1299 0.0272 
     G.88661 0.0513 0.0067 0.0036 0.0810 0.0069 0.1752 0.2343 0.1741 0.2039 0.0630 
    G.886611 0.0711 0.0044 0.0033 0.0082 0.0025 0.1736 0.1617 0.1528 0.3173 0.1051 
  G.8867Y%12 0.0070 0.0385 0.0068 0.0156 0.0035 0.2447 0.2116 0.0658 0.2738 0.1327 
     G.88839 0.0096 0.0036 0.0028 0.2185 0.1212 0.1592 0.0021 0.0022 0.0871 0.3938 
     G.88842 0.0326 0.0964 0.0090 0.2418 0.0288 0.2352 0.0906 0.0081 0.0328 0.2247 
   GALACTICA 0.0017 0.3789 0.0375 0.2134 0.1645 0.0867 0.1016 0.0048 0.0019 0.0090 
      GEMSON 0.0098 0.1767 0.1377 0.0045 0.0301 0.1585 0.1579 0.1124 0.1864 0.0260 
  GL.76B/102 0.0106 0.0054 0.0108 0.0283 0.4588 0.0190 0.1918 0.0555 0.0166 0.2032 
   GL.76B/94 0.0033 0.1133 0.1260 0.1684 0.4966 0.0096 0.0526 0.0013 0.0032 0.0257 
  GL.77M/106 0.3214 0.1992 0.0812 0.0055 0.1283 0.0067 0.0115 0.0273 0.1071 0.1119 
   GL.78/166 0.0020 0.0134 0.1216 0.0211 0.6003 0.0670 0.1333 0.0085 0.0059 0.0269 
    GL.78/53 0.1233 0.0044 0.0855 0.0019 0.5522 0.0031 0.0228 0.0088 0.0907 0.1073 
    GL.78/97 0.0696 0.0146 0.1881 0.0283 0.4843 0.0072 0.0516 0.0083 0.0470 0.1011 
    GL.79/42 0.0322 0.0019 0.1684 0.0222 0.4619 0.0033 0.0031 0.0176 0.2099 0.0796 
    GL.79/45 0.0252 0.0199 0.1340 0.0121 0.5493 0.0065 0.0035 0.0032 0.1998 0.0464 
 GL.81_NT_25 0.0052 0.0185 0.1233 0.0039 0.3018 0.0709 0.0037 0.4650 0.0024 0.0053 
   GLADIATOR 0.0352 0.0925 0.0024 0.2168 0.0359 0.0078 0.1692 0.0456 0.2125 0.1820 
      GLAMIS 0.0371 0.0104 0.0434 0.0644 0.0074 0.0643 0.0785 0.4004 0.1492 0.1449 
 GOLDEN_MILL 0.4728 0.0852 0.0331 0.0119 0.0274 0.1354 0.0047 0.2069 0.0137 0.0090 
 GOLDEN_NUGG 0.0046 0.0058 0.0028 0.0576 0.0944 0.4592 0.0016 0.0043 0.3660 0.0036 
 GOLDEN_WOND 0.0911 0.0129 0.4784 0.1799 0.0507 0.0023 0.0806 0.0199 0.0332 0.0512 
     GRANOLA 0.1827 0.0184 0.0186 0.0879 0.1324 0.0336 0.0083 0.0072 0.1102 0.4008 
    H1H3_101 0.0053 0.0051 0.1183 0.0020 0.2489 0.0024 0.0090 0.6046 0.0012 0.0033 
      H1H3_3 0.1310 0.0083 0.1178 0.0136 0.0623 0.1677 0.0547 0.3412 0.0967 0.0066 
 HARBOROUGH_ 0.5689 0.0038 0.0029 0.0079 0.0029 0.0386 0.0100 0.3569 0.0031 0.0049 
   HARLEQUIN 0.1284 0.0468 0.1354 0.0088 0.0621 0.0187 0.0080 0.0322 0.1658 0.3938 
      HERMES 0.0047 0.2324 0.0500 0.1764 0.0905 0.0085 0.1019 0.0415 0.0027 0.2914 
 HIGHLAND_BU 0.0244 0.0020 0.4960 0.0073 0.3330 0.1272 0.0027 0.0030 0.0026 0.0018 
  HOME_GUARD 0.0631 0.0748 0.2517 0.0083 0.0033 0.1423 0.1254 0.1561 0.1416 0.0334 
     HORIZON 0.0029 0.0130 0.0897 0.2556 0.1983 0.2333 0.0056 0.0728 0.0890 0.0400 
   INNOVATOR 0.0072 0.0490 0.0831 0.1635 0.0847 0.2088 0.3931 0.0044 0.0035 0.0025 
 INTERNATION 0.0021 0.0036 0.6270 0.0045 0.2533 0.0872 0.0145 0.0037 0.0017 0.0024 
 ISLE_OF_JUR 0.0561 0.1496 0.0804 0.0235 0.0482 0.0744 0.0450 0.3881 0.0278 0.1069 
    JULIETTE 0.0287 0.0100 0.1062 0.0094 0.0043 0.2763 0.0021 0.0068 0.0077 0.5484 
     KARLENA 0.0219 0.2550 0.0694 0.2023 0.1238 0.0103 0.2739 0.0126 0.0019 0.0291 
 KERR'S_PINK 0.0471 0.0471 0.3409 0.0045 0.1298 0.0465 0.2242 0.0624 0.0863 0.0113 
     KESTREL 0.0233 0.3131 0.0050 0.0055 0.0117 0.0038 0.0104 0.2827 0.3010 0.0435 
       KIFLI 0.1737 0.0079 0.0234 0.1317 0.1903 0.0034 0.0200 0.0115 0.0585 0.3795 
 KING_EDWARD 0.0321 0.0020 0.5504 0.0042 0.1999 0.0028 0.0595 0.0218 0.0881 0.0393 
    KINGSTON 0.2325 0.0489 0.0912 0.0216 0.1138 0.1386 0.0026 0.3150 0.0220 0.0138 
 KUFRI_CHAND 0.0045 0.0334 0.1411 0.0146 0.0426 0.1736 0.2785 0.1194 0.0847 0.1076 
 KUFRI_JYOTI 0.1074 0.2137 0.0109 0.0461 0.1860 0.2708 0.0300 0.0028 0.0938 0.0385 
      KURODA 0.0044 0.1101 0.0027 0.3209 0.0631 0.1599 0.1611 0.0321 0.0048 0.1409 
 LADY_BALFOU 0.0509 0.3038 0.0986 0.0252 0.0579 0.1081 0.0772 0.1403 0.1319 0.0062 
 LADY_CHRIST 0.0807 0.0075 0.1252 0.3787 0.1909 0.0635 0.0445 0.0102 0.0841 0.0146 
 LADY_CLAIRE 0.0021 0.0053 0.1009 0.3628 0.1268 0.3017 0.0057 0.0060 0.0008 0.0878 
     LADY_JO 0.0029 0.0043 0.1659 0.4387 0.1529 0.1610 0.0498 0.0206 0.0024 0.0015 
 LADY_ROSETT 0.0613 0.0071 0.1077 0.3942 0.0173 0.0170 0.0422 0.0997 0.2471 0.0064 
    LIBERTAS 0.0045 0.0856 0.1314 0.5350 0.2109 0.0149 0.0056 0.0038 0.0070 0.0014 
       LINDA 0.0088 0.0823 0.1722 0.0368 0.0986 0.0545 0.0097 0.0034 0.0133 0.5204 
      LINTON 0.0081 0.1568 0.0044 0.1099 0.0901 0.0062 0.1974 0.1352 0.0368 0.2551 
 LINZER_DELI 0.0849 0.0041 0.1310 0.2149 0.0766 0.0205 0.0245 0.0039 0.1542 0.2854 
   LIONHEART 0.0637 0.0544 0.0233 0.3411 0.0125 0.2149 0.1248 0.0371 0.0549 0.0733 
   MADELEINE 0.0545 0.0130 0.0552 0.2647 0.0474 0.1460 0.0042 0.0245 0.1240 0.2665 
   MADINGLEY 0.0319 0.1951 0.0032 0.1275 0.1181 0.0027 0.1542 0.0554 0.0114 0.3006 
    MAJESTIC 0.0617 0.0466 0.1062 0.0131 0.0029 0.2283 0.3471 0.0152 0.1489 0.0301 
     MARABEL 0.0181 0.0154 0.0067 0.3218 0.0101 0.1831 0.0896 0.0094 0.0601 0.2857 
     MARFONA 0.0065 0.0284 0.1196 0.3942 0.0302 0.1284 0.1102 0.1255 0.0458 0.0110 
     MARILYN 0.0579 0.1040 0.0719 0.1665 0.0440 0.1664 0.0246 0.0063 0.0557 0.3027 
 MARIS_ANCHO 0.0488 0.0098 0.1784 0.2361 0.0083 0.1133 0.1394 0.0721 0.0841 0.1097 
  MARIS_BARD 0.0180 0.0342 0.0909 0.1644 0.0438 0.2215 0.1674 0.2484 0.0101 0.0012 
  MARIS_PEER 0.0089 0.1269 0.1285 0.0026 0.0235 0.1414 0.2115 0.1631 0.1190 0.0744 
 MARIS_PIPER 0.0549 0.0059 0.0407 0.0062 0.1231 0.0048 0.0027 0.7300 0.0024 0.0293 
     MARKIES 0.0104 0.0390 0.1142 0.3238 0.0364 0.1359 0.0147 0.0226 0.0371 0.2658 
      MAXINE 0.0100 0.0346 0.0147 0.0080 0.0134 0.0597 0.1833 0.3815 0.2514 0.0434 
      MEGARA 0.0135 0.0198 0.0301 0.2535 0.0997 0.2266 0.0039 0.0420 0.0278 0.2833 
      MELODY 0.0523 0.1359 0.0649 0.2671 0.1417 0.0908 0.0345 0.0361 0.0186 0.1581 
       MIDAS 0.0198 0.0103 0.0048 0.0879 0.2231 0.0086 0.0037 0.4085 0.0203 0.2132 
       MILVA 0.0439 0.0165 0.0573 0.2019 0.1790 0.1608 0.0261 0.0046 0.0383 0.2717 
        MIMI 0.0506 0.0085 0.0060 0.1351 0.1576 0.1741 0.0021 0.1556 0.3069 0.0036 
        MIRA 0.0034 0.0149 0.1610 0.3890 0.0944 0.3039 0.0076 0.0155 0.0040 0.0063 
       MOIRA 0.0188 0.1278 0.0447 0.1368 0.1418 0.1713 0.0964 0.0190 0.0579 0.1854 
    MONTROSE 0.4670 0.0121 0.0629 0.0036 0.1970 0.0035 0.0033 0.2421 0.0036 0.0049 
       MORAG 0.1702 0.0929 0.0547 0.0031 0.1648 0.2414 0.0500 0.0153 0.2052 0.0023 
      MORENE 0.0050 0.0690 0.1513 0.4930 0.0224 0.1605 0.0800 0.0042 0.0072 0.0073 
      MOZART 0.1965 0.0094 0.0019 0.2939 0.0015 0.0956 0.0154 0.0051 0.1084 0.2722 
 MYATT'S_ASH 0.0019 0.0100 0.5671 0.0607 0.1929 0.1202 0.0241 0.0043 0.0012 0.0175 
      NADINE 0.0930 0.0298 0.0072 0.0729 0.0049 0.0280 0.0118 0.3649 0.2653 0.1222 
       NAVAN 0.0698 0.0210 0.0214 0.0199 0.0293 0.0238 0.0299 0.6201 0.1494 0.0155 
 NDTX_4271_5 0.1024 0.0024 0.0047 0.0042 0.0229 0.0033 0.2148 0.0841 0.3799 0.1814 
      NICOLA 0.0024 0.0068 0.1244 0.1485 0.0985 0.1196 0.0333 0.0032 0.0032 0.4602 
     NOVELLA 0.0143 0.0926 0.0559 0.2723 0.0098 0.2089 0.0232 0.0460 0.1288 0.1482 
     OLYMPUS 0.3577 0.0344 0.0615 0.0094 0.0468 0.0357 0.1251 0.1157 0.1553 0.0583 
       OPERA 0.1280 0.1063 0.0262 0.2645 0.0049 0.1057 0.0489 0.0621 0.0698 0.1837 
   ORCHESTRA 0.0559 0.0145 0.0895 0.2059 0.0114 0.1407 0.0049 0.1033 0.0614 0.3125 
      ORIANA 0.0025 0.1295 0.0197 0.2706 0.0826 0.2090 0.1524 0.0032 0.0072 0.1233 
     OTHELLO 0.0191 0.4859 0.0280 0.0037 0.0038 0.0066 0.0751 0.1107 0.2139 0.0531 
     PALADIN 0.1152 0.0037 0.0288 0.0133 0.2297 0.0135 0.0521 0.5362 0.0037 0.0038 
       PANDA 0.0550 0.0647 0.0196 0.1603 0.0178 0.0504 0.0067 0.0646 0.0816 0.4792 
   PARAMOUNT 0.0460 0.3129 0.0377 0.2315 0.0431 0.0220 0.0173 0.0032 0.2665 0.0198 
    PATRONES 0.0080 0.0370 0.1526 0.2212 0.0680 0.1311 0.1351 0.0774 0.0217 0.1480 
 PENTLAND_AC 0.0067 0.0708 0.1590 0.0834 0.0113 0.1779 0.0445 0.1509 0.2405 0.0549 
 PENTLAND_BE 0.0032 0.1406 0.3616 0.0608 0.0883 0.1106 0.1661 0.0494 0.0163 0.0031 
 PENTLAND_CR 0.2546 0.0813 0.0306 0.0972 0.0809 0.3429 0.0817 0.0082 0.0166 0.0060 
 PENTLAND_DE 0.2206 0.1213 0.2055 0.0342 0.0204 0.0960 0.1648 0.0053 0.1260 0.0058 
 PENTLAND_IV 0.0998 0.0483 0.0649 0.0026 0.0133 0.1491 0.2054 0.0267 0.3080 0.0820 
 PENTLAND_JA 0.1297 0.0396 0.0221 0.0826 0.0782 0.2491 0.3346 0.0099 0.0448 0.0094 
 PENTLAND_MA 0.0064 0.1871 0.0054 0.1219 0.1928 0.3447 0.0932 0.0039 0.0127 0.0319 
 PENTLAND_SQ 0.2618 0.0582 0.1374 0.0134 0.0473 0.2896 0.1058 0.0063 0.0575 0.0228 
   PEPO_1978 0.0290 0.0281 0.0090 0.1803 0.1925 0.1181 0.0494 0.0500 0.0072 0.3365 
     PICASSO 0.0100 0.5144 0.0021 0.1904 0.0053 0.0301 0.0413 0.1243 0.0294 0.0527 
   PIMPERNEL 0.1192 0.0971 0.1000 0.4422 0.0944 0.0100 0.0029 0.0086 0.0353 0.0902 
     PIONEER 0.0696 0.0051 0.1665 0.0031 0.0249 0.1849 0.0068 0.0036 0.0090 0.5266 
       PIXIE 0.1360 0.1960 0.0033 0.0558 0.0159 0.0253 0.0093 0.2232 0.2781 0.0571 
    PREMIERE 0.0067 0.0069 0.2046 0.3771 0.0470 0.2150 0.0548 0.0815 0.0030 0.0034 
   PRODUCENT 0.0442 0.0036 0.0141 0.3065 0.1240 0.1122 0.0333 0.1542 0.0963 0.1117 
     PROVOST 0.1086 0.1120 0.0299 0.0701 0.1333 0.1768 0.2369 0.0044 0.0924 0.0355 
  R.P.LUSTRE 0.1295 0.0135 0.2549 0.0285 0.0037 0.0192 0.0791 0.1534 0.1607 0.1576 
 RANGER_RUSS 0.0022 0.1210 0.1886 0.0895 0.0332 0.0437 0.4700 0.0025 0.0039 0.0454 
       RATTE 0.2188 0.0021 0.2024 0.0065 0.3283 0.0028 0.0292 0.0037 0.1699 0.0363 
      RECORD 0.0048 0.0491 0.1953 0.6011 0.1096 0.0138 0.0042 0.0066 0.0124 0.0031 
   REMBRANDT 0.0350 0.0062 0.1049 0.1689 0.0605 0.3088 0.0700 0.0804 0.0050 0.1603 
    RIO_ROJO 0.0737 0.0703 0.0048 0.0711 0.1061 0.0041 0.3128 0.0045 0.2542 0.0985 
      ROBIJN 0.0067 0.0420 0.1133 0.4909 0.2444 0.0341 0.0332 0.0024 0.0057 0.0274 
      ROCKET 0.1013 0.0067 0.0099 0.0213 0.2174 0.0076 0.0820 0.3694 0.1824 0.0020 
   RODE_STAR 0.0206 0.0043 0.1905 0.3700 0.2173 0.0015 0.0012 0.0028 0.0857 0.1061 
      ROMANO 0.0843 0.1809 0.0108 0.3851 0.0114 0.0370 0.0060 0.0066 0.2266 0.0512 
       ROMEO 0.1440 0.2158 0.2055 0.0334 0.0037 0.0066 0.0093 0.0051 0.2264 0.1502 
     ROOSTER 0.2770 0.1519 0.1081 0.1178 0.0116 0.1875 0.0730 0.0048 0.0462 0.0221 
       ROYAL 0.0145 0.0772 0.0033 0.0920 0.2161 0.0045 0.0087 0.2612 0.0213 0.3011 
 ROYAL_KIDNE 0.0038 0.0100 0.3836 0.0216 0.0225 0.1848 0.3453 0.0044 0.0218 0.0021 
     RUBESSE 0.0638 0.0480 0.1077 0.1449 0.0041 0.1431 0.0784 0.0110 0.1791 0.2198 
 RUSSET_BURB 0.0489 0.0212 0.1280 0.1179 0.0094 0.0145 0.4656 0.0084 0.1269 0.0591 
 RUSSET_NORK 0.0266 0.0066 0.0475 0.0031 0.0127 0.0034 0.5174 0.0128 0.1790 0.1910 
      SAFARI 0.0492 0.0517 0.0035 0.3275 0.0360 0.2919 0.0089 0.0097 0.2019 0.0197 
     SANTANA 0.0402 0.0520 0.0119 0.3156 0.1032 0.0362 0.1984 0.0960 0.0602 0.0865 
       SANTE 0.0628 0.0050 0.0341 0.3047 0.0925 0.2079 0.0026 0.0395 0.2397 0.0112 
     SAPHIRE 0.0949 0.0215 0.0026 0.2946 0.0070 0.2174 0.2190 0.0424 0.0310 0.0696 
  SARPO_MIRA 0.0063 0.0451 0.0700 0.2321 0.1373 0.0021 0.0089 0.0131 0.2335 0.2516 
 SARPO_SHONA 0.0212 0.0615 0.0613 0.3301 0.0503 0.0042 0.0050 0.0206 0.2001 0.2458 
       SASSY 0.0589 0.0258 0.1417 0.2849 0.0964 0.0214 0.1129 0.0706 0.0917 0.0958 
     SATURNA 0.0121 0.0083 0.1161 0.4087 0.2041 0.0049 0.0047 0.0208 0.0132 0.2072 
        SAVA 0.0038 0.0048 0.0214 0.0917 0.0569 0.1731 0.0637 0.1015 0.1670 0.3160 
       SAXON 0.1861 0.0353 0.0664 0.0105 0.0701 0.1509 0.0042 0.4344 0.0215 0.0205 
 SCARBOROUGH 0.4891 0.0028 0.0091 0.0065 0.0283 0.0051 0.0055 0.4316 0.0149 0.0072 
 SEFTON_WOND 0.0941 0.0234 0.3937 0.0053 0.0289 0.0914 0.1827 0.1140 0.0637 0.0028 
    SERAFINA 0.1057 0.0318 0.0735 0.2361 0.0634 0.0232 0.0111 0.0026 0.1765 0.2762 
     SETANTA 0.5268 0.1398 0.0338 0.1461 0.0031 0.0281 0.0446 0.0202 0.0426 0.0149 
 SHARPE'S_EX 0.0054 0.0177 0.4885 0.0478 0.1287 0.0123 0.0493 0.1293 0.0258 0.0951 
     SHELAGH 0.0555 0.1847 0.0980 0.0560 0.2459 0.1259 0.0145 0.0758 0.1223 0.0214 
    SHELFORD 0.0030 0.2193 0.0850 0.1757 0.1102 0.0019 0.1361 0.0088 0.0061 0.2537 
     SHEPODY 0.0040 0.1622 0.0898 0.1656 0.1008 0.0747 0.3941 0.0044 0.0028 0.0017 
      SLANEY 0.0446 0.3057 0.0060 0.0029 0.0123 0.1103 0.0098 0.2167 0.1973 0.0943 
        SPEY 0.0351 0.3332 0.0027 0.0051 0.0046 0.1741 0.0037 0.1905 0.2257 0.0253 
      SPUNTA 0.1286 0.1161 0.1469 0.0843 0.0737 0.0034 0.0484 0.0208 0.1520 0.2257 
     STAMINA 0.0086 0.1656 0.0021 0.0232 0.0038 0.0244 0.0457 0.5989 0.1171 0.0107 
    STEMSTER 0.0251 0.0688 0.1168 0.2208 0.0759 0.0107 0.0168 0.2862 0.0699 0.1090 
 STORMONT_EN 0.0121 0.0786 0.0909 0.3175 0.1042 0.0097 0.0781 0.1595 0.1437 0.0058 
    STIRLING 0.1878 0.2320 0.0072 0.0134 0.0043 0.2797 0.1023 0.0537 0.0927 0.0270 
     SYLVANA 0.0209 0.0686 0.0615 0.2316 0.0090 0.0694 0.1860 0.0958 0.1010 0.1560 
         TAY 0.4789 0.1831 0.0032 0.0104 0.0113 0.0451 0.0128 0.1339 0.1013 0.0200 
      TIMATE 0.0762 0.0048 0.0443 0.3333 0.0111 0.0113 0.0573 0.1022 0.0406 0.3190 
      TOLUCA 0.0153 0.1635 0.0255 0.1952 0.0533 0.1486 0.0689 0.0033 0.0295 0.2968 
    TORRIDON 0.0745 0.2286 0.0141 0.1598 0.1520 0.2191 0.0437 0.0105 0.0086 0.0891 
 ULSTER_SCEP 0.0119 0.0082 0.0964 0.0190 0.0061 0.2378 0.1544 0.2988 0.1646 0.0028 
 UMATILLA_RU 0.1068 0.0196 0.1626 0.0905 0.2776 0.0482 0.0197 0.2080 0.0472 0.0198 
 VALES_EMERA 0.1742 0.0259 0.0723 0.0236 0.0346 0.0111 0.0406 0.1387 0.1765 0.3026 
 VALES_EVERE 0.2851 0.2643 0.1057 0.0059 0.0146 0.1056 0.0110 0.0614 0.1426 0.0039 
 VALES_RUSSE 0.1020 0.0193 0.1274 0.0261 0.1248 0.0368 0.4194 0.0062 0.0195 0.1183 
 VALES_SOVER 0.1038 0.5897 0.0020 0.0330 0.0039 0.0024 0.0093 0.2400 0.0068 0.0091 
       VALOR 0.1186 0.3398 0.0021 0.0323 0.0032 0.0676 0.0030 0.2526 0.1758 0.0050 
    VAN_GOGH 0.0523 0.0039 0.1388 0.3830 0.0163 0.1705 0.0056 0.1009 0.0218 0.1070 
     VANTAGE 0.0025 0.0313 0.1380 0.3827 0.2067 0.0129 0.1904 0.0186 0.0139 0.0031 
       VERDI 0.0791 0.0852 0.1129 0.2677 0.1112 0.0165 0.0254 0.0523 0.0037 0.2460 
    VICTORIA 0.0214 0.0183 0.0740 0.1628 0.0067 0.3317 0.1383 0.0251 0.0161 0.2057 
     VIVALDI 0.0038 0.1093 0.0361 0.3384 0.0070 0.2271 0.1762 0.0035 0.0037 0.0948 
       WILJA 0.0019 0.0705 0.1176 0.4629 0.0821 0.1433 0.0792 0.0384 0.0026 0.0015 
     WINSTON 0.0417 0.0802 0.0056 0.0335 0.0023 0.0204 0.0109 0.3810 0.3741 0.0505 
      XD2-21 0.0529 0.1150 0.1969 0.1132 0.0054 0.0862 0.1298 0.0858 0.2095 0.0052 
  YUKON_GOLD 0.2350 0.0081 0.0035 0.0649 0.0036 0.0168 0.2860 0.0590 0.1359 0.1872 
       ZORBA 0.0065 0.0769 0.0790 0.1788 0.1265 0.3412 0.1586 0.0059 0.0060 0.0207 
