  00C133-020 0.2530 0.0106 0.0212 0.2834 0.3981 0.0119 0.0218 
 01C_071-002 0.0281 0.1405 0.2015 0.2526 0.1848 0.0416 0.1509 
 02M_012-001 0.1788 0.0819 0.0254 0.0618 0.4787 0.0034 0.1700 
 03M_016-002 0.0099 0.0506 0.0052 0.0153 0.3610 0.2246 0.3335 
 03M_034-002 0.3054 0.0026 0.0471 0.0802 0.3557 0.0067 0.2023 
 04C_055-004 0.0911 0.2767 0.0442 0.0342 0.4431 0.0553 0.0554 
 04C_126-005 0.2405 0.0172 0.1220 0.2949 0.1993 0.0134 0.1127 
 04M_034-013 0.1178 0.0733 0.0397 0.0096 0.4039 0.1384 0.2173 
 05M_002-001 0.0629 0.1878 0.3065 0.0547 0.1260 0.1579 0.1043 
 05M_004-003 0.1771 0.0746 0.3601 0.1662 0.1370 0.0764 0.0087 
 05M_012-004 0.2804 0.0090 0.2613 0.1308 0.0861 0.1867 0.0456 
 06C_127-002 0.4164 0.2243 0.0125 0.0738 0.1521 0.0852 0.0357 
 12288_AF_23 0.1826 0.1357 0.0192 0.2033 0.3520 0.1001 0.0070 
    12601AB1 0.3439 0.0030 0.0041 0.0043 0.2027 0.0023 0.4397 
   12636_A_2 0.2935 0.0039 0.0066 0.1127 0.3429 0.0508 0.1896 
  15119_AC_5 0.0052 0.0022 0.0126 0.5162 0.2569 0.0213 0.1856 
     1512C16 0.1435 0.0911 0.0683 0.1548 0.0061 0.3057 0.2305 
   15144_A_3 0.0460 0.2490 0.0081 0.6300 0.0126 0.0054 0.0489 
     1563C14 0.0096 0.2287 0.1602 0.0726 0.0161 0.0801 0.4326 
     2182EF7 0.2880 0.0121 0.1188 0.2422 0.0209 0.2626 0.0553 
     3681AD1 0.1530 0.0227 0.3824 0.2575 0.0381 0.0734 0.0730 
     5008AB6 0.2651 0.1132 0.2754 0.2059 0.0051 0.0078 0.1275 
    8204_A_4 0.3965 0.0575 0.1060 0.2399 0.0434 0.1250 0.0317 
       AGRIA 0.0742 0.3182 0.4281 0.0035 0.0386 0.1052 0.0323 
       AILSA 0.2246 0.1749 0.0037 0.0076 0.4526 0.0438 0.0929 
      ALMERA 0.0113 0.2420 0.3918 0.0303 0.0894 0.2215 0.0137 
       ALPHA 0.0575 0.1233 0.3899 0.0545 0.0393 0.1066 0.2289 
      ALWARA 0.0260 0.2877 0.2573 0.3168 0.0356 0.0267 0.0499 
      AMADRA 0.1165 0.2256 0.2921 0.0142 0.1640 0.0264 0.1611 
       AMOUR 0.1542 0.0409 0.0131 0.4049 0.3362 0.0212 0.0294 
        ANNA 0.1455 0.0022 0.0165 0.6435 0.0081 0.0445 0.1397 
   ANNABELLE 0.0993 0.3447 0.4392 0.0102 0.0076 0.0719 0.0271 
        ANYA 0.1527 0.3867 0.0902 0.0709 0.0122 0.0771 0.2101 
       ARGOS 0.0189 0.0643 0.0683 0.5099 0.2465 0.0854 0.0067 
     ARIELLE 0.0067 0.3385 0.2969 0.0989 0.0325 0.1401 0.0864 
      ARKULA 0.1020 0.1229 0.4529 0.0970 0.0083 0.0889 0.1280 
      ARMADA 0.0396 0.1498 0.3738 0.0777 0.1204 0.1152 0.1236 
   AVALANCHE 0.0174 0.0192 0.2429 0.0943 0.4471 0.1684 0.0107 
     BAILLIE 0.0859 0.0932 0.1288 0.1389 0.4569 0.0871 0.0091 
    BALMORAL 0.0663 0.0066 0.2285 0.4023 0.0281 0.2472 0.0210 
     BAMBINO 0.1545 0.0726 0.0717 0.2214 0.4337 0.0260 0.0200 
       BARNA 0.1272 0.2311 0.0664 0.4066 0.0587 0.0524 0.0576 
 BELLE_DE_FO 0.0022 0.0075 0.0087 0.0865 0.0027 0.0772 0.8152 
       BENOL 0.3121 0.0072 0.0750 0.0050 0.4167 0.0042 0.1798 
       BF_15 0.0035 0.0804 0.1265 0.0715 0.0038 0.0253 0.6889 
      BINTJE 0.0253 0.0941 0.2052 0.0969 0.0726 0.1936 0.3122 
 BIONICA_EX_ 0.3011 0.0256 0.3189 0.1063 0.0259 0.0655 0.1567 
 BLUE_DANUBE 0.0055 0.0088 0.5238 0.1482 0.0235 0.1457 0.1445 
      BONNIE 0.2174 0.1263 0.2002 0.1662 0.1700 0.0900 0.0299 
      BOUNTY 0.1773 0.0344 0.1094 0.2486 0.3832 0.0257 0.0216 
 BRITISH_QUE 0.0018 0.0043 0.1356 0.0460 0.0298 0.4374 0.3452 
     BRODICK 0.5629 0.0557 0.0404 0.0096 0.2900 0.0134 0.0280 
      BRODIE 0.1894 0.0212 0.0068 0.4704 0.0210 0.1945 0.0966 
      BUCHAN 0.1984 0.1410 0.0034 0.4087 0.0731 0.1202 0.0553 
      BURREN 0.1119 0.1550 0.1073 0.4399 0.0508 0.0167 0.1184 
     CABARET 0.1330 0.0059 0.0075 0.0621 0.4647 0.0715 0.2553 
      CAESAR 0.1917 0.2680 0.3858 0.0559 0.0091 0.0867 0.0027 
        CARA 0.1537 0.0224 0.0140 0.6637 0.0787 0.0118 0.0557 
 CARLINGFORD 0.2326 0.1528 0.0442 0.1641 0.0620 0.3213 0.0231 
  CASABLANCA 0.1200 0.0032 0.2460 0.2395 0.2760 0.1126 0.0027 
      CELINE 0.1854 0.0117 0.4602 0.1878 0.0299 0.0195 0.1055 
  CHALLENGER 0.0960 0.1898 0.2838 0.0037 0.1558 0.1729 0.0979 
   CHARLOTTE 0.2842 0.5038 0.0243 0.0092 0.0249 0.0042 0.1493 
     CHICAGO 0.0912 0.1675 0.2042 0.0134 0.4609 0.0063 0.0564 
   CHIEFTAIN 0.2109 0.2665 0.0066 0.0592 0.0101 0.3631 0.0836 
      CHOPIN 0.1283 0.1695 0.4120 0.0182 0.0172 0.2284 0.0263 
      CLARET 0.0878 0.1405 0.0074 0.5972 0.0855 0.0445 0.0370 
      CORINE 0.1316 0.0044 0.3016 0.1803 0.1504 0.1489 0.0828 
      COSMOS 0.0506 0.0821 0.4595 0.0202 0.1190 0.2213 0.0473 
     COURAGE 0.1261 0.1297 0.3378 0.1171 0.0293 0.1538 0.1062 
     COURLAN 0.1209 0.2989 0.0459 0.1415 0.0766 0.2598 0.0564 
 CRAIGS_ROYA 0.1312 0.0664 0.0042 0.3575 0.1740 0.2123 0.0545 
 CRAIGS_SNOW 0.0098 0.1085 0.0134 0.0995 0.1754 0.3307 0.2626 
     CRAMOND 0.3788 0.0059 0.1675 0.0431 0.3359 0.0566 0.0121 
 CRISPS_FOR_ 0.1252 0.2802 0.2770 0.0499 0.0765 0.1393 0.0519 
    CROMWELL 0.0043 0.0570 0.0148 0.0868 0.6292 0.0041 0.2039 
       D22/1 0.0040 0.0054 0.0274 0.1250 0.5453 0.1480 0.1449 
       D23/3 0.0296 0.0816 0.0159 0.0329 0.3813 0.1872 0.2715 
      D47-11 0.0077 0.0055 0.0291 0.0186 0.6993 0.0158 0.2239 
       D49/1 0.0256 0.0574 0.0171 0.0030 0.7443 0.0107 0.1419 
       DAISY 0.1109 0.1052 0.1463 0.0079 0.4158 0.0138 0.2001 
 DARK_RED_NO 0.0857 0.2463 0.0204 0.1154 0.0373 0.4124 0.0826 
     DARWINA 0.0140 0.1541 0.4030 0.0173 0.1167 0.1953 0.0995 
     DESIREE 0.0112 0.3487 0.1495 0.2736 0.0033 0.0690 0.1448 
       DITTA 0.0099 0.3248 0.3106 0.0142 0.0234 0.1951 0.1221 
 DR._MCINTOS 0.2218 0.0398 0.0770 0.0844 0.0395 0.5099 0.0276 
       DRAGA 0.1308 0.0564 0.2910 0.0648 0.1273 0.3234 0.0063 
 DUKE_OF_YOR 0.0036 0.0041 0.2463 0.0059 0.0034 0.3987 0.3381 
 DUNBAR_STAN 0.0129 0.0580 0.0059 0.0790 0.1709 0.4501 0.2232 
     DUNDROD 0.0772 0.1767 0.0062 0.0826 0.4459 0.0750 0.1365 
     ECLIPSE 0.1084 0.1987 0.0037 0.0028 0.0109 0.2980 0.3776 
        EDEN 0.2043 0.0050 0.0060 0.0054 0.5752 0.0098 0.1943 
 EDZELL_BLUE 0.1014 0.0973 0.1813 0.1345 0.0253 0.1343 0.3259 
   ELISABETH 0.2436 0.3438 0.2590 0.0093 0.0792 0.0543 0.0108 
     EMPEROR 0.1765 0.2348 0.1198 0.0068 0.1468 0.3045 0.0108 
         EOS 0.2064 0.2774 0.1331 0.0176 0.2015 0.1482 0.0158 
     EPICURE 0.1270 0.1373 0.0392 0.0155 0.0049 0.3188 0.3573 
  ERNTESTOLZ 0.0520 0.1664 0.2587 0.0548 0.0245 0.2088 0.2348 
      ESCORT 0.2036 0.2438 0.3862 0.0441 0.0958 0.0104 0.0161 
   ESMERALDA 0.1822 0.1543 0.3090 0.0804 0.0901 0.0172 0.1668 
      ESTIMA 0.0808 0.1862 0.3151 0.0072 0.1191 0.2197 0.0718 
 EVE_BALFOUR 0.2387 0.0127 0.0180 0.3469 0.0778 0.0775 0.2284 
   EXCALIBUR 0.2716 0.0151 0.0349 0.3150 0.3568 0.0033 0.0033 
     EXQUISA 0.0301 0.3870 0.2793 0.1240 0.0041 0.0057 0.1699 
    FESTIVAL 0.1738 0.2476 0.4236 0.0144 0.0959 0.0359 0.0088 
      FIANNA 0.1090 0.0832 0.3590 0.1751 0.0329 0.2323 0.0084 
   FIFTYFOLD 0.0370 0.1432 0.0129 0.0731 0.0616 0.1419 0.5302 
     FONTANE 0.0644 0.2228 0.3624 0.0047 0.1773 0.1552 0.0131 
   FORTYFOLD 0.0055 0.0052 0.2369 0.0184 0.0036 0.1911 0.5393 
 FRONTIER_RU 0.0759 0.2570 0.0156 0.0076 0.0825 0.4429 0.1185 
     G.81071 0.2972 0.0565 0.1494 0.1325 0.0864 0.2003 0.0778 
     G.88661 0.2743 0.0961 0.1450 0.0111 0.1493 0.3198 0.0045 
    G.886611 0.3575 0.1806 0.0315 0.0172 0.1340 0.2752 0.0039 
  G.8867Y%12 0.2675 0.1842 0.0824 0.0974 0.0226 0.3422 0.0037 
     G.88839 0.1194 0.4462 0.4011 0.0052 0.0043 0.0043 0.0195 
     G.88842 0.1513 0.2149 0.4049 0.0881 0.0081 0.1222 0.0105 
   GALACTICA 0.0028 0.0095 0.3159 0.3953 0.0136 0.1106 0.1522 
      GEMSON 0.1393 0.0862 0.0121 0.2562 0.0944 0.2822 0.1297 
  GL.76B/102 0.0153 0.2340 0.1307 0.0056 0.1639 0.1298 0.3207 
   GL.76B/94 0.0048 0.0382 0.2665 0.1435 0.0035 0.0182 0.5253 
  GL.77M/106 0.3270 0.1464 0.0060 0.1977 0.1209 0.0112 0.1909 
   GL.78/166 0.0027 0.0255 0.1516 0.0545 0.0693 0.1168 0.5796 
    GL.78/53 0.1480 0.1604 0.0051 0.0099 0.1464 0.0062 0.5240 
    GL.78/97 0.0481 0.1367 0.0919 0.0304 0.1010 0.0286 0.5632 
    GL.79/42 0.1106 0.1861 0.0368 0.0061 0.1182 0.0035 0.5386 
    GL.79/45 0.1069 0.1509 0.0347 0.0899 0.0389 0.0045 0.5742 
 GL.81_NT_25 0.0043 0.0053 0.0489 0.0513 0.5425 0.0108 0.3369 
   GLADIATOR 0.1236 0.2821 0.2003 0.1384 0.0777 0.1723 0.0055 
      GLAMIS 0.0962 0.1844 0.0891 0.0397 0.4133 0.1600 0.0172 
 GOLDEN_MILL 0.5061 0.0109 0.0399 0.0577 0.2718 0.0061 0.1075 
 GOLDEN_NUGG 0.2789 0.0146 0.4497 0.1956 0.0177 0.0082 0.0352 
 GOLDEN_WOND 0.0655 0.1215 0.0761 0.0238 0.0210 0.1384 0.5537 
     GRANOLA 0.2516 0.4423 0.1462 0.0101 0.0316 0.0060 0.1122 
    H1H3_101 0.0023 0.0036 0.0039 0.0060 0.6840 0.0096 0.2906 
      H1H3_3 0.1981 0.0087 0.0753 0.0322 0.3713 0.1596 0.1548 
 HARBOROUGH_ 0.5126 0.0047 0.0176 0.0030 0.4478 0.0072 0.0071 
   HARLEQUIN 0.1840 0.4541 0.0251 0.0778 0.0744 0.0111 0.1736 
      HERMES 0.0031 0.3125 0.2284 0.2232 0.0765 0.0598 0.0965 
 HIGHLAND_BU 0.0765 0.0026 0.1053 0.0042 0.0056 0.0146 0.7912 
  HOME_GUARD 0.1970 0.0553 0.0272 0.1153 0.1229 0.2741 0.2082 
     HORIZON 0.0277 0.0596 0.4544 0.0964 0.0945 0.0278 0.2395 
   INNOVATOR 0.0145 0.0031 0.3011 0.0661 0.0061 0.4720 0.1371 
 INTERNATION 0.0033 0.0042 0.0406 0.0095 0.0053 0.0912 0.8459 
 ISLE_OF_JUR 0.1143 0.0902 0.0775 0.1463 0.4066 0.0461 0.1190 
    JULIETTE 0.1485 0.5278 0.2421 0.0073 0.0089 0.0052 0.0602 
     KARLENA 0.0045 0.0286 0.2417 0.2455 0.0548 0.2528 0.1719 
 KERR'S_PINK 0.0564 0.0485 0.0056 0.0680 0.0717 0.3319 0.4179 
     KESTREL 0.1490 0.1367 0.0037 0.3812 0.3064 0.0179 0.0051 
       KIFLI 0.1294 0.4917 0.0937 0.0106 0.0787 0.0077 0.1882 
 KING_EDWARD 0.0209 0.1108 0.0042 0.0031 0.0406 0.1189 0.7016 
    KINGSTON 0.2678 0.0083 0.1203 0.0544 0.3618 0.0046 0.1828 
 KUFRI_CHAND 0.0462 0.1238 0.1156 0.0737 0.1110 0.3911 0.1387 
 KUFRI_JYOTI 0.2614 0.0477 0.2348 0.2551 0.0059 0.0515 0.1436 
      KURODA 0.0120 0.1480 0.4630 0.1295 0.0540 0.1824 0.0112 
 LADY_BALFOU 0.1537 0.0177 0.0492 0.3490 0.1475 0.1450 0.1380 
 LADY_CHRIST 0.0912 0.0530 0.4336 0.0303 0.0433 0.0577 0.2909 
 LADY_CLAIRE 0.0028 0.0180 0.7001 0.0177 0.0129 0.0382 0.2103 
     LADY_JO 0.0029 0.0024 0.5710 0.0098 0.0240 0.1098 0.2801 
 LADY_ROSETT 0.1131 0.1074 0.3431 0.0769 0.1005 0.1246 0.1346 
    LIBERTAS 0.0030 0.0022 0.5296 0.1509 0.0048 0.0063 0.3032 
       LINDA 0.0481 0.5477 0.1365 0.0394 0.0052 0.0105 0.2126 
      LINTON 0.0087 0.2865 0.1593 0.1589 0.1873 0.1777 0.0216 
 LINZER_DELI 0.1388 0.3747 0.2197 0.0153 0.0084 0.0444 0.1987 
   LIONHEART 0.1261 0.0694 0.4748 0.0721 0.0344 0.1962 0.0269 
   MADELEINE 0.1755 0.3070 0.3696 0.0261 0.0243 0.0098 0.0878 
   MADINGLEY 0.0196 0.3697 0.1567 0.2000 0.1468 0.0765 0.0307 
    MAJESTIC 0.1857 0.0729 0.0823 0.0982 0.0119 0.5108 0.0382 
     MARABEL 0.0975 0.2893 0.4808 0.0184 0.0097 0.0955 0.0087 
     MARFONA 0.0191 0.0232 0.4646 0.0616 0.1167 0.1756 0.1392 
     MARILYN 0.1346 0.3132 0.2894 0.1146 0.0082 0.0434 0.0966 
 MARIS_ANCHO 0.0894 0.1678 0.2732 0.0206 0.0577 0.2218 0.1696 
  MARIS_BARD 0.0598 0.0016 0.2530 0.0759 0.2405 0.2685 0.1007 
  MARIS_PEER 0.0951 0.1070 0.0080 0.1809 0.1524 0.3356 0.1210 
 MARIS_PIPER 0.0184 0.0241 0.0159 0.0067 0.8067 0.0056 0.1225 
     MARKIES 0.0307 0.2931 0.4371 0.0629 0.0193 0.0324 0.1245 
      MAXINE 0.0878 0.1217 0.0078 0.1173 0.3896 0.2702 0.0055 
      MEGARA 0.0882 0.2625 0.4785 0.0271 0.0494 0.0110 0.0833 
      MELODY 0.0562 0.1612 0.3689 0.1539 0.0729 0.0215 0.1653 
       MIDAS 0.0207 0.2206 0.1505 0.0073 0.4861 0.0035 0.1113 
       MILVA 0.1264 0.2773 0.3517 0.0191 0.0077 0.0270 0.1908 
        MIMI 0.2127 0.0152 0.2969 0.1320 0.2243 0.0060 0.1128 
        MIRA 0.0113 0.0093 0.5940 0.0753 0.0118 0.0691 0.2292 
       MOIRA 0.1039 0.1894 0.2659 0.1373 0.0357 0.1379 0.1299 
    MONTROSE 0.3714 0.0056 0.0036 0.0060 0.3663 0.0024 0.2447 
       MORAG 0.3177 0.0076 0.0280 0.2174 0.0632 0.1727 0.1935 
      MORENE 0.0096 0.0074 0.5731 0.1102 0.0031 0.1253 0.1713 
      MOZART 0.2905 0.3010 0.3698 0.0063 0.0064 0.0235 0.0026 
 MYATT'S_ASH 0.0022 0.0077 0.1591 0.0122 0.0032 0.1036 0.7121 
      NADINE 0.2074 0.2104 0.0372 0.1082 0.3719 0.0588 0.0061 
       NAVAN 0.1047 0.0451 0.0195 0.0609 0.6485 0.0865 0.0348 
 NDTX_4271_5 0.2617 0.3224 0.0036 0.0103 0.1317 0.2602 0.0102 
      NICOLA 0.0059 0.4714 0.2933 0.0071 0.0039 0.0482 0.1703 
     NOVELLA 0.1399 0.1689 0.3850 0.1609 0.0208 0.0924 0.0321 
     OLYMPUS 0.4030 0.0987 0.0083 0.0461 0.1828 0.1386 0.1224 
       OPERA 0.1508 0.1961 0.3504 0.1137 0.0851 0.0908 0.0131 
   ORCHESTRA 0.1072 0.3236 0.3374 0.0248 0.1105 0.0135 0.0830 
      ORIANA 0.0067 0.1427 0.3998 0.1768 0.0036 0.2088 0.0616 
     OTHELLO 0.1353 0.1148 0.0032 0.5192 0.1070 0.1111 0.0094 
     PALADIN 0.0804 0.0050 0.0258 0.0061 0.6306 0.0586 0.1936 
       PANDA 0.0925 0.5351 0.1996 0.0590 0.0819 0.0076 0.0243 
   PARAMOUNT 0.1587 0.1291 0.1785 0.4289 0.0057 0.0339 0.0652 
    PATRONES 0.0121 0.1596 0.3088 0.0548 0.0755 0.2154 0.1738 
 PENTLAND_AC 0.1063 0.1275 0.1389 0.1734 0.1306 0.1855 0.1377 
 PENTLAND_BE 0.0060 0.0046 0.0851 0.1839 0.0200 0.2972 0.4032 
 PENTLAND_CR 0.3399 0.0035 0.3017 0.0952 0.0147 0.1409 0.1042 
 PENTLAND_DE 0.2875 0.0167 0.0284 0.1686 0.0070 0.2557 0.2360 
 PENTLAND_IV 0.2812 0.1672 0.0046 0.1317 0.0267 0.3325 0.0562 
 PENTLAND_JA 0.2027 0.0103 0.2121 0.0537 0.0245 0.4235 0.0731 
 PENTLAND_MA 0.1375 0.0340 0.3499 0.2434 0.0060 0.1256 0.1037 
 PENTLAND_SQ 0.3533 0.0137 0.1383 0.0848 0.0098 0.2102 0.1899 
   PEPO_1978 0.0506 0.3503 0.3095 0.0223 0.0990 0.0370 0.1314 
     PICASSO 0.0227 0.0578 0.2365 0.5017 0.1430 0.0355 0.0028 
   PIMPERNEL 0.0924 0.1227 0.4212 0.1282 0.0153 0.0037 0.2165 
     PIONEER 0.1771 0.5215 0.1054 0.0049 0.0048 0.0145 0.1718 
       PIXIE 0.2999 0.1335 0.0468 0.2438 0.2530 0.0169 0.0061 
    PREMIERE 0.0124 0.0028 0.5142 0.0173 0.0622 0.1506 0.2404 
   PRODUCENT 0.1021 0.1383 0.4116 0.0077 0.1836 0.0562 0.1005 
     PROVOST 0.1929 0.0622 0.1735 0.1486 0.0072 0.2800 0.1356 
  R.P.LUSTRE 0.1829 0.2363 0.0087 0.0270 0.1413 0.1835 0.2203 
 RANGER_RUSS 0.0021 0.0725 0.0832 0.1127 0.0038 0.5417 0.1840 
       RATTE 0.2231 0.1579 0.0133 0.0093 0.0686 0.0321 0.4955 
      RECORD 0.0037 0.0081 0.5754 0.1066 0.0065 0.0096 0.2902 
   REMBRANDT 0.0923 0.1047 0.4165 0.0090 0.0861 0.1666 0.1248 
    RIO_ROJO 0.1674 0.2320 0.0417 0.1484 0.0332 0.3255 0.0517 
      ROBIJN 0.0032 0.0590 0.5211 0.0831 0.0040 0.0203 0.3092 
      ROCKET 0.1683 0.0151 0.0149 0.0591 0.4562 0.1231 0.1634 
   RODE_STAR 0.0070 0.2316 0.3032 0.0401 0.0106 0.0018 0.4057 
      ROMANO 0.1567 0.1750 0.3310 0.2955 0.0099 0.0105 0.0214 
       ROMEO 0.2104 0.2514 0.0062 0.2790 0.0068 0.0435 0.2027 
     ROOSTER 0.3244 0.0264 0.1871 0.1764 0.0103 0.1350 0.1405 
       ROYAL 0.0131 0.3317 0.1516 0.0639 0.3392 0.0048 0.0957 
 ROYAL_KIDNE 0.0105 0.0030 0.0662 0.0224 0.0029 0.5233 0.3717 
     RUBESSE 0.1611 0.2739 0.2198 0.1028 0.0104 0.1573 0.0748 
 RUSSET_BURB 0.0770 0.1316 0.0831 0.0354 0.0159 0.5457 0.1113 
 RUSSET_NORK 0.1042 0.2708 0.0026 0.0059 0.0265 0.5666 0.0233 
      SAFARI 0.2267 0.0442 0.4957 0.1588 0.0098 0.0460 0.0187 
     SANTANA 0.0343 0.1162 0.3721 0.0649 0.1385 0.1988 0.0751 
       SANTE 0.2204 0.0472 0.4722 0.0570 0.0763 0.0080 0.1190 
     SAPHIRE 0.1771 0.0353 0.4554 0.0255 0.0421 0.2603 0.0044 
  SARPO_MIRA 0.0098 0.4237 0.1582 0.1670 0.0617 0.0092 0.1704 
 SARPO_SHONA 0.0308 0.3940 0.2613 0.1634 0.0449 0.0066 0.0991 
       SASSY 0.0523 0.1562 0.2718 0.0756 0.0795 0.1495 0.2152 
     SATURNA 0.0043 0.2565 0.4058 0.0110 0.0460 0.0044 0.2718 
        SAVA 0.0669 0.3712 0.2406 0.0226 0.1188 0.1500 0.0299 
       SAXON 0.2600 0.0147 0.0750 0.0445 0.4625 0.0177 0.1256 
 SCARBOROUGH 0.4180 0.0092 0.0044 0.0029 0.5158 0.0044 0.0452 
 SEFTON_WOND 0.1330 0.0049 0.0073 0.0404 0.0919 0.3152 0.4072 
    SERAFINA 0.1623 0.3755 0.2188 0.0844 0.0044 0.0137 0.1409 
     SETANTA 0.5083 0.0388 0.1163 0.1224 0.0899 0.0455 0.0786 
 SHARPE'S_EX 0.0119 0.1184 0.0426 0.0298 0.0981 0.1191 0.5801 
     SHELAGH 0.1332 0.0469 0.1490 0.2508 0.1261 0.0184 0.2756 
    SHELFORD 0.0023 0.3351 0.1531 0.2373 0.0369 0.0822 0.1530 
     SHEPODY 0.0066 0.0025 0.2264 0.1752 0.0092 0.4241 0.1560 
      SLANEY 0.1933 0.1398 0.0084 0.3744 0.2291 0.0466 0.0083 
        SPEY 0.2163 0.0767 0.0444 0.4293 0.2158 0.0143 0.0032 
      SPUNTA 0.1705 0.3137 0.0583 0.1491 0.0640 0.0345 0.2099 
     STAMINA 0.0426 0.0136 0.0330 0.2268 0.6133 0.0685 0.0022 
    STEMSTER 0.0131 0.1824 0.1824 0.1253 0.3090 0.0258 0.1620 
 STORMONT_EN 0.0267 0.0653 0.2683 0.1647 0.1745 0.1288 0.1718 
    STIRLING 0.3703 0.0161 0.1552 0.2400 0.0476 0.1613 0.0094 
     SYLVANA 0.0707 0.2001 0.2629 0.0881 0.0995 0.2349 0.0438 
         TAY 0.4954 0.0411 0.0282 0.1667 0.2346 0.0162 0.0179 
      TIMATE 0.0706 0.3668 0.3498 0.0055 0.1111 0.0495 0.0466 
      TOLUCA 0.0631 0.3221 0.3240 0.1638 0.0053 0.0874 0.0343 
    TORRIDON 0.1578 0.0518 0.3461 0.2456 0.0215 0.0606 0.1167 
 ULSTER_SCEP 0.1631 0.0075 0.1121 0.0655 0.2776 0.3334 0.0408 
 UMATILLA_RU 0.0802 0.0302 0.1528 0.0468 0.2793 0.0352 0.3755 
 VALES_EMERA 0.2709 0.3624 0.0163 0.0347 0.1608 0.0552 0.0997 
 VALES_EVERE 0.3463 0.0117 0.0139 0.3095 0.1225 0.0551 0.1409 
 VALES_RUSSE 0.0835 0.1609 0.0563 0.0183 0.0264 0.4476 0.2071 
 VALES_SOVER 0.0880 0.0157 0.0176 0.5693 0.3016 0.0048 0.0030 
       VALOR 0.2571 0.0076 0.0649 0.3951 0.2658 0.0065 0.0030 
    VAN_GOGH 0.1030 0.1099 0.4978 0.0114 0.0755 0.0413 0.1611 
     VANTAGE 0.0028 0.0096 0.3715 0.0887 0.0209 0.2294 0.2770 
       VERDI 0.0206 0.2703 0.3012 0.0821 0.0983 0.0198 0.2076 
    VICTORIA 0.0975 0.1617 0.4102 0.0177 0.0261 0.2578 0.0289 
     VIVALDI 0.0171 0.1131 0.4768 0.1229 0.0037 0.2481 0.0183 
       WILJA 0.0020 0.0021 0.5477 0.1185 0.0181 0.1375 0.1739 
     WINSTON 0.2025 0.1663 0.0080 0.1847 0.3730 0.0618 0.0036 
      XD2-21 0.1612 0.0591 0.0767 0.2044 0.0562 0.2679 0.1744 
  YUKON_GOLD 0.2734 0.2376 0.0656 0.0073 0.1204 0.2916 0.0042 
       ZORBA 0.0412 0.0090 0.4273 0.1212 0.0109 0.2432 0.1471 
