  00C133-020 0.0243 0.2762 0.0101 0.2489 0.0099 0.0255 0.4050 
 01C_071-002 0.1514 0.2568 0.1406 0.0230 0.0392 0.2020 0.1870 
 02M_012-001 0.1703 0.0563 0.0810 0.1716 0.0048 0.0315 0.4845 
 03M_016-002 0.3319 0.0190 0.0465 0.0107 0.2251 0.0065 0.3602 
 03M_034-002 0.2001 0.0724 0.0029 0.2976 0.0064 0.0624 0.3583 
 04C_055-004 0.0539 0.0331 0.2754 0.0833 0.0637 0.0443 0.4464 
 04C_126-005 0.1154 0.2879 0.0162 0.2390 0.0119 0.1248 0.2050 
 04M_034-013 0.2177 0.0071 0.0762 0.1156 0.1449 0.0326 0.4059 
 05M_002-001 0.1049 0.0566 0.1914 0.0624 0.1552 0.3011 0.1284 
 05M_004-003 0.0085 0.1624 0.0743 0.1732 0.0836 0.3594 0.1385 
 05M_012-004 0.0480 0.1289 0.0097 0.2765 0.1809 0.2679 0.0880 
 06C_127-002 0.0384 0.0748 0.2249 0.4099 0.0796 0.0103 0.1620 
 12288_AF_23 0.0073 0.2031 0.1306 0.1814 0.1020 0.0187 0.3568 
    12601AB1 0.4406 0.0046 0.0025 0.3363 0.0022 0.0044 0.2094 
   12636_A_2 0.1884 0.1118 0.0038 0.2873 0.0535 0.0066 0.3485 
  15119_AC_5 0.1842 0.5152 0.0021 0.0048 0.0227 0.0133 0.2577 
     1512C16 0.2264 0.1496 0.0946 0.1456 0.3065 0.0709 0.0063 
   15144_A_3 0.0438 0.6347 0.2424 0.0532 0.0050 0.0073 0.0136 
     1563C14 0.4344 0.0698 0.2330 0.0076 0.0793 0.1580 0.0179 
     2182EF7 0.0528 0.2368 0.0140 0.2919 0.2597 0.1261 0.0187 
     3681AD1 0.0768 0.2539 0.0233 0.1505 0.0661 0.3884 0.0409 
     5008AB6 0.1309 0.2017 0.1150 0.2614 0.0077 0.2783 0.0051 
    8204_A_4 0.0364 0.2366 0.0493 0.3936 0.1247 0.1148 0.0445 
       AGRIA 0.0282 0.0040 0.3257 0.0706 0.1050 0.4221 0.0444 
       AILSA 0.0967 0.0078 0.1718 0.2185 0.0476 0.0045 0.4532 
      ALMERA 0.0137 0.0326 0.2436 0.0130 0.2218 0.3873 0.0879 
       ALPHA 0.2298 0.0556 0.1256 0.0585 0.1000 0.3875 0.0432 
      ALWARA 0.0450 0.3177 0.2899 0.0227 0.0246 0.2593 0.0408 
      AMADRA 0.1637 0.0143 0.2267 0.1140 0.0198 0.2919 0.1696 
       AMOUR 0.0322 0.4050 0.0320 0.1568 0.0247 0.0136 0.3357 
        ANNA 0.1404 0.6410 0.0022 0.1524 0.0348 0.0199 0.0094 
   ANNABELLE 0.0308 0.0121 0.3471 0.0952 0.0668 0.4362 0.0118 
        ANYA 0.2119 0.0738 0.3910 0.1522 0.0783 0.0814 0.0114 
       ARGOS 0.0062 0.5106 0.0591 0.0257 0.0811 0.0720 0.2453 
     ARIELLE 0.0820 0.1056 0.3423 0.0056 0.1408 0.2919 0.0319 
      ARKULA 0.1303 0.0890 0.1201 0.1028 0.0910 0.4587 0.0082 
      ARMADA 0.1253 0.0687 0.1499 0.0384 0.1138 0.3786 0.1254 
   AVALANCHE 0.0107 0.0979 0.0222 0.0167 0.1642 0.2403 0.4480 
     BAILLIE 0.0113 0.1382 0.0932 0.0823 0.0854 0.1317 0.4580 
    BALMORAL 0.0236 0.3984 0.0061 0.0700 0.2440 0.2325 0.0254 
     BAMBINO 0.0166 0.2208 0.0734 0.1537 0.0286 0.0698 0.4372 
       BARNA 0.0552 0.4094 0.2232 0.1330 0.0502 0.0724 0.0567 
 BELLE_DE_FO 0.8124 0.0878 0.0090 0.0020 0.0771 0.0091 0.0027 
       BENOL 0.1832 0.0044 0.0067 0.3064 0.0054 0.0697 0.4240 
       BF_15 0.6890 0.0678 0.0796 0.0043 0.0315 0.1242 0.0037 
      BINTJE 0.3114 0.0922 0.0980 0.0234 0.1942 0.2085 0.0723 
 BIONICA_EX_ 0.1608 0.0999 0.0252 0.2978 0.0621 0.3213 0.0329 
 BLUE_DANUBE 0.1478 0.1471 0.0089 0.0055 0.1433 0.5248 0.0226 
      BONNIE 0.0298 0.1647 0.1240 0.2153 0.0861 0.2050 0.1750 
      BOUNTY 0.0162 0.2479 0.0411 0.1743 0.0288 0.1045 0.3872 
 BRITISH_QUE 0.3445 0.0489 0.0042 0.0020 0.4373 0.1357 0.0273 
     BRODICK 0.0267 0.0090 0.0655 0.5554 0.0137 0.0311 0.2986 
      BRODIE 0.0940 0.4736 0.0192 0.1914 0.1935 0.0066 0.0216 
      BUCHAN 0.0537 0.4106 0.1354 0.2040 0.1226 0.0032 0.0704 
      BURREN 0.1199 0.4429 0.1531 0.1164 0.0150 0.1085 0.0442 
     CABARET 0.2547 0.0575 0.0058 0.1321 0.0720 0.0109 0.4670 
      CAESAR 0.0029 0.0558 0.2691 0.1911 0.0851 0.3851 0.0109 
        CARA 0.0582 0.6634 0.0177 0.1589 0.0116 0.0126 0.0775 
 CARLINGFORD 0.0205 0.1568 0.1514 0.2311 0.3196 0.0502 0.0704 
  CASABLANCA 0.0027 0.2354 0.0033 0.1195 0.1112 0.2508 0.2770 
      CELINE 0.1011 0.1824 0.0133 0.1796 0.0179 0.4681 0.0377 
  CHALLENGER 0.0920 0.0040 0.1960 0.0928 0.1724 0.2805 0.1624 
   CHARLOTTE 0.1501 0.0134 0.5029 0.2822 0.0057 0.0175 0.0282 
     CHICAGO 0.0586 0.0131 0.1695 0.0885 0.0062 0.2021 0.4620 
   CHIEFTAIN 0.0831 0.0635 0.2625 0.2121 0.3641 0.0053 0.0094 
      CHOPIN 0.0246 0.0196 0.1709 0.1275 0.2280 0.4121 0.0174 
      CLARET 0.0375 0.6028 0.1382 0.0891 0.0355 0.0074 0.0894 
      CORINE 0.0871 0.1757 0.0047 0.1322 0.1516 0.2989 0.1497 
      COSMOS 0.0452 0.0173 0.0843 0.0501 0.2208 0.4612 0.1211 
     COURAGE 0.1065 0.1158 0.1305 0.1206 0.1519 0.3387 0.0359 
     COURLAN 0.0560 0.1464 0.3007 0.1220 0.2563 0.0445 0.0740 
 CRAIGS_ROYA 0.0542 0.3582 0.0591 0.1341 0.2147 0.0039 0.1758 
 CRAIGS_SNOW 0.2590 0.0981 0.1100 0.0089 0.3303 0.0170 0.1767 
     CRAMOND 0.0119 0.0251 0.0061 0.3757 0.0625 0.1745 0.3444 
 CRISPS_FOR_ 0.0578 0.0561 0.2774 0.1240 0.1367 0.2748 0.0733 
    CROMWELL 0.1998 0.0887 0.0554 0.0040 0.0051 0.0146 0.6324 
       D22/1 0.1422 0.1234 0.0072 0.0039 0.1514 0.0254 0.5466 
       D23/3 0.2701 0.0323 0.0885 0.0204 0.1901 0.0167 0.3818 
      D47-11 0.2246 0.0162 0.0064 0.0077 0.0156 0.0305 0.6991 
       D49/1 0.1404 0.0030 0.0568 0.0240 0.0113 0.0190 0.7455 
       DAISY 0.1988 0.0068 0.1091 0.1069 0.0163 0.1449 0.4172 
 DARK_RED_NO 0.0818 0.1207 0.2440 0.0859 0.4099 0.0222 0.0355 
     DARWINA 0.1020 0.0180 0.1556 0.0123 0.1888 0.4049 0.1184 
     DESIREE 0.1421 0.2804 0.3468 0.0136 0.0654 0.1484 0.0033 
       DITTA 0.1225 0.0196 0.3299 0.0082 0.1908 0.3022 0.0269 
 DR._MCINTOS 0.0285 0.0826 0.0322 0.2227 0.5076 0.0880 0.0385 
       DRAGA 0.0058 0.0646 0.0599 0.1277 0.3195 0.2948 0.1278 
 DUKE_OF_YOR 0.3357 0.0069 0.0039 0.0039 0.3997 0.2467 0.0031 
 DUNBAR_STAN 0.2211 0.0799 0.0541 0.0133 0.4526 0.0060 0.1730 
     DUNDROD 0.1332 0.0880 0.1715 0.0800 0.0737 0.0073 0.4462 
     ECLIPSE 0.3758 0.0024 0.2003 0.1039 0.2992 0.0036 0.0149 
        EDEN 0.1936 0.0054 0.0051 0.1987 0.0112 0.0057 0.5804 
 EDZELL_BLUE 0.3241 0.1359 0.1001 0.0981 0.1332 0.1814 0.0271 
   ELISABETH 0.0102 0.0087 0.3437 0.2409 0.0562 0.2614 0.0789 
     EMPEROR 0.0090 0.0062 0.2379 0.1725 0.3060 0.1188 0.1496 
         EOS 0.0162 0.0179 0.2743 0.2051 0.1467 0.1339 0.2058 
     EPICURE 0.3558 0.0151 0.1387 0.1286 0.3194 0.0367 0.0058 
  ERNTESTOLZ 0.2334 0.0534 0.1697 0.0505 0.2077 0.2598 0.0254 
      ESCORT 0.0172 0.0408 0.2463 0.2019 0.0112 0.3846 0.0980 
   ESMERALDA 0.1662 0.0747 0.1585 0.1770 0.0212 0.3102 0.0923 
      ESTIMA 0.0700 0.0079 0.1883 0.0795 0.2197 0.3114 0.1232 
 EVE_BALFOUR 0.2304 0.3423 0.0102 0.2389 0.0721 0.0258 0.0802 
   EXCALIBUR 0.0036 0.3097 0.0189 0.2707 0.0038 0.0322 0.3610 
     EXQUISA 0.1678 0.1285 0.3858 0.0312 0.0071 0.2757 0.0040 
    FESTIVAL 0.0085 0.0153 0.2467 0.1705 0.0362 0.4251 0.0978 
      FIANNA 0.0086 0.1747 0.0865 0.1074 0.2271 0.3645 0.0313 
   FIFTYFOLD 0.5284 0.0756 0.1470 0.0383 0.1378 0.0139 0.0591 
     FONTANE 0.0168 0.0061 0.2252 0.0609 0.1550 0.3571 0.1789 
   FORTYFOLD 0.5386 0.0169 0.0046 0.0068 0.1931 0.2364 0.0036 
 FRONTIER_RU 0.1172 0.0091 0.2566 0.0770 0.4413 0.0134 0.0853 
     G.81071 0.0845 0.1298 0.0491 0.2977 0.1995 0.1543 0.0850 
     G.88661 0.0051 0.0100 0.0895 0.2730 0.3183 0.1533 0.1507 
    G.886611 0.0035 0.0180 0.1778 0.3574 0.2740 0.0329 0.1364 
  G.8867Y%12 0.0049 0.0995 0.1751 0.2708 0.3405 0.0889 0.0203 
     G.88839 0.0226 0.0053 0.4482 0.1197 0.0040 0.3953 0.0049 
     G.88842 0.0113 0.0893 0.2136 0.1523 0.1228 0.4031 0.0078 
   GALACTICA 0.1520 0.3950 0.0118 0.0032 0.1091 0.3172 0.0116 
      GEMSON 0.1276 0.2579 0.0825 0.1393 0.2809 0.0145 0.0973 
  GL.76B/102 0.3208 0.0060 0.2395 0.0109 0.1303 0.1278 0.1648 
   GL.76B/94 0.5238 0.1425 0.0437 0.0040 0.0202 0.2621 0.0037 
  GL.77M/106 0.1899 0.1983 0.1455 0.3223 0.0077 0.0062 0.1300 
   GL.78/166 0.5789 0.0536 0.0331 0.0026 0.1152 0.1499 0.0666 
    GL.78/53 0.5240 0.0070 0.1617 0.1466 0.0061 0.0048 0.1499 
    GL.78/97 0.5673 0.0294 0.1410 0.0505 0.0275 0.0826 0.1016 
    GL.79/42 0.5380 0.0055 0.1897 0.1076 0.0038 0.0342 0.1211 
    GL.79/45 0.5705 0.0830 0.1534 0.1025 0.0043 0.0367 0.0497 
 GL.81_NT_25 0.3365 0.0515 0.0056 0.0038 0.0098 0.0501 0.5427 
   GLADIATOR 0.0063 0.1421 0.2789 0.1244 0.1650 0.2024 0.0808 
      GLAMIS 0.0167 0.0378 0.1832 0.0946 0.1632 0.0879 0.4166 
 GOLDEN_MILL 0.1054 0.0504 0.0101 0.4983 0.0074 0.0487 0.2797 
 GOLDEN_NUGG 0.0382 0.1867 0.0161 0.2734 0.0082 0.4576 0.0198 
 GOLDEN_WOND 0.5534 0.0304 0.1199 0.0646 0.1365 0.0754 0.0197 
     GRANOLA 0.1094 0.0133 0.4447 0.2500 0.0052 0.1398 0.0376 
    H1H3_101 0.2907 0.0054 0.0036 0.0022 0.0091 0.0038 0.6851 
      H1H3_3 0.1538 0.0259 0.0085 0.1946 0.1569 0.0861 0.3742 
 HARBOROUGH_ 0.0082 0.0033 0.0045 0.5007 0.0086 0.0206 0.4542 
   HARLEQUIN 0.1710 0.0787 0.4567 0.1817 0.0101 0.0209 0.0809 
      HERMES 0.0962 0.2313 0.3164 0.0034 0.0575 0.2191 0.0761 
 HIGHLAND_BU 0.7934 0.0032 0.0025 0.0690 0.0141 0.1126 0.0052 
  HOME_GUARD 0.2070 0.1149 0.0533 0.1958 0.2736 0.0245 0.1308 
     HORIZON 0.2384 0.0913 0.0607 0.0227 0.0277 0.4563 0.1028 
   INNOVATOR 0.1369 0.0644 0.0032 0.0189 0.4660 0.3043 0.0063 
 INTERNATION 0.8483 0.0103 0.0043 0.0036 0.0866 0.0413 0.0056 
 ISLE_OF_JUR 0.1182 0.1450 0.0905 0.1084 0.0458 0.0790 0.4130 
    JULIETTE 0.0588 0.0106 0.5335 0.1475 0.0066 0.2335 0.0095 
     KARLENA 0.1712 0.2481 0.0306 0.0041 0.2526 0.2402 0.0533 
 KERR'S_PINK 0.4154 0.0668 0.0508 0.0570 0.3341 0.0063 0.0697 
     KESTREL 0.0054 0.3814 0.1319 0.1530 0.0147 0.0039 0.3097 
       KIFLI 0.1923 0.0121 0.4984 0.1293 0.0076 0.0836 0.0767 
 KING_EDWARD 0.6983 0.0026 0.1130 0.0178 0.1227 0.0044 0.0411 
    KINGSTON 0.1848 0.0408 0.0070 0.2671 0.0041 0.1274 0.3688 
 KUFRI_CHAND 0.1392 0.0762 0.1272 0.0450 0.3907 0.1123 0.1093 
 KUFRI_JYOTI 0.1450 0.2513 0.0439 0.2610 0.0512 0.2418 0.0057 
      KURODA 0.0119 0.1324 0.1513 0.0099 0.1786 0.4634 0.0525 
 LADY_BALFOU 0.1398 0.3452 0.0148 0.1522 0.1377 0.0601 0.1503 
 LADY_CHRIST 0.2877 0.0325 0.0572 0.0834 0.0557 0.4347 0.0488 
 LADY_CLAIRE 0.2148 0.0170 0.0164 0.0025 0.0383 0.6999 0.0111 
     LADY_JO 0.2814 0.0094 0.0023 0.0026 0.1050 0.5746 0.0246 
 LADY_ROSETT 0.1339 0.0690 0.1099 0.1126 0.1260 0.3439 0.1047 
    LIBERTAS 0.3028 0.1484 0.0022 0.0027 0.0065 0.5329 0.0046 
       LINDA 0.2133 0.0543 0.5496 0.0533 0.0084 0.1163 0.0047 
      LINTON 0.0186 0.1613 0.2874 0.0093 0.1816 0.1531 0.1887 
 LINZER_DELI 0.1991 0.0179 0.3810 0.1357 0.0429 0.2149 0.0086 
   LIONHEART 0.0316 0.0704 0.0703 0.1234 0.1963 0.4760 0.0319 
   MADELEINE 0.0843 0.0267 0.3077 0.1743 0.0073 0.3696 0.0302 
   MADINGLEY 0.0345 0.2071 0.3737 0.0182 0.0729 0.1457 0.1479 
    MAJESTIC 0.0348 0.0999 0.0737 0.1879 0.5086 0.0816 0.0135 
     MARABEL 0.0087 0.0214 0.2901 0.0945 0.0955 0.4796 0.0102 
     MARFONA 0.1378 0.0613 0.0262 0.0202 0.1752 0.4663 0.1129 
     MARILYN 0.0978 0.1139 0.3161 0.1350 0.0431 0.2858 0.0084 
 MARIS_ANCHO 0.1687 0.0240 0.1646 0.0892 0.2242 0.2731 0.0562 
  MARIS_BARD 0.1012 0.0722 0.0015 0.0610 0.2649 0.2578 0.2412 
  MARIS_PEER 0.1205 0.1876 0.1080 0.0940 0.3310 0.0078 0.1511 
 MARIS_PIPER 0.1207 0.0086 0.0202 0.0161 0.0051 0.0194 0.8098 
     MARKIES 0.1258 0.0629 0.2953 0.0301 0.0276 0.4373 0.0211 
      MAXINE 0.0076 0.1181 0.1196 0.0871 0.2703 0.0077 0.3896 
      MEGARA 0.0817 0.0315 0.2661 0.0887 0.0114 0.4748 0.0458 
      MELODY 0.1645 0.1492 0.1652 0.0592 0.0197 0.3679 0.0743 
       MIDAS 0.1116 0.0073 0.2190 0.0219 0.0045 0.1495 0.4861 
       MILVA 0.1948 0.0223 0.2780 0.1236 0.0240 0.3485 0.0088 
        MIMI 0.1162 0.1242 0.0140 0.2048 0.0055 0.3029 0.2325 
        MIRA 0.2286 0.0639 0.0073 0.0096 0.0797 0.5998 0.0112 
       MOIRA 0.1283 0.1380 0.1886 0.1115 0.1356 0.2645 0.0334 
    MONTROSE 0.2477 0.0060 0.0053 0.3635 0.0026 0.0048 0.3701 
       MORAG 0.1908 0.2118 0.0071 0.3149 0.1756 0.0324 0.0674 
      MORENE 0.1695 0.1070 0.0090 0.0087 0.1256 0.5771 0.0033 
      MOZART 0.0023 0.0061 0.3049 0.2883 0.0199 0.3695 0.0090 
 MYATT'S_ASH 0.7121 0.0107 0.0085 0.0024 0.1043 0.1576 0.0044 
      NADINE 0.0072 0.1025 0.2076 0.2024 0.0634 0.0405 0.3765 
       NAVAN 0.0312 0.0493 0.0449 0.1065 0.0890 0.0246 0.6543 
 NDTX_4271_5 0.0103 0.0092 0.3185 0.2612 0.2616 0.0035 0.1356 
      NICOLA 0.1713 0.0087 0.4766 0.0054 0.0498 0.2833 0.0048 
     NOVELLA 0.0337 0.1568 0.1677 0.1381 0.0910 0.3891 0.0235 
     OLYMPUS 0.1253 0.0497 0.0995 0.3943 0.1357 0.0103 0.1851 
       OPERA 0.0140 0.1161 0.2016 0.1478 0.0873 0.3468 0.0864 
   ORCHESTRA 0.0761 0.0282 0.3275 0.1012 0.0162 0.3330 0.1179 
      ORIANA 0.0549 0.1776 0.1472 0.0067 0.2103 0.3991 0.0042 
     OTHELLO 0.0066 0.5232 0.1087 0.1404 0.1096 0.0036 0.1079 
     PALADIN 0.1955 0.0071 0.0047 0.0749 0.0616 0.0248 0.6314 
       PANDA 0.0223 0.0592 0.5363 0.0938 0.0082 0.1937 0.0866 
   PARAMOUNT 0.0683 0.4268 0.1227 0.1603 0.0286 0.1869 0.0064 
    PATRONES 0.1739 0.0529 0.1619 0.0118 0.2120 0.3092 0.0782 
 PENTLAND_AC 0.1358 0.1711 0.1283 0.1031 0.1883 0.1380 0.1354 
 PENTLAND_BE 0.4003 0.1824 0.0048 0.0053 0.2971 0.0900 0.0201 
 PENTLAND_CR 0.1058 0.0898 0.0035 0.3378 0.1391 0.3051 0.0188 
 PENTLAND_DE 0.2385 0.1657 0.0172 0.2875 0.2535 0.0291 0.0085 
 PENTLAND_IV 0.0551 0.1329 0.1661 0.2821 0.3314 0.0043 0.0280 
 PENTLAND_JA 0.0726 0.0493 0.0136 0.1999 0.4210 0.2205 0.0231 
 PENTLAND_MA 0.1023 0.2414 0.0383 0.1364 0.1214 0.3547 0.0054 
 PENTLAND_SQ 0.1932 0.0803 0.0132 0.3481 0.2122 0.1414 0.0117 
   PEPO_1978 0.1287 0.0214 0.3524 0.0530 0.0396 0.3041 0.1008 
     PICASSO 0.0027 0.5002 0.0555 0.0267 0.0354 0.2370 0.1425 
   PIMPERNEL 0.2168 0.1318 0.1268 0.0885 0.0034 0.4178 0.0148 
     PIONEER 0.1746 0.0053 0.5251 0.1783 0.0153 0.0953 0.0059 
       PIXIE 0.0061 0.2389 0.1238 0.2990 0.0158 0.0590 0.2575 
    PREMIERE 0.2407 0.0138 0.0031 0.0152 0.1503 0.5209 0.0558 
   PRODUCENT 0.0977 0.0079 0.1415 0.0946 0.0566 0.4137 0.1879 
     PROVOST 0.1341 0.1494 0.0607 0.1922 0.2788 0.1733 0.0114 
  R.P.LUSTRE 0.2207 0.0294 0.2336 0.1826 0.1817 0.0087 0.1434 
 RANGER_RUSS 0.1836 0.1165 0.0787 0.0025 0.5399 0.0756 0.0032 
       RATTE 0.4939 0.0069 0.1605 0.2190 0.0358 0.0092 0.0748 
      RECORD 0.2910 0.1017 0.0113 0.0037 0.0089 0.5773 0.0062 
   REMBRANDT 0.1267 0.0077 0.1100 0.0912 0.1642 0.4138 0.0863 
    RIO_ROJO 0.0493 0.1464 0.2267 0.1708 0.3213 0.0492 0.0362 
      ROBIJN 0.3058 0.0802 0.0706 0.0032 0.0182 0.5176 0.0044 
      ROCKET 0.1626 0.0534 0.0143 0.1657 0.1248 0.0198 0.4594 
   RODE_STAR 0.4027 0.0419 0.2360 0.0080 0.0018 0.2983 0.0113 
      ROMANO 0.0175 0.2958 0.1726 0.1596 0.0093 0.3334 0.0117 
       ROMEO 0.2003 0.2802 0.2497 0.2108 0.0462 0.0060 0.0068 
     ROOSTER 0.1394 0.1742 0.0324 0.3200 0.1332 0.1915 0.0093 
       ROYAL 0.0910 0.0659 0.3329 0.0127 0.0079 0.1477 0.3419 
 ROYAL_KIDNE 0.3707 0.0246 0.0033 0.0127 0.5220 0.0633 0.0034 
     RUBESSE 0.0694 0.0994 0.2768 0.1627 0.1616 0.2165 0.0135 
 RUSSET_BURB 0.1094 0.0409 0.1332 0.0760 0.5440 0.0807 0.0158 
 RUSSET_NORK 0.0246 0.0060 0.2721 0.1069 0.5640 0.0030 0.0233 
      SAFARI 0.0211 0.1550 0.0457 0.2254 0.0416 0.5039 0.0074 
     SANTANA 0.0827 0.0609 0.1149 0.0366 0.1954 0.3714 0.1382 
       SANTE 0.1171 0.0459 0.0485 0.2140 0.0099 0.4788 0.0858 
     SAPHIRE 0.0048 0.0207 0.0408 0.1752 0.2569 0.4587 0.0429 
  SARPO_MIRA 0.1665 0.1736 0.4264 0.0093 0.0090 0.1482 0.0671 
 SARPO_SHONA 0.0975 0.1639 0.3940 0.0293 0.0078 0.2593 0.0483 
       SASSY 0.2163 0.0761 0.1560 0.0537 0.1467 0.2693 0.0820 
     SATURNA 0.2730 0.0108 0.2629 0.0042 0.0049 0.4009 0.0433 
        SAVA 0.0297 0.0191 0.3751 0.0627 0.1558 0.2354 0.1222 
       SAXON 0.1278 0.0407 0.0128 0.2568 0.0179 0.0744 0.4695 
 SCARBOROUGH 0.0482 0.0028 0.0078 0.4098 0.0054 0.0040 0.5219 
 SEFTON_WOND 0.4050 0.0444 0.0047 0.1307 0.3133 0.0089 0.0930 
    SERAFINA 0.1391 0.0899 0.3750 0.1619 0.0119 0.2186 0.0036 
     SETANTA 0.0800 0.1180 0.0423 0.5014 0.0480 0.1132 0.0973 
 SHARPE'S_EX 0.5822 0.0258 0.1178 0.0127 0.1209 0.0417 0.0990 
     SHELAGH 0.2762 0.2485 0.0468 0.1324 0.0193 0.1493 0.1274 
    SHELFORD 0.1518 0.2431 0.3383 0.0026 0.0807 0.1412 0.0422 
     SHEPODY 0.1565 0.1756 0.0023 0.0073 0.4185 0.2328 0.0071 
      SLANEY 0.0079 0.3732 0.1328 0.1950 0.0502 0.0107 0.2302 
        SPEY 0.0033 0.4231 0.0651 0.2182 0.0145 0.0571 0.2186 
      SPUNTA 0.2078 0.1540 0.3116 0.1687 0.0346 0.0584 0.0649 
     STAMINA 0.0023 0.2236 0.0113 0.0436 0.0689 0.0352 0.6151 
    STEMSTER 0.1617 0.1257 0.1824 0.0138 0.0293 0.1772 0.3100 
 STORMONT_EN 0.1694 0.1653 0.0643 0.0255 0.1266 0.2722 0.1767 
    STIRLING 0.0091 0.2390 0.0146 0.3702 0.1525 0.1592 0.0554 
     SYLVANA 0.0401 0.0930 0.1977 0.0784 0.2329 0.2624 0.0954 
         TAY 0.0196 0.1619 0.0448 0.4881 0.0195 0.0245 0.2416 
      TIMATE 0.0466 0.0057 0.3716 0.0704 0.0472 0.3411 0.1175 
      TOLUCA 0.0363 0.1705 0.3195 0.0690 0.0813 0.3185 0.0048 
    TORRIDON 0.1195 0.2460 0.0562 0.1550 0.0557 0.3466 0.0210 
 ULSTER_SCEP 0.0368 0.0696 0.0067 0.1599 0.3310 0.1169 0.2791 
 UMATILLA_RU 0.3730 0.0454 0.0361 0.0717 0.0398 0.1506 0.2834 
 VALES_EMERA 0.0981 0.0405 0.3633 0.2689 0.0451 0.0167 0.1673 
 VALES_EVERE 0.1432 0.3014 0.0110 0.3419 0.0562 0.0179 0.1284 
 VALES_RUSSE 0.2061 0.0204 0.1618 0.0882 0.4480 0.0543 0.0212 
 VALES_SOVER 0.0035 0.5707 0.0125 0.0887 0.0059 0.0187 0.2999 
       VALOR 0.0028 0.3892 0.0066 0.2556 0.0060 0.0702 0.2695 
    VAN_GOGH 0.1619 0.0105 0.1130 0.1001 0.0396 0.4993 0.0756 
     VANTAGE 0.2776 0.0914 0.0098 0.0023 0.2259 0.3697 0.0232 
       VERDI 0.2054 0.0785 0.2722 0.0230 0.0238 0.2953 0.1018 
    VICTORIA 0.0291 0.0156 0.1652 0.0993 0.2586 0.4097 0.0226 
     VIVALDI 0.0187 0.1220 0.1084 0.0225 0.2453 0.4795 0.0036 
       WILJA 0.1767 0.1200 0.0023 0.0017 0.1328 0.5500 0.0165 
     WINSTON 0.0032 0.1875 0.1593 0.2015 0.0658 0.0078 0.3748 
      XD2-21 0.1701 0.2004 0.0486 0.1607 0.2675 0.0887 0.0641 
  YUKON_GOLD 0.0037 0.0086 0.2367 0.2696 0.2888 0.0712 0.1214 
       ZORBA 0.1477 0.1170 0.0093 0.0435 0.2398 0.4331 0.0094 
