  00C133-020 0.0263 0.0210 0.2562 0.4006 0.0132 0.0096 0.2730 
 01C_071-002 0.1947 0.1511 0.0287 0.1866 0.0399 0.1428 0.2562 
 02M_012-001 0.0236 0.1665 0.1743 0.4839 0.0040 0.0878 0.0597 
 03M_016-002 0.0048 0.3325 0.0112 0.3639 0.2279 0.0451 0.0147 
 03M_034-002 0.0683 0.1984 0.3039 0.3563 0.0072 0.0025 0.0634 
 04C_055-004 0.0393 0.0553 0.0904 0.4425 0.0617 0.2770 0.0337 
 04C_126-005 0.1204 0.1146 0.2418 0.2049 0.0109 0.0205 0.2868 
 04M_034-013 0.0408 0.2146 0.1189 0.4041 0.1425 0.0727 0.0065 
 05M_002-001 0.2980 0.0976 0.0615 0.1327 0.1628 0.1940 0.0535 
 05M_004-003 0.3569 0.0074 0.1775 0.1386 0.0828 0.0730 0.1639 
 05M_012-004 0.2608 0.0478 0.2811 0.0916 0.1836 0.0091 0.1260 
 06C_127-002 0.0085 0.0390 0.4171 0.1566 0.0832 0.2250 0.0706 
 12288_AF_23 0.0220 0.0068 0.1855 0.3507 0.1036 0.1316 0.1998 
    12601AB1 0.0037 0.4402 0.3360 0.2105 0.0025 0.0029 0.0042 
   12636_A_2 0.0077 0.1892 0.2914 0.3492 0.0475 0.0040 0.1108 
  15119_AC_5 0.0148 0.1845 0.0060 0.2558 0.0239 0.0020 0.5130 
     1512C16 0.0784 0.2238 0.1476 0.0079 0.3087 0.0904 0.1432 
   15144_A_3 0.0076 0.0480 0.0618 0.0115 0.0050 0.2402 0.6259 
     1563C14 0.1543 0.4314 0.0097 0.0182 0.0821 0.2329 0.0713 
     2182EF7 0.1238 0.0589 0.2960 0.0154 0.2609 0.0128 0.2322 
     3681AD1 0.3808 0.0748 0.1515 0.0420 0.0767 0.0209 0.2533 
     5008AB6 0.2726 0.1316 0.2647 0.0066 0.0080 0.1166 0.1999 
    8204_A_4 0.1169 0.0359 0.4011 0.0386 0.1231 0.0514 0.2329 
       AGRIA 0.4167 0.0311 0.0696 0.0456 0.1101 0.3233 0.0035 
       AILSA 0.0043 0.0941 0.2243 0.4518 0.0497 0.1687 0.0070 
      ALMERA 0.3810 0.0156 0.0120 0.0873 0.2243 0.2441 0.0356 
       ALPHA 0.3813 0.2284 0.0587 0.0391 0.1081 0.1266 0.0578 
      ALWARA 0.2505 0.0518 0.0246 0.0378 0.0258 0.2915 0.3179 
      AMADRA 0.2878 0.1604 0.1149 0.1669 0.0275 0.2240 0.0184 
       AMOUR 0.0140 0.0350 0.1638 0.3326 0.0256 0.0292 0.3998 
        ANNA 0.0185 0.1411 0.1604 0.0102 0.0370 0.0023 0.6304 
   ANNABELLE 0.4298 0.0328 0.0975 0.0084 0.0761 0.3445 0.0109 
        ANYA 0.0856 0.2114 0.1542 0.0112 0.0821 0.3866 0.0690 
       ARGOS 0.0651 0.0063 0.0260 0.2463 0.0884 0.0610 0.5069 
     ARIELLE 0.2862 0.0848 0.0061 0.0327 0.1443 0.3384 0.1075 
      ARKULA 0.4493 0.1316 0.0995 0.0087 0.0892 0.1267 0.0950 
      ARMADA 0.3724 0.1229 0.0382 0.1248 0.1161 0.1509 0.0746 
   AVALANCHE 0.2381 0.0094 0.0144 0.4503 0.1698 0.0226 0.0953 
     BAILLIE 0.1285 0.0116 0.0862 0.4556 0.0822 0.0966 0.1392 
    BALMORAL 0.2268 0.0214 0.0779 0.0262 0.2477 0.0066 0.3934 
     BAMBINO 0.0743 0.0187 0.1566 0.4340 0.0268 0.0728 0.2167 
       BARNA 0.0690 0.0608 0.1385 0.0586 0.0470 0.2220 0.4042 
 BELLE_DE_FO 0.0084 0.8095 0.0022 0.0033 0.0768 0.0078 0.0920 
       BENOL 0.0724 0.1817 0.3088 0.4215 0.0047 0.0073 0.0037 
       BF_15 0.1238 0.6860 0.0047 0.0032 0.0339 0.0789 0.0695 
      BINTJE 0.2040 0.3114 0.0259 0.0738 0.1972 0.0955 0.0922 
 BIONICA_EX_ 0.3209 0.1552 0.3018 0.0309 0.0666 0.0233 0.1014 
 BLUE_DANUBE 0.5153 0.1460 0.0051 0.0230 0.1489 0.0104 0.1513 
      BONNIE 0.2008 0.0296 0.2216 0.1734 0.0906 0.1238 0.1603 
      BOUNTY 0.1091 0.0175 0.1794 0.3825 0.0288 0.0398 0.2428 
 BRITISH_QUE 0.1366 0.3451 0.0020 0.0306 0.4336 0.0042 0.0479 
     BRODICK 0.0361 0.0233 0.5594 0.2953 0.0137 0.0649 0.0073 
      BRODIE 0.0061 0.0949 0.1980 0.0218 0.1956 0.0172 0.4663 
      BUCHAN 0.0030 0.0565 0.2112 0.0664 0.1250 0.1352 0.4029 
      BURREN 0.1067 0.1226 0.1243 0.0410 0.0167 0.1502 0.4384 
     CABARET 0.0096 0.2527 0.1340 0.4692 0.0720 0.0062 0.0563 
      CAESAR 0.3805 0.0026 0.1922 0.0099 0.0868 0.2707 0.0572 
        CARA 0.0158 0.0555 0.1699 0.0724 0.0128 0.0180 0.6556 
 CARLINGFORD 0.0555 0.0214 0.2359 0.0586 0.3229 0.1488 0.1568 
  CASABLANCA 0.2445 0.0027 0.1253 0.2772 0.1139 0.0034 0.2331 
      CELINE 0.4588 0.1041 0.1812 0.0380 0.0201 0.0133 0.1846 
  CHALLENGER 0.2839 0.0892 0.0917 0.1615 0.1766 0.1927 0.0045 
   CHARLOTTE 0.0153 0.1514 0.2852 0.0265 0.0060 0.5051 0.0105 
     CHICAGO 0.2022 0.0523 0.0902 0.4631 0.0071 0.1719 0.0132 
   CHIEFTAIN 0.0061 0.0782 0.2174 0.0113 0.3663 0.2620 0.0586 
      CHOPIN 0.4095 0.0253 0.1277 0.0179 0.2288 0.1694 0.0214 
      CLARET 0.0079 0.0414 0.1027 0.0816 0.0411 0.1308 0.5945 
      CORINE 0.2991 0.0871 0.1283 0.1551 0.1500 0.0044 0.1759 
      COSMOS 0.4524 0.0507 0.0427 0.1256 0.2208 0.0870 0.0207 
     COURAGE 0.3340 0.1075 0.1211 0.0377 0.1518 0.1337 0.1142 
     COURLAN 0.0396 0.0561 0.1209 0.0731 0.2603 0.3022 0.1477 
 CRAIGS_ROYA 0.0045 0.0571 0.1452 0.1696 0.2159 0.0529 0.3549 
 CRAIGS_SNOW 0.0155 0.2593 0.0104 0.1753 0.3321 0.1097 0.0978 
     CRAMOND 0.1728 0.0126 0.3797 0.3425 0.0609 0.0054 0.0261 
 CRISPS_FOR_ 0.2686 0.0556 0.1265 0.0762 0.1401 0.2789 0.0541 
    CROMWELL 0.0135 0.1992 0.0043 0.6318 0.0053 0.0600 0.0857 
       D22/1 0.0208 0.1420 0.0044 0.5477 0.1526 0.0072 0.1254 
       D23/3 0.0127 0.2701 0.0233 0.3827 0.1894 0.0860 0.0358 
      D47-11 0.0280 0.2190 0.0094 0.7024 0.0192 0.0061 0.0158 
       D49/1 0.0186 0.1381 0.0249 0.7468 0.0117 0.0568 0.0030 
       DAISY 0.1432 0.1970 0.1107 0.4180 0.0136 0.1097 0.0078 
 DARK_RED_NO 0.0190 0.0862 0.0913 0.0349 0.4121 0.2388 0.1177 
     DARWINA 0.3979 0.0985 0.0140 0.1201 0.1963 0.1565 0.0167 
     DESIREE 0.1445 0.1442 0.0139 0.0038 0.0669 0.3463 0.2804 
       DITTA 0.2992 0.1215 0.0085 0.0279 0.1958 0.3282 0.0190 
 DR._MCINTOS 0.0826 0.0275 0.2260 0.0432 0.5086 0.0371 0.0749 
       DRAGA 0.2886 0.0068 0.1286 0.1280 0.3231 0.0600 0.0648 
 DUKE_OF_YOR 0.2434 0.3381 0.0044 0.0036 0.3992 0.0052 0.0062 
 DUNBAR_STAN 0.0063 0.2220 0.0184 0.1711 0.4539 0.0470 0.0814 
     DUNDROD 0.0073 0.1358 0.0815 0.4449 0.0734 0.1701 0.0870 
     ECLIPSE 0.0031 0.3772 0.1126 0.0119 0.2993 0.1937 0.0024 
        EDEN 0.0062 0.1903 0.2027 0.5806 0.0099 0.0053 0.0050 
 EDZELL_BLUE 0.1804 0.3232 0.0967 0.0301 0.1315 0.1013 0.1369 
   ELISABETH 0.2562 0.0097 0.2449 0.0777 0.0626 0.3406 0.0083 
     EMPEROR 0.1136 0.0081 0.1768 0.1491 0.3078 0.2381 0.0065 
         EOS 0.1302 0.0167 0.2097 0.2050 0.1477 0.2733 0.0175 
     EPICURE 0.0366 0.3578 0.1303 0.0050 0.3204 0.1359 0.0141 
  ERNTESTOLZ 0.2538 0.2336 0.0504 0.0255 0.2082 0.1693 0.0591 
      ESCORT 0.3793 0.0152 0.2044 0.0948 0.0101 0.2481 0.0480 
   ESMERALDA 0.3042 0.1640 0.1807 0.0873 0.0226 0.1584 0.0828 
      ESTIMA 0.3111 0.0640 0.0813 0.1203 0.2250 0.1909 0.0074 
 EVE_BALFOUR 0.0205 0.2302 0.2447 0.0785 0.0760 0.0110 0.3391 
   EXCALIBUR 0.0409 0.0039 0.2763 0.3549 0.0040 0.0166 0.3035 
     EXQUISA 0.2743 0.1665 0.0320 0.0045 0.0063 0.3858 0.1307 
    FESTIVAL 0.4205 0.0093 0.1769 0.0937 0.0363 0.2486 0.0148 
      FIANNA 0.3580 0.0093 0.1117 0.0274 0.2321 0.0849 0.1766 
   FIFTYFOLD 0.0100 0.5293 0.0431 0.0539 0.1411 0.1429 0.0796 
     FONTANE 0.3508 0.0157 0.0593 0.1778 0.1628 0.2285 0.0050 
   FORTYFOLD 0.2335 0.5365 0.0055 0.0036 0.1966 0.0065 0.0179 
 FRONTIER_RU 0.0167 0.1176 0.0794 0.0839 0.4421 0.2526 0.0077 
     G.81071 0.1541 0.0837 0.3008 0.0856 0.1984 0.0507 0.1267 
     G.88661 0.1471 0.0042 0.2776 0.1493 0.3181 0.0942 0.0095 
    G.886611 0.0367 0.0035 0.3642 0.1321 0.2697 0.1746 0.0190 
  G.8867Y%12 0.0927 0.0043 0.2765 0.0212 0.3376 0.1722 0.0955 
     G.88839 0.3900 0.0205 0.1208 0.0043 0.0049 0.4546 0.0050 
     G.88842 0.3987 0.0132 0.1550 0.0065 0.1226 0.2182 0.0858 
   GALACTICA 0.3118 0.1525 0.0029 0.0143 0.1120 0.0109 0.3956 
      GEMSON 0.0150 0.1298 0.1462 0.0921 0.2827 0.0800 0.2542 
  GL.76B/102 0.1245 0.3180 0.0121 0.1654 0.1341 0.2390 0.0067 
   GL.76B/94 0.2565 0.5230 0.0048 0.0042 0.0179 0.0469 0.1467 
  GL.77M/106 0.0063 0.1908 0.3283 0.1280 0.0084 0.1457 0.1926 
   GL.78/166 0.1433 0.5751 0.0028 0.0763 0.1140 0.0335 0.0549 
    GL.78/53 0.0049 0.5228 0.1498 0.1494 0.0055 0.1604 0.0072 
    GL.78/97 0.0856 0.5622 0.0542 0.0995 0.0280 0.1385 0.0320 
    GL.79/42 0.0410 0.5357 0.1083 0.1186 0.0033 0.1868 0.0063 
    GL.79/45 0.0428 0.5698 0.1066 0.0475 0.0041 0.1475 0.0818 
 GL.81_NT_25 0.0514 0.3335 0.0046 0.5464 0.0092 0.0053 0.0497 
   GLADIATOR 0.1937 0.0056 0.1251 0.0788 0.1718 0.2806 0.1444 
      GLAMIS 0.0961 0.0153 0.0933 0.4151 0.1605 0.1835 0.0362 
 GOLDEN_MILL 0.0462 0.1094 0.5019 0.2814 0.0060 0.0103 0.0448 
 GOLDEN_NUGG 0.4542 0.0354 0.2783 0.0186 0.0085 0.0128 0.1921 
 GOLDEN_WOND 0.0779 0.5535 0.0639 0.0231 0.1326 0.1175 0.0316 
     GRANOLA 0.1431 0.1091 0.2522 0.0354 0.0057 0.4442 0.0103 
    H1H3_101 0.0041 0.2870 0.0023 0.6858 0.0106 0.0040 0.0063 
      H1H3_3 0.0808 0.1538 0.1978 0.3746 0.1567 0.0113 0.0250 
 HARBOROUGH_ 0.0219 0.0062 0.5062 0.4499 0.0076 0.0050 0.0031 
   HARLEQUIN 0.0197 0.1702 0.1812 0.0760 0.0147 0.4567 0.0815 
      HERMES 0.2146 0.0941 0.0033 0.0778 0.0632 0.3162 0.2308 
 HIGHLAND_BU 0.1068 0.7898 0.0751 0.0060 0.0164 0.0025 0.0034 
  HOME_GUARD 0.0256 0.2064 0.2012 0.1288 0.2772 0.0524 0.1084 
     HORIZON 0.4501 0.2383 0.0242 0.1007 0.0264 0.0650 0.0953 
   INNOVATOR 0.3018 0.1343 0.0163 0.0063 0.4688 0.0031 0.0694 
 INTERNATION 0.0479 0.8433 0.0029 0.0052 0.0871 0.0043 0.0093 
 ISLE_OF_JUR 0.0703 0.1227 0.1144 0.4109 0.0493 0.0861 0.1462 
    JULIETTE 0.2322 0.0586 0.1469 0.0102 0.0066 0.5360 0.0095 
     KARLENA 0.2282 0.1667 0.0032 0.0617 0.2535 0.0378 0.2489 
 KERR'S_PINK 0.0073 0.4164 0.0610 0.0725 0.3345 0.0435 0.0648 
     KESTREL 0.0033 0.0051 0.1625 0.3027 0.0205 0.1297 0.3762 
       KIFLI 0.0864 0.1899 0.1282 0.0759 0.0091 0.4974 0.0131 
 KING_EDWARD 0.0038 0.6991 0.0205 0.0419 0.1237 0.1081 0.0029 
    KINGSTON 0.1257 0.1825 0.2677 0.3675 0.0043 0.0089 0.0433 
 KUFRI_CHAND 0.1128 0.1387 0.0520 0.1097 0.3905 0.1246 0.0717 
 KUFRI_JYOTI 0.2368 0.1446 0.2666 0.0057 0.0552 0.0410 0.2501 
      KURODA 0.4522 0.0129 0.0123 0.0479 0.1861 0.1537 0.1349 
 LADY_BALFOU 0.0565 0.1408 0.1626 0.1465 0.1414 0.0115 0.3406 
 LADY_CHRIST 0.4282 0.2883 0.0844 0.0444 0.0635 0.0556 0.0356 
 LADY_CLAIRE 0.6906 0.2096 0.0025 0.0140 0.0422 0.0228 0.0184 
     LADY_JO 0.5659 0.2791 0.0027 0.0262 0.1123 0.0020 0.0119 
 LADY_ROSETT 0.3382 0.1324 0.1126 0.1079 0.1319 0.1093 0.0677 
    LIBERTAS 0.5240 0.3030 0.0025 0.0062 0.0060 0.0023 0.1559 
       LINDA 0.1230 0.2148 0.0510 0.0054 0.0090 0.5468 0.0501 
      LINTON 0.1516 0.0189 0.0094 0.1876 0.1846 0.2874 0.1605 
 LINZER_DELI 0.2089 0.2018 0.1354 0.0080 0.0453 0.3823 0.0183 
   LIONHEART 0.4720 0.0327 0.1237 0.0368 0.1958 0.0723 0.0666 
   MADELEINE 0.3657 0.0836 0.1742 0.0297 0.0113 0.3077 0.0279 
   MADINGLEY 0.1411 0.0325 0.0176 0.1467 0.0810 0.3754 0.2057 
    MAJESTIC 0.0803 0.0413 0.1923 0.0116 0.5078 0.0717 0.0949 
     MARABEL 0.4704 0.0095 0.0975 0.0099 0.0980 0.2916 0.0231 
     MARFONA 0.4596 0.1396 0.0212 0.1115 0.1754 0.0281 0.0645 
     MARILYN 0.2825 0.0965 0.1388 0.0102 0.0453 0.3154 0.1113 
 MARIS_ANCHO 0.2717 0.1676 0.0916 0.0570 0.2249 0.1659 0.0213 
  MARIS_BARD 0.2546 0.0980 0.0625 0.2434 0.2653 0.0017 0.0746 
  MARIS_PEER 0.0091 0.1200 0.0994 0.1523 0.3343 0.1040 0.1808 
 MARIS_PIPER 0.0203 0.1166 0.0197 0.8090 0.0050 0.0229 0.0065 
     MARKIES 0.4286 0.1261 0.0230 0.0213 0.0403 0.2950 0.0656 
      MAXINE 0.0097 0.0063 0.0951 0.3869 0.2695 0.1181 0.1144 
      MEGARA 0.4697 0.0850 0.0867 0.0496 0.0117 0.2642 0.0331 
      MELODY 0.3614 0.1668 0.0519 0.0749 0.0225 0.1660 0.1565 
       MIDAS 0.1450 0.1106 0.0174 0.4892 0.0045 0.2240 0.0093 
       MILVA 0.3454 0.1948 0.1271 0.0078 0.0289 0.2764 0.0197 
        MIMI 0.2980 0.1182 0.2073 0.2296 0.0053 0.0128 0.1288 
        MIRA 0.5938 0.2296 0.0072 0.0128 0.0742 0.0062 0.0762 
       MOIRA 0.2641 0.1289 0.1105 0.0398 0.1366 0.1876 0.1324 
    MONTROSE 0.0037 0.2454 0.3658 0.3702 0.0029 0.0058 0.0062 
       MORAG 0.0294 0.1910 0.3212 0.0675 0.1746 0.0070 0.2093 
      MORENE 0.5688 0.1717 0.0070 0.0033 0.1270 0.0096 0.1127 
      MOZART 0.3652 0.0024 0.2900 0.0068 0.0249 0.3039 0.0068 
 MYATT'S_ASH 0.1563 0.7101 0.0020 0.0043 0.1054 0.0095 0.0124 
      NADINE 0.0404 0.0076 0.2075 0.3753 0.0554 0.2114 0.1025 
       NAVAN 0.0201 0.0346 0.1073 0.6500 0.0869 0.0418 0.0594 
 NDTX_4271_5 0.0039 0.0104 0.2684 0.1320 0.2595 0.3158 0.0100 
      NICOLA 0.2788 0.1687 0.0054 0.0052 0.0561 0.4765 0.0093 
     NOVELLA 0.3797 0.0369 0.1406 0.0209 0.0952 0.1669 0.1599 
     OLYMPUS 0.0099 0.1247 0.3979 0.1826 0.1369 0.1012 0.0467 
       OPERA 0.3421 0.0136 0.1497 0.0847 0.0932 0.2014 0.1153 
   ORCHESTRA 0.3286 0.0780 0.1055 0.1113 0.0153 0.3286 0.0327 
      ORIANA 0.3948 0.0582 0.0067 0.0044 0.2134 0.1461 0.1763 
     OTHELLO 0.0035 0.0082 0.1504 0.1049 0.1118 0.1052 0.5159 
     PALADIN 0.0249 0.1937 0.0807 0.6323 0.0583 0.0050 0.0052 
       PANDA 0.1906 0.0234 0.0957 0.0832 0.0090 0.5356 0.0625 
   PARAMOUNT 0.1752 0.0713 0.1676 0.0051 0.0316 0.1254 0.4238 
    PATRONES 0.3033 0.1748 0.0116 0.0787 0.2149 0.1612 0.0554 
 PENTLAND_AC 0.1360 0.1362 0.1080 0.1330 0.1910 0.1287 0.1670 
 PENTLAND_BE 0.0827 0.4025 0.0057 0.0223 0.3003 0.0044 0.1821 
 PENTLAND_CR 0.3032 0.1052 0.3424 0.0177 0.1407 0.0037 0.0872 
 PENTLAND_DE 0.0255 0.2399 0.2919 0.0065 0.2560 0.0200 0.1602 
 PENTLAND_IV 0.0052 0.0550 0.2900 0.0238 0.3345 0.1646 0.1268 
 PENTLAND_JA 0.2138 0.0709 0.2022 0.0322 0.4231 0.0139 0.0440 
 PENTLAND_MA 0.3466 0.1021 0.1402 0.0060 0.1303 0.0380 0.2369 
 PENTLAND_SQ 0.1469 0.1925 0.3511 0.0123 0.2084 0.0141 0.0747 
   PEPO_1978 0.3025 0.1276 0.0530 0.1015 0.0441 0.3529 0.0185 
     PICASSO 0.2348 0.0033 0.0340 0.1357 0.0394 0.0552 0.4976 
   PIMPERNEL 0.4138 0.2169 0.0908 0.0152 0.0037 0.1263 0.1333 
     PIONEER 0.0961 0.1724 0.1780 0.0069 0.0165 0.5253 0.0049 
       PIXIE 0.0466 0.0052 0.3073 0.2532 0.0243 0.1286 0.2348 
    PREMIERE 0.5132 0.2401 0.0144 0.0650 0.1491 0.0028 0.0154 
   PRODUCENT 0.4064 0.1002 0.0977 0.1846 0.0608 0.1438 0.0065 
     PROVOST 0.1691 0.1365 0.1957 0.0122 0.2800 0.0620 0.1445 
  R.P.LUSTRE 0.0112 0.2201 0.1867 0.1429 0.1840 0.2352 0.0200 
 RANGER_RUSS 0.0737 0.1841 0.0023 0.0034 0.5418 0.0764 0.1184 
       RATTE 0.0100 0.4929 0.2228 0.0730 0.0315 0.1622 0.0075 
      RECORD 0.5693 0.2893 0.0034 0.0076 0.0087 0.0110 0.1107 
   REMBRANDT 0.4154 0.1229 0.0927 0.0848 0.1715 0.1046 0.0082 
    RIO_ROJO 0.0381 0.0449 0.1719 0.0369 0.3287 0.2306 0.1490 
      ROBIJN 0.5113 0.3060 0.0033 0.0045 0.0211 0.0693 0.0845 
      ROCKET 0.0199 0.1621 0.1721 0.4585 0.1200 0.0145 0.0530 
   RODE_STAR 0.2929 0.4025 0.0082 0.0113 0.0019 0.2358 0.0474 
      ROMANO 0.3300 0.0205 0.1605 0.0112 0.0092 0.1738 0.2949 
       ROMEO 0.0063 0.2009 0.2170 0.0075 0.0458 0.2481 0.2744 
     ROOSTER 0.1914 0.1413 0.3250 0.0104 0.1353 0.0279 0.1686 
       ROYAL 0.1404 0.0903 0.0148 0.3423 0.0058 0.3369 0.0695 
 ROYAL_KIDNE 0.0736 0.3705 0.0115 0.0040 0.5185 0.0026 0.0194 
     RUBESSE 0.2123 0.0758 0.1641 0.0111 0.1618 0.2740 0.1008 
 RUSSET_BURB 0.0816 0.1076 0.0765 0.0161 0.5463 0.1330 0.0390 
 RUSSET_NORK 0.0030 0.0256 0.1083 0.0215 0.5663 0.2692 0.0060 
      SAFARI 0.4962 0.0213 0.2283 0.0080 0.0467 0.0458 0.1538 
     SANTANA 0.3649 0.0779 0.0321 0.1406 0.2052 0.1179 0.0615 
       SANTE 0.4687 0.1176 0.2129 0.0860 0.0099 0.0542 0.0508 
     SAPHIRE 0.4517 0.0044 0.1783 0.0429 0.2627 0.0352 0.0248 
  SARPO_MIRA 0.1452 0.1685 0.0079 0.0623 0.0110 0.4287 0.1764 
 SARPO_SHONA 0.2519 0.0967 0.0321 0.0449 0.0070 0.3967 0.1707 
       SASSY 0.2647 0.2147 0.0498 0.0827 0.1511 0.1613 0.0756 
     SATURNA 0.3915 0.2727 0.0042 0.0468 0.0057 0.2663 0.0129 
        SAVA 0.2334 0.0284 0.0657 0.1196 0.1578 0.3732 0.0218 
       SAXON 0.0818 0.1256 0.2601 0.4681 0.0139 0.0112 0.0394 
 SCARBOROUGH 0.0049 0.0492 0.4130 0.5186 0.0045 0.0074 0.0024 
 SEFTON_WOND 0.0100 0.4051 0.1327 0.0961 0.3129 0.0042 0.0389 
    SERAFINA 0.2145 0.1392 0.1640 0.0036 0.0120 0.3756 0.0912 
     SETANTA 0.1091 0.0819 0.5074 0.0969 0.0460 0.0473 0.1114 
 SHARPE'S_EX 0.0423 0.5784 0.0140 0.0973 0.1157 0.1208 0.0316 
     SHELAGH 0.1492 0.2739 0.1347 0.1253 0.0222 0.0493 0.2453 
    SHELFORD 0.1354 0.1516 0.0024 0.0375 0.0869 0.3406 0.2456 
     SHEPODY 0.2251 0.1589 0.0069 0.0088 0.4204 0.0024 0.1776 
      SLANEY 0.0091 0.0072 0.2043 0.2279 0.0478 0.1332 0.3706 
        SPEY 0.0505 0.0033 0.2241 0.2146 0.0190 0.0688 0.4197 
      SPUNTA 0.0542 0.2082 0.1740 0.0615 0.0430 0.3112 0.1479 
     STAMINA 0.0289 0.0023 0.0483 0.6097 0.0729 0.0136 0.2243 
    STEMSTER 0.1792 0.1594 0.0146 0.3086 0.0284 0.1829 0.1269 
 STORMONT_EN 0.2693 0.1700 0.0260 0.1768 0.1264 0.0652 0.1663 
    STIRLING 0.1623 0.0117 0.3770 0.0536 0.1520 0.0121 0.2314 
     SYLVANA 0.2556 0.0446 0.0789 0.0955 0.2343 0.1966 0.0943 
         TAY 0.0314 0.0215 0.4943 0.2376 0.0179 0.0401 0.1571 
      TIMATE 0.3389 0.0421 0.0736 0.1131 0.0538 0.3732 0.0053 
      TOLUCA 0.3176 0.0371 0.0680 0.0046 0.0855 0.3193 0.1680 
    TORRIDON 0.3448 0.1180 0.1594 0.0212 0.0581 0.0522 0.2463 
 ULSTER_SCEP 0.1182 0.0342 0.1637 0.2792 0.3352 0.0076 0.0620 
 UMATILLA_RU 0.1507 0.3725 0.0738 0.2860 0.0382 0.0361 0.0427 
 VALES_EMERA 0.0161 0.1032 0.2726 0.1610 0.0494 0.3599 0.0379 
 VALES_EVERE 0.0196 0.1416 0.3512 0.1229 0.0540 0.0106 0.3002 
 VALES_RUSSE 0.0480 0.2087 0.0898 0.0233 0.4494 0.1601 0.0207 
 VALES_SOVER 0.0154 0.0035 0.1003 0.2984 0.0064 0.0112 0.5648 
       VALOR 0.0703 0.0027 0.2646 0.2650 0.0059 0.0077 0.3839 
    VAN_GOGH 0.4955 0.1622 0.1009 0.0787 0.0413 0.1109 0.0105 
     VANTAGE 0.3634 0.2752 0.0024 0.0223 0.2294 0.0090 0.0984 
       VERDI 0.2893 0.2079 0.0211 0.1018 0.0206 0.2750 0.0844 
    VICTORIA 0.4061 0.0292 0.0983 0.0223 0.2611 0.1639 0.0190 
     VIVALDI 0.4705 0.0226 0.0217 0.0037 0.2467 0.1107 0.1240 
       WILJA 0.5408 0.1747 0.0018 0.0212 0.1350 0.0020 0.1244 
     WINSTON 0.0074 0.0032 0.2106 0.3718 0.0646 0.1614 0.1810 
      XD2-21 0.0876 0.1698 0.1642 0.0605 0.2681 0.0544 0.1955 
  YUKON_GOLD 0.0631 0.0039 0.2739 0.1242 0.2888 0.2393 0.0068 
       ZORBA 0.4248 0.1480 0.0473 0.0097 0.2413 0.0094 0.1195 
